330 330 330 330 322 322 294 294 294 294 294 294 280 280 280 272 272 262 262 227 227 245 245 220 220 220 220 220 220 174 174 175 175 175 175 175 175 175 178 175 107 107 107 107 107 107 147 107 107 107 117 117 117 117 91 91 91 91 91 91 91 74 74 74 74 48 48 48 48 48 12 12 12 12 12 25 12 12 12 1 
330 330 330 322 322 294 294 294 294 303 294 294 280 280 280 272 272 262 262 227 227 241 241 220 220 220 220 220 174 174 174 174 174 174 174 174 174 175 175 175 107 107 107 107 107 107 107 107 140 107 107 107 107 107 91 106 106 91 91 74 74 74 48 48 48 48 12 12 12 12 12 2 2 37 12 12 12 1 1 1 
330 330 322 322 326 294 294 294 294 294 294 294 280 280 277 277 227 227 227 227 227 241 241 220 220 220 220 220 174 201 201 174 174 191 191 191 174 174 174 173 173 107 107 107 127 127 137 137 137 137 127 127 107 107 91 106 106 91 91 74 74 74 48 48 12 12 12 56 12 12 2 2 2 1 1 1 1 1 13 2 
340 340 322 316 316 316 316 294 294 294 277 277 289 285 277 227 227 263 263 227 227 241 241 241 174 174 174 174 174 201 201 191 191 191 191 191 169 179 174 174 174 107 107 107 127 127 137 137 137 127 127 127 107 107 91 91 91 91 91 91 12 12 12 12 12 49 49 2 2 2 2 2 2 1 1 26 22 2 2 2 
311 311 322 316 316 316 308 308 308 294 277 277 285 285 277 227 273 227 227 227 241 241 174 174 174 174 174 221 221 201 191 191 201 201 191 191 169 179 179 169 169 169 127 127 127 127 127 127 127 127 135 127 127 107 111 111 12 12 91 91 12 80 80 12 12 49 49 2 54 49 2 2 1 1 1 1 22 2 3 3 
311 311 295 295 295 295 295 308 308 294 277 277 277 277 277 227 246 246 256 256 241 241 174 174 174 236 230 221 222 201 201 201 201 202 118 118 169 179 179 169 169 127 127 163 118 118 138 138 127 127 135 118 118 107 107 12 12 12 12 12 12 80 49 49 49 49 61 2 54 49 2 1 1 1 1 1 2 2 3 4 
311 295 295 331 295 295 295 309 309 294 277 277 277 277 277 227 246 246 256 174 250 250 174 231 231 231 230 221 221 201 201 201 201 202 118 118 169 169 169 169 169 127 127 118 118 118 138 138 138 138 135 118 118 118 107 12 12 12 12 12 12 80 49 49 49 2 61 2 54 49 2 38 38 38 2 2 2 3 3 4 
311 295 331 331 295 295 295 309 309 294 277 277 277 277 277 227 274 246 246 174 174 174 174 231 231 231 230 221 221 195 195 204 204 118 118 118 118 118 118 118 118 118 118 118 118 118 138 138 138 135 135 118 86 86 107 107 107 12 12 93 69 69 69 49 49 2 2 2 49 49 2 2 2 2 2 4 4 3 3 4 
311 295 295 295 310 310 310 310 309 281 281 277 277 281 281 227 227 227 246 246 246 246 246 231 231 231 231 221 221 195 195 204 204 118 118 118 166 166 166 166 166 166 158 158 118 118 138 138 138 135 135 118 86 86 86 112 93 93 93 93 69 69 69 49 49 49 49 49 49 42 42 2 2 4 4 4 4 4 4 4 
311 311 336 295 310 310 310 310 310 281 281 281 281 281 247 247 247 227 227 227 227 227 227 231 231 231 231 221 221 195 195 195 195 195 195 118 185 166 166 148 148 166 158 158 158 118 118 118 118 118 118 118 86 86 86 112 93 93 86 86 86 86 69 69 69 69 30 30 42 42 42 42 4 4 27 27 4 4 4 4 
311 311 336 295 295 295 295 295 295 295 247 247 247 286 247 247 247 268 247 247 247 247 227 232 232 232 232 223 223 195 195 195 195 195 195 118 185 166 166 148 148 166 166 153 153 136 136 136 136 136 136 86 86 86 86 112 93 93 86 86 81 81 75 75 69 69 62 30 42 42 42 42 4 4 4 23 23 4 4 4 
311 311 311 332 295 295 317 295 295 295 247 247 290 286 247 247 247 247 247 247 247 247 227 227 238 227 227 223 208 208 208 208 195 195 195 118 185 182 148 148 148 170 153 153 153 136 141 141 141 136 136 86 119 119 86 86 86 86 86 86 81 81 75 75 62 62 62 30 30 30 42 42 4 4 30 23 23 4 4 4 
311 311 311 317 317 317 317 295 295 295 297 247 247 286 247 247 247 247 264 227 227 247 247 227 227 227 227 227 208 208 209 209 118 118 118 118 182 182 148 148 148 153 153 153 153 136 136 136 136 136 136 86 119 86 86 100 86 86 94 94 81 81 75 75 62 63 63 31 31 30 30 30 30 30 30 6 6 18 4 4 
311 311 311 317 317 317 318 295 295 295 295 295 247 247 247 247 264 264 264 227 227 227 227 227 227 227 208 208 208 208 209 210 118 182 182 182 182 148 148 148 154 153 153 153 153 153 128 128 128 128 136 86 86 86 86 100 86 86 94 94 81 81 75 62 62 63 63 31 31 50 30 30 30 39 31 6 6 5 5 5 
311 311 311 317 317 318 318 295 295 295 295 295 264 264 264 264 264 257 257 227 227 227 227 227 227 227 208 208 208 209 209 210 118 118 118 186 186 148 148 148 154 154 154 154 154 154 128 120 120 128 128 128 86 86 86 100 100 100 95 95 81 81 75 75 75 31 31 31 31 31 30 43 30 30 31 6 6 5 5 5 
311 311 311 317 317 318 318 295 295 295 295 295 264 282 282 264 264 257 257 208 208 208 227 227 239 208 208 209 209 209 118 118 118 118 118 186 148 148 148 148 148 148 148 148 159 128 128 144 120 128 128 128 128 120 108 108 108 95 95 81 81 81 81 78 31 31 64 31 31 31 30 43 30 30 31 6 5 5 5 6 
298 298 311 311 327 318 318 311 311 295 295 264 264 282 282 264 264 257 257 208 208 208 208 208 239 208 212 209 209 209 211 211 118 118 186 186 148 148 148 148 149 149 149 148 159 128 128 128 120 120 120 120 120 120 108 108 95 95 81 81 87 87 78 78 31 31 31 31 31 31 30 30 30 31 31 6 5 5 5 6 
298 298 337 311 311 311 311 311 304 304 298 264 287 282 282 264 264 257 257 257 208 248 248 208 208 208 212 209 209 217 211 211 118 118 186 186 148 148 148 148 148 148 149 148 159 148 148 128 128 81 81 121 121 121 108 108 95 95 81 87 87 78 78 78 65 65 65 31 31 31 31 31 31 31 32 6 6 6 6 6 
342 298 298 298 311 311 313 313 304 298 298 264 287 287 264 264 264 264 208 208 208 208 228 228 228 212 212 217 217 217 211 211 196 196 196 186 148 183 148 148 148 148 149 148 148 148 149 128 128 81 81 81 81 122 108 108 81 81 81 51 51 78 78 78 65 65 65 31 31 31 31 41 41 24 24 24 24 6 6 6 
298 298 298 298 298 298 313 304 304 298 298 264 264 264 264 265 264 264 208 208 208 208 228 228 228 212 212 212 224 216 216 186 196 196 196 186 148 148 148 148 148 167 149 149 149 149 149 128 142 81 81 81 81 81 81 81 81 101 51 51 51 51 51 51 51 51 65 51 51 51 31 31 31 28 28 28 6 6 6 6 
298 298 298 298 298 298 298 304 298 298 298 291 291 266 266 265 265 265 265 208 208 242 228 228 228 228 228 212 224 216 216 186 186 186 186 186 187 148 148 171 171 167 167 149 149 128 128 128 128 128 81 81 101 81 81 101 101 101 51 96 82 82 82 51 51 51 51 51 55 45 45 31 31 28 28 28 6 6 6 7 
325 325 325 323 323 323 298 298 298 298 298 291 291 266 266 266 266 265 265 254 254 242 228 228 228 228 228 212 212 212 212 197 197 186 186 164 164 164 164 164 171 171 164 164 155 155 128 128 128 128 81 132 101 123 114 101 101 101 51 82 82 57 57 51 51 51 51 35 35 45 7 7 7 33 33 6 6 6 6 7 
325 325 325 325 324 324 288 298 298 278 278 278 278 278 283 278 266 269 266 254 255 242 242 242 228 228 228 228 212 212 212 197 197 192 192 164 164 164 164 164 164 164 164 155 155 156 132 132 81 81 81 132 101 101 114 101 102 102 51 82 82 57 57 70 70 70 35 35 45 45 7 7 7 33 33 6 19 19 6 7 
325 325 325 325 328 288 288 312 312 278 278 278 278 278 278 278 266 266 266 254 233 233 233 243 233 233 233 225 225 212 212 197 197 192 192 192 164 164 157 157 168 168 168 150 150 150 132 132 81 132 132 132 129 101 101 101 102 102 51 57 57 57 57 70 70 70 35 35 45 45 46 7 7 33 33 6 6 6 6 7 
325 325 325 325 325 288 288 312 312 278 278 278 278 288 254 254 254 254 254 254 233 233 233 243 233 233 233 225 225 212 212 197 197 197 197 164 164 164 157 157 157 157 157 150 150 150 150 132 132 132 109 109 129 101 101 113 109 51 51 57 57 57 57 57 66 66 66 35 7 45 7 7 7 33 33 6 6 20 14 7 
333 333 333 333 325 325 288 288 288 278 278 278 278 288 254 275 254 254 254 254 233 233 233 233 233 233 233 225 225 218 212 212 198 198 198 164 164 164 157 172 172 172 157 157 109 109 109 109 139 139 109 109 109 124 115 109 109 51 51 51 83 83 83 57 66 71 67 35 7 7 7 44 7 7 7 7 14 14 14 7 
333 341 334 334 305 305 305 314 288 288 288 288 288 288 254 275 275 254 254 254 233 244 244 244 218 218 218 218 218 218 213 213 198 198 198 164 164 164 157 172 172 157 157 157 109 109 109 109 139 139 109 130 109 109 115 109 109 51 51 51 47 47 47 57 66 66 67 35 35 35 35 21 21 21 21 7 7 7 7 7 
333 338 338 305 305 305 305 305 305 305 296 296 288 288 254 254 254 254 258 258 233 233 233 218 218 218 218 218 218 213 213 198 198 198 198 188 188 164 157 172 172 157 157 157 109 109 109 109 109 109 109 130 130 109 109 109 109 51 51 51 47 88 47 57 72 72 57 57 35 35 35 21 21 34 21 21 21 21 8 8 
333 338 338 305 305 305 305 305 296 296 296 271 271 271 279 279 258 258 258 259 233 233 233 218 218 218 218 218 218 213 213 198 205 198 198 188 188 164 157 157 160 160 160 157 157 157 151 109 109 116 116 116 116 125 116 103 103 103 98 51 47 47 84 57 57 57 57 35 35 35 35 35 21 34 34 8 8 8 8 9 
333 296 296 296 319 319 319 296 296 271 271 271 292 271 279 276 258 258 258 259 233 206 206 206 206 206 206 206 206 206 213 198 198 198 199 193 164 164 180 157 160 160 160 160 157 157 151 98 98 116 116 116 116 116 116 103 104 104 98 51 89 47 47 47 47 47 58 35 35 35 47 35 21 21 35 8 15 15 15 9 
333 296 296 296 296 296 296 296 296 299 299 292 292 271 279 276 258 258 258 233 233 206 206 206 206 206 226 226 226 206 199 199 199 199 199 193 164 176 176 157 157 160 160 160 151 151 151 98 98 98 98 98 98 98 98 103 98 98 98 51 89 89 76 76 76 47 58 58 47 47 47 35 35 35 35 8 8 8 16 9 
333 296 296 296 296 296 296 296 296 299 300 292 292 271 279 276 276 233 233 233 251 251 206 206 206 206 206 206 206 206 199 199 199 199 189 193 164 164 176 176 157 160 160 160 151 151 151 98 143 98 98 131 131 98 98 98 98 105 51 51 92 90 76 76 76 47 47 47 47 52 9 9 40 40 9 9 16 16 16 9 
333 339 339 296 296 296 320 300 300 300 300 271 271 271 279 279 233 233 233 233 251 251 234 234 234 234 206 229 206 206 199 199 199 199 189 193 164 164 157 157 157 160 160 160 160 98 98 98 131 131 131 131 131 98 98 98 68 68 51 90 90 90 76 68 68 68 68 52 52 52 9 9 9 9 9 9 9 9 9 9 
333 333 333 335 320 320 320 300 300 306 301 271 233 233 233 233 233 270 260 260 251 251 234 234 234 234 206 206 206 214 214 214 206 189 189 164 164 157 157 177 157 160 160 160 160 98 98 98 131 133 133 133 131 98 98 68 68 68 51 51 51 76 76 68 73 73 52 52 52 52 9 9 36 36 36 9 9 9 9 10 
333 333 333 320 320 300 300 300 300 301 301 271 271 271 284 260 260 260 260 181 181 181 249 234 234 234 234 206 206 214 206 206 206 189 200 189 189 157 177 177 157 157 165 165 98 98 98 98 131 131 131 131 131 98 98 68 68 68 51 51 76 76 85 68 53 53 52 52 52 52 9 9 36 36 9 9 9 9 9 10 
333 333 333 320 320 300 300 302 302 301 301 271 271 271 284 260 260 260 267 181 252 252 249 234 234 234 235 206 206 206 206 215 207 189 189 189 190 157 157 157 157 157 98 98 98 98 98 98 98 131 131 131 131 110 110 110 110 68 68 68 68 68 68 68 53 53 60 59 52 52 9 9 9 9 9 29 9 10 10 10 
333 333 333 333 307 307 300 302 302 302 302 271 271 271 261 261 261 261 261 181 181 253 249 234 234 237 215 215 215 215 215 215 207 189 189 194 184 184 157 157 98 98 98 161 161 98 145 145 98 131 131 131 131 110 110 110 110 99 99 79 79 79 79 79 53 53 60 59 11 11 11 11 11 9 9 9 9 10 10 10 
333 333 333 333 307 307 315 315 293 293 293 293 293 271 261 261 261 261 261 261 181 249 249 234 234 237 215 215 215 181 181 181 181 181 181 181 184 184 157 157 98 161 161 161 162 98 98 146 98 134 134 134 110 110 110 110 110 99 97 97 79 79 53 53 53 53 60 60 11 11 11 11 11 9 9 9 17 17 17 10 
343 321 321 321 329 307 307 307 293 293 293 293 293 271 261 261 261 261 261 261 181 249 181 181 181 181 215 215 181 181 181 181 181 181 181 181 184 184 181 98 98 161 161 161 98 98 98 98 98 134 134 110 110 126 97 97 97 99 97 53 53 53 53 53 53 53 60 60 11 11 11 11 11 9 9 9 10 10 10 10 
343 321 321 321 321 321 321 307 307 307 293 293 293 271 271 271 271 271 261 261 181 181 181 240 240 181 181 181 181 219 181 181 203 203 181 181 181 181 181 98 98 98 98 98 98 152 152 98 98 98 98 110 110 110 97 97 97 97 97 53 53 53 53 77 77 53 53 53 53 53 11 11 11 11 11 11 11 11 11 11 
