330 251 251 251 251 251 251 251 251 251 290 251 251 251 251 251 251 251 251 257 251 222 222 222 222 222 222 162 162 162 162 162 162 193 193 162 162 162 162 162 162 162 155 155 145 145 102 102 102 129 102 102 102 102 102 102 95 95 52 52 52 75 75 19 19 19 19 19 19 51 45 19 19 19 19 19 19 1 1 1 
330 251 251 251 251 251 251 251 251 251 290 251 251 251 261 261 261 261 251 251 251 222 222 222 222 222 222 162 162 162 162 162 162 193 193 162 162 95 95 174 155 155 155 156 145 145 102 102 102 102 102 95 95 114 95 95 95 52 52 52 52 75 75 19 19 19 19 19 19 45 45 19 37 1 1 1 1 1 1 1 
326 326 251 251 251 251 300 300 251 251 251 251 251 251 261 242 242 261 261 233 233 233 222 222 222 222 222 222 162 194 194 162 162 162 162 162 162 95 95 95 155 155 95 95 95 95 95 102 102 95 95 95 95 95 95 98 98 52 52 52 80 80 75 75 19 19 19 19 56 45 19 19 1 1 13 13 1 1 1 1 
326 326 318 318 301 301 300 300 300 251 251 242 242 242 242 242 242 242 242 233 233 233 222 222 222 222 222 222 162 194 194 194 194 194 194 188 95 95 95 95 95 95 95 146 146 146 95 102 102 95 95 95 95 95 104 83 83 52 52 52 80 80 71 71 71 19 19 19 19 19 19 41 1 13 13 13 13 13 1 1 
326 326 318 319 301 301 306 242 242 242 242 242 285 273 273 273 242 242 242 242 233 233 233 233 233 222 222 222 162 194 194 194 194 122 122 188 95 95 95 95 95 163 141 141 141 141 141 102 102 95 95 95 115 115 104 83 83 52 52 52 52 52 71 71 58 58 58 58 19 19 46 1 1 10 10 24 10 10 10 2 
326 326 318 318 301 301 306 242 291 291 291 242 242 273 273 273 271 258 258 242 242 242 242 234 234 212 212 212 162 194 194 194 194 122 122 122 122 95 95 95 95 163 141 141 147 147 95 95 95 95 95 95 87 87 104 83 83 83 52 52 52 52 52 52 58 58 58 1 1 1 1 1 10 10 10 10 10 14 2 2 
326 326 279 279 301 301 306 242 242 242 242 242 242 242 273 273 271 258 258 258 242 242 243 235 235 212 212 212 162 162 194 194 194 122 122 122 122 122 95 95 95 95 95 141 95 95 95 130 130 130 95 95 87 87 104 83 83 83 52 76 76 76 76 52 58 65 65 1 1 1 1 1 10 10 10 10 14 14 2 2 
279 279 279 279 316 301 301 301 301 242 242 286 286 242 242 271 271 258 258 243 243 243 243 235 235 212 212 212 212 217 194 194 194 197 122 122 122 122 164 164 164 164 95 95 95 130 130 130 122 122 122 122 87 87 87 83 83 52 52 76 76 76 76 52 58 58 52 52 52 52 1 1 10 10 10 10 2 2 2 2 
279 279 279 279 316 279 279 279 279 279 279 279 279 279 242 242 272 205 205 243 243 243 243 230 230 212 212 212 212 217 197 197 197 197 122 122 122 122 164 164 164 164 150 150 150 130 130 130 122 122 122 87 87 87 87 96 83 83 83 83 83 76 76 52 52 58 52 52 53 53 1 42 1 1 10 10 2 2 2 2 
279 279 279 279 316 279 279 279 292 292 292 279 279 279 279 205 205 205 205 205 252 205 205 230 230 230 212 212 212 217 212 185 185 185 185 185 185 122 177 122 122 165 150 142 142 142 142 122 122 122 122 87 87 87 105 96 96 96 83 83 67 67 67 67 52 52 52 52 29 29 1 1 1 1 29 2 2 2 2 2 
279 279 279 279 279 279 307 279 292 205 205 205 205 280 280 205 205 205 262 205 205 205 205 205 212 212 212 212 212 212 212 185 185 185 185 185 186 122 122 122 122 122 150 142 142 122 122 122 131 131 87 87 87 87 87 87 87 87 83 83 67 67 67 67 67 29 29 29 29 29 29 1 1 1 29 2 2 2 2 2 
279 303 303 279 279 279 279 279 292 205 205 205 205 280 280 205 205 205 253 253 253 205 205 205 212 212 212 212 220 212 212 201 201 166 166 166 166 166 166 166 166 122 122 157 122 122 131 131 131 132 87 87 84 84 99 99 99 87 87 87 67 81 67 67 67 29 29 59 43 43 29 29 29 29 29 25 2 2 2 2 
279 303 303 303 311 279 279 303 205 205 205 205 205 205 205 205 263 263 253 253 253 205 205 205 212 212 204 204 220 212 212 201 201 166 195 166 166 166 166 175 166 166 122 122 122 131 131 132 132 132 87 87 84 84 99 99 99 87 87 87 67 81 67 67 67 67 29 29 43 43 43 43 30 30 30 25 2 2 2 2 
303 303 303 303 311 311 303 303 205 293 293 287 254 254 254 274 263 263 253 253 253 205 205 205 205 204 204 204 204 204 204 204 166 166 178 178 178 178 178 106 106 167 160 106 106 106 132 132 106 106 84 84 84 84 84 100 100 87 87 87 67 67 67 67 67 68 29 29 43 30 30 30 30 30 30 25 2 15 2 2 
303 303 303 317 317 303 303 287 287 287 287 287 254 283 254 254 263 263 263 253 253 205 205 205 205 204 204 204 204 204 204 205 166 189 178 178 178 178 106 106 106 106 160 106 151 106 106 106 106 106 84 84 84 116 84 84 84 84 87 87 84 67 67 67 67 68 29 29 29 30 30 44 11 11 11 25 2 2 2 3 
287 287 303 303 303 303 287 287 294 284 284 284 254 275 275 254 254 254 254 254 254 205 205 205 205 205 205 205 205 205 205 205 166 189 189 189 106 106 106 169 169 106 160 106 106 127 127 127 127 106 106 123 84 84 84 84 84 84 84 84 84 60 60 60 60 60 60 60 11 11 11 11 11 11 11 25 2 2 3 3 
302 287 287 287 312 312 287 294 294 284 284 284 254 275 275 275 254 254 264 221 221 248 221 221 221 223 223 223 205 205 206 206 166 166 166 166 106 106 106 169 169 106 106 106 106 127 127 127 127 127 106 106 84 84 84 84 84 84 84 85 85 60 60 60 60 60 11 11 11 47 47 11 11 11 11 11 11 11 3 3 
302 287 287 287 312 287 287 294 298 284 284 284 254 254 254 254 259 221 221 221 221 248 221 221 221 223 221 221 221 198 198 207 198 198 166 166 182 182 106 106 106 106 127 127 127 143 143 127 127 127 127 106 118 84 84 84 84 84 85 85 85 60 60 60 60 60 11 11 11 11 11 11 11 11 11 11 11 11 3 3 
302 287 287 287 287 287 308 294 298 284 284 284 254 254 254 254 259 221 221 221 221 221 221 221 221 221 221 198 198 198 198 198 198 199 166 182 182 183 170 170 106 106 127 127 127 127 127 127 127 124 124 106 106 84 84 84 84 84 85 85 85 60 72 72 72 54 54 54 11 11 38 38 38 31 31 11 11 16 11 4 
302 327 320 320 302 302 308 294 298 298 284 284 284 284 254 276 259 221 221 221 249 249 231 231 231 221 221 198 166 166 198 198 166 166 166 182 182 170 170 170 170 97 97 97 97 97 97 137 137 124 124 124 106 106 106 92 92 92 92 85 85 60 72 73 73 54 54 54 54 54 38 38 38 31 11 11 11 11 11 4 
302 302 320 302 302 302 308 294 294 294 294 254 254 254 254 259 259 221 221 221 249 231 231 237 231 231 198 198 166 166 213 208 166 200 182 182 182 170 171 171 171 97 158 97 97 97 97 137 138 124 124 124 107 107 107 92 92 92 92 88 60 60 72 72 54 54 54 61 20 20 38 20 20 31 11 11 11 11 12 4 
331 302 302 302 302 302 304 304 294 294 295 254 254 254 254 259 259 259 259 259 231 231 244 198 198 198 198 166 166 166 166 208 166 200 182 182 170 170 171 171 171 97 158 97 97 97 97 137 138 107 107 125 107 108 108 88 88 92 92 88 60 82 72 72 54 20 20 20 20 20 38 20 20 20 20 11 11 4 12 4 
309 309 309 309 302 304 304 305 294 294 295 254 254 260 260 260 260 267 231 231 231 231 231 198 236 198 198 166 218 218 166 166 166 200 170 170 170 170 171 97 97 97 158 158 148 148 97 137 138 107 107 125 107 108 108 88 88 88 88 88 60 82 54 54 54 20 20 20 20 20 20 20 32 32 20 20 20 4 4 4 
309 324 324 321 302 304 304 268 268 268 268 254 254 254 254 254 260 265 231 231 231 231 231 198 236 198 198 166 203 203 209 209 202 170 170 170 170 170 133 133 148 148 148 148 148 149 97 137 138 107 107 107 107 109 89 89 88 88 88 88 60 82 54 54 20 20 20 20 20 20 20 32 32 32 32 26 5 5 5 5 
309 324 324 321 302 304 304 268 268 299 268 268 268 268 268 254 260 265 265 260 198 198 198 198 226 226 226 166 203 203 209 209 202 170 170 170 170 133 133 133 148 148 148 148 148 97 97 137 107 107 107 107 109 109 89 89 88 88 88 88 60 60 60 54 20 62 62 62 20 20 20 32 32 32 26 26 5 5 5 5 
309 309 324 321 302 304 302 302 268 268 268 268 268 268 268 254 260 260 260 260 198 238 238 238 226 226 226 166 166 203 214 133 133 133 133 133 133 133 179 133 133 133 133 133 97 97 137 137 107 107 107 107 109 109 109 89 89 89 89 89 54 54 54 54 20 62 62 20 20 20 20 32 32 26 26 27 5 5 6 6 
332 309 309 321 302 302 302 302 302 296 296 268 268 268 268 268 268 268 198 198 198 238 238 239 226 226 226 166 166 203 203 133 133 190 190 190 133 133 133 176 133 133 133 133 97 107 107 139 107 107 119 119 109 109 110 97 97 97 89 89 54 54 54 20 20 62 62 20 20 20 48 39 39 26 26 26 6 6 6 6 
328 328 309 321 309 309 296 296 296 296 268 268 268 268 269 269 268 268 198 232 232 232 232 232 226 226 226 166 211 219 203 210 133 190 190 190 133 133 133 133 172 133 133 133 97 97 107 107 107 119 119 119 119 97 97 97 86 86 86 86 86 54 54 20 62 62 63 63 33 33 48 39 40 21 21 26 6 6 6 6 
328 329 309 309 309 309 296 296 281 281 268 268 268 268 269 269 269 269 198 232 198 198 245 232 232 232 166 166 211 211 203 210 133 133 133 133 133 133 159 133 133 133 133 133 152 97 107 107 97 97 128 97 97 97 54 54 86 54 54 54 54 54 54 20 62 69 63 63 33 33 33 39 39 21 21 21 21 7 7 7 
328 329 313 313 309 309 296 296 281 281 281 288 268 268 269 269 269 269 198 198 255 198 245 224 224 224 166 166 166 211 203 203 203 191 191 191 159 159 159 133 133 133 133 152 152 97 97 97 97 97 97 97 54 54 54 54 86 54 54 90 54 54 54 20 62 21 21 63 33 33 33 39 39 21 21 21 7 7 8 8 
328 313 313 309 309 309 309 297 297 297 281 288 281 281 281 246 246 246 246 198 198 198 245 224 224 224 224 224 166 211 215 166 166 191 180 180 159 159 159 159 159 133 133 133 133 133 133 133 133 133 54 54 54 111 111 54 54 54 54 77 77 77 77 74 74 21 21 63 33 33 33 33 33 33 33 21 7 7 8 8 
328 313 313 309 309 309 297 297 297 297 281 281 281 281 281 246 246 246 246 198 198 224 224 224 224 224 224 224 166 211 211 211 166 166 180 180 159 159 159 159 159 159 159 133 133 120 120 120 120 134 54 120 120 103 103 103 54 54 93 77 77 78 78 74 74 21 21 21 21 21 49 21 21 34 34 21 22 7 7 7 
313 313 313 313 313 313 297 297 297 297 297 277 277 277 277 246 270 270 246 246 256 224 224 224 224 224 224 224 166 166 166 166 166 166 180 180 159 159 159 159 173 168 159 159 120 120 120 120 120 120 120 120 103 103 112 91 91 91 77 77 77 78 66 66 21 21 21 21 57 21 49 21 21 21 21 21 7 7 7 7 
313 313 313 313 314 314 310 297 297 289 289 277 277 277 277 246 246 246 246 246 246 240 240 240 224 224 224 224 180 180 180 180 180 180 180 180 180 180 180 168 168 168 159 159 120 120 120 120 120 103 103 103 103 103 103 91 91 91 77 77 66 66 66 66 21 21 21 21 21 21 21 21 21 21 21 21 7 7 7 9 
313 313 325 322 310 310 310 289 289 289 289 289 277 277 277 246 246 246 246 246 246 240 240 240 224 224 227 225 180 196 196 196 180 180 187 187 187 135 135 168 168 168 153 153 120 120 120 120 120 103 103 103 103 103 103 91 91 91 77 77 66 66 66 66 66 66 66 64 21 55 21 21 21 36 21 21 23 17 7 9 
310 310 325 322 310 310 289 289 289 289 277 277 277 277 277 266 266 266 266 246 240 240 240 240 224 224 224 225 180 180 180 196 180 180 187 187 135 135 135 135 135 135 153 153 120 120 120 120 121 121 126 126 117 117 94 94 94 91 91 91 66 66 64 64 64 64 64 64 21 21 21 21 21 21 21 28 17 17 7 9 
310 310 323 323 310 310 289 289 289 277 277 277 277 277 282 266 266 266 266 246 240 240 240 241 224 224 224 180 180 180 180 196 196 196 187 187 135 184 136 136 136 135 153 153 153 120 120 140 121 121 126 126 117 117 94 94 94 94 94 66 66 66 64 64 7 7 7 7 7 7 7 35 35 17 17 17 17 18 7 7 
310 310 323 323 310 315 289 289 289 277 277 277 277 277 277 277 266 266 266 246 246 250 246 228 228 224 224 180 180 180 196 196 196 196 196 192 135 184 136 136 136 135 135 135 135 135 135 135 121 121 121 121 113 113 113 94 94 94 94 66 66 66 79 7 7 70 50 50 7 7 7 7 35 17 17 17 17 7 7 7 
310 310 310 323 310 310 310 277 277 277 277 277 277 277 277 278 266 266 266 246 246 246 246 228 228 228 228 180 216 216 196 196 196 192 192 192 135 135 136 136 161 161 161 136 136 136 144 135 135 135 121 121 121 113 113 101 101 66 66 66 66 66 7 7 7 7 50 50 50 50 50 7 35 35 35 7 7 7 7 7 
310 310 310 310 310 310 310 277 277 277 277 277 278 278 278 278 266 266 266 246 246 246 247 228 228 228 229 180 216 216 216 196 196 192 192 135 135 135 181 136 136 136 136 136 154 136 136 136 136 136 121 121 121 113 113 101 101 66 66 66 66 66 7 7 7 7 50 50 50 50 50 7 7 7 7 7 7 7 7 7 
