348 348 348 278 278 278 278 278 278 278 278 277 277 300 277 277 277 277 277 236 236 236 236 172 172 172 172 172 225 225 225 225 225 207 207 207 207 189 189 189 189 183 172 172 172 145 145 145 145 96 96 79 79 79 79 79 94 94 94 54 54 54 54 54 41 41 41 41 41 41 41 41 13 13 13 13 13 13 10 1 
348 348 348 278 278 278 278 329 278 278 278 277 277 277 277 277 277 278 278 236 236 236 236 172 172 172 172 172 225 225 226 226 226 207 207 207 207 172 172 172 172 183 172 172 172 145 146 146 146 96 96 79 79 79 79 79 94 94 94 54 54 54 54 54 41 41 41 41 41 50 45 13 13 13 13 13 13 10 10 1 
352 352 285 278 278 339 278 278 319 319 278 278 296 296 296 278 278 278 236 236 271 236 236 257 172 172 172 172 226 226 226 172 172 219 172 172 172 172 172 172 172 172 172 172 172 145 146 146 147 96 96 96 96 96 79 79 107 54 54 54 54 54 54 76 41 41 50 50 50 50 45 13 13 13 13 13 13 10 11 1 
352 353 285 278 278 278 278 278 314 314 314 278 278 278 278 278 285 285 236 271 271 172 172 172 172 172 172 172 226 226 172 172 172 172 172 197 172 172 197 145 145 145 145 178 145 145 161 147 147 140 96 96 96 96 79 107 107 54 93 93 54 54 54 76 41 41 50 53 50 50 45 19 19 19 19 19 19 10 1 1 
352 285 285 278 278 278 278 278 314 278 278 278 278 289 289 289 285 285 236 236 236 266 236 236 236 172 172 172 172 234 172 172 220 220 212 197 197 197 197 145 184 184 145 145 145 167 147 147 148 140 96 96 96 96 79 79 79 54 54 54 54 79 54 54 64 64 64 53 53 45 45 19 19 24 24 24 10 10 1 2 
355 285 285 333 333 333 333 278 278 278 315 278 278 289 289 289 289 285 236 236 236 236 236 258 236 236 236 236 172 172 172 172 220 212 212 197 197 145 145 145 147 147 147 179 147 147 147 140 140 140 96 96 96 96 79 79 79 79 79 85 85 79 54 54 64 64 64 57 45 45 42 42 19 24 10 10 10 1 1 2 
355 285 285 333 333 285 285 330 278 278 278 278 308 285 285 285 285 285 279 250 250 250 250 258 250 236 236 236 236 172 172 172 220 212 212 145 145 145 145 147 147 147 147 147 147 162 162 140 140 140 96 96 96 96 79 79 95 95 79 79 79 79 54 54 54 69 57 57 45 45 42 42 19 19 10 3 3 1 1 1 
355 285 343 343 285 285 285 285 285 285 285 285 285 285 285 285 285 285 279 250 267 267 250 250 250 239 239 239 237 172 172 172 220 220 145 145 145 201 145 147 147 147 180 180 154 154 124 124 124 124 124 124 124 96 96 96 95 95 95 79 79 79 54 54 54 57 57 58 34 34 42 42 19 19 10 3 3 3 1 1 
355 285 285 285 285 293 293 293 293 293 293 312 279 279 285 285 285 285 279 250 250 250 262 239 239 239 237 237 237 214 214 145 145 145 145 145 145 145 145 145 145 145 180 154 154 154 124 154 130 130 124 124 125 96 96 96 108 96 96 79 79 79 54 54 57 57 58 58 34 34 34 19 19 10 10 3 3 3 1 1 
355 285 285 344 293 293 293 293 293 293 293 279 279 279 279 279 279 279 279 250 250 250 262 239 246 246 237 237 214 214 145 145 208 145 145 145 202 145 145 145 145 145 180 154 173 154 154 154 130 130 130 130 96 96 96 96 96 96 86 86 54 54 54 54 57 57 34 34 34 34 34 19 33 10 10 3 3 3 1 1 
331 331 331 344 293 340 293 293 293 293 293 279 279 279 279 292 279 279 279 262 262 262 262 239 239 237 237 237 214 145 145 228 208 208 208 208 202 202 198 145 145 145 180 154 154 154 163 149 149 130 130 131 96 96 96 109 96 96 86 86 54 54 77 77 57 57 34 34 34 34 34 19 19 30 10 10 20 3 3 3 
331 331 331 293 293 331 331 331 293 293 316 301 301 279 279 279 279 286 280 262 262 262 259 259 239 237 237 214 214 229 229 213 213 208 208 208 208 198 198 145 145 145 163 163 163 163 163 149 141 141 131 131 115 115 115 109 109 103 86 86 86 54 54 54 54 54 34 34 34 34 34 34 19 19 19 10 10 10 10 4 
331 331 331 331 331 331 323 323 323 293 316 301 301 279 279 279 239 239 280 272 272 259 259 239 239 237 237 214 214 214 229 229 213 213 213 198 198 198 190 190 190 163 163 174 174 164 164 149 149 116 116 132 115 115 115 103 103 103 80 80 65 65 54 54 73 54 59 59 54 34 34 34 34 31 10 10 10 10 10 4 
331 331 331 331 331 331 323 323 323 293 293 301 301 301 239 239 239 239 239 272 272 259 259 239 241 241 232 232 232 214 214 214 214 214 214 198 198 190 190 163 163 163 174 174 175 164 164 155 116 116 116 116 115 115 115 103 80 80 80 80 65 65 73 73 73 54 54 54 54 31 31 31 31 31 10 10 10 10 10 4 
356 323 345 345 331 331 323 323 323 293 293 301 301 239 239 239 239 287 239 239 239 268 239 239 241 241 232 240 232 235 232 214 214 214 215 198 198 190 190 163 163 174 174 133 133 133 133 155 116 116 136 116 116 116 103 103 80 80 80 80 80 65 65 65 65 65 65 60 31 31 31 31 31 31 5 10 10 12 12 4 
356 323 323 323 323 323 323 323 323 293 293 301 301 239 239 239 239 273 273 273 239 239 239 241 241 247 232 240 232 235 232 214 214 214 190 190 190 190 190 163 163 174 174 133 133 133 133 133 133 116 116 126 126 116 103 103 103 103 80 80 80 80 65 65 65 60 60 60 31 31 31 31 32 32 5 10 10 12 4 4 
349 349 349 324 324 323 323 323 323 293 293 301 301 302 293 293 239 273 273 273 239 239 251 241 241 241 232 232 232 232 232 214 214 214 190 190 190 190 190 163 191 174 174 133 133 133 133 133 133 137 137 126 126 116 116 66 66 103 35 80 80 80 65 65 65 60 60 60 46 46 32 32 32 5 5 10 10 12 4 4 
349 324 324 324 324 334 334 324 324 293 317 301 301 293 293 294 239 273 273 239 239 239 251 251 251 241 243 232 232 232 232 214 214 214 190 163 163 203 163 163 191 176 176 176 176 133 133 150 150 137 133 133 66 66 66 66 66 103 35 35 87 60 60 60 74 60 60 60 46 46 46 32 32 5 5 5 5 5 4 4 
349 324 346 346 324 334 334 324 325 293 293 293 293 293 239 239 239 273 273 239 239 239 263 251 251 241 243 232 232 227 227 227 227 190 190 163 163 163 163 196 176 176 176 176 168 168 133 133 133 137 133 66 66 110 110 113 66 66 97 35 87 60 60 60 60 60 51 51 51 51 35 35 35 14 14 21 21 5 5 5 
349 324 346 346 324 324 324 324 325 281 281 293 293 303 239 239 239 273 273 273 239 239 248 248 252 241 243 232 232 227 227 190 190 190 216 163 163 163 196 196 176 185 176 176 168 169 133 133 133 133 133 66 66 110 110 110 110 66 66 35 35 35 35 35 35 35 51 35 35 35 35 36 36 14 14 14 14 14 5 5 
349 324 350 281 281 281 281 281 281 281 281 281 309 281 281 281 239 239 239 273 273 248 248 248 248 241 241 232 232 232 227 190 221 221 216 163 163 163 186 186 176 176 176 156 156 156 156 156 118 118 118 134 66 66 98 98 98 104 66 66 66 66 70 70 70 35 35 35 47 47 36 36 37 14 25 25 6 6 6 6 
324 324 281 281 281 281 281 281 281 281 281 281 281 281 281 281 288 288 239 273 273 248 248 260 248 241 241 232 232 232 227 190 221 216 216 163 163 204 186 186 192 157 157 157 157 157 157 157 118 118 118 66 66 66 98 98 98 98 98 66 66 66 70 70 70 70 47 47 47 47 36 36 36 14 25 25 6 6 6 6 
324 324 281 281 281 320 281 281 281 281 281 281 281 281 281 288 288 281 281 248 248 248 248 248 248 241 241 241 227 227 227 190 190 216 204 204 204 204 186 186 192 157 182 157 157 170 158 158 118 118 138 66 66 66 117 81 81 81 81 88 88 81 70 70 70 70 47 47 47 47 36 36 36 14 28 6 6 6 6 6 
351 324 324 324 324 320 320 320 320 320 281 281 281 281 281 281 281 281 248 248 248 248 248 248 241 241 241 242 227 190 190 190 190 190 204 204 186 186 186 186 186 157 157 157 158 158 158 118 118 118 138 121 121 66 66 81 81 81 81 81 81 81 70 70 71 71 47 47 47 47 36 36 36 14 28 6 15 15 6 7 
351 351 351 324 324 335 335 320 320 321 304 304 304 304 281 281 281 281 248 248 264 264 248 248 241 241 241 242 227 227 227 190 190 190 209 186 186 205 151 151 186 186 157 157 158 158 158 118 121 121 121 121 121 121 66 66 99 99 99 89 89 66 66 66 66 66 66 52 52 47 47 36 36 14 28 6 6 6 6 7 
335 335 335 335 335 335 297 297 297 297 304 305 305 305 290 290 282 282 282 248 264 264 264 248 244 244 238 242 227 227 227 209 209 209 209 186 205 205 151 151 151 151 157 157 151 151 158 118 121 121 118 118 127 118 118 66 99 99 89 89 90 66 66 66 38 38 38 52 52 52 38 38 38 14 14 8 8 8 8 7 
335 335 335 335 335 335 297 297 304 304 304 248 248 306 290 290 282 282 283 248 248 269 248 248 244 244 238 238 238 227 227 209 209 209 217 186 205 151 151 193 193 151 151 151 151 151 158 118 118 118 118 118 118 118 119 66 66 89 89 66 66 66 66 66 38 67 38 38 55 38 38 43 14 14 14 8 8 8 8 7 
335 335 335 335 335 335 336 297 297 297 318 248 248 248 290 290 290 282 248 248 248 233 248 248 244 244 244 227 227 227 230 230 209 209 186 186 151 151 199 193 187 187 177 177 177 151 151 151 151 114 114 114 114 114 119 66 66 89 89 66 66 66 38 38 38 67 67 38 55 38 38 43 14 14 14 14 14 8 8 8 
335 335 335 335 335 336 336 326 326 297 318 297 297 248 248 284 284 284 248 248 274 233 248 248 253 248 227 227 230 230 230 231 209 222 151 151 151 151 151 193 187 177 177 177 114 114 165 114 114 114 128 128 128 114 114 66 111 66 66 66 91 82 38 38 38 38 38 38 38 38 38 14 14 14 14 14 14 16 8 8 
335 322 322 322 322 336 326 326 327 297 297 297 297 307 248 284 284 284 284 248 233 233 248 248 248 248 227 227 230 223 223 231 209 222 151 151 151 151 151 187 187 177 177 177 114 114 114 114 114 114 128 122 122 122 114 66 111 66 92 61 61 82 38 38 38 38 38 38 38 38 38 14 14 14 26 26 22 8 8 8 
335 322 322 322 322 322 326 326 298 298 298 298 297 297 248 248 291 248 248 248 233 254 254 261 248 248 227 227 223 223 223 223 209 209 151 151 151 151 187 187 194 188 177 177 114 114 166 128 152 128 128 122 122 114 114 66 66 66 92 61 61 61 61 61 61 68 68 61 44 44 44 44 39 14 26 22 22 8 8 8 
335 322 322 322 322 322 322 322 298 298 298 298 310 297 297 248 248 248 248 248 233 254 254 254 254 233 233 233 223 223 223 223 223 209 151 151 151 151 181 181 181 188 181 181 114 114 166 128 128 128 139 122 122 114 114 114 105 105 92 61 78 78 78 61 61 61 61 61 44 44 44 44 39 14 26 22 22 17 8 8 
335 335 322 322 322 341 332 332 298 298 298 298 298 298 298 248 248 233 233 233 233 233 233 255 255 233 233 233 233 233 223 223 223 209 209 211 151 151 181 181 181 181 181 114 114 153 153 153 153 142 135 135 105 105 105 105 105 106 92 92 75 75 75 61 61 61 61 61 44 44 39 39 39 14 14 14 17 17 8 8 
347 335 335 335 322 322 332 332 298 298 298 313 275 275 275 248 248 233 276 276 233 233 233 255 256 249 233 233 233 233 223 223 223 223 209 209 209 151 181 181 181 181 181 114 114 142 142 142 142 142 135 135 105 105 105 112 112 100 100 92 92 75 75 61 61 23 23 23 48 48 48 14 14 14 14 14 17 9 9 9 
347 335 335 335 337 322 322 322 298 298 298 313 275 275 275 248 248 233 233 233 233 233 233 255 249 249 233 233 233 233 233 218 218 218 218 209 209 151 181 181 181 142 142 114 114 142 159 159 142 142 120 135 105 105 105 112 100 100 101 23 23 75 75 75 75 23 23 23 48 23 23 14 14 14 14 14 14 9 9 9 
347 347 347 347 337 337 337 322 298 298 298 313 275 275 275 275 275 275 275 233 233 233 233 233 249 233 233 200 200 200 200 218 218 218 218 210 210 151 195 195 195 142 142 142 142 142 143 143 143 143 120 120 123 123 100 100 100 23 23 23 23 23 23 23 23 23 23 23 23 23 23 23 14 14 14 14 14 9 9 9 
342 342 342 342 342 342 338 322 328 313 313 313 275 275 275 295 275 275 275 275 233 233 265 233 233 233 245 200 200 200 200 200 200 218 218 210 210 151 195 195 129 129 129 143 143 171 143 143 143 120 120 120 123 100 100 100 100 23 102 83 83 83 62 72 72 72 62 62 49 49 49 23 40 14 14 27 23 9 9 9 
342 342 342 342 270 270 338 322 328 313 313 313 270 270 275 275 275 275 275 275 275 195 195 195 245 245 245 200 200 200 224 224 200 200 200 200 200 206 200 195 129 129 129 143 143 143 143 129 129 120 120 120 120 100 100 100 100 23 23 83 83 83 62 62 62 62 62 63 49 29 29 23 23 23 23 23 23 9 9 9 
354 354 342 342 342 270 338 322 322 322 270 270 270 270 299 275 275 275 275 275 275 195 195 195 195 195 195 195 195 195 224 224 224 224 195 195 200 200 200 195 129 129 129 143 143 143 129 129 129 144 120 120 120 120 120 23 23 23 23 23 83 83 49 49 49 62 62 49 49 29 29 29 23 23 29 18 18 9 9 9 
354 354 342 342 342 270 270 270 270 270 270 311 311 270 270 270 270 270 270 270 270 270 195 195 195 195 195 195 195 195 195 195 195 195 195 195 195 195 195 195 129 129 129 129 129 129 129 160 129 129 129 129 129 120 120 23 23 23 23 23 84 84 49 49 49 49 49 49 56 29 29 29 29 29 29 18 18 18 9 9 
