356 318 318 318 322 322 322 322 322 322 318 314 301 301 301 278 278 278 285 265 265 265 265 265 260 201 201 201 239 220 220 228 220 157 157 207 157 157 157 186 157 157 157 157 157 157 131 131 131 131 131 131 131 107 107 105 105 95 95 95 95 82 82 41 41 41 41 41 41 41 41 12 12 12 12 12 24 12 12 1 
356 318 318 318 322 318 318 318 318 318 318 314 301 301 301 278 278 278 285 265 266 266 266 266 260 201 201 201 201 220 220 220 220 157 157 157 157 193 157 157 157 175 125 125 125 125 131 131 131 131 131 131 107 107 107 105 105 95 95 95 95 82 83 41 41 62 62 41 41 41 41 12 12 12 12 12 12 12 13 1 
351 351 318 318 318 318 323 323 323 323 314 314 301 301 302 278 278 285 285 265 265 266 266 201 201 201 201 245 201 201 201 201 201 157 157 157 157 157 157 157 157 125 125 163 163 125 125 125 125 131 131 107 107 124 107 105 105 105 82 82 82 82 53 53 41 41 41 41 41 41 12 12 12 12 12 30 12 12 13 1 
351 318 318 342 342 301 301 301 301 301 314 301 301 301 302 278 278 278 278 278 265 266 266 201 201 201 201 201 201 201 233 201 201 157 157 208 201 157 157 157 157 125 125 163 163 142 142 142 125 125 125 107 132 124 107 105 105 105 82 82 82 89 53 53 63 63 63 41 41 51 12 12 12 12 12 1 1 13 13 1 
351 318 347 301 301 301 301 301 301 301 301 301 301 301 302 278 278 278 278 278 265 266 266 201 201 201 201 201 201 201 233 201 201 201 201 201 201 194 125 125 125 125 125 163 163 142 142 142 142 142 125 107 107 124 107 107 105 105 82 82 82 82 84 53 53 53 41 41 41 41 41 44 41 1 1 1 1 13 13 1 
318 318 301 301 301 301 301 301 301 301 319 303 303 294 294 294 294 278 278 278 270 270 246 246 246 249 249 236 236 233 233 201 201 202 202 202 202 194 125 125 125 153 153 167 153 153 142 142 142 142 125 125 107 107 107 107 107 105 105 75 75 82 42 42 42 53 41 41 41 41 41 41 41 1 34 1 1 18 1 1 
318 318 301 343 301 301 301 301 301 301 303 303 289 289 289 289 289 278 278 270 270 270 246 246 261 249 249 236 236 233 233 201 201 202 209 209 203 194 125 125 125 153 153 153 153 153 153 102 102 102 102 125 125 107 107 107 107 75 75 75 75 75 42 42 42 53 53 53 53 41 41 41 1 1 34 1 1 1 1 1 
318 318 301 301 301 301 301 331 301 301 303 303 289 289 289 289 289 289 278 270 270 270 270 246 261 246 246 246 236 236 195 195 195 195 195 195 203 195 125 125 125 125 102 102 102 102 102 102 143 143 102 102 125 107 107 107 107 75 101 101 96 75 42 42 66 66 42 42 42 41 41 41 1 1 1 19 1 1 1 1 
348 348 348 344 336 336 336 331 301 301 315 303 310 289 289 289 290 278 278 270 270 270 270 246 246 246 250 195 195 195 195 189 189 189 189 195 195 195 125 125 125 125 102 158 102 102 102 102 140 140 140 102 125 125 102 102 107 107 101 101 96 75 75 42 66 42 42 57 42 45 45 45 1 1 1 19 1 1 1 2 
348 352 344 344 336 336 324 331 315 315 315 303 310 289 289 289 290 278 278 278 278 253 253 253 246 246 250 195 240 221 221 189 189 189 189 210 125 125 125 125 102 102 102 158 102 102 140 140 140 140 140 102 102 102 102 102 102 102 102 102 96 75 75 42 42 42 57 57 42 42 42 42 1 1 1 19 25 19 2 2 
348 344 344 332 332 336 324 324 315 315 315 303 303 303 303 298 290 286 286 279 279 253 253 253 253 253 250 195 195 221 221 189 189 189 189 210 125 125 125 125 102 102 158 158 102 102 140 140 140 121 121 121 121 102 102 108 108 108 85 85 96 75 75 75 75 67 57 57 42 42 42 42 42 35 35 19 19 19 2 3 
344 344 332 332 332 332 332 324 324 315 315 279 279 279 298 298 290 286 286 279 242 242 271 242 254 254 247 247 195 195 221 221 189 189 189 210 125 196 125 125 125 176 158 102 102 102 102 102 146 121 121 121 121 121 121 90 90 90 90 85 96 75 75 67 67 67 42 42 42 42 42 35 35 35 20 20 20 20 2 3 
344 344 332 332 332 332 332 332 324 315 315 279 279 279 298 298 290 290 279 279 242 242 242 242 254 254 247 247 195 195 234 221 221 189 189 210 125 125 125 125 125 176 158 102 102 154 154 102 102 102 121 121 126 126 90 90 113 90 90 85 67 67 67 67 68 68 42 42 42 42 49 35 2 2 20 20 20 2 2 3 
344 344 332 332 316 316 316 316 324 324 315 315 279 279 279 279 295 279 279 283 242 256 256 256 256 255 241 241 195 195 195 222 222 189 189 210 189 189 189 125 174 174 158 158 102 154 102 102 102 102 121 114 114 127 90 90 90 109 85 85 97 85 85 68 68 2 2 2 2 2 2 2 2 2 2 2 26 2 2 3 
344 344 344 345 316 333 333 316 316 316 316 279 279 279 279 279 279 279 287 283 242 242 242 256 256 255 241 241 241 195 195 222 216 216 189 210 189 190 190 174 174 174 158 158 102 102 102 102 102 114 114 114 114 127 90 90 90 90 85 85 85 85 68 68 2 2 58 58 2 2 2 2 2 2 27 2 2 2 2 3 
344 344 344 345 316 333 333 333 316 316 316 279 296 296 296 279 279 283 283 283 280 242 242 256 256 256 241 241 242 195 195 195 216 216 189 210 189 190 174 174 177 177 158 158 158 158 144 144 147 144 122 122 114 114 114 114 114 90 90 98 98 90 68 78 2 69 2 2 2 2 2 31 31 31 27 27 27 2 2 2 
344 316 316 316 316 333 333 333 316 316 316 316 296 296 296 296 296 283 280 280 280 242 242 242 242 242 242 242 242 195 195 195 216 216 189 210 189 190 174 174 174 174 174 151 151 151 144 144 144 144 122 122 122 122 114 114 110 110 90 90 90 90 68 78 2 2 2 2 2 2 2 2 2 31 31 27 27 2 2 2 
344 316 316 316 337 337 337 325 325 317 317 317 299 299 304 299 283 283 280 281 281 267 267 267 257 257 235 235 235 235 235 195 190 190 189 189 189 190 178 178 178 174 174 151 151 151 144 144 144 122 122 128 128 122 122 110 110 111 90 90 68 68 68 78 64 64 64 2 2 2 2 2 2 38 31 31 4 4 4 4 
316 316 316 316 337 334 334 334 325 325 283 283 299 299 299 299 283 291 280 267 267 267 267 267 257 258 235 235 235 237 195 195 223 190 190 190 190 190 178 187 178 178 151 151 151 151 151 144 144 122 122 128 128 128 110 110 111 111 55 55 68 91 64 64 64 65 65 2 2 2 2 46 38 38 31 31 4 4 4 5 
316 316 316 334 334 334 283 283 283 283 283 283 299 283 283 283 283 291 280 267 267 267 267 267 257 258 235 235 235 237 195 195 192 192 192 192 191 191 178 178 178 178 151 151 151 151 151 151 148 122 122 110 110 110 110 118 86 86 55 55 68 68 64 64 47 47 47 47 47 6 6 6 38 4 4 4 28 4 4 5 
316 316 316 334 339 339 283 283 268 268 283 283 299 283 283 283 283 291 280 280 267 267 272 257 257 258 235 235 195 195 195 195 192 192 192 192 191 191 191 178 178 178 168 168 133 133 133 133 148 110 110 110 115 115 115 86 86 86 55 55 68 68 55 55 47 47 47 47 47 47 47 6 6 4 4 4 28 4 4 4 
316 316 316 334 334 268 268 268 268 268 283 283 283 283 283 291 291 291 280 280 267 267 272 257 257 258 235 235 195 195 195 195 224 213 213 192 192 197 192 178 178 178 168 168 133 159 133 133 148 110 110 110 115 115 115 86 86 86 55 55 55 55 55 55 55 70 47 47 47 47 47 47 6 4 4 4 4 4 4 4 
353 353 316 316 334 268 268 327 327 268 268 283 283 283 283 282 282 282 282 267 267 267 262 262 257 257 235 235 195 195 195 229 213 213 211 211 192 192 192 133 133 179 133 133 133 133 133 152 141 141 141 133 115 115 115 119 86 86 103 103 55 55 55 79 55 55 59 59 39 39 39 39 6 6 6 21 21 21 6 6 
353 353 316 316 268 268 268 327 326 326 268 268 268 283 283 282 282 282 282 267 267 267 262 262 262 257 213 248 195 195 195 213 213 214 214 133 133 133 133 133 133 133 133 133 133 133 141 141 141 141 141 133 115 129 115 115 115 86 86 86 55 55 55 55 55 55 59 59 39 39 50 39 39 39 6 6 6 22 6 7 
357 340 340 340 268 268 268 268 326 311 311 311 268 268 268 268 292 292 282 267 267 267 262 262 262 257 213 213 213 213 213 213 225 214 214 133 133 188 164 164 164 133 133 169 133 133 141 133 133 133 133 133 115 129 115 92 92 92 92 86 86 86 86 55 55 55 52 52 39 39 32 32 32 32 32 32 6 6 6 7 
357 340 340 340 340 268 268 268 326 311 312 311 311 305 305 268 292 292 282 284 267 267 273 262 262 257 230 230 243 213 213 230 133 133 133 133 133 188 164 164 164 133 133 169 133 160 133 133 134 134 134 134 115 115 115 92 92 92 92 86 86 87 87 55 55 55 52 52 52 52 32 36 36 36 36 23 23 23 7 7 
354 354 328 328 340 340 268 268 311 311 312 312 312 305 305 268 268 268 282 284 267 267 262 262 263 257 230 243 243 230 230 230 133 217 133 133 204 188 188 188 164 180 133 133 133 160 133 134 134 135 135 60 60 123 123 60 60 92 92 99 99 55 55 80 55 55 52 52 52 52 32 32 32 9 37 23 8 8 7 7 
354 354 328 328 328 328 311 311 311 320 320 297 297 305 305 268 268 268 282 282 267 267 262 262 257 257 230 230 230 230 215 215 133 198 198 198 198 198 188 188 164 164 133 133 133 160 133 134 149 135 135 60 60 60 60 60 60 92 92 92 92 55 55 55 55 55 55 52 52 52 32 32 32 9 9 23 8 8 7 7 
354 354 328 328 328 328 328 328 328 297 297 297 297 297 297 297 297 268 288 282 267 267 274 257 257 257 215 215 215 215 215 215 226 198 198 198 199 199 181 181 183 164 164 170 133 133 133 135 135 135 135 135 60 60 60 60 60 92 92 92 92 55 55 55 55 55 55 52 52 32 32 32 32 40 9 8 8 8 14 8 
355 355 328 328 328 335 335 328 328 297 297 297 313 297 297 297 297 268 268 282 282 268 268 257 257 257 215 215 215 215 215 215 215 215 215 199 199 181 181 181 181 181 164 164 164 150 150 135 135 135 135 135 60 60 81 81 60 60 60 60 92 92 71 71 55 55 55 54 54 32 32 32 9 9 9 8 8 8 8 8 
328 328 328 328 328 335 335 335 297 297 293 293 293 293 293 293 293 293 268 268 268 268 268 257 257 259 251 199 199 199 199 199 199 199 199 199 205 181 181 181 181 164 164 164 150 150 150 150 150 136 136 136 60 60 81 81 81 81 81 60 92 92 71 71 71 71 55 54 54 48 48 48 9 9 9 8 8 8 8 9 
328 349 349 328 328 341 338 306 306 306 293 293 293 293 293 293 293 276 276 276 276 276 268 268 264 251 251 199 199 199 199 199 199 205 205 205 205 181 181 171 171 164 164 164 150 161 150 150 145 145 137 137 60 60 81 81 81 104 81 60 60 60 60 72 72 72 55 54 54 48 48 48 9 9 9 9 29 9 9 9 
328 328 328 328 341 341 338 306 329 306 306 293 293 308 293 293 293 276 276 276 264 264 264 264 264 251 251 199 199 199 199 199 218 205 205 212 165 165 165 171 171 171 171 171 150 150 150 150 145 137 137 137 60 60 81 81 81 104 81 81 81 93 60 60 76 73 55 55 55 48 33 33 9 9 9 9 29 9 10 10 
346 346 328 328 341 338 338 306 306 306 306 306 293 293 293 300 293 293 264 264 264 277 275 264 264 251 251 199 199 199 199 199 218 218 205 212 165 200 165 165 184 165 165 165 165 150 150 145 145 137 137 137 130 130 81 81 81 104 104 104 81 81 81 60 60 73 55 55 48 48 33 33 9 9 9 29 29 9 9 9 
346 346 328 328 328 338 330 330 330 306 306 306 309 309 293 293 293 293 264 264 275 275 275 199 199 251 199 199 199 199 199 205 205 205 205 212 165 165 165 165 165 165 172 172 166 145 155 145 116 116 116 138 130 130 81 81 81 112 94 94 100 94 81 81 60 60 60 60 48 33 33 33 9 15 15 15 15 15 15 9 
346 346 328 328 328 338 330 330 306 306 306 306 306 264 264 264 264 264 264 264 275 199 199 199 199 199 199 244 244 199 199 205 205 219 156 156 165 165 165 165 165 165 165 165 166 145 145 145 116 116 116 138 116 116 116 116 116 112 94 94 94 94 74 74 74 74 48 48 48 33 33 33 9 9 9 16 16 16 16 9 
346 346 346 346 328 307 307 330 306 306 306 306 306 264 264 264 199 199 199 199 199 199 199 199 231 231 231 231 231 231 231 231 227 156 156 156 156 156 156 165 165 165 165 165 166 162 116 116 116 116 116 116 116 88 88 88 88 112 94 94 94 94 74 77 74 74 48 56 56 33 33 33 33 33 9 9 9 9 9 9 
346 346 346 346 328 328 307 330 330 307 307 306 306 306 306 199 199 199 199 231 231 231 231 231 231 231 231 227 227 227 227 227 227 156 156 156 156 156 156 156 156 182 156 156 156 162 116 116 116 116 116 116 116 88 88 88 117 88 88 94 94 94 88 77 77 48 48 56 56 33 33 43 43 33 9 9 11 11 9 9 
346 346 350 328 328 328 307 330 330 307 307 307 306 306 307 199 199 199 231 231 231 231 231 231 231 231 231 227 238 238 227 232 185 185 185 185 185 185 185 185 156 156 156 173 156 162 116 116 116 116 139 139 116 88 88 88 88 88 88 88 88 88 88 48 48 48 61 61 43 43 43 43 33 33 9 9 11 11 17 11 
346 346 350 328 328 328 307 307 307 307 321 307 307 307 307 199 199 199 231 231 231 231 231 269 231 231 252 227 227 227 227 232 185 185 185 185 206 185 185 185 185 156 156 173 156 156 156 116 116 116 116 116 116 88 88 120 88 88 106 88 88 88 88 48 48 48 61 61 43 43 43 43 33 33 33 33 11 11 11 11 
