344 329 329 329 294 294 294 294 294 294 294 294 260 283 283 268 268 234 234 245 245 245 229 229 232 232 232 201 201 201 201 201 201 179 179 179 190 147 147 147 147 155 155 155 155 141 141 141 115 115 115 115 115 107 107 107 92 92 81 81 81 81 19 19 19 19 19 19 54 19 19 42 18 18 18 18 18 1 1 1 
344 329 329 329 294 302 302 302 302 302 286 286 260 260 260 268 234 234 234 234 234 245 229 229 229 229 201 201 219 219 201 201 201 179 179 179 179 147 147 147 147 147 156 156 156 141 141 141 115 122 122 122 115 107 107 108 92 92 81 91 19 19 19 71 23 23 23 19 19 19 19 42 18 18 18 18 18 1 2 2 
344 329 329 294 294 286 286 286 286 286 286 286 286 286 260 268 234 234 260 260 234 245 229 229 229 229 229 229 201 201 201 201 201 179 179 191 179 179 179 147 147 147 147 147 157 115 115 115 115 116 116 123 115 107 107 108 92 92 81 91 19 19 71 71 23 23 23 23 23 48 19 19 18 18 18 18 18 1 2 2 
339 339 339 294 294 286 303 303 303 303 284 284 286 286 260 268 268 268 260 234 234 245 245 229 229 233 233 201 201 210 210 210 201 201 191 191 191 175 175 147 147 147 147 147 115 115 131 115 115 116 116 115 115 107 108 108 92 92 92 82 82 19 19 23 23 23 23 23 23 48 48 19 18 18 28 1 1 1 2 2 
339 339 327 327 327 286 286 316 303 303 284 284 287 287 260 260 260 260 260 234 234 252 246 229 229 233 234 201 222 201 201 211 201 202 191 191 191 175 175 147 147 147 147 147 115 115 131 131 116 116 116 115 115 115 108 108 92 82 82 82 82 82 19 23 55 55 55 55 55 19 19 19 28 28 28 1 1 15 2 2 
327 327 327 330 317 317 286 286 309 284 284 284 284 284 284 260 260 260 260 261 234 246 246 229 229 233 234 201 201 201 201 201 201 180 180 180 180 175 175 175 170 124 124 147 147 147 147 131 116 116 116 116 116 116 93 93 92 92 92 92 19 19 19 23 23 23 23 23 56 19 49 19 19 19 19 19 1 1 1 1 
327 317 317 317 317 286 286 286 309 284 291 291 291 266 266 266 266 260 260 261 234 246 246 234 234 234 234 201 201 201 201 201 201 180 180 180 180 175 175 170 170 124 124 149 149 149 131 131 116 116 128 116 93 93 93 93 93 93 92 92 19 19 19 19 64 64 64 23 23 19 19 19 1 19 19 19 19 1 1 1 
327 317 331 331 286 286 284 284 284 284 291 291 291 266 266 266 234 234 234 234 234 234 234 234 216 234 234 201 223 201 201 203 180 180 180 180 180 180 180 170 170 124 124 124 150 150 131 135 135 116 116 116 93 93 93 93 93 93 64 64 72 72 72 72 64 64 64 61 23 23 23 23 1 1 1 1 1 8 8 1 
317 317 331 331 286 324 284 284 284 291 291 291 291 266 266 266 234 257 257 257 257 234 234 216 216 235 235 201 223 201 215 203 180 180 180 180 192 180 180 124 124 124 124 124 150 150 131 131 116 116 116 84 84 117 84 84 93 93 64 64 64 77 77 64 64 67 61 61 43 43 43 23 23 23 23 23 1 8 8 1 
317 317 286 286 286 324 284 284 310 291 291 291 292 266 266 266 234 234 234 262 234 234 234 216 235 235 236 201 223 201 201 203 203 203 195 195 181 181 181 124 124 124 124 124 150 150 148 131 116 116 116 84 84 117 84 84 104 93 64 64 64 64 64 64 61 61 61 62 43 43 43 43 23 23 24 24 1 1 1 1 
345 317 286 284 284 284 284 284 284 284 299 266 266 266 279 279 234 234 234 234 234 234 234 216 235 236 236 201 201 201 201 212 203 203 195 193 193 171 171 124 161 124 124 124 150 148 148 131 131 131 84 84 84 84 84 84 93 93 95 64 64 64 64 64 61 65 65 62 44 44 44 44 23 23 3 3 3 3 1 1 
317 317 286 284 284 325 284 284 284 284 299 266 266 266 266 274 274 266 266 247 247 247 247 216 235 235 235 224 224 201 201 212 195 195 195 193 171 171 171 171 161 124 124 159 124 124 124 124 124 124 84 84 84 84 84 84 93 93 93 64 64 83 64 64 61 65 65 62 44 44 44 33 33 33 3 3 20 3 3 3 
317 317 332 332 284 284 284 317 253 253 280 280 280 280 266 266 266 266 266 247 247 247 247 216 235 235 235 224 224 201 201 212 195 193 193 193 171 171 171 171 161 161 124 124 124 151 120 120 120 124 124 124 84 84 112 84 84 101 93 93 64 64 64 64 61 61 61 62 44 44 44 33 34 34 29 3 3 3 3 3 
340 317 317 317 317 317 317 317 253 253 280 280 280 280 280 280 266 266 266 263 247 247 247 216 235 235 237 224 224 195 195 195 195 193 198 171 171 171 171 171 171 161 161 120 120 151 120 142 120 120 120 120 120 84 84 84 84 84 84 84 64 64 61 61 61 61 61 33 33 33 33 33 34 34 29 4 4 4 4 4 
340 340 340 253 253 253 253 253 253 253 280 280 280 280 280 281 269 269 263 263 247 248 248 216 216 216 216 225 225 195 199 199 199 193 193 171 171 171 165 165 165 165 120 120 120 120 120 142 136 121 129 113 113 113 61 61 61 61 96 84 84 84 61 61 61 66 66 33 33 45 45 45 29 29 29 4 4 16 4 4 
346 341 341 253 253 253 253 253 311 304 269 269 269 269 269 269 269 270 247 247 247 248 248 216 216 216 216 225 195 195 199 199 199 193 193 171 171 171 171 165 165 120 120 136 136 136 136 136 136 121 129 113 109 109 61 61 61 61 61 61 61 61 61 73 33 33 33 33 33 45 45 45 29 9 9 9 4 4 4 4 
346 341 341 333 253 253 321 253 304 304 269 269 269 269 269 269 269 270 247 248 248 248 248 216 242 216 216 195 195 199 199 199 199 182 182 182 182 171 171 171 120 120 162 136 136 136 136 136 137 121 121 113 113 109 109 109 61 61 87 87 87 61 61 73 33 33 33 33 33 33 33 29 29 9 9 9 9 9 9 4 
300 300 300 333 300 300 300 253 304 305 269 269 253 253 269 269 269 270 247 248 247 247 247 216 216 216 195 195 226 199 204 204 204 182 182 182 182 171 171 171 120 120 120 120 120 120 120 136 132 132 121 121 113 113 113 61 61 61 87 52 52 52 4 4 4 4 4 4 4 33 33 29 35 35 9 9 10 10 10 4 
300 300 300 300 300 300 300 253 304 253 253 253 253 253 253 258 258 270 247 247 247 253 247 216 216 216 226 226 226 199 199 199 204 204 199 182 182 182 182 172 172 166 158 158 158 120 120 132 132 59 59 121 121 113 113 61 85 85 85 52 52 52 4 4 4 4 4 4 4 4 46 46 35 35 10 10 10 10 4 4 
300 300 300 300 300 300 322 253 253 253 300 253 253 253 253 258 258 258 258 258 258 253 247 184 243 216 216 227 227 199 199 199 199 199 199 182 173 173 173 172 172 166 158 158 158 120 143 132 132 59 59 59 59 59 59 61 85 102 85 85 52 52 52 4 4 4 57 57 57 4 4 4 4 4 10 10 10 10 4 4 
334 334 334 334 300 300 300 300 300 306 300 253 253 253 253 258 258 253 253 264 253 253 247 184 240 240 216 227 227 138 138 138 138 138 138 182 173 173 173 176 166 166 158 158 120 120 143 143 132 59 59 118 118 118 59 59 85 59 59 85 85 85 52 52 52 52 52 52 52 52 4 4 41 4 4 4 21 11 11 4 
334 323 323 323 326 326 300 300 300 300 300 253 253 288 253 253 253 253 253 253 253 247 247 184 240 240 216 216 227 138 138 138 138 138 138 182 173 173 173 176 166 167 158 158 120 120 120 120 138 133 59 59 114 114 114 59 59 59 59 59 59 59 78 50 50 50 58 58 58 41 41 41 41 30 30 4 21 11 11 4 
323 323 328 323 323 323 323 301 301 301 295 295 275 275 282 282 271 271 253 253 254 247 247 184 184 184 184 216 216 216 216 138 138 138 138 182 182 182 173 173 173 138 138 138 138 138 138 138 138 133 125 125 114 114 114 105 105 59 59 59 79 59 78 50 68 50 58 58 58 41 41 41 41 30 30 4 4 4 4 4 
323 343 328 335 323 323 323 301 301 301 301 296 275 275 275 275 271 271 253 253 254 254 238 238 238 238 184 184 217 216 216 138 138 138 138 182 182 177 177 177 138 138 163 125 125 125 125 125 125 133 125 114 114 114 105 105 59 59 97 59 79 59 59 50 50 50 41 41 41 41 41 30 30 30 30 5 5 5 5 5 
323 343 328 323 323 323 323 301 301 307 296 296 275 275 275 275 271 271 265 265 254 254 238 238 238 238 238 184 217 217 217 138 205 205 138 138 138 138 138 178 138 138 163 125 125 125 125 125 125 125 125 114 114 114 105 105 59 59 59 59 79 86 59 74 50 50 41 41 41 41 41 30 30 36 5 5 5 5 5 5 
323 343 328 323 323 323 312 312 312 296 296 297 275 275 275 275 275 255 255 255 255 255 238 238 238 238 238 184 184 184 184 138 138 138 138 138 138 183 138 138 138 138 163 160 125 125 125 125 139 125 125 126 94 94 94 94 94 94 94 94 79 86 59 59 50 50 50 53 41 41 41 41 30 36 5 5 5 5 6 6 
323 323 328 336 328 312 312 312 312 296 296 296 275 275 275 275 275 255 267 255 255 256 238 238 238 238 239 185 185 220 184 184 138 138 188 188 188 183 183 138 138 160 160 160 125 152 98 139 139 125 125 126 94 94 94 94 98 98 98 79 79 86 79 59 69 50 50 53 53 53 41 41 30 30 25 25 5 5 6 6 
323 323 328 328 328 312 312 312 312 296 296 296 275 275 275 276 276 255 256 256 256 256 238 238 238 238 238 185 185 185 185 184 206 206 188 188 188 160 160 160 160 160 160 160 125 152 98 98 98 134 98 98 119 119 94 94 98 88 88 79 79 79 79 59 59 50 50 50 50 50 50 30 30 30 25 5 5 6 6 6 
323 323 314 314 313 313 313 313 296 296 275 275 275 275 275 255 255 255 256 256 256 256 238 238 238 238 238 185 185 185 185 184 184 184 188 188 188 160 160 160 160 160 160 160 125 144 144 144 98 98 98 98 98 110 110 110 98 88 88 88 88 75 75 75 59 59 50 50 50 50 50 13 13 13 25 5 5 6 6 6 
347 314 314 314 313 313 313 313 296 296 275 275 275 275 275 255 272 272 256 256 259 244 244 244 244 238 238 185 185 185 185 213 184 184 184 184 188 188 160 160 168 168 125 125 125 144 144 144 98 98 98 98 98 110 110 110 98 88 88 88 88 75 76 76 59 59 50 50 50 50 50 13 13 13 13 13 5 5 6 6 
314 314 337 314 314 314 314 313 313 296 296 255 255 285 285 255 272 272 256 256 259 244 244 244 241 241 185 185 228 194 194 213 184 184 184 184 184 184 160 160 153 153 153 125 125 144 145 145 130 130 98 98 110 110 110 110 98 103 75 75 75 75 60 60 59 59 59 59 59 50 50 13 13 37 31 13 13 5 6 6 
314 314 337 337 314 314 314 314 314 255 255 255 255 255 255 255 272 272 256 256 241 241 241 241 241 185 185 194 194 194 194 213 208 194 194 194 194 184 184 153 153 153 153 127 127 144 144 146 130 130 130 98 110 98 98 98 98 103 75 75 75 75 60 60 60 59 59 13 13 13 13 13 13 13 31 13 13 5 6 6 
348 314 338 338 314 314 315 315 315 255 255 289 255 255 277 277 277 256 256 256 241 249 249 241 241 185 185 194 194 221 194 194 208 194 200 185 185 185 185 153 153 153 153 153 127 127 144 127 127 127 127 98 98 98 98 98 99 99 99 60 75 75 60 60 60 60 51 51 13 13 47 47 13 13 13 13 22 5 12 7 
314 314 338 314 314 298 298 298 298 298 298 289 289 289 277 277 277 256 256 256 241 241 241 241 241 185 185 185 185 185 218 194 194 194 200 185 174 174 174 174 153 153 164 153 153 127 127 127 127 127 127 98 98 98 99 99 99 100 100 60 75 75 75 60 60 60 51 51 51 51 13 13 13 22 22 22 22 5 5 7 
314 314 314 314 314 298 298 298 298 298 298 298 277 277 277 241 241 241 241 241 241 241 241 241 241 185 185 185 209 185 185 185 185 185 185 185 174 174 174 174 174 153 153 153 153 153 106 106 127 127 127 98 98 98 99 99 99 100 100 60 75 75 75 60 60 60 51 51 60 51 13 13 13 13 13 26 17 17 5 5 
342 342 319 319 314 298 298 318 298 298 277 277 277 277 277 241 273 241 241 241 241 241 250 230 230 230 230 209 209 185 185 185 185 207 185 185 186 186 186 154 154 154 153 153 153 153 106 106 106 106 127 127 106 106 106 106 106 60 60 60 89 60 60 60 70 60 60 60 60 51 51 13 13 38 13 13 17 13 13 5 
342 342 319 319 314 314 314 314 314 308 277 277 277 277 277 241 273 241 241 241 250 250 250 230 230 230 230 209 209 185 185 185 185 196 196 196 187 187 187 154 154 154 153 153 153 153 106 140 140 106 106 106 106 32 32 32 32 60 60 60 60 60 80 70 70 32 32 60 60 32 32 13 13 32 32 13 13 13 14 5 
342 319 319 319 319 314 314 314 314 308 277 277 277 290 277 241 273 273 241 241 241 241 251 230 230 230 230 230 209 209 209 209 209 196 197 197 187 187 154 154 154 154 153 153 153 153 106 106 106 106 106 106 106 111 111 111 32 90 90 90 90 70 70 70 32 32 32 32 32 32 32 32 32 32 5 5 13 13 5 5 
342 319 319 319 319 319 319 319 308 308 277 277 277 277 277 241 278 241 241 241 241 241 231 231 231 230 230 231 214 214 214 214 196 196 197 197 187 187 154 154 154 154 154 154 154 154 106 106 106 106 106 106 106 111 111 111 32 90 90 32 32 70 70 70 32 63 63 63 39 39 39 39 39 39 5 27 5 5 5 5 
342 342 342 319 319 319 319 320 308 308 277 277 293 277 277 241 241 241 241 241 241 241 231 231 231 231 231 231 214 214 214 214 196 196 189 189 189 189 154 154 169 169 154 154 154 154 106 106 106 106 106 106 106 111 111 111 32 32 32 32 32 32 32 32 32 63 63 63 39 39 39 39 40 40 5 5 5 5 5 5 
