326 326 326 326 326 311 311 311 311 268 268 295 295 268 268 268 268 268 268 227 227 250 250 227 227 227 227 227 227 214 214 214 140 140 199 199 181 181 181 181 140 140 140 140 140 140 140 140 140 92 92 92 92 92 92 92 105 105 84 84 91 84 74 74 62 62 62 48 48 48 36 36 11 11 11 11 11 11 1 1 
326 326 326 268 268 268 311 311 268 268 268 268 268 268 281 278 269 269 269 227 227 227 227 227 227 227 227 227 227 214 214 140 140 140 140 140 181 140 140 140 140 140 140 140 152 152 148 140 140 92 92 92 92 92 92 92 92 84 84 84 84 84 74 74 62 62 62 48 48 48 36 36 11 11 11 11 11 11 1 2 
326 326 326 268 323 323 268 268 268 263 263 263 278 278 278 278 269 269 269 227 227 227 227 227 227 214 214 214 214 222 214 140 206 206 206 140 140 140 187 176 176 140 140 140 137 137 148 140 140 75 75 75 75 75 75 75 92 84 84 84 84 55 55 62 62 62 62 55 55 36 36 36 11 18 18 18 18 11 1 1 
335 329 329 268 268 268 268 263 263 263 279 263 263 287 278 278 263 263 259 259 227 227 227 227 243 214 230 230 214 214 214 140 206 187 187 140 140 192 187 176 176 137 137 137 137 137 137 137 137 75 75 75 75 115 115 75 92 92 92 92 92 55 55 62 62 62 62 55 36 36 36 36 11 18 11 11 11 11 11 1 
335 329 316 316 316 316 316 263 308 308 279 279 263 263 263 263 263 263 259 259 259 227 227 243 243 214 230 223 223 223 218 140 206 206 187 187 192 192 187 176 176 137 137 137 137 135 135 135 137 137 135 75 75 115 116 75 75 75 75 75 75 55 55 55 55 55 55 55 36 36 36 36 11 11 11 11 11 11 11 1 
335 329 316 263 263 316 316 263 263 263 263 279 263 263 263 263 276 263 244 244 244 227 227 214 214 214 230 223 223 223 218 140 206 206 207 187 187 187 187 161 161 174 137 137 137 135 135 135 135 135 135 75 120 120 93 93 93 106 75 75 75 75 75 75 68 68 42 42 42 42 42 27 27 27 27 11 19 12 12 1 
335 329 329 329 263 263 263 263 263 263 263 279 263 263 282 276 276 263 244 244 244 227 227 214 214 214 230 228 228 224 218 140 140 207 207 161 161 161 161 161 161 137 137 137 137 153 135 135 135 125 125 75 75 75 93 106 106 106 75 75 75 75 79 76 68 68 42 56 56 42 42 27 27 28 28 11 12 12 13 1 
335 335 324 324 263 263 263 263 303 303 303 279 279 282 282 276 276 263 244 244 244 244 244 244 244 214 230 228 228 224 218 140 140 207 161 161 188 188 188 161 161 137 137 137 137 137 137 141 141 125 125 125 125 75 93 93 93 93 95 95 75 75 79 76 63 63 42 56 57 29 29 29 29 28 28 11 12 1 1 1 
338 324 324 324 263 263 263 263 263 309 300 300 279 279 279 279 276 263 244 244 246 246 246 244 244 224 224 224 228 224 218 140 140 140 161 188 188 188 188 161 161 161 161 161 137 137 137 141 141 125 75 75 75 75 117 75 75 93 95 95 93 85 76 76 63 63 42 56 56 29 37 37 3 3 3 11 11 1 1 1 
338 324 324 324 263 263 263 263 263 309 300 300 276 276 283 276 276 263 244 244 246 246 246 246 224 224 228 228 228 224 218 140 140 140 161 161 161 161 161 182 161 161 168 156 156 125 137 142 142 125 75 75 75 75 75 75 75 93 93 93 93 85 76 76 63 63 63 56 56 29 37 3 3 3 3 20 11 11 1 1 
338 324 324 324 324 263 263 304 304 300 300 300 276 276 276 276 263 263 244 244 247 247 247 247 224 224 224 224 224 224 218 140 140 200 200 161 161 193 161 161 161 168 168 156 156 125 137 142 142 125 130 130 118 118 75 75 111 96 96 96 85 85 76 76 63 63 64 56 56 29 29 3 3 3 3 20 20 11 1 1 
324 324 324 324 324 324 304 304 304 300 285 285 276 284 284 263 263 272 263 263 247 247 231 231 231 231 231 231 224 224 218 200 200 200 200 161 161 177 177 177 156 156 156 162 156 125 149 125 125 125 118 131 118 118 118 107 107 96 96 96 85 86 80 65 65 69 64 49 49 49 29 29 33 3 3 3 3 11 1 1 
324 324 305 325 325 325 304 304 304 310 285 288 276 276 276 263 263 263 263 264 231 231 231 248 218 231 231 218 218 218 218 200 200 200 200 200 177 177 177 177 156 156 156 156 156 125 149 125 125 125 118 118 118 121 107 107 107 107 96 96 85 86 80 65 65 64 64 49 43 43 43 29 21 3 3 3 3 11 11 3 
305 305 305 325 325 325 304 304 304 310 285 288 288 288 276 273 273 263 263 231 231 231 231 218 218 239 218 218 218 218 219 197 197 201 201 201 177 177 177 177 156 156 156 156 157 125 125 125 121 121 121 121 121 121 107 107 107 107 96 97 85 86 80 65 65 64 49 49 30 30 30 29 21 21 21 21 3 11 11 3 
305 336 325 325 305 305 304 304 304 304 285 285 288 288 276 273 273 273 231 231 237 237 251 218 218 218 218 232 197 197 219 197 197 156 156 189 189 189 189 177 156 156 156 156 157 154 121 121 121 138 121 121 122 122 96 96 96 96 96 97 85 80 80 65 65 64 49 49 30 50 30 29 32 32 29 21 3 3 14 3 
305 325 325 305 305 305 317 304 304 304 304 285 285 289 276 276 231 231 231 237 237 237 237 218 218 218 218 218 197 197 197 197 156 156 156 189 189 189 189 177 177 156 169 158 158 154 121 121 121 121 96 96 96 96 96 96 96 96 96 85 85 80 65 65 65 64 64 30 30 50 30 29 29 29 29 21 21 3 3 3 
305 325 305 305 306 305 305 305 305 305 305 285 285 289 285 276 231 231 270 237 260 237 237 218 218 218 218 218 197 225 197 197 156 156 156 156 156 156 156 156 156 156 158 158 159 154 126 126 96 121 96 96 96 96 96 96 103 96 96 85 85 80 65 77 65 64 64 30 30 30 30 30 30 30 30 4 4 4 4 4 
305 305 305 306 306 318 318 306 306 306 306 285 285 285 285 276 276 231 231 237 237 237 237 245 245 237 237 233 197 197 197 197 156 156 196 196 196 155 155 155 155 155 158 163 154 154 126 126 96 96 96 96 96 96 96 96 103 103 103 80 80 80 65 77 65 65 65 30 30 30 44 30 30 30 4 4 4 4 5 5 
305 305 306 306 306 306 306 306 312 296 296 296 240 240 240 240 240 274 231 231 237 237 237 237 237 237 233 233 197 197 196 196 196 196 196 202 155 155 190 155 155 155 158 158 154 154 126 126 96 96 132 132 126 80 80 80 80 80 104 80 87 87 65 65 65 65 65 51 51 51 4 30 30 30 4 4 15 15 5 6 
337 337 306 330 306 306 306 306 312 296 296 296 240 240 240 240 240 274 255 255 255 255 237 237 233 233 233 234 197 197 196 196 196 196 202 202 155 155 190 155 155 155 155 158 154 154 126 126 96 96 132 126 126 80 80 80 80 80 80 80 87 87 70 70 70 66 66 51 51 52 4 4 4 4 4 4 4 4 5 6 
296 296 306 306 306 306 306 306 312 296 296 296 296 290 240 240 274 274 255 255 255 255 237 237 233 233 233 229 229 197 197 197 197 211 202 202 197 155 155 183 155 155 155 158 160 155 126 126 126 126 126 126 127 80 80 112 70 70 70 70 88 88 70 70 70 66 66 51 51 52 4 4 5 5 4 4 4 4 5 6 
296 296 296 296 296 296 296 296 296 296 290 290 290 290 240 240 240 240 240 255 255 240 240 240 240 233 233 229 229 215 215 215 197 197 197 197 197 194 155 155 155 155 155 164 155 155 126 126 126 126 126 126 127 80 80 70 70 70 70 70 70 70 70 66 66 66 66 51 51 45 45 38 5 5 5 22 22 5 5 6 
296 296 327 327 307 307 307 307 307 290 290 301 291 291 240 240 275 275 240 240 240 240 220 220 240 240 215 215 215 215 216 216 178 178 178 178 178 194 155 155 155 155 155 155 155 150 150 126 126 126 136 113 113 113 80 70 70 70 70 70 70 70 70 70 70 70 45 45 45 45 45 38 5 5 5 22 5 5 6 6 
296 296 327 327 307 307 307 307 307 290 291 291 291 292 240 240 275 220 220 261 261 256 220 220 240 240 215 215 215 215 215 178 178 203 203 203 178 194 155 184 82 82 170 82 82 150 143 143 136 136 136 113 113 113 80 80 80 80 80 70 70 67 67 67 71 71 45 45 45 45 45 38 5 5 5 5 5 16 6 7 
296 332 332 327 327 286 286 286 307 290 290 291 291 292 240 220 220 220 220 220 220 256 220 220 241 241 215 215 215 215 215 178 178 178 178 178 178 194 155 184 82 82 82 82 82 82 143 143 143 128 128 128 128 113 113 113 80 80 80 98 67 67 81 45 45 45 45 45 23 23 23 38 5 5 6 6 6 6 6 7 
296 332 332 296 286 286 319 286 307 290 290 291 291 292 240 220 252 252 265 265 220 220 220 220 220 220 220 220 220 220 220 178 178 178 178 178 178 155 155 184 82 175 165 165 82 82 151 128 128 128 133 133 99 99 99 99 108 108 98 98 67 67 67 45 45 45 45 60 23 23 23 23 23 23 6 6 6 17 7 7 
296 296 296 296 286 319 319 286 307 307 307 291 291 286 286 220 252 252 252 252 252 252 252 173 173 173 220 220 220 221 221 178 178 178 178 178 178 155 155 82 82 82 165 165 82 82 82 128 128 82 82 82 99 99 99 99 99 99 99 99 67 67 67 67 45 45 45 58 58 23 23 23 34 23 6 6 6 17 7 7 
296 296 333 286 286 319 319 286 286 286 286 286 286 286 286 220 220 249 252 252 249 249 253 173 173 173 220 220 220 221 221 178 178 212 178 178 178 165 191 82 82 82 165 165 101 101 82 128 128 82 82 82 82 82 82 99 99 82 82 100 82 82 82 67 45 45 45 58 58 39 39 23 23 23 6 24 23 7 7 7 
320 320 320 286 286 286 286 286 286 286 286 286 286 293 286 220 220 249 249 249 249 249 253 173 173 173 173 212 212 212 178 178 178 212 204 204 178 165 165 165 165 165 165 166 101 101 82 82 82 82 82 123 123 123 82 82 82 82 82 82 82 82 82 67 46 46 46 46 46 39 39 39 23 23 23 23 23 7 7 7 
320 320 320 320 320 320 320 286 286 286 286 286 286 286 286 220 266 266 271 257 257 249 253 173 173 173 173 212 212 212 178 217 212 212 204 204 178 178 165 165 178 101 101 101 101 134 134 144 144 82 82 123 123 123 82 82 109 109 82 82 94 89 67 67 46 46 46 46 46 39 39 39 23 23 23 7 7 7 7 7 
339 320 320 320 320 320 321 286 286 286 297 286 286 220 220 220 266 266 266 266 257 249 249 249 173 173 173 212 212 212 178 212 212 208 208 179 179 178 178 178 178 101 101 101 101 134 134 134 134 82 82 123 123 123 109 109 109 101 101 31 31 89 67 67 67 67 67 46 46 53 7 7 7 7 7 7 7 7 7 7 
339 321 321 321 321 321 321 286 313 286 297 302 297 220 266 266 266 266 266 266 257 257 238 238 238 238 173 212 212 212 212 212 208 208 209 179 179 179 179 178 178 101 101 101 101 134 134 134 134 134 134 134 101 101 109 101 101 101 101 101 31 31 31 31 31 72 54 54 46 46 7 7 7 7 7 7 7 7 7 7 
339 321 321 328 328 321 321 286 286 286 297 297 297 220 266 266 266 266 266 266 238 238 238 238 238 238 173 173 226 226 212 212 208 208 208 179 179 179 179 185 179 101 171 167 101 101 101 101 101 139 134 134 101 101 101 101 101 102 102 102 31 31 78 78 31 72 54 47 47 46 46 7 7 7 25 25 7 7 7 7 
339 321 321 322 322 322 314 314 314 297 297 297 298 220 266 266 266 266 266 238 238 238 238 238 238 238 238 173 226 208 208 208 208 208 208 179 179 179 179 179 179 101 101 167 101 101 101 147 101 139 134 134 101 119 101 114 101 102 78 78 78 78 78 31 31 72 54 59 47 47 47 7 7 25 25 26 8 8 8 8 
339 321 321 321 321 322 314 314 314 297 297 297 220 220 236 236 236 236 236 238 238 238 238 238 238 235 235 173 173 208 208 208 208 208 186 186 186 186 186 186 172 172 101 101 101 101 101 147 101 101 101 101 101 119 101 101 101 102 83 83 83 83 83 31 72 72 54 59 59 54 40 40 25 25 25 8 8 8 8 9 
339 334 334 321 321 322 314 314 220 220 220 220 220 294 236 280 236 236 236 267 238 238 238 242 242 235 235 235 173 173 208 208 186 186 186 205 173 173 173 173 173 172 172 101 101 83 83 147 101 101 129 101 101 119 119 83 83 83 83 31 31 90 31 31 72 72 54 54 54 54 40 40 25 25 25 8 8 8 8 9 
334 334 331 321 321 322 322 220 220 236 236 236 236 294 236 262 262 236 236 258 258 258 254 242 242 235 235 173 173 173 186 186 186 210 210 173 173 180 180 180 173 173 173 101 101 83 83 83 83 83 129 129 129 83 83 83 83 83 31 31 31 31 31 61 61 61 61 61 54 54 31 31 35 25 25 8 8 8 8 8 
334 334 331 331 321 321 321 220 220 220 220 236 236 236 236 262 262 236 236 258 258 254 254 242 242 242 235 173 173 186 186 173 173 173 173 173 198 180 180 180 173 173 83 83 83 83 83 83 145 83 83 83 83 83 110 110 110 31 31 31 31 31 31 61 73 61 61 31 31 31 31 31 31 31 31 8 8 8 8 8 
334 334 334 315 315 315 321 315 220 220 220 236 299 236 277 262 262 262 236 236 236 236 236 236 235 235 235 236 173 186 186 173 173 173 195 195 195 180 180 83 83 83 83 83 83 83 124 124 124 124 83 83 83 83 110 110 110 31 31 31 31 31 31 73 73 61 61 31 31 31 31 41 10 10 10 10 10 10 8 8 
334 334 334 315 315 315 315 315 220 220 220 236 236 236 277 277 277 262 262 262 262 236 236 236 236 236 236 236 173 173 173 173 213 213 195 195 195 195 180 180 180 83 83 83 83 83 124 124 146 124 124 124 124 124 110 110 110 110 31 31 31 31 31 31 31 31 31 31 31 41 41 41 10 10 10 10 10 10 10 10 
