301 301 301 306 306 318 306 306 306 277 277 277 277 277 277 277 260 260 260 260 208 208 208 243 220 220 220 220 220 213 202 202 202 195 195 180 180 180 180 160 160 160 160 160 155 142 142 142 142 128 128 128 122 49 49 49 49 49 49 49 49 49 49 49 49 49 49 49 49 49 2 2 33 33 1 1 1 1 9 1 
301 301 301 306 306 306 306 301 301 277 277 277 260 260 260 260 260 264 264 261 208 208 208 243 220 220 220 223 213 213 202 202 202 196 196 180 181 181 160 160 155 155 155 155 155 142 128 128 128 128 122 122 122 49 98 49 49 88 88 88 88 49 49 49 54 54 54 54 49 49 2 2 2 2 1 1 1 1 1 1 
301 301 301 306 319 319 301 301 301 301 260 260 260 284 260 260 273 264 264 261 208 208 208 208 220 220 220 223 213 213 196 196 196 196 180 180 181 181 160 160 160 160 161 161 142 142 147 147 122 122 122 129 49 49 98 98 98 88 88 88 88 49 49 49 54 54 60 54 54 50 2 38 38 2 2 2 2 2 2 2 
301 301 301 306 319 319 301 302 302 302 260 260 260 284 244 244 261 261 261 261 208 208 249 208 208 229 220 223 213 213 196 196 196 196 180 180 180 181 181 160 160 160 142 142 142 154 147 147 122 122 129 129 49 115 98 98 98 98 49 49 66 66 66 66 66 54 54 2 2 50 2 38 38 10 10 10 10 10 10 3 
301 301 306 306 319 319 301 302 302 244 244 260 260 284 244 244 261 261 244 244 244 208 249 244 208 229 208 208 208 208 208 196 196 196 180 180 180 185 182 160 160 160 142 142 99 99 153 143 143 129 129 49 49 115 98 98 49 49 49 49 66 66 66 66 66 66 54 2 2 2 2 38 38 10 10 11 11 10 10 3 
301 306 306 319 319 301 301 302 302 244 244 244 244 284 244 244 244 244 244 244 244 244 244 244 208 208 208 208 208 208 208 196 196 196 180 180 185 185 182 160 160 142 142 142 99 99 99 143 129 129 135 49 49 49 49 104 49 93 93 49 71 66 66 66 67 67 54 2 2 2 10 10 10 10 10 11 11 11 11 3 
301 301 301 301 301 301 244 244 244 244 278 278 244 244 244 244 244 265 265 244 256 244 244 236 236 208 208 208 208 170 170 196 196 170 170 185 185 186 182 170 170 142 142 142 99 99 99 129 129 99 99 99 99 99 49 49 49 49 49 49 71 66 66 66 67 67 54 2 2 2 10 10 39 12 12 12 12 3 3 3 
303 303 303 303 301 301 244 313 244 244 278 278 278 278 265 265 265 265 244 244 256 244 244 236 216 216 216 221 221 170 170 170 170 170 170 170 170 182 182 170 171 142 142 99 99 129 129 129 99 99 116 116 116 99 99 99 99 49 49 90 71 79 79 66 66 66 54 2 2 2 2 10 10 12 12 12 12 3 3 3 
303 303 303 303 320 320 244 244 244 278 278 295 278 278 265 265 265 265 244 244 244 244 250 216 216 216 216 170 170 170 209 162 162 170 170 170 170 170 170 170 170 99 99 99 129 129 99 99 99 99 116 116 116 116 94 94 99 99 49 90 71 71 71 71 71 66 54 54 54 2 2 13 13 13 12 12 12 3 3 3 
303 303 303 303 316 316 307 307 244 244 244 244 278 278 265 265 265 265 266 244 244 216 216 216 216 216 227 170 170 170 162 162 162 170 170 170 170 170 170 170 170 99 99 99 99 99 99 99 99 99 136 116 116 116 94 94 94 49 49 90 71 71 66 66 66 66 54 54 54 2 2 13 13 13 13 13 12 3 3 3 
303 303 328 316 316 316 307 307 244 244 269 269 269 278 278 278 265 265 216 216 216 216 245 245 170 170 170 170 162 162 162 162 162 191 191 191 162 162 162 162 162 162 99 99 148 148 148 148 137 137 94 94 94 94 94 94 94 49 49 49 80 80 80 66 66 68 54 54 54 2 2 43 13 13 13 13 12 19 12 4 
303 303 303 316 316 316 307 307 244 244 269 269 269 269 269 269 269 269 216 210 210 210 210 210 170 170 170 170 162 162 162 162 162 162 162 191 162 162 172 172 162 162 99 99 137 137 137 137 137 137 94 94 123 94 94 94 94 94 94 49 80 80 80 54 54 54 54 2 2 2 46 43 27 27 27 13 12 12 12 4 
303 303 303 316 316 316 307 307 244 244 269 269 290 269 269 269 269 216 216 210 210 210 210 210 170 170 170 170 162 162 162 162 162 162 162 191 191 162 172 172 162 162 162 162 137 137 137 137 144 137 137 94 94 94 94 105 49 49 49 49 85 85 81 54 61 61 61 2 2 2 43 43 27 27 27 13 13 13 13 4 
303 303 303 316 316 316 316 307 307 269 269 269 269 269 269 269 269 216 252 252 210 210 210 210 210 210 210 210 162 162 162 162 162 162 162 162 162 162 172 172 172 162 162 137 137 137 94 94 94 138 138 94 94 94 94 49 49 49 49 61 61 61 81 75 61 62 62 2 2 2 43 43 28 28 28 14 14 13 13 4 
303 303 303 326 316 316 317 303 303 269 269 269 291 269 269 269 269 216 252 252 210 210 210 237 237 210 210 210 214 206 206 203 203 193 193 193 172 172 172 172 172 162 162 137 94 94 94 94 94 138 138 94 96 96 106 106 61 61 95 61 61 61 75 75 61 51 51 28 28 28 28 28 28 14 14 14 14 14 14 4 
331 303 303 303 303 317 317 303 303 303 274 274 274 274 274 274 274 216 216 252 252 252 230 230 230 210 210 210 214 206 206 203 203 193 193 193 172 172 172 172 167 167 167 137 94 94 94 94 94 94 94 94 96 96 96 96 61 61 61 61 61 61 75 76 61 51 51 28 28 28 28 28 28 14 14 14 14 14 4 4 
331 303 321 321 303 303 303 303 303 303 274 274 274 257 257 257 257 257 216 216 216 216 230 230 230 230 210 210 214 214 206 206 197 197 197 187 187 187 167 167 167 94 94 137 94 94 94 130 130 130 130 130 96 110 110 96 61 61 61 61 83 61 75 61 61 51 51 51 51 29 29 29 29 29 29 14 14 14 4 5 
331 331 321 321 321 321 274 274 274 274 274 296 257 257 279 257 257 257 257 216 216 216 230 230 230 230 210 215 215 215 210 197 197 198 187 187 167 167 167 175 94 94 94 94 94 94 94 130 130 130 130 130 96 110 91 96 96 96 96 91 83 61 61 61 72 51 51 51 51 29 29 40 29 29 30 24 4 4 4 5 
333 327 327 304 304 304 308 308 308 257 257 257 257 285 279 267 267 267 257 257 257 216 230 230 230 230 210 215 215 210 210 197 197 198 187 187 167 94 94 94 94 168 168 94 94 145 145 145 145 139 139 131 96 96 91 91 91 91 91 91 83 61 61 61 41 41 41 41 51 51 40 40 40 15 15 24 4 4 4 4 
333 327 327 304 324 304 304 304 309 257 257 257 257 257 279 267 267 270 267 257 257 216 216 230 230 231 210 210 210 210 211 197 197 198 198 187 187 94 94 163 163 163 163 163 131 131 131 131 131 139 131 131 96 96 111 101 101 91 91 83 83 61 82 61 41 41 41 41 44 44 40 40 40 15 15 15 15 4 4 4 
332 332 327 304 324 304 304 304 304 257 257 297 257 257 275 275 267 267 267 238 238 253 216 216 216 216 216 216 216 216 197 197 194 194 194 194 183 183 183 163 163 163 164 164 131 131 131 131 131 131 131 96 96 100 100 101 100 100 83 83 61 61 82 61 41 41 41 41 44 44 44 44 15 15 15 15 15 20 4 4 
332 327 327 327 322 322 304 304 304 304 257 257 257 275 275 275 275 238 238 238 238 238 238 238 238 216 216 216 216 217 197 194 194 192 192 192 183 183 176 176 133 133 133 165 156 96 149 149 131 131 96 96 124 100 100 100 100 100 83 83 61 61 61 61 73 41 41 41 44 44 44 15 15 34 15 15 15 20 4 6 
332 327 327 327 322 323 304 304 304 304 257 257 257 275 275 275 238 238 258 258 258 238 238 246 204 204 204 216 216 197 197 194 194 192 192 192 176 176 176 177 133 133 133 156 156 96 96 140 140 140 96 96 96 100 100 100 100 100 83 83 61 61 63 63 63 63 63 41 41 41 41 15 15 15 15 25 15 20 4 6 
332 332 327 327 322 323 304 304 304 304 257 257 257 275 275 238 238 238 238 262 259 239 239 239 204 232 204 216 216 197 207 194 194 194 192 192 176 176 133 133 133 133 156 156 125 125 96 140 140 140 96 96 96 117 83 83 83 83 83 83 64 64 52 52 52 52 52 52 52 52 41 41 41 25 25 25 15 15 4 4 
322 322 327 327 322 280 280 280 310 299 299 280 280 280 280 238 238 238 238 262 259 239 239 239 204 204 204 204 204 197 207 194 194 194 192 192 133 133 133 133 133 133 133 125 125 125 96 96 96 96 96 132 125 83 83 83 83 83 83 83 64 64 52 52 52 52 52 52 25 25 25 25 25 25 16 16 16 15 15 4 
322 322 322 322 322 280 280 280 280 299 280 280 292 286 224 224 224 224 259 259 259 239 239 239 239 204 204 204 204 197 207 199 199 199 199 192 133 133 133 133 133 151 133 125 157 125 146 146 146 96 96 132 125 83 83 83 83 83 83 83 64 64 64 64 52 52 52 25 25 25 25 35 35 35 16 16 16 16 16 4 
322 322 322 322 322 280 280 314 280 280 280 286 286 286 224 224 224 224 233 233 233 254 233 233 233 233 204 204 197 197 207 199 199 199 199 192 133 133 133 178 133 151 133 125 125 125 125 125 125 125 125 125 125 112 112 102 102 83 83 83 83 83 83 64 52 52 52 25 35 35 35 35 42 31 4 4 4 16 16 4 
322 322 322 322 322 280 311 311 311 286 286 286 281 281 224 224 224 224 233 233 233 233 233 247 233 233 204 204 197 197 207 207 199 199 199 192 192 188 133 133 133 151 133 133 125 125 125 125 125 125 125 125 118 118 102 102 97 97 83 83 69 69 69 64 52 52 25 25 35 53 31 31 31 31 4 21 4 4 4 4 
322 322 322 322 322 280 311 311 311 286 286 286 281 287 281 224 224 224 233 233 233 233 224 224 234 234 204 222 222 197 197 197 197 188 188 188 188 188 133 133 173 151 133 133 125 125 125 125 125 125 118 118 118 119 102 107 97 97 69 69 69 69 69 64 64 64 64 55 55 53 31 36 36 36 31 21 21 21 7 7 
322 322 322 322 322 280 280 280 311 280 280 286 281 281 281 224 224 224 224 224 224 224 224 224 224 224 204 222 222 197 197 197 197 188 152 188 188 152 152 152 151 151 133 133 125 125 125 125 133 133 118 133 119 119 102 107 97 97 69 69 69 69 69 77 64 64 55 55 56 53 31 31 31 31 31 17 17 22 7 7 
334 280 280 280 280 280 280 280 280 280 280 286 288 288 282 263 263 263 263 263 248 248 248 248 240 224 204 204 204 197 197 197 188 188 152 152 152 152 184 152 151 151 151 133 133 133 150 150 133 133 133 133 119 119 102 97 97 97 97 78 78 78 69 69 69 69 55 59 53 53 31 31 32 32 32 17 17 17 17 7 
280 280 280 280 280 280 280 280 280 305 280 298 282 282 282 263 263 248 248 248 248 240 240 240 240 224 224 224 204 204 204 204 188 188 152 152 152 152 184 152 152 152 151 158 158 133 150 133 133 133 133 126 126 102 102 97 97 97 78 78 78 78 78 78 69 69 55 59 53 53 31 31 32 32 32 17 17 7 7 7 
280 329 329 280 280 280 280 280 280 305 280 280 282 263 263 263 263 248 248 248 240 240 241 241 241 212 212 212 212 218 204 204 152 152 152 152 189 189 179 179 152 152 151 151 151 133 133 133 126 141 126 126 102 102 113 97 97 97 78 78 78 86 70 70 74 70 55 59 31 31 31 31 32 17 17 17 17 7 7 7 
280 329 329 280 280 312 312 280 280 305 280 280 282 263 263 263 240 240 240 240 240 255 241 241 241 212 212 225 212 218 204 204 152 152 152 152 159 159 179 179 152 152 152 152 151 151 151 151 126 126 126 134 102 103 103 97 97 70 70 70 70 70 70 70 70 70 55 59 31 47 47 31 32 17 17 17 17 7 7 7 
280 280 280 280 280 312 312 312 282 282 282 282 282 283 283 240 240 271 268 201 201 201 201 241 241 212 212 225 212 212 212 204 152 152 200 152 159 159 159 179 152 152 169 152 152 152 151 151 127 127 127 127 102 102 103 103 103 70 70 70 70 70 70 70 70 55 55 59 31 31 48 31 31 31 31 17 17 23 7 7 
282 282 282 280 280 315 315 312 282 282 300 293 293 283 283 240 240 240 268 201 201 201 201 212 212 212 225 225 201 201 201 204 204 152 152 152 159 159 159 152 152 152 152 166 159 152 152 152 127 127 127 127 127 102 114 108 89 89 89 92 70 70 84 70 70 55 65 31 31 31 48 31 31 31 31 17 17 23 7 7 
282 282 282 282 282 315 315 312 312 282 282 293 289 289 272 272 272 240 240 201 201 201 235 235 235 235 225 225 201 205 201 201 201 159 159 159 159 159 159 152 152 152 152 166 159 152 152 152 120 120 120 120 102 102 108 108 89 89 89 92 70 70 70 70 55 55 65 31 57 31 31 31 31 31 8 8 23 23 7 7 
335 282 282 282 282 315 315 315 282 282 282 293 289 272 272 272 272 272 240 201 201 201 235 235 242 226 226 226 201 205 205 205 201 159 159 190 190 190 159 159 159 159 159 166 159 152 152 152 120 120 120 120 120 120 108 109 89 89 89 92 70 87 70 70 55 55 55 31 31 31 31 8 8 8 8 8 18 18 18 8 
330 330 330 282 325 315 315 282 282 289 289 289 289 272 272 272 272 272 240 240 240 201 201 201 201 201 228 201 201 219 205 205 201 201 159 159 190 190 159 159 174 159 159 166 159 152 152 152 108 108 120 108 108 121 108 109 89 89 89 92 70 70 70 70 55 55 55 58 31 31 31 8 8 37 8 8 8 18 18 8 
330 330 330 282 282 282 282 282 289 289 294 294 294 272 272 276 276 240 240 240 240 251 251 201 201 201 201 201 219 219 205 205 205 201 201 159 159 159 159 159 174 159 159 159 159 152 152 152 108 108 108 108 108 108 108 109 89 89 89 89 89 70 70 70 55 55 55 58 58 31 31 45 8 8 8 26 8 8 8 8 
