335 335 335 323 323 323 313 313 292 292 292 292 292 280 280 280 251 251 251 251 251 251 235 235 235 221 221 221 221 221 195 195 154 154 154 154 178 178 178 178 172 154 154 154 154 154 121 121 121 121 121 121 121 93 93 93 23 23 23 23 23 23 23 23 23 23 23 59 23 23 41 41 29 29 29 23 23 1 1 1 
335 335 323 323 313 313 313 292 292 292 292 292 280 280 259 259 251 251 251 251 252 252 235 235 235 221 221 221 221 221 195 195 154 154 154 154 178 172 172 172 172 154 154 154 154 121 121 121 121 121 42 42 42 93 93 93 93 93 93 93 23 23 83 79 23 23 23 23 23 23 29 29 29 30 30 23 24 1 2 2 
335 335 323 331 313 313 313 292 292 292 292 292 280 259 259 259 278 267 267 219 219 219 235 235 235 221 221 221 219 219 219 195 154 154 172 172 172 172 184 154 154 169 154 154 154 121 121 121 121 121 130 130 42 42 42 42 42 42 42 42 89 51 51 79 55 55 55 55 55 23 29 29 35 23 23 23 1 1 2 2 
335 335 323 331 313 313 313 292 292 308 300 280 280 259 259 259 259 267 267 219 219 219 235 235 235 235 235 221 219 219 219 195 210 154 154 154 154 154 154 154 154 154 154 162 121 121 121 121 121 139 122 122 122 109 109 109 109 42 42 42 89 51 51 51 55 55 23 23 56 23 23 29 23 23 23 23 1 18 1 1 
335 335 323 331 313 313 313 300 300 300 300 280 281 281 281 281 259 259 259 219 219 219 247 219 219 219 219 221 221 221 219 195 195 206 195 195 195 185 185 179 173 154 154 162 121 121 121 121 139 139 122 122 122 109 115 110 110 42 42 89 89 51 51 51 51 23 23 23 23 23 23 23 23 33 23 23 1 1 1 1 
335 335 300 300 300 300 300 300 288 288 280 280 281 281 273 273 273 273 259 259 259 219 247 219 219 228 219 219 219 219 219 214 195 195 195 179 179 185 179 179 173 162 162 162 159 121 121 121 139 140 122 101 101 109 109 110 81 81 42 42 42 86 51 51 51 23 23 23 23 23 23 23 33 33 23 23 1 1 12 1 
335 335 300 288 288 288 288 288 288 288 293 293 293 288 273 274 273 273 219 219 219 219 219 219 219 228 236 214 214 214 214 214 195 195 201 179 179 179 179 173 173 162 163 163 159 139 139 139 139 122 122 101 101 101 109 110 81 81 81 42 42 42 42 80 51 51 51 51 51 51 42 42 19 19 19 1 1 1 12 1 
335 335 300 288 288 288 288 288 288 288 293 288 288 288 273 274 274 274 219 219 219 219 219 219 219 228 228 228 215 215 215 215 191 191 191 179 179 173 173 173 174 162 163 159 159 139 139 139 144 122 122 101 123 101 109 101 101 101 81 42 42 42 42 42 42 51 51 60 51 51 42 19 19 19 19 1 1 1 1 1 
340 340 300 288 288 324 288 288 288 288 293 288 288 273 273 274 274 273 219 260 260 219 219 219 225 225 228 228 215 215 215 215 191 191 191 191 179 173 173 162 162 162 163 159 159 139 150 116 116 116 116 101 101 101 101 101 101 101 81 81 81 81 42 42 42 51 51 52 52 52 42 19 19 19 19 19 1 1 1 1 
340 340 300 300 328 288 288 309 309 288 288 288 288 273 284 273 273 273 219 219 219 219 219 219 225 225 225 225 225 215 215 215 191 191 202 191 179 189 162 162 165 165 163 163 145 145 150 116 116 116 116 116 101 101 101 101 101 101 81 81 90 81 42 42 42 52 52 52 42 42 42 19 19 19 19 19 1 1 1 1 
300 300 300 300 328 288 288 309 288 288 288 288 288 273 273 273 248 248 248 253 253 253 248 225 225 229 229 207 207 207 207 216 191 191 191 191 179 162 162 180 165 165 165 163 145 145 145 116 116 116 116 116 119 101 101 101 101 101 97 90 90 81 81 81 42 42 42 42 42 43 43 19 19 19 19 19 19 19 3 3 
300 325 325 325 325 325 288 309 288 301 301 285 285 285 285 282 248 275 248 248 248 248 248 225 240 229 229 229 222 222 207 207 207 207 191 191 179 162 165 165 165 145 145 163 145 155 145 116 116 116 116 116 119 119 101 101 97 97 97 90 90 84 84 82 42 42 65 5 5 5 43 43 36 3 3 3 3 3 3 4 
300 300 300 314 314 314 288 309 288 301 301 285 285 285 285 282 248 248 248 248 248 249 249 225 240 229 229 222 222 211 211 211 211 191 191 191 179 179 165 165 165 145 145 163 145 145 145 145 145 136 136 116 85 85 101 101 97 97 82 90 90 84 84 82 61 61 61 5 5 5 36 36 36 3 3 3 3 3 4 4 
300 300 300 314 329 314 288 288 288 301 301 285 285 289 282 282 276 276 248 248 248 225 225 225 240 229 229 222 226 211 211 211 211 191 191 191 179 179 165 165 165 145 145 145 145 145 151 147 136 136 136 116 85 85 85 85 85 85 82 94 82 82 82 82 61 70 61 61 5 5 36 5 5 13 13 3 3 4 4 5 
300 300 336 314 329 314 314 314 310 301 301 282 282 282 282 276 276 277 248 248 261 225 225 225 225 229 229 222 222 222 203 203 203 191 190 190 190 190 165 165 145 145 160 160 145 145 151 147 136 136 136 116 120 120 116 85 85 85 82 82 82 85 85 61 61 61 61 61 5 5 5 5 5 13 13 28 3 3 3 5 
342 314 314 314 329 314 314 315 310 301 301 282 282 268 268 276 276 254 254 254 254 254 225 225 225 157 157 157 157 222 203 203 203 191 190 190 190 190 160 160 145 145 160 160 160 156 147 147 136 136 136 116 120 116 116 85 85 85 85 85 85 85 61 61 74 61 61 61 5 47 44 44 5 13 13 13 13 13 13 5 
342 314 314 332 310 310 310 310 310 268 268 268 282 268 268 268 254 254 254 254 255 255 250 238 238 157 157 157 157 157 203 203 203 191 191 191 191 160 160 160 160 160 160 148 148 156 147 147 136 136 136 116 116 116 102 102 102 102 85 85 87 87 61 61 61 61 66 5 5 47 47 5 5 5 5 5 5 5 5 5 
314 314 314 310 310 310 310 316 268 268 286 268 268 268 286 268 254 254 254 254 255 255 250 238 238 238 157 157 157 157 203 203 203 203 203 191 191 160 160 160 160 166 166 148 148 148 147 147 136 136 136 102 102 102 102 111 111 103 95 95 87 87 75 75 66 66 66 5 5 5 5 5 5 5 14 14 14 14 14 6 
314 314 314 310 310 326 310 268 268 302 286 286 286 286 286 268 268 268 268 250 250 250 250 196 196 196 157 157 157 157 157 157 204 204 204 191 191 191 141 141 141 141 167 141 141 148 148 148 136 136 136 102 102 102 102 111 103 103 95 95 31 31 75 75 66 66 66 5 5 5 5 5 5 34 6 6 6 6 6 6 
314 314 314 314 310 310 310 268 268 302 302 269 269 287 287 269 269 269 269 250 256 256 196 196 196 196 212 212 212 157 157 157 204 141 141 141 141 192 141 141 141 141 141 141 141 141 141 149 136 136 137 102 102 102 102 111 103 103 98 31 31 31 75 75 66 66 66 5 5 53 37 37 37 6 6 6 6 7 7 7 
314 314 314 314 317 317 317 317 268 303 303 269 269 287 269 269 196 196 196 250 196 196 196 196 196 231 212 212 212 212 212 157 157 141 141 197 141 141 141 141 141 141 141 142 142 141 141 98 98 98 98 131 98 98 117 98 98 98 98 31 31 31 75 75 75 31 31 31 5 53 37 37 6 6 6 6 6 6 15 8 
314 314 314 314 317 317 317 268 268 303 304 269 269 269 269 269 196 196 196 196 196 196 196 196 196 231 230 230 196 196 212 217 157 157 157 157 157 186 168 181 175 152 152 142 142 141 141 141 141 141 98 98 98 98 117 98 31 31 99 31 31 31 31 31 31 31 31 31 5 5 5 5 6 6 6 6 6 6 8 8 
314 337 337 314 317 317 317 268 311 303 303 269 269 269 269 269 279 196 196 196 196 196 196 244 196 231 231 231 196 196 212 217 193 193 157 157 157 186 168 168 175 152 152 152 142 142 142 142 142 142 104 104 104 98 98 98 31 31 31 31 71 71 71 71 71 71 31 31 31 31 31 31 31 31 20 20 20 20 8 8 
314 337 337 314 327 327 318 318 294 294 303 298 269 279 269 269 279 244 244 244 244 244 244 244 196 231 231 232 196 196 212 212 193 193 157 157 157 186 186 168 168 152 152 152 152 152 152 142 142 143 104 104 104 112 112 114 31 104 71 71 71 71 71 76 76 72 31 31 57 31 31 38 38 31 20 20 20 8 8 8 
314 314 314 314 327 318 318 319 294 294 294 298 269 279 279 279 279 244 244 244 244 244 245 245 196 196 196 196 196 196 196 212 193 193 157 157 157 157 157 182 168 168 152 152 152 152 152 142 142 143 104 104 104 104 112 112 112 104 71 71 39 39 76 76 77 72 62 62 38 38 38 38 31 31 31 20 20 8 8 8 
327 327 327 327 327 318 318 294 294 305 294 294 269 263 263 263 263 244 244 241 241 241 245 245 227 227 227 227 227 223 196 212 212 193 198 198 157 157 157 182 168 168 152 152 152 132 132 132 132 138 138 104 104 104 104 104 104 104 100 39 39 39 76 76 77 72 62 62 38 38 38 38 31 31 31 20 20 8 8 8 
327 327 327 327 330 318 318 294 294 305 305 294 269 263 263 263 263 241 241 241 257 257 241 241 227 227 227 223 223 223 196 212 212 193 193 193 193 193 157 157 168 168 168 152 152 132 132 132 132 138 132 132 124 96 96 105 105 105 100 39 39 39 72 72 72 72 39 39 39 54 39 39 39 21 21 21 21 21 8 8 
327 327 338 333 322 322 322 294 294 305 305 294 269 263 263 263 263 241 241 241 241 258 241 241 241 237 237 223 196 196 196 132 132 132 132 132 132 132 187 157 157 157 157 157 157 157 132 132 132 132 132 124 124 96 96 96 96 100 100 39 39 72 72 72 72 39 39 63 39 39 39 40 40 21 21 21 21 21 8 8 
327 327 290 333 322 322 322 294 294 294 294 294 269 269 271 271 263 270 270 241 241 241 241 242 242 237 237 223 196 220 220 208 208 132 132 194 194 132 132 170 170 170 132 132 132 132 132 124 124 124 124 124 125 96 118 96 96 100 100 39 39 72 72 72 72 39 39 39 39 39 48 40 40 21 21 25 8 8 8 8 
341 341 290 290 290 290 290 294 294 294 294 294 294 269 271 271 263 263 263 241 241 241 242 242 223 223 237 223 196 220 220 208 194 205 205 194 194 194 132 132 132 132 132 132 132 126 126 124 125 125 125 125 125 96 118 96 113 96 96 96 39 39 39 39 39 67 67 39 48 48 48 45 9 9 9 25 25 9 9 9 
341 334 334 334 290 290 290 294 294 294 306 269 269 269 271 271 271 271 263 263 241 241 223 223 223 223 237 223 196 196 196 208 194 194 194 194 194 126 126 126 176 132 164 164 132 126 126 126 125 125 96 96 96 96 96 96 96 96 88 88 88 88 68 68 39 67 67 39 39 10 10 45 9 9 9 9 9 9 9 9 
341 334 334 334 290 290 290 290 290 294 269 269 295 272 272 272 272 271 271 223 223 223 223 223 223 223 223 223 196 196 196 208 208 208 194 194 194 126 188 126 176 132 164 164 132 126 153 126 126 126 96 133 96 96 96 106 106 106 88 88 88 88 68 68 39 39 39 39 39 10 10 10 10 9 9 9 9 9 9 9 
320 320 307 307 307 307 307 312 290 290 290 290 272 272 283 283 272 272 272 223 213 213 224 224 224 224 224 224 224 224 196 196 196 196 196 126 126 126 126 126 176 132 132 132 132 126 153 126 126 126 126 126 126 96 96 106 106 107 88 88 88 88 68 68 68 68 39 39 46 46 46 46 10 10 10 10 16 16 16 10 
320 320 307 307 307 307 307 312 312 290 290 290 272 272 283 272 272 272 272 223 213 213 213 243 243 233 233 224 224 200 200 200 196 196 196 126 126 126 126 126 171 171 126 126 126 126 153 134 134 134 126 126 127 96 96 107 107 107 88 88 68 68 68 68 68 68 68 32 32 32 32 32 10 10 32 10 10 22 10 10 
320 320 320 307 307 307 307 307 307 307 290 290 296 272 283 272 272 264 264 264 213 213 213 213 213 233 233 233 200 200 200 200 209 209 196 196 196 126 126 126 171 171 126 134 126 126 153 134 134 134 134 134 107 107 107 107 91 91 91 91 68 68 68 68 68 69 69 32 32 32 32 32 10 10 32 10 10 22 10 10 
320 320 320 320 307 307 307 307 307 307 290 290 296 272 272 272 272 264 265 265 213 213 213 213 213 233 233 233 200 200 200 200 209 199 199 199 126 126 126 126 171 171 126 134 134 134 134 134 134 107 107 107 107 91 91 91 91 92 92 91 91 68 68 69 69 69 26 26 26 49 49 32 32 32 32 10 10 10 10 10 
320 320 339 320 320 320 320 320 307 307 307 290 290 290 264 264 264 264 246 246 213 213 213 213 213 213 233 233 200 200 209 209 209 199 199 199 126 183 183 183 126 126 126 146 146 146 146 128 128 107 135 135 128 91 91 91 91 92 92 92 58 58 58 58 58 26 26 64 26 26 26 26 26 26 26 26 26 17 17 11 
321 321 321 321 320 320 320 291 291 291 299 299 291 291 264 264 246 246 246 246 246 239 239 239 239 213 213 213 200 200 200 200 200 200 200 200 126 183 126 126 126 158 158 146 146 146 146 128 128 128 128 128 128 91 91 91 91 92 92 92 58 58 58 58 58 73 64 64 50 50 50 11 26 26 26 26 27 17 17 11 
321 321 321 321 320 320 320 291 291 291 299 291 291 264 264 264 246 246 246 266 246 246 239 239 239 239 234 213 213 200 200 218 213 200 200 200 126 183 126 177 177 158 158 158 161 146 146 128 128 128 128 128 129 91 91 91 91 108 92 92 92 58 58 58 58 58 64 64 50 50 50 11 26 26 26 26 27 11 11 11 
321 321 321 321 321 321 321 321 291 291 291 291 297 264 264 264 246 246 262 262 262 246 246 246 239 239 234 234 213 213 213 213 213 200 200 200 126 126 126 177 177 158 158 158 158 158 146 146 146 128 128 128 129 91 91 91 91 108 92 92 78 78 78 78 78 58 58 58 58 50 50 11 11 11 11 11 11 11 11 11 
