322 322 322 322 322 287 287 287 287 287 287 287 287 287 287 269 269 269 269 254 254 254 254 248 228 228 228 228 228 218 218 213 180 180 180 180 180 180 180 180 168 168 168 108 108 108 108 115 115 115 115 115 119 119 115 94 94 94 94 94 39 39 39 39 39 39 63 39 39 50 39 39 39 28 28 28 23 1 1 1 
322 322 322 333 322 287 287 287 287 287 287 287 287 269 269 269 269 269 269 254 261 248 248 248 228 228 228 228 228 218 213 213 180 208 180 180 189 189 183 165 168 168 168 108 108 157 108 108 108 108 108 115 115 115 115 94 94 95 94 94 39 39 39 39 39 39 39 39 39 39 39 23 23 28 28 28 23 1 1 1 
325 325 333 333 322 287 287 283 283 287 287 288 288 269 269 269 269 269 269 254 254 248 248 248 228 228 228 228 228 218 213 213 180 180 180 180 189 189 183 165 165 165 165 165 108 108 136 136 136 136 108 108 123 120 94 94 94 95 95 95 39 39 39 76 39 51 51 51 51 51 23 23 23 29 29 29 23 2 2 1 
325 325 333 333 322 322 322 283 283 283 283 288 288 288 288 254 254 254 254 254 254 248 248 249 228 228 228 218 218 218 218 180 180 180 180 180 183 183 183 108 108 108 108 108 108 108 136 136 136 136 136 108 123 120 108 108 68 68 68 68 68 68 39 39 39 51 52 52 52 52 23 43 23 23 23 23 23 2 2 2 
325 325 283 283 283 283 283 283 310 310 283 288 282 282 282 254 254 254 254 267 248 248 248 228 228 228 228 218 218 218 218 180 180 180 200 200 183 183 183 108 148 148 148 148 124 124 124 136 136 137 137 108 108 120 108 109 68 68 69 69 89 68 68 68 68 51 52 52 52 23 23 37 37 23 23 23 23 2 2 2 
325 325 283 283 283 283 310 310 310 283 283 288 282 296 282 282 254 254 267 267 248 248 248 228 228 228 228 218 218 218 180 180 180 180 200 183 183 183 183 108 148 170 124 124 124 158 124 146 146 124 124 128 108 108 108 109 106 68 69 69 69 69 69 69 69 51 52 52 52 23 23 37 37 23 23 23 23 2 2 2 
325 325 325 283 283 325 310 310 314 283 283 288 282 282 282 282 278 254 267 267 248 257 250 250 228 228 228 218 218 224 180 180 180 180 180 183 183 183 108 108 148 148 124 124 158 158 124 124 124 124 124 124 124 108 108 106 106 68 69 69 69 84 65 65 65 65 23 23 23 23 23 37 37 37 24 24 24 2 2 2 
325 325 325 325 325 325 276 276 314 283 283 288 288 282 282 278 278 254 254 254 254 257 250 242 242 242 194 194 194 194 194 194 194 194 194 194 183 183 108 174 174 148 151 124 124 124 154 124 124 68 68 68 68 68 68 106 68 68 23 23 23 84 65 65 65 23 23 56 44 44 44 44 30 30 24 24 24 2 2 2 
326 326 326 326 326 326 276 276 276 283 283 283 283 282 282 278 278 250 250 250 254 250 250 242 242 242 194 194 219 219 194 194 209 194 194 194 194 108 108 174 174 148 151 151 151 124 124 124 124 68 68 68 125 68 68 106 68 68 23 96 23 23 23 23 23 23 56 56 44 44 44 30 30 30 30 30 2 2 2 2 
326 337 326 326 329 276 276 298 276 276 283 283 283 283 283 283 250 250 270 250 250 250 238 238 238 238 238 194 194 219 219 194 194 201 201 194 194 108 108 108 174 148 148 148 151 151 151 124 124 124 138 68 68 68 106 106 68 68 23 23 90 81 81 23 23 23 56 56 56 30 30 30 3 3 35 31 2 15 2 2 
326 326 326 276 276 276 323 298 298 276 276 276 276 276 276 276 250 250 250 250 250 238 238 176 176 176 176 176 194 194 194 194 194 201 201 201 190 190 108 108 174 148 148 148 162 151 151 124 124 124 110 110 110 68 68 68 68 104 81 81 81 81 82 23 23 23 56 56 30 30 48 3 3 3 3 31 2 2 2 2 
338 338 276 276 276 276 298 298 298 303 303 303 284 284 289 276 276 276 250 250 176 176 176 176 176 176 239 176 176 176 214 214 194 108 108 108 195 191 108 174 174 166 166 148 148 151 151 151 124 124 110 110 110 110 68 68 104 104 81 81 85 85 49 49 23 23 57 57 30 30 48 3 3 3 3 3 3 16 3 3 
338 338 276 276 276 276 298 298 298 303 298 298 298 284 279 279 279 271 271 250 250 250 239 239 239 239 239 229 229 176 220 215 194 194 194 108 108 191 108 108 175 166 166 166 148 151 151 152 139 139 139 110 110 110 110 110 81 81 81 81 85 49 49 49 66 66 57 57 57 30 30 3 3 3 32 32 3 3 3 4 
338 338 276 276 276 276 318 318 298 298 298 299 299 284 279 279 279 271 271 230 230 250 239 245 245 229 229 229 229 176 215 215 108 108 108 108 108 108 108 108 175 166 166 166 148 152 152 152 139 129 129 129 81 81 81 81 81 97 97 49 49 49 77 49 66 66 57 57 57 30 30 25 25 32 32 32 4 4 4 4 
338 338 276 330 330 311 311 311 311 308 308 299 299 284 284 284 272 272 230 230 230 230 239 245 229 229 229 234 229 176 215 215 108 108 108 108 108 108 108 108 175 166 166 166 148 152 139 139 139 129 129 81 81 81 81 81 97 97 98 49 91 77 77 49 49 49 49 57 57 30 30 25 25 32 32 32 4 4 4 4 
338 338 276 330 330 311 311 311 311 308 308 285 285 290 290 285 272 230 230 262 262 230 230 245 229 229 229 234 229 176 176 176 176 176 176 108 108 184 184 171 171 171 166 166 148 139 139 129 129 129 129 81 81 81 81 81 97 98 98 49 91 77 77 49 49 49 49 57 57 4 4 4 25 25 25 25 25 4 4 4 
276 276 276 330 330 311 311 311 311 311 285 285 285 285 285 285 272 230 230 230 230 230 230 245 229 229 229 229 229 225 176 176 210 176 176 184 184 184 184 171 171 171 148 148 148 139 155 129 147 129 129 129 81 81 97 97 97 98 98 49 49 49 77 77 70 49 49 57 57 4 4 4 4 4 4 4 4 4 4 4 
276 276 276 276 331 311 311 312 312 312 285 285 285 285 291 272 272 246 246 246 230 230 230 230 229 229 230 230 230 225 203 203 203 176 202 184 184 184 184 171 171 171 148 148 148 159 155 129 129 129 130 130 97 97 97 111 86 86 86 86 86 49 49 49 70 49 49 45 45 45 45 4 4 5 5 5 17 17 4 4 
276 276 276 276 276 309 309 309 309 309 309 285 285 285 291 272 277 246 246 246 230 230 235 230 230 230 230 172 172 225 203 203 203 176 176 176 196 121 185 171 171 148 148 155 155 155 155 129 129 143 130 131 97 97 97 97 86 86 86 86 86 78 78 49 49 49 49 49 45 45 45 45 40 5 5 5 5 5 5 5 
276 276 276 276 276 309 309 272 272 272 272 272 272 272 272 272 277 277 246 246 246 246 235 235 235 235 235 172 172 172 203 203 203 203 203 176 121 121 185 121 121 148 148 148 148 148 148 148 148 130 130 131 97 97 116 97 86 86 86 86 86 86 78 78 71 49 49 49 49 49 5 5 40 5 5 33 5 6 5 5 
339 339 276 276 309 309 309 272 272 272 304 304 272 272 272 272 272 272 246 246 246 246 246 246 246 235 235 172 172 172 221 172 172 172 172 176 121 121 121 121 121 148 148 163 163 130 130 130 130 130 97 97 97 97 97 97 86 86 19 19 19 19 19 19 71 58 58 49 49 49 5 5 5 5 5 5 5 6 6 6 
339 339 276 276 309 309 313 313 313 272 272 272 272 272 272 286 272 272 272 263 263 223 223 223 223 235 235 235 172 172 172 172 172 172 172 176 176 176 176 176 121 148 148 130 130 130 156 130 130 121 121 121 121 121 112 112 86 86 19 19 19 19 19 19 19 58 58 58 58 49 5 5 5 5 5 5 5 6 6 7 
339 339 276 276 327 327 313 313 313 313 297 297 297 297 272 272 272 273 273 263 264 223 255 251 223 243 235 235 172 172 216 216 192 192 172 172 172 172 176 176 121 121 121 130 130 130 130 130 130 121 121 112 112 112 112 113 86 105 99 19 19 19 19 79 19 19 59 59 59 49 49 19 19 5 5 5 5 5 8 7 
340 340 276 297 297 297 297 297 297 297 297 305 263 263 263 280 280 273 273 263 264 223 223 251 223 223 231 231 231 172 172 192 192 192 197 197 197 172 176 176 176 172 121 130 130 130 130 130 130 121 121 112 112 112 86 86 86 67 99 19 19 19 19 60 60 19 59 59 59 19 19 19 19 26 26 5 5 5 8 8 
340 341 276 276 276 319 319 319 297 297 305 305 263 263 263 263 263 263 263 263 258 258 223 223 223 223 231 236 226 226 172 192 197 197 197 197 172 172 181 181 172 172 121 121 121 121 121 121 149 121 112 112 117 117 86 86 86 67 67 87 87 60 60 60 19 19 59 59 59 19 19 19 19 19 26 26 18 18 8 8 
340 334 334 334 276 300 300 300 300 305 305 300 300 263 292 263 263 263 263 258 258 223 223 223 223 223 231 231 226 172 172 192 197 197 197 197 172 172 172 172 172 169 169 121 121 132 132 121 121 121 112 126 117 117 86 86 86 86 67 87 87 60 60 72 19 19 19 19 19 19 19 19 41 19 26 26 18 18 8 8 
340 334 334 335 276 300 320 320 300 300 300 300 263 263 263 263 263 258 258 258 223 223 256 188 223 223 231 231 226 172 222 192 192 192 192 198 198 186 186 172 172 169 169 121 121 132 132 121 121 144 112 126 126 117 117 86 86 86 67 67 87 87 60 72 72 41 41 46 46 46 46 46 41 19 26 18 18 18 8 8 
340 340 334 335 276 300 300 300 300 281 281 306 263 263 263 263 263 258 258 265 223 223 188 188 223 244 172 172 226 172 204 204 204 192 192 198 198 186 186 169 169 169 169 133 133 133 132 132 132 132 112 112 112 117 117 86 86 86 100 67 67 67 60 60 73 41 41 46 46 46 41 41 41 19 26 18 26 9 9 9 
340 340 334 335 276 300 300 300 300 281 281 281 281 293 293 258 258 258 258 265 265 188 188 252 223 244 172 172 172 172 204 204 204 192 198 198 198 186 186 169 169 169 133 133 133 133 132 132 132 132 112 112 112 118 118 92 92 92 92 88 88 67 83 60 41 41 41 41 41 41 41 42 42 19 26 26 26 9 9 9 
334 334 334 335 281 281 281 281 281 281 281 281 281 281 281 258 258 259 259 259 266 188 188 252 223 223 223 237 223 223 223 204 204 192 198 187 187 186 186 169 177 173 133 167 133 133 132 132 132 140 140 112 112 118 118 92 92 92 92 88 88 67 67 60 41 41 41 41 53 53 42 42 42 19 19 19 19 9 9 9 
334 342 324 324 281 328 281 281 307 307 307 307 281 281 281 258 258 259 259 259 266 259 188 252 223 223 223 223 223 204 204 204 204 192 192 192 187 187 187 169 169 173 133 167 145 145 132 132 132 132 141 112 112 101 101 101 101 92 92 92 88 88 67 60 60 60 60 53 53 54 42 42 42 19 19 34 19 19 10 10 
334 324 324 324 281 281 281 307 307 301 301 301 301 281 281 258 258 258 258 259 259 259 188 188 188 240 240 232 232 204 204 204 204 204 204 192 192 169 169 169 169 133 133 167 145 145 145 145 145 132 132 132 112 101 101 101 101 92 92 92 92 67 67 74 74 60 60 53 53 20 20 20 20 20 20 20 20 20 10 11 
334 324 324 324 324 324 281 281 315 301 301 301 281 281 258 258 258 258 268 268 260 260 253 253 188 188 188 233 233 205 205 205 205 205 205 192 192 169 169 169 169 133 133 167 164 153 153 153 145 145 132 132 112 122 101 101 101 101 92 92 92 67 74 74 75 60 64 60 20 20 12 12 12 12 12 12 12 21 10 10 
332 332 324 324 324 324 324 281 315 301 301 301 281 281 258 258 258 258 268 268 260 260 253 247 247 188 188 233 233 205 205 205 205 206 206 192 192 192 169 182 133 133 133 164 164 153 153 153 133 133 133 133 112 122 101 101 101 101 92 92 92 67 74 74 75 60 60 60 20 12 12 12 12 27 27 27 12 12 10 10 
332 332 332 324 324 324 324 281 281 281 281 301 301 281 294 258 258 274 274 268 253 253 253 247 188 188 211 211 211 211 211 211 211 206 193 193 193 193 169 169 133 133 164 164 164 133 133 133 133 133 133 134 112 112 101 114 101 101 92 92 92 67 74 74 67 67 61 61 20 12 12 12 12 27 36 27 27 12 14 12 
332 332 332 324 324 316 316 281 281 281 281 268 268 281 281 281 281 268 268 268 253 253 253 247 188 188 188 188 217 217 217 217 206 206 193 193 193 188 188 169 178 133 164 164 164 133 150 150 150 112 112 112 127 112 101 101 101 101 101 92 92 67 67 67 67 61 61 62 20 12 12 47 27 27 20 20 12 12 14 12 
332 332 332 332 332 316 316 316 316 268 268 268 268 268 268 281 281 268 268 247 247 247 247 247 247 188 188 188 217 217 217 217 206 206 206 188 188 188 169 169 133 133 133 133 133 133 150 150 112 112 142 112 112 112 101 101 101 102 102 92 92 67 67 67 67 61 61 62 20 55 27 27 27 38 20 20 12 22 12 12 
336 336 332 332 316 316 316 316 317 268 268 268 268 268 268 268 268 268 268 247 247 247 247 247 247 188 188 188 188 188 188 212 212 206 206 188 199 169 169 133 133 133 133 160 133 133 150 150 112 112 142 112 112 101 101 101 101 102 93 93 61 61 61 80 61 61 61 20 20 55 27 27 27 20 20 12 12 22 12 12 
336 336 336 316 316 316 316 316 268 268 268 268 302 268 295 268 268 268 268 247 247 247 247 247 247 241 241 227 227 227 188 212 188 188 207 188 169 169 133 133 179 133 160 160 160 160 150 150 150 112 112 112 101 101 101 101 107 102 93 93 61 61 61 61 61 61 61 20 20 20 27 27 27 20 20 12 22 22 12 12 
336 336 336 316 316 316 321 321 268 268 268 268 302 268 268 268 268 268 275 247 247 247 247 247 247 241 241 227 227 227 188 188 188 188 188 188 169 169 133 133 133 133 160 160 160 161 150 150 150 112 112 135 101 101 101 102 102 102 103 93 93 61 61 61 61 61 61 20 20 20 20 20 20 20 20 12 12 12 12 13 
