332 332 332 332 288 288 308 308 308 286 286 286 286 286 286 255 255 255 255 255 255 258 255 238 238 238 238 238 172 172 172 216 216 172 172 193 193 193 193 153 153 153 153 153 153 125 125 125 136 136 136 110 110 110 110 110 110 79 79 79 79 79 79 66 66 66 66 42 42 42 42 45 1 1 1 1 1 1 12 1 
325 325 325 333 288 288 288 316 286 286 286 286 286 287 287 255 267 267 267 267 255 255 255 238 172 172 172 172 172 221 172 216 172 172 172 172 172 172 172 153 153 153 153 153 153 153 153 125 136 136 110 110 110 110 66 66 111 79 79 79 66 66 66 66 67 67 67 42 42 42 42 42 1 37 1 1 2 1 1 1 
325 325 325 325 288 288 288 288 286 304 286 296 286 287 287 255 267 267 235 235 235 255 255 238 172 172 172 230 230 221 172 172 172 198 198 198 198 172 172 153 153 153 153 163 163 148 148 125 125 136 110 110 66 66 66 66 66 66 66 66 66 77 77 77 67 67 42 42 42 42 50 42 1 1 1 25 2 1 1 2 
325 325 325 325 331 288 288 288 286 286 286 286 286 287 287 255 267 267 235 238 235 238 238 238 248 248 230 230 221 221 172 172 199 198 198 198 198 172 172 172 172 172 172 163 163 148 148 148 125 136 136 110 66 66 66 80 80 80 95 95 77 77 77 77 67 67 42 42 42 33 33 42 42 1 1 25 2 2 2 2 
325 325 325 325 288 288 288 288 309 286 286 286 286 286 286 255 267 235 235 238 238 238 238 230 230 230 230 221 221 226 172 172 199 199 199 199 199 172 172 187 172 172 173 163 163 148 148 148 125 130 130 130 66 66 66 80 80 80 95 95 77 77 77 77 59 59 59 59 59 33 33 33 33 33 33 3 3 2 2 3 
325 325 338 334 288 288 288 305 305 305 286 286 286 286 286 255 267 235 259 259 238 238 238 230 230 230 221 221 221 221 221 221 163 163 163 163 163 163 187 187 172 172 163 163 148 148 125 125 125 130 130 130 66 123 66 66 80 80 95 95 77 77 77 59 59 59 59 60 60 33 33 33 18 18 18 3 3 2 2 3 
325 325 325 334 325 325 288 305 305 292 292 292 292 255 255 255 267 235 259 259 259 259 256 230 230 230 221 221 221 224 224 163 163 163 163 163 163 163 163 163 163 163 163 163 148 148 125 125 137 137 137 66 66 66 66 66 66 80 80 96 77 77 77 59 59 59 59 59 51 51 51 18 18 38 18 18 3 3 3 3 
325 325 325 325 325 326 288 305 305 292 291 291 291 255 255 255 267 235 259 268 256 256 256 230 230 230 221 221 231 224 224 163 163 163 163 200 200 175 175 175 175 163 163 163 164 125 125 125 137 137 137 66 66 66 66 66 66 66 80 80 89 77 77 61 61 51 59 59 51 51 51 18 43 26 26 18 18 3 3 4 
325 325 325 325 325 326 288 288 288 292 291 291 291 255 255 255 255 235 259 256 256 230 230 230 230 230 221 221 222 222 224 163 163 163 163 163 175 175 180 180 175 163 163 164 164 125 61 61 61 61 61 66 66 124 66 66 66 66 80 80 89 80 80 61 61 51 51 51 51 52 52 18 43 26 26 26 13 13 4 4 
325 325 325 325 325 326 306 306 288 292 291 291 291 291 288 255 255 235 259 256 256 256 256 233 233 232 232 239 222 222 222 163 163 163 163 163 175 175 180 180 175 174 174 164 125 125 61 61 61 61 61 131 61 61 61 112 66 66 80 80 80 80 61 61 61 61 61 61 61 52 52 18 18 39 26 26 13 13 4 4 
325 325 339 325 325 326 306 306 288 288 288 288 288 288 288 235 235 235 259 259 256 256 256 233 233 232 232 239 222 222 222 222 163 163 163 163 201 175 175 180 180 174 175 164 125 158 61 61 131 61 131 131 61 61 61 112 112 61 61 61 61 61 61 78 46 46 46 63 46 46 46 46 18 18 34 19 19 13 13 4 
340 340 327 327 282 282 306 306 310 288 288 288 288 235 235 235 235 235 233 233 233 233 233 233 233 232 232 232 232 222 222 217 217 163 163 163 196 196 175 175 175 177 175 164 125 125 125 61 131 131 131 61 61 61 118 112 112 61 90 90 90 61 61 78 46 46 46 46 46 6 6 6 6 19 19 19 4 4 4 4 
340 340 340 327 282 282 282 306 306 288 288 297 293 235 235 281 272 272 233 233 233 251 251 251 233 233 240 240 222 222 222 217 218 150 196 196 196 188 188 188 175 175 175 164 164 125 125 61 61 61 61 61 125 61 61 61 61 61 90 90 90 78 78 78 46 46 64 64 6 6 6 6 6 19 19 19 4 17 5 5 
341 341 341 327 282 327 282 282 306 306 293 293 293 235 235 281 272 273 233 233 233 233 233 233 233 233 233 241 222 222 222 217 150 150 196 196 188 188 181 181 181 159 159 164 164 125 125 149 61 61 125 125 125 61 61 90 90 90 90 91 91 78 78 46 46 46 46 46 6 6 6 6 6 6 6 6 4 17 5 4 
327 327 327 327 282 327 318 282 282 282 293 293 293 235 273 273 273 273 233 233 233 233 233 252 233 233 233 233 233 222 222 217 150 150 150 150 188 188 181 181 181 159 159 159 159 159 125 125 125 125 125 126 126 90 90 90 104 104 78 78 92 78 78 46 46 46 46 46 6 6 6 6 35 35 35 6 4 4 5 4 
327 327 335 335 282 327 318 282 282 282 293 293 235 235 273 235 235 235 263 263 233 233 233 233 233 233 234 234 234 227 217 217 219 150 150 150 188 188 181 181 181 159 159 159 160 160 90 90 90 90 90 126 127 90 119 102 102 102 78 97 78 78 47 47 73 47 47 47 47 47 47 47 35 35 35 6 14 4 4 4 
327 327 335 327 327 327 318 282 282 282 282 293 235 235 235 235 260 235 235 263 263 233 233 233 233 227 234 227 227 227 217 217 217 150 150 150 150 150 181 181 181 160 160 160 160 160 90 90 90 139 90 126 90 90 102 102 102 102 78 78 78 85 47 47 47 47 47 47 53 53 53 27 27 27 6 6 14 14 6 6 
327 327 327 327 318 318 318 282 282 282 282 293 282 282 282 282 260 274 235 235 235 235 233 233 233 227 227 227 235 228 217 217 217 150 150 150 150 150 150 182 182 160 160 160 160 160 90 90 90 90 90 126 90 90 102 102 102 102 78 78 93 47 47 47 47 47 47 47 53 53 53 27 44 27 6 6 6 14 6 6 
345 327 327 318 318 319 319 282 282 282 293 293 282 283 283 283 260 274 235 235 264 235 235 235 235 235 235 235 235 228 178 178 178 178 150 150 197 197 150 150 150 150 160 160 160 160 140 140 90 90 90 90 90 90 93 93 93 102 102 93 93 47 81 47 47 47 47 47 54 54 54 27 44 27 27 27 6 14 14 6 
345 318 318 318 319 319 282 282 282 282 282 282 282 262 262 262 260 260 260 260 260 260 253 253 235 235 228 228 228 228 178 178 178 178 178 178 197 178 178 189 150 150 160 160 160 160 140 140 90 90 90 132 93 93 93 93 93 93 93 93 93 47 47 47 47 65 65 65 54 54 54 27 44 27 27 28 6 6 6 6 
318 318 301 301 282 282 282 311 311 282 282 298 294 262 262 262 275 275 261 261 265 261 253 253 243 243 228 228 228 178 178 178 178 178 209 178 178 178 178 178 150 150 150 160 160 154 154 140 90 90 132 132 93 93 93 93 93 93 93 93 93 86 47 47 47 27 27 27 54 54 54 27 44 27 27 20 20 7 7 7 
318 318 301 301 282 282 282 282 282 282 298 298 294 262 262 262 261 261 261 261 261 261 253 253 243 243 243 228 228 178 178 178 178 178 178 202 202 194 194 178 178 178 150 150 150 154 140 140 144 140 132 132 93 93 93 116 105 105 93 93 86 86 47 47 47 27 68 27 27 57 27 27 44 20 20 20 21 7 7 7 
346 318 301 301 301 320 282 282 282 282 298 298 294 262 284 284 261 261 261 261 261 262 244 244 243 243 243 228 228 210 210 210 178 178 178 169 169 169 169 169 183 165 165 168 150 150 140 140 140 140 82 82 82 82 82 105 105 106 93 93 86 86 82 27 27 27 44 44 27 27 27 44 44 20 20 21 21 7 7 7 
346 318 318 301 301 320 320 301 301 301 301 250 294 262 284 262 262 261 261 262 262 262 244 244 244 244 244 228 228 210 210 210 210 210 210 169 169 169 169 169 169 169 165 165 165 150 141 141 141 141 82 82 82 82 82 105 105 82 82 82 82 82 82 27 74 62 62 44 44 44 55 44 20 20 20 20 20 8 7 7 
346 318 318 301 301 301 301 301 312 302 302 250 294 262 262 262 262 262 262 262 262 244 244 169 169 169 169 169 169 169 169 169 169 169 169 169 169 169 169 169 169 169 169 169 166 150 141 141 141 142 82 82 82 82 82 105 105 82 82 98 82 82 82 27 74 62 62 44 44 44 44 44 20 20 29 29 20 8 8 8 
346 344 321 321 321 321 321 312 312 302 250 250 250 250 276 276 276 276 262 262 262 244 169 169 169 169 169 169 169 169 223 223 169 169 190 190 190 190 190 190 184 166 166 166 166 150 155 150 82 82 82 82 82 103 82 82 82 82 82 98 82 82 82 27 27 62 62 62 62 40 40 40 20 20 20 20 20 8 8 9 
344 344 321 321 312 312 312 312 302 302 250 250 250 250 266 266 276 276 266 266 266 244 169 169 169 169 169 169 169 169 223 223 166 166 166 203 203 190 190 191 184 166 166 166 166 150 155 150 82 82 82 82 128 103 113 113 113 83 83 83 83 83 83 27 27 70 40 40 40 40 48 40 20 20 22 22 22 9 9 9 
344 321 321 321 312 328 312 312 302 299 299 299 250 250 266 266 266 266 266 266 266 244 257 169 169 169 229 229 229 229 166 166 166 204 166 203 166 166 166 166 166 166 166 166 166 150 150 150 145 82 82 82 128 103 103 103 103 83 83 99 87 87 27 27 27 27 40 40 40 40 48 40 40 40 30 30 9 9 9 9 
344 321 321 321 312 312 312 312 302 299 299 299 250 250 250 250 269 269 269 269 244 244 257 169 169 229 229 242 236 166 166 213 213 204 166 166 166 179 179 179 179 179 145 145 145 145 145 145 145 122 122 133 108 108 108 108 103 107 83 83 87 87 27 27 27 27 27 40 40 40 48 48 30 41 30 31 9 9 9 9 
344 344 336 336 312 322 322 312 302 302 295 295 295 250 250 250 250 250 270 270 244 244 244 169 169 229 229 236 236 211 211 211 213 204 204 204 204 179 185 185 179 179 145 161 161 161 146 146 146 122 122 121 108 108 108 108 103 107 83 83 69 69 75 75 75 71 27 40 58 58 48 48 30 30 30 31 23 9 9 9 
336 336 336 337 312 312 312 312 313 295 295 300 289 289 289 250 250 250 270 254 254 254 254 169 169 169 169 236 236 211 211 211 213 206 206 206 179 179 185 185 185 145 145 161 161 161 146 146 146 122 121 121 120 120 120 108 103 103 103 69 69 69 75 75 71 71 27 40 40 40 56 23 23 23 23 23 23 9 9 9 
336 336 336 337 312 312 323 317 295 295 295 295 289 289 279 279 279 250 250 254 254 254 254 169 169 249 245 220 220 220 211 211 213 213 206 206 179 186 186 192 186 145 156 156 156 156 156 151 122 122 121 121 120 120 120 108 114 103 103 69 69 69 75 75 71 27 27 27 40 40 23 23 24 15 15 15 15 9 9 9 
336 336 336 337 312 312 323 317 295 295 295 295 280 280 280 280 280 277 250 254 254 254 254 254 237 237 245 220 220 220 211 211 211 211 211 186 186 186 186 186 186 145 145 157 157 157 151 151 122 143 121 121 129 120 120 108 114 108 69 69 69 69 69 71 71 27 27 27 23 23 23 23 24 15 15 15 15 15 9 9 
336 342 342 317 317 317 317 317 314 295 295 295 280 280 280 277 277 277 250 250 250 254 254 237 237 237 237 237 237 220 225 211 211 212 186 186 186 186 195 170 170 170 145 157 157 157 151 151 122 122 121 121 121 121 121 108 108 108 69 100 69 69 69 71 69 69 27 27 23 23 23 23 24 15 36 24 24 15 9 9 
336 342 342 317 317 317 285 285 314 295 295 295 280 280 280 277 277 250 250 250 250 254 254 237 237 237 246 237 237 220 220 220 220 212 186 186 186 186 195 170 145 145 145 157 157 157 157 122 122 122 122 122 109 109 109 117 108 108 69 69 69 84 69 69 69 69 69 23 23 49 49 49 24 36 36 24 15 15 9 9 
336 315 315 315 315 315 324 285 285 285 303 290 290 280 280 277 277 250 271 250 250 250 250 237 237 237 214 214 214 220 220 220 220 212 212 207 170 170 170 170 145 145 176 122 122 122 122 122 122 122 122 122 109 109 109 109 109 109 69 69 94 84 84 69 69 72 23 23 10 10 49 49 24 24 24 24 15 15 15 10 
336 315 343 329 329 315 324 285 285 285 285 290 290 290 285 285 250 250 271 250 250 250 250 237 237 214 214 214 214 214 214 214 214 214 207 207 170 145 145 145 145 145 176 122 167 122 122 122 134 134 138 134 109 109 109 109 109 109 69 69 69 88 23 23 23 23 23 10 10 10 10 10 10 32 32 32 10 10 16 10 
336 315 343 329 329 315 315 315 307 307 285 290 290 290 285 285 250 278 250 250 250 250 250 250 250 214 214 214 207 207 207 207 207 207 207 208 170 145 145 145 145 176 176 122 122 122 147 122 122 134 134 134 109 109 115 115 115 69 69 101 69 69 23 23 10 10 10 10 10 10 10 10 10 32 10 10 10 10 10 10 
336 330 330 330 329 329 315 315 315 285 285 290 290 290 290 285 250 278 250 250 250 247 247 247 247 247 247 207 207 207 207 207 207 215 205 205 170 170 145 145 145 170 170 170 162 162 147 152 122 122 135 135 109 109 115 115 115 69 101 101 69 69 23 23 10 10 10 10 10 10 10 10 10 32 10 10 11 11 10 10 
336 330 330 330 330 330 315 315 315 285 285 285 285 285 285 285 250 250 250 250 250 247 247 247 247 247 247 207 207 207 207 207 207 205 205 205 205 170 170 170 170 170 171 171 162 162 147 147 147 122 122 122 122 122 122 115 115 69 69 69 69 23 23 76 76 10 10 10 10 10 10 10 10 10 10 10 11 11 11 11 
