306 306 306 306 306 306 306 271 300 255 255 255 255 255 255 255 255 255 241 241 241 241 190 190 190 190 190 190 190 190 190 190 182 158 158 158 158 158 158 158 158 152 131 131 131 131 131 131 125 125 111 111 111 111 106 100 87 87 87 70 70 70 70 70 38 38 38 38 53 53 51 45 13 13 13 13 13 13 1 1 
306 306 306 306 306 271 271 271 255 255 289 255 255 255 255 255 255 256 241 241 226 226 190 190 190 194 194 191 191 191 191 191 182 158 158 158 158 158 158 160 152 152 131 131 131 131 125 125 125 111 111 111 111 106 106 100 87 79 79 70 81 70 70 71 38 38 38 38 38 54 51 45 13 13 13 13 13 13 1 1 
306 306 306 306 306 271 271 271 255 255 255 255 282 255 255 256 256 256 226 226 226 226 226 226 226 194 194 191 204 191 191 182 182 182 158 158 158 158 158 160 152 153 131 131 134 134 125 129 129 111 121 100 100 106 100 100 87 79 79 70 70 70 75 71 38 38 38 38 38 45 45 45 38 14 14 14 14 14 1 1 
306 306 306 306 307 271 271 271 271 271 271 255 255 255 271 256 256 227 227 226 226 227 227 227 227 194 194 191 191 191 182 182 188 182 152 152 166 166 166 152 152 153 134 134 134 134 125 129 111 111 121 100 100 106 100 100 87 79 79 79 79 79 71 71 38 38 38 38 45 45 45 38 38 14 14 14 21 2 2 2 
306 306 311 311 307 307 307 291 291 291 271 271 271 271 271 227 227 227 227 227 245 227 227 227 222 222 194 211 191 191 182 182 182 182 152 152 152 152 152 152 134 134 134 134 134 134 125 125 111 111 111 117 100 100 100 100 87 87 87 87 79 79 71 71 38 38 38 38 45 45 45 38 39 14 14 14 21 2 2 2 
311 311 311 311 311 291 291 291 291 291 283 283 253 253 253 253 227 227 253 227 227 227 227 227 222 222 194 194 194 197 194 182 182 183 152 152 146 146 146 146 134 134 134 134 134 134 125 125 111 111 111 91 91 91 91 91 91 91 63 63 63 63 63 63 63 63 63 38 38 38 38 38 15 15 15 15 15 15 3 3 
308 308 308 312 312 291 291 291 291 292 283 283 283 253 253 253 257 257 253 227 227 227 227 212 212 212 212 212 194 197 194 172 173 173 173 173 146 171 146 146 134 134 134 134 134 134 125 125 126 126 111 91 113 91 91 91 91 63 63 72 72 72 72 72 35 35 35 38 38 15 15 15 15 22 22 22 22 3 3 4 
308 323 308 308 308 308 291 291 291 272 272 272 229 229 229 253 257 257 253 227 227 227 227 227 213 213 212 212 194 194 194 172 173 184 179 173 146 146 146 146 134 134 134 134 134 134 134 125 125 125 111 91 91 91 91 91 91 63 72 72 72 72 72 73 35 64 64 38 38 15 15 15 15 22 22 22 22 3 3 3 
308 308 308 308 308 308 291 291 291 272 272 272 229 229 229 253 253 253 253 227 227 227 227 227 213 213 213 213 172 172 172 172 173 179 179 173 173 146 146 146 154 154 125 125 125 125 125 125 125 125 111 111 91 91 91 101 91 63 72 72 72 73 73 73 35 64 64 38 38 15 15 15 15 15 22 22 22 3 3 3 
291 291 291 291 291 291 291 303 263 293 272 272 229 229 229 229 258 258 238 238 227 227 228 228 213 213 213 213 172 172 172 192 173 179 173 173 173 146 146 146 146 146 125 136 136 136 125 125 63 63 63 111 91 91 91 91 91 63 63 82 82 73 73 73 35 35 35 15 15 15 15 15 15 15 30 22 22 3 3 3 
291 291 301 301 301 301 301 303 263 272 272 272 272 272 272 229 229 229 238 238 242 242 228 228 213 223 213 213 172 172 172 192 173 173 173 176 167 167 167 146 146 146 125 125 63 63 63 63 63 63 63 63 63 63 63 63 96 63 63 82 82 76 76 65 65 65 35 15 56 15 15 15 15 34 3 3 3 3 3 3 
320 291 301 301 301 301 301 303 263 272 272 272 272 272 262 262 262 229 229 238 242 242 228 228 213 223 213 213 172 172 172 192 177 177 177 176 167 167 167 146 146 146 125 125 63 63 112 112 112 63 63 63 63 63 78 63 96 63 63 82 82 76 65 65 66 66 35 15 56 15 15 15 15 3 3 27 3 3 3 3 
320 291 301 301 301 301 301 263 263 263 263 272 272 272 262 262 262 229 229 238 238 238 238 228 213 213 213 213 172 172 172 192 177 177 177 177 167 167 167 146 146 146 125 125 125 63 63 132 112 118 63 63 78 78 78 63 96 63 63 82 82 76 65 66 66 66 35 15 15 15 15 15 15 3 31 3 3 3 3 3 
320 291 291 318 301 301 301 263 263 263 263 263 263 263 262 262 263 229 229 229 229 229 229 228 228 205 205 205 205 172 172 155 155 155 155 155 146 146 146 146 146 146 146 125 125 63 63 112 112 118 118 118 78 76 76 63 63 63 76 76 76 76 65 66 66 66 35 35 35 15 15 40 40 3 3 3 23 16 3 3 
320 324 291 291 294 294 301 301 301 294 273 273 273 263 263 263 263 229 229 247 235 235 229 229 229 205 206 206 206 172 172 155 155 155 155 155 146 146 146 146 146 155 125 125 63 63 133 112 112 118 118 118 78 76 76 76 76 76 76 83 83 80 65 66 66 66 60 60 35 35 35 35 35 35 16 16 16 16 3 5 
320 320 320 291 294 294 294 294 294 294 273 273 273 273 273 266 259 259 198 198 235 235 235 235 205 205 206 206 198 198 172 155 185 155 155 155 155 155 161 161 155 155 125 125 63 137 133 133 112 118 118 118 78 76 76 76 76 76 76 80 80 80 65 66 66 66 60 35 35 35 35 35 35 35 16 16 16 17 3 5 
297 297 321 291 291 291 304 304 302 286 286 273 273 273 273 266 259 259 198 198 198 198 236 236 198 198 218 198 198 199 172 155 185 155 155 155 155 155 155 155 155 156 147 125 63 107 107 107 112 112 112 112 78 78 76 76 76 76 76 80 80 80 65 74 46 46 60 35 57 35 35 35 35 35 16 16 17 17 3 5 
297 297 321 291 291 291 304 304 302 295 286 273 273 273 273 266 198 198 198 198 198 198 198 198 198 198 218 198 198 199 172 155 185 185 155 159 159 159 159 159 159 147 147 125 63 107 107 107 130 112 112 112 114 78 102 102 80 80 80 80 80 80 65 46 46 46 46 35 35 35 46 46 16 16 16 16 17 17 3 5 
297 297 291 291 313 295 295 295 295 295 286 286 284 246 246 266 198 198 198 198 198 198 198 230 230 198 198 198 198 199 172 155 155 155 155 159 159 159 147 147 147 147 148 125 107 107 107 107 130 112 112 114 114 78 78 78 80 80 80 88 28 28 65 46 46 46 46 46 46 46 46 16 16 16 16 16 24 3 3 5 
297 322 322 295 313 295 295 295 246 296 246 246 284 246 246 246 246 260 198 198 243 243 219 219 219 219 219 214 199 199 172 172 186 186 168 168 159 159 147 147 147 147 144 144 107 107 107 107 107 107 112 112 112 112 107 78 92 28 28 28 28 28 65 46 46 46 46 46 46 46 46 16 41 16 16 16 24 3 3 5 
297 322 322 295 295 295 295 295 246 296 246 246 246 246 274 267 246 260 248 248 243 243 219 219 219 219 214 214 199 199 172 172 186 168 168 168 174 168 168 147 147 147 144 144 107 107 107 107 107 107 107 107 107 107 107 78 92 28 28 28 28 28 28 69 69 67 46 46 46 55 46 16 16 16 16 16 5 5 5 5 
297 325 297 297 297 297 246 246 246 246 246 267 267 274 274 267 246 248 248 243 243 243 219 219 224 224 214 214 199 199 172 162 162 168 168 168 168 168 147 147 147 147 144 144 107 127 127 127 127 127 107 107 107 107 108 78 92 92 84 84 84 28 28 69 67 67 46 46 46 46 46 47 16 16 32 28 5 6 6 6 
297 297 297 297 297 297 246 246 246 246 267 267 267 267 267 267 246 248 246 246 246 219 219 224 224 200 200 200 207 172 172 162 162 162 162 162 162 169 147 147 147 149 149 138 138 127 127 127 127 119 119 119 107 107 108 78 78 84 84 85 85 28 28 28 67 32 32 32 32 32 32 32 32 32 32 28 5 6 6 6 
297 297 297 297 297 297 297 297 297 297 267 267 275 275 268 268 246 246 246 249 239 239 239 224 224 208 208 200 200 172 172 162 162 162 162 162 162 169 169 162 147 149 138 138 138 97 97 97 97 119 122 97 97 97 97 103 78 84 58 58 58 58 58 28 32 32 32 32 32 32 32 28 28 28 28 28 5 5 5 5 
326 326 297 297 297 297 297 298 298 298 267 267 275 275 268 268 225 225 225 225 239 225 225 225 231 208 208 208 200 200 172 172 162 162 162 162 162 162 162 162 147 149 138 138 138 97 97 97 97 119 97 97 97 97 97 103 78 78 58 58 58 58 58 28 32 32 32 28 28 28 28 28 28 36 28 28 5 5 5 5 
326 298 298 298 298 298 298 298 298 298 267 287 275 275 275 225 225 225 225 225 239 225 225 225 231 208 208 208 208 172 172 172 162 162 162 172 172 172 162 162 147 149 138 138 138 138 97 97 119 119 97 97 97 97 97 97 97 78 58 58 58 58 77 28 28 28 28 28 29 29 28 28 28 36 5 5 5 5 5 5 
326 298 267 267 267 267 267 267 267 267 267 276 276 276 276 225 225 225 225 225 225 225 225 225 225 225 208 208 209 172 172 172 162 162 162 172 175 141 141 141 147 147 147 138 138 139 97 97 97 97 97 97 97 97 97 104 78 78 58 58 58 58 58 58 58 58 28 28 29 29 29 29 29 36 5 5 5 5 5 5 
298 298 319 319 267 267 299 299 299 267 267 276 225 225 225 225 225 261 225 225 225 244 232 232 232 215 215 215 172 172 172 172 172 172 172 172 175 141 170 141 141 147 147 138 138 128 128 97 97 128 97 97 97 97 97 78 78 90 90 58 58 58 58 58 58 58 28 28 29 29 29 29 29 29 29 29 25 5 5 7 
298 327 319 267 267 267 299 299 299 267 267 225 225 278 269 269 225 261 215 215 215 244 232 232 232 215 215 215 172 172 172 172 172 141 141 141 141 141 163 163 141 141 141 141 141 128 128 128 128 128 93 93 93 109 109 78 78 90 90 58 58 58 58 58 58 58 58 58 58 29 29 29 42 37 11 11 25 11 11 7 
298 327 319 267 314 267 299 299 299 299 290 225 225 278 269 269 225 215 215 250 215 215 215 215 215 215 215 215 172 172 180 180 189 141 157 157 157 157 163 163 150 150 150 124 124 124 93 93 93 93 93 120 93 109 98 98 78 78 78 86 58 58 58 58 61 61 61 61 29 29 48 48 37 37 11 11 11 11 7 7 
298 327 319 267 267 267 267 305 290 290 290 225 225 225 225 225 225 215 215 250 215 215 215 215 233 201 201 201 201 201 180 180 189 141 141 141 164 157 157 163 150 124 124 124 142 124 93 93 120 120 120 120 93 93 98 98 98 93 78 86 86 61 61 61 61 61 61 29 29 48 48 48 37 37 11 11 11 18 7 7 
298 298 319 319 267 267 267 267 290 290 290 225 225 225 277 264 264 215 215 251 215 215 215 215 233 201 201 195 195 195 180 189 189 180 180 141 164 164 157 163 150 124 124 124 124 124 135 93 93 93 93 105 105 93 93 93 93 93 78 78 78 78 78 61 61 43 43 43 43 48 48 48 37 37 12 12 26 12 12 7 
298 298 319 319 315 267 267 267 290 290 290 225 225 279 277 264 265 215 215 215 215 237 237 237 201 201 201 195 210 195 180 189 189 180 181 141 164 164 157 157 157 145 145 145 124 124 124 93 93 93 93 105 105 105 105 105 61 61 61 61 61 61 61 61 61 43 43 43 43 43 43 43 43 12 12 12 12 12 7 7 
298 328 309 309 315 264 264 264 264 280 280 285 285 277 277 264 265 215 215 217 217 237 237 237 201 187 187 195 195 202 180 180 189 180 141 141 164 164 164 157 157 145 145 145 124 124 124 93 93 93 93 115 115 105 105 61 61 61 61 89 61 61 61 61 61 68 43 43 43 43 7 7 7 12 12 7 7 7 7 8 
298 328 309 309 315 264 264 264 264 280 280 280 280 277 277 264 265 215 215 217 217 201 201 201 201 187 187 216 195 195 195 180 180 180 141 178 164 164 164 157 157 157 145 145 124 124 124 123 123 123 123 115 115 105 105 61 61 61 61 89 61 61 61 68 68 68 9 9 44 44 44 49 7 7 7 7 8 19 8 8 
298 298 309 309 315 309 264 264 264 280 280 280 280 280 264 264 252 252 252 217 217 201 201 201 201 187 187 216 196 196 196 180 180 141 141 178 140 140 164 164 140 140 140 140 143 94 124 123 123 123 110 110 115 110 110 61 61 94 61 61 61 61 61 9 9 9 9 9 9 9 44 44 44 20 20 20 8 8 8 9 
298 298 309 309 309 309 264 264 264 280 280 280 281 281 264 270 252 252 252 217 217 240 240 187 187 187 187 187 196 187 187 187 141 141 141 141 140 140 140 165 140 151 151 140 143 94 124 124 124 124 124 110 110 110 94 94 99 94 61 61 61 61 61 9 9 9 9 9 59 9 50 50 20 20 20 20 20 20 9 9 
298 298 309 316 316 310 264 288 288 280 280 280 281 281 264 270 252 252 252 252 217 217 217 220 220 220 220 187 196 187 187 187 141 141 141 141 140 140 140 140 140 151 151 140 143 94 94 94 94 94 94 94 94 94 94 94 94 94 61 61 61 61 61 62 62 62 62 9 59 9 9 9 20 20 20 20 20 9 9 10 
310 310 310 310 317 310 264 288 288 288 288 288 281 281 264 270 252 252 252 252 217 217 217 217 217 217 221 187 187 203 187 187 187 187 141 141 140 140 140 140 140 140 140 140 143 140 94 94 94 94 94 116 116 95 95 95 95 95 61 61 61 61 61 52 52 52 62 62 52 52 52 9 20 20 33 9 9 9 10 10 
310 310 310 310 310 310 264 264 264 264 264 264 264 264 264 270 252 252 254 234 234 234 234 234 234 217 217 217 187 187 187 193 187 187 141 141 140 140 140 140 140 140 140 140 140 140 94 94 94 94 94 116 116 95 95 95 95 95 61 61 61 61 61 52 52 52 52 52 52 52 52 9 9 9 9 9 9 9 10 10 
