329 329 268 268 268 326 326 273 273 273 273 273 273 273 283 283 283 229 229 229 229 229 240 240 240 240 223 223 223 223 223 198 198 211 198 198 196 169 169 169 169 169 169 169 154 154 154 148 133 133 133 133 119 119 119 92 92 92 92 92 92 75 75 80 75 56 56 13 13 13 13 13 38 13 13 13 19 13 1 1 
329 329 268 268 268 268 327 273 273 273 273 273 273 273 273 229 229 229 229 229 229 229 240 240 240 240 223 223 223 223 224 198 198 198 198 199 196 169 191 185 142 142 175 154 154 148 148 148 133 141 133 133 119 113 113 92 92 92 92 92 93 75 75 75 75 56 56 13 56 13 13 13 13 13 20 13 13 13 1 1 
329 329 339 268 268 268 273 273 273 297 297 297 297 297 273 229 229 229 229 229 229 229 229 229 250 240 240 223 223 223 224 198 198 198 207 196 196 169 169 185 142 142 142 154 148 148 148 133 133 133 133 113 113 113 113 113 113 110 93 93 93 75 75 35 35 35 56 56 56 35 35 35 35 35 20 20 20 14 1 1 
329 329 339 268 268 268 273 273 273 297 297 297 297 297 273 273 273 273 273 229 229 229 229 229 229 229 229 212 212 212 212 220 198 198 207 196 169 169 169 142 142 142 142 154 148 148 148 133 133 133 138 113 113 124 110 110 110 110 93 93 93 35 75 35 35 35 35 35 35 35 35 35 39 26 26 26 14 14 1 1 
329 339 339 313 333 268 268 268 268 268 274 274 274 274 274 274 274 274 274 229 229 229 229 253 246 246 229 212 229 229 212 198 198 207 207 196 169 169 142 142 142 142 154 154 142 142 142 142 142 142 113 113 113 110 110 111 111 111 105 94 94 35 35 35 35 35 35 35 35 35 39 39 39 26 26 14 14 15 1 1 
329 329 329 313 313 313 268 268 268 268 274 274 274 274 274 274 274 274 253 253 253 253 253 253 246 229 229 237 229 212 212 217 217 207 207 196 169 169 142 142 142 142 142 142 142 155 155 113 113 113 113 113 113 110 110 111 112 112 105 94 16 16 16 69 69 69 69 35 35 35 39 39 39 26 26 14 2 2 2 2 
329 329 329 329 313 313 268 268 268 268 274 274 274 274 274 274 268 268 253 253 253 246 253 253 246 229 241 229 229 212 212 217 218 200 196 196 169 169 169 169 169 179 170 170 158 113 113 113 113 113 113 113 113 110 110 111 111 105 105 94 16 87 16 16 16 16 16 16 57 16 16 14 14 14 14 14 2 2 2 2 
340 340 340 329 313 313 313 321 321 268 268 274 274 268 268 285 268 268 268 268 253 246 246 246 246 229 229 229 233 212 212 217 218 200 196 196 196 169 169 169 169 179 170 170 158 113 113 113 113 110 110 110 113 110 111 111 111 105 105 94 16 16 16 52 52 52 70 16 16 16 16 27 27 27 27 27 2 2 11 3 
340 340 329 329 313 313 313 313 313 313 268 268 268 268 268 268 268 275 275 256 256 256 246 246 251 229 229 233 233 212 218 218 218 200 200 200 169 169 169 169 179 179 170 170 158 113 113 113 113 110 110 110 113 110 111 111 105 105 105 94 94 88 16 52 52 52 52 52 52 52 16 16 16 16 16 16 3 3 3 3 
345 345 329 329 313 313 314 314 314 314 308 286 286 286 286 256 256 256 256 256 256 256 256 254 233 233 233 233 212 212 212 212 212 212 200 200 169 169 169 169 179 179 170 170 158 158 143 143 143 143 110 110 110 110 111 111 105 105 105 88 88 88 16 71 71 71 71 29 29 29 48 16 16 29 29 16 3 3 3 4 
341 341 341 329 286 286 286 315 315 315 308 286 287 286 286 256 256 256 256 256 256 260 254 254 233 233 233 233 212 212 212 212 201 201 201 201 169 169 181 181 144 144 144 170 158 158 143 143 143 143 110 110 110 110 105 105 105 106 106 88 88 88 16 29 29 29 29 29 53 29 29 29 29 29 30 16 3 3 3 4 
341 341 341 329 286 286 286 286 286 286 286 286 287 286 291 256 256 256 256 256 256 260 254 233 233 233 242 201 201 212 212 212 201 208 181 181 181 181 181 181 144 144 144 144 144 159 156 143 143 143 110 110 110 110 105 95 95 106 106 88 88 88 16 29 29 29 29 58 53 53 29 29 29 30 30 16 3 3 3 4 
341 341 341 329 286 286 324 324 286 286 304 304 287 286 286 286 256 256 256 256 257 257 257 233 252 247 201 201 201 201 201 201 201 208 181 181 181 181 181 181 181 144 165 165 144 144 156 144 144 110 110 125 125 125 105 95 95 16 16 16 16 16 16 29 29 72 29 58 53 53 29 29 29 30 16 16 16 16 3 3 
341 341 342 329 329 329 324 324 316 316 304 305 287 292 292 287 256 256 256 256 233 233 233 233 247 247 201 238 230 230 201 201 208 208 202 202 181 181 181 181 181 144 165 165 165 144 144 144 144 110 110 105 105 126 105 95 95 16 16 16 89 89 29 29 29 29 29 58 58 21 21 21 21 30 16 16 16 3 3 3 
346 346 316 316 316 316 316 316 316 304 304 305 287 287 287 287 284 269 269 269 233 261 247 247 247 201 201 201 230 230 225 208 208 202 202 186 186 186 186 186 144 144 171 171 149 149 149 149 144 144 110 105 105 126 105 95 95 16 16 16 29 29 29 59 59 29 29 59 59 21 43 43 21 21 21 21 21 3 3 3 
346 346 316 316 316 316 316 255 255 304 304 255 255 255 255 255 284 269 233 233 233 247 247 247 247 201 201 201 219 219 225 208 208 202 202 186 144 144 144 144 144 180 171 171 149 149 149 149 105 105 110 105 105 105 105 95 95 102 102 102 29 29 59 59 59 59 59 59 60 21 21 21 40 21 21 17 17 17 3 3 
346 346 316 316 330 330 255 255 255 255 255 255 255 255 288 255 255 233 233 270 264 247 247 247 177 248 201 201 219 219 219 219 208 213 186 186 144 144 144 144 144 180 144 144 149 149 150 105 105 105 105 105 127 127 120 95 102 102 107 95 95 29 29 49 49 49 59 59 49 49 49 21 21 21 21 17 17 17 5 5 
334 309 309 316 330 330 255 255 255 255 255 299 299 298 288 288 255 233 233 233 264 247 247 177 177 248 201 201 219 219 219 219 208 208 186 186 144 144 144 144 144 144 144 144 160 160 150 105 105 105 105 105 105 105 120 95 95 95 95 95 96 49 49 49 76 49 49 49 49 50 50 5 5 5 21 17 17 17 5 5 
334 309 309 316 316 330 255 255 322 255 255 255 255 298 288 288 255 255 233 233 264 247 247 177 177 177 177 219 219 219 219 219 219 208 208 186 197 193 134 134 134 134 144 144 160 161 150 150 105 105 105 105 130 105 105 105 105 105 49 49 49 49 51 51 51 51 51 61 61 50 50 5 5 5 21 21 5 5 5 5 
334 309 309 289 316 289 289 322 322 255 255 255 255 298 288 288 255 255 233 271 255 255 255 255 177 177 177 219 219 219 226 177 177 209 209 186 197 193 134 134 134 134 134 160 160 161 150 150 105 105 134 134 121 121 121 49 49 49 49 51 51 51 51 81 51 51 51 51 51 51 51 5 5 5 21 21 5 6 6 6 
334 309 309 289 289 289 289 289 289 289 289 306 255 255 255 255 255 255 255 255 255 255 255 221 221 221 177 177 177 177 177 177 177 209 209 186 186 193 134 134 134 176 134 160 160 161 134 134 134 134 134 121 121 121 121 49 108 108 108 51 51 51 73 73 77 73 37 37 5 5 5 5 5 5 5 5 5 6 6 6 
334 309 309 309 309 317 317 317 317 317 289 289 300 289 289 289 279 279 276 265 265 255 255 221 221 221 221 221 221 221 221 221 177 177 177 203 186 186 187 134 134 176 134 134 134 134 134 139 139 139 139 121 121 121 121 49 49 108 108 51 51 73 73 73 73 73 37 37 5 5 5 5 5 5 5 22 22 6 6 7 
334 334 338 338 309 309 309 309 309 309 309 289 289 289 293 214 214 214 276 214 214 214 214 214 214 214 214 214 214 214 214 214 214 214 177 177 186 186 187 187 182 176 176 146 146 134 134 139 139 139 139 135 49 49 49 49 49 109 109 51 51 73 73 73 73 74 37 37 62 44 44 44 6 6 6 6 6 6 6 7 
334 334 334 334 301 301 309 309 309 309 307 307 301 214 214 214 266 214 214 214 214 214 214 214 243 243 243 234 234 215 215 215 215 215 210 177 177 177 177 177 182 177 177 146 146 162 157 135 135 135 135 135 49 128 49 49 114 51 51 51 97 73 73 37 37 37 37 44 44 44 44 44 6 6 6 6 23 6 6 7 
334 334 334 334 334 301 301 301 323 301 301 301 301 214 214 214 266 266 266 266 266 214 258 234 234 234 234 234 234 215 222 215 215 215 210 188 188 177 177 177 177 177 163 163 146 146 157 135 135 135 135 136 49 51 51 51 51 51 103 103 85 85 85 37 37 37 37 44 44 44 44 6 6 6 28 28 6 6 6 7 
334 334 334 334 335 301 301 301 301 301 310 301 301 214 214 214 214 280 214 214 214 214 258 234 234 234 234 234 234 215 222 215 215 210 210 188 188 188 188 188 177 177 163 163 166 146 146 146 146 135 135 136 49 51 51 51 98 98 98 98 85 85 37 37 37 37 37 63 63 54 6 6 36 36 6 6 6 12 12 7 
334 334 334 334 335 310 310 310 310 310 310 277 277 277 277 277 214 214 214 231 231 231 231 234 234 234 234 215 215 215 222 222 215 210 210 188 188 188 183 183 183 178 178 163 166 136 136 136 136 136 136 136 49 115 51 51 98 98 98 98 85 85 37 37 37 37 54 54 54 54 6 6 6 6 6 12 12 12 7 7 
310 310 334 334 310 310 310 310 310 310 311 277 302 294 294 277 277 277 277 231 231 231 231 234 234 234 234 215 215 215 215 215 215 188 188 188 151 151 183 183 183 178 178 163 166 136 136 147 147 136 136 137 49 115 115 115 115 98 98 98 98 82 82 37 37 41 41 41 41 41 41 41 6 6 7 7 7 7 7 7 
310 310 310 310 310 310 310 310 310 310 310 277 295 295 295 278 278 277 277 231 262 262 231 231 231 231 231 215 215 215 215 190 190 188 188 188 151 151 183 183 183 151 151 163 163 163 136 136 136 136 49 49 49 115 115 116 99 98 98 99 99 82 82 82 37 37 37 37 37 41 41 41 41 37 7 7 7 7 7 7 
310 310 310 336 336 310 310 310 310 310 310 277 295 295 295 278 278 278 231 231 262 231 231 231 231 249 231 215 215 190 190 190 190 188 188 188 151 151 183 183 183 151 151 151 163 163 151 151 49 49 49 131 131 115 115 99 99 99 99 99 100 82 82 83 47 37 37 65 37 37 37 45 37 37 31 7 7 18 7 7 
310 310 310 336 336 310 310 310 310 310 310 277 277 296 296 278 278 278 231 231 231 231 231 231 231 249 231 215 215 190 190 190 190 188 188 151 151 194 151 151 151 151 172 151 151 151 151 152 49 49 49 122 122 122 122 99 99 99 100 100 100 86 86 47 47 37 37 65 37 37 37 37 37 31 31 8 8 18 8 8 
319 319 343 325 325 310 310 310 310 310 310 277 277 296 278 278 278 278 278 231 231 231 231 249 249 249 231 231 231 231 190 190 190 190 188 151 151 151 151 189 151 151 172 172 151 151 151 152 49 49 49 122 122 79 79 99 99 99 47 47 47 86 47 47 65 65 65 65 46 46 37 37 31 31 32 8 8 8 8 8 
319 319 343 325 325 331 325 325 310 310 312 277 278 278 278 290 231 231 231 231 244 244 259 249 249 249 227 227 227 227 227 190 190 190 188 188 151 151 153 153 173 173 173 173 151 151 151 79 79 79 79 79 122 79 79 99 99 99 47 104 47 47 47 65 65 66 66 66 46 46 46 46 31 33 8 8 24 8 8 8 
319 319 343 325 325 325 325 312 312 312 312 277 277 290 290 290 231 281 231 231 244 244 244 244 244 244 227 227 227 227 190 190 204 204 204 188 188 188 153 153 173 167 167 167 167 79 79 79 140 79 79 79 79 79 79 79 79 47 47 104 90 90 65 65 78 9 9 67 46 46 46 31 31 33 8 8 8 8 8 8 
319 319 343 325 325 325 312 312 318 277 277 277 277 290 290 231 231 281 231 231 244 244 244 244 244 244 244 227 235 190 190 204 204 205 204 204 153 153 153 173 173 167 153 153 153 153 79 79 140 140 140 117 117 117 117 117 79 47 104 104 90 90 65 65 78 9 9 9 46 46 46 31 42 33 33 8 8 8 8 8 
332 319 319 319 319 319 319 319 318 277 277 277 277 231 231 231 263 263 263 263 244 244 244 244 244 244 227 227 190 190 228 190 190 205 205 205 153 173 173 173 153 153 153 168 168 153 153 153 129 129 129 129 129 129 123 79 79 47 47 47 101 47 47 47 47 9 9 9 9 9 9 31 31 34 34 8 8 8 8 8 
332 332 344 319 319 328 328 319 318 318 231 277 277 231 231 231 263 263 272 263 267 227 227 227 227 227 227 239 190 190 228 190 190 190 206 206 153 153 153 153 153 153 164 164 164 164 129 129 129 145 129 129 129 129 123 79 79 79 79 47 47 47 84 84 47 68 9 9 9 55 31 31 31 34 34 25 25 8 8 8 
347 332 332 337 337 328 328 319 318 318 231 231 231 231 231 231 263 263 272 263 267 227 227 227 232 232 245 236 236 190 228 190 190 190 190 192 192 192 192 153 184 153 164 164 164 164 129 129 118 118 118 118 118 118 123 79 79 79 79 47 47 79 79 79 47 68 68 68 9 9 31 9 9 9 9 25 25 8 8 9 
347 347 332 337 337 332 319 319 319 319 231 231 303 263 263 263 263 282 272 263 263 227 227 227 227 232 245 236 236 190 190 190 190 216 190 192 190 190 190 153 153 153 174 174 118 118 129 129 118 118 118 118 118 118 123 79 79 79 79 79 79 79 79 79 47 47 47 47 64 9 9 9 9 9 9 9 9 9 9 9 
347 347 332 332 332 332 319 319 319 320 231 231 303 263 263 263 282 282 272 272 263 263 227 227 227 232 232 232 232 232 190 190 216 216 190 190 190 195 190 190 153 153 174 174 118 118 118 118 118 118 118 132 132 118 118 118 79 79 91 91 91 91 79 79 79 47 47 47 47 47 47 47 9 9 9 9 10 10 10 10 
