287 287 287 287 287 287 287 287 287 287 287 287 287 287 287 277 277 277 273 233 233 218 218 242 242 242 242 223 223 223 203 203 203 203 203 203 150 150 150 174 174 174 150 150 150 150 150 150 150 143 90 90 90 90 90 90 109 89 89 89 89 36 36 79 36 36 36 53 53 36 36 36 36 10 10 10 10 10 10 1 
287 333 287 287 315 287 287 307 307 307 277 277 277 277 277 277 280 273 273 233 233 233 218 242 242 242 243 223 223 223 203 203 203 203 203 150 150 193 150 150 177 150 150 162 150 150 143 143 143 143 90 116 116 116 116 90 90 89 89 89 36 36 36 36 36 69 36 36 36 36 45 10 10 10 1 1 1 1 1 1 
287 333 315 315 315 315 315 307 307 277 277 245 245 245 245 245 245 273 233 233 267 233 218 218 218 218 243 223 223 223 223 218 203 207 207 150 194 150 150 150 150 150 169 162 162 158 143 143 143 144 90 116 123 123 116 116 90 102 36 36 36 80 80 80 73 10 10 10 10 10 10 10 25 25 1 1 1 1 1 2 
287 315 315 315 315 315 316 307 307 277 277 245 283 283 245 245 245 245 233 233 233 233 218 218 254 218 218 218 232 218 218 218 203 150 150 150 194 150 150 150 150 158 158 158 158 158 143 143 143 144 90 116 116 116 116 90 90 102 90 90 90 80 80 73 73 10 10 40 40 40 40 40 25 25 25 1 1 1 1 2 
287 315 315 315 287 287 287 287 287 287 245 245 283 283 245 245 245 245 233 233 233 233 233 233 233 244 244 218 218 218 203 203 203 150 150 150 194 194 150 150 158 158 170 158 158 143 143 129 129 90 90 132 129 116 116 90 90 90 90 91 91 73 73 73 74 10 10 1 1 40 40 41 1 1 1 1 11 11 11 2 
287 287 287 287 287 303 287 287 287 287 283 283 283 283 245 245 245 245 245 259 259 259 259 233 233 244 244 233 233 203 203 219 208 208 208 150 199 150 183 183 158 158 143 143 143 143 129 129 129 90 129 129 129 74 74 74 91 91 91 91 74 74 74 74 74 10 63 1 1 1 1 41 1 1 1 11 11 11 11 2 
324 324 324 324 324 303 287 287 287 287 283 283 283 283 245 245 245 245 245 245 245 245 245 233 233 233 233 233 234 203 203 219 208 208 208 150 150 150 143 143 158 158 143 163 163 159 129 129 129 129 129 133 74 74 120 74 74 74 74 74 74 10 10 10 10 10 63 1 1 1 1 1 1 26 26 11 11 11 11 2 
324 334 317 317 317 303 287 287 287 287 283 283 297 283 245 245 281 195 195 245 245 245 245 245 245 245 245 195 195 195 203 195 195 195 195 195 150 150 143 143 178 143 143 163 163 159 129 129 129 129 139 74 74 77 77 77 103 103 92 92 92 10 64 64 64 64 64 1 31 31 31 31 31 26 26 2 2 2 2 2 
324 334 317 317 317 303 303 303 303 303 303 288 288 283 283 283 281 195 195 245 245 245 195 195 195 195 195 195 235 195 195 195 195 195 195 195 195 195 143 143 143 143 166 166 129 129 129 124 124 124 124 124 130 77 77 77 77 77 92 92 92 10 10 75 75 64 64 1 31 31 31 31 31 2 2 2 2 2 3 3 
324 324 317 317 317 317 317 303 303 288 288 288 288 283 283 281 281 195 195 195 195 263 195 248 248 248 195 195 209 209 209 209 195 195 195 204 195 195 143 143 143 175 166 166 129 124 124 124 124 124 140 124 124 124 77 77 77 77 93 92 92 10 10 70 70 70 1 1 31 31 31 31 31 2 2 2 2 2 3 3 
335 335 288 288 288 288 288 288 288 288 298 298 288 288 288 281 281 195 195 195 195 263 195 238 238 238 238 238 209 226 209 209 213 213 129 129 129 129 129 129 179 129 129 129 129 124 124 124 124 124 124 124 124 124 77 104 104 104 93 93 93 10 28 28 28 71 1 1 49 49 31 42 31 31 2 2 2 2 2 4 
335 335 288 325 325 288 288 288 298 298 298 298 298 289 289 260 260 195 195 195 195 195 195 238 238 238 239 239 209 209 209 209 209 209 129 129 129 129 129 129 179 129 145 145 145 124 124 124 124 124 124 124 124 124 77 77 105 105 101 84 94 10 10 10 28 28 28 1 49 49 31 42 31 31 2 2 2 2 2 4 
335 335 288 288 326 288 288 288 298 298 298 289 289 289 289 260 260 195 195 195 268 195 195 238 249 249 239 239 209 209 209 209 209 209 129 129 200 129 129 184 129 129 145 145 145 124 124 154 117 117 117 117 117 117 117 77 105 105 101 84 84 84 84 10 10 10 28 1 54 31 31 5 5 5 27 21 2 2 2 2 
335 335 288 288 326 288 288 314 298 298 289 289 289 289 289 260 260 195 195 195 195 195 260 238 238 238 238 220 209 209 209 209 209 209 209 172 172 129 129 129 129 171 145 145 145 145 154 154 117 117 141 117 117 117 117 77 77 77 101 84 84 84 84 10 10 10 28 1 31 31 5 5 37 5 5 21 2 2 2 2 
335 335 288 288 288 288 289 289 312 289 289 294 294 260 260 260 195 195 195 195 195 195 260 238 238 250 238 220 220 220 220 209 209 172 172 172 172 180 180 180 180 171 171 160 160 145 145 155 117 117 117 117 117 117 117 117 110 77 101 84 95 84 84 10 10 10 28 1 31 31 31 28 28 28 5 5 5 2 2 2 
335 288 288 288 289 289 289 289 289 289 294 294 294 260 260 260 260 260 260 260 260 260 260 238 238 250 238 238 220 220 220 220 172 172 189 189 172 172 172 181 181 171 171 160 160 160 145 145 117 117 117 134 117 117 117 110 110 77 84 84 95 84 28 28 28 28 28 1 55 28 28 28 28 28 28 5 5 2 12 2 
335 288 288 288 289 289 289 289 289 294 294 294 294 260 260 260 260 278 210 210 210 210 210 210 210 246 246 172 172 172 172 172 172 189 189 189 189 189 172 181 172 172 172 137 137 146 146 145 145 145 134 134 117 117 117 110 77 77 84 84 84 84 28 28 76 28 28 28 28 28 28 28 28 28 28 5 16 2 2 2 
335 299 299 299 322 289 289 308 308 294 294 294 294 294 284 284 210 210 210 210 210 210 261 210 210 246 246 172 236 210 210 210 210 189 189 189 201 189 172 172 172 137 137 137 137 146 146 146 146 146 134 110 110 110 110 110 77 77 77 85 85 85 85 28 76 28 28 28 28 28 28 28 29 29 29 5 5 5 5 5 
335 299 332 299 322 322 299 299 308 308 294 294 299 284 284 229 229 210 210 210 210 210 261 210 240 240 240 172 172 210 210 210 210 210 210 189 189 189 189 137 137 137 137 137 137 146 146 106 106 106 134 134 110 110 121 106 106 106 77 77 77 77 77 28 28 28 59 59 6 6 6 6 6 14 14 14 14 5 5 5 
335 327 327 299 299 299 299 299 308 308 299 299 299 284 284 229 229 210 210 270 261 261 261 210 240 240 240 240 172 172 172 210 216 210 210 189 189 189 189 137 137 137 137 106 106 106 106 106 151 106 106 106 106 106 106 106 111 98 98 98 81 81 77 77 77 59 59 60 6 6 46 6 6 14 14 14 14 5 5 5 
327 327 327 299 299 299 299 299 299 299 299 299 299 284 284 229 229 229 229 261 261 261 261 210 240 240 240 240 172 172 210 210 216 205 205 205 189 189 137 137 137 137 151 106 106 156 156 156 151 106 106 106 106 106 118 118 111 98 99 99 81 81 81 81 59 59 46 46 46 46 46 6 38 6 6 14 17 14 5 5 
327 327 327 299 299 299 299 313 284 284 284 284 284 284 285 229 229 229 229 261 261 261 261 210 210 210 210 210 210 210 210 210 210 205 205 182 182 196 137 137 137 137 151 151 151 151 151 151 151 106 106 106 125 125 118 111 111 98 99 99 81 81 59 59 59 46 46 47 47 47 47 6 6 6 6 14 14 14 6 6 
327 327 327 327 327 299 299 313 284 284 284 279 279 279 285 285 229 229 229 229 229 229 255 255 211 211 211 211 227 210 210 210 210 182 182 182 182 182 182 182 182 137 137 137 151 151 151 151 118 118 118 135 125 125 118 111 111 98 98 81 81 81 59 59 59 46 46 47 47 50 19 19 19 32 6 6 18 6 6 7 
327 327 327 330 313 313 313 313 305 309 284 279 279 279 229 229 229 274 274 229 229 229 255 255 211 211 211 211 227 227 182 182 182 182 182 197 197 197 190 173 173 173 173 137 161 161 142 142 118 147 118 118 125 125 118 98 98 98 98 81 81 81 59 59 59 59 46 47 47 50 19 19 19 6 6 6 6 6 7 7 
327 327 327 330 313 305 305 305 305 309 284 284 279 279 229 229 229 229 229 229 229 229 229 255 211 211 211 211 211 228 182 182 182 182 182 197 190 190 190 173 173 137 137 137 161 142 142 142 118 118 136 118 118 118 118 98 112 87 87 100 81 81 86 59 59 56 56 56 56 39 39 19 6 6 22 22 6 6 7 8 
327 327 330 330 313 305 318 305 305 309 304 284 279 279 279 282 282 229 229 229 229 229 229 255 255 251 211 217 211 211 182 182 197 182 182 197 190 190 190 185 173 137 137 137 161 142 142 142 142 118 136 136 113 113 113 113 87 87 87 100 81 81 56 56 56 56 65 57 57 39 39 19 6 6 6 6 6 6 7 8 
330 330 330 313 313 305 304 304 304 304 304 284 279 279 279 279 279 229 229 229 229 251 251 251 251 251 247 217 237 211 182 182 197 197 197 197 167 167 167 185 173 173 173 137 161 161 142 142 142 118 118 118 113 113 113 113 87 87 87 100 56 56 56 57 57 65 65 57 51 51 39 19 6 6 19 19 19 7 7 8 
330 330 330 313 313 305 304 304 304 284 284 284 300 279 279 279 279 279 269 269 229 229 229 229 229 229 247 217 217 211 211 211 214 214 211 167 167 198 167 167 167 167 167 137 137 142 142 142 142 142 142 118 113 113 113 113 113 87 87 56 56 57 57 57 57 57 57 57 51 51 39 19 19 19 19 20 20 7 13 8 
330 330 331 331 313 305 305 305 284 284 305 300 300 279 290 286 269 269 269 269 257 257 257 257 229 229 229 229 217 217 217 211 211 211 211 167 167 167 186 167 167 176 167 167 137 142 142 142 142 142 137 137 113 126 107 107 107 87 87 56 56 56 56 82 66 66 66 61 51 51 39 39 39 30 30 20 20 7 7 8 
320 320 331 331 313 313 319 305 305 305 305 300 295 279 279 286 269 279 269 269 257 257 257 257 229 229 229 229 229 229 217 217 217 211 211 167 167 167 186 167 167 167 167 167 137 148 148 148 148 148 137 113 113 126 107 107 107 107 87 87 87 87 56 56 66 61 61 61 58 30 30 30 30 30 7 7 7 7 7 8 
320 320 320 328 328 313 313 313 313 300 300 300 295 295 279 279 279 279 269 271 269 252 252 252 252 252 167 167 167 167 224 217 217 211 211 167 167 167 186 167 167 167 167 167 137 137 137 137 152 137 137 113 131 107 107 107 56 56 87 87 96 87 87 56 66 66 58 58 58 30 33 33 33 33 7 7 7 7 7 8 
320 336 320 328 320 320 320 313 313 300 301 301 295 295 291 279 279 269 269 269 269 252 252 258 252 252 167 230 230 167 167 167 167 212 212 167 167 167 186 186 164 167 167 167 153 153 153 137 152 137 137 113 131 107 107 107 56 56 56 56 56 56 56 56 66 66 58 58 58 30 30 30 30 34 7 7 7 7 7 8 
320 320 320 320 320 320 320 300 300 300 301 301 301 291 291 279 279 269 269 269 252 252 252 222 222 222 225 225 230 230 221 221 167 167 167 167 167 167 187 187 164 167 167 167 153 153 153 137 137 137 137 113 107 107 107 107 114 56 56 56 56 67 67 67 66 66 67 23 23 23 30 30 30 34 7 7 7 15 8 8 
320 320 321 321 323 323 300 300 252 252 252 252 252 252 252 252 252 275 275 272 252 264 262 222 256 222 225 225 225 231 221 221 167 167 167 167 167 191 187 187 164 164 164 164 164 153 153 153 153 149 113 113 107 127 107 119 108 108 23 23 23 23 23 67 67 67 67 23 23 23 23 43 23 23 23 23 7 15 8 8 
320 320 321 321 321 321 321 252 252 252 252 252 252 296 252 252 252 252 252 272 252 252 262 222 256 222 225 225 225 225 221 221 167 167 167 206 202 191 188 188 164 164 165 165 165 149 149 149 149 149 113 113 107 107 107 119 108 108 23 23 23 23 23 67 67 67 68 23 23 24 23 23 23 24 24 24 7 8 8 8 
321 321 321 252 252 252 252 252 310 252 252 302 252 252 252 252 252 252 252 252 252 252 222 222 256 222 222 225 225 225 221 221 167 167 202 202 202 191 188 188 165 165 165 165 165 149 149 149 149 113 113 113 122 122 122 115 115 23 23 23 23 23 23 67 67 67 23 23 24 24 48 24 24 24 7 7 7 8 8 8 
321 321 329 329 329 293 293 293 310 310 252 252 252 292 292 252 276 276 276 265 265 265 222 253 253 253 222 225 225 225 225 215 215 215 165 165 165 191 191 165 165 149 149 149 149 149 149 149 149 113 113 113 122 128 23 115 115 23 23 23 23 23 23 23 23 23 23 52 24 24 24 24 35 35 7 7 7 7 9 9 
321 321 329 293 293 293 293 293 311 311 252 252 252 252 252 252 276 265 265 265 266 266 222 253 253 222 222 225 225 225 225 215 215 215 165 165 165 165 165 165 165 149 149 149 149 149 149 149 113 113 113 113 122 122 23 23 23 23 72 72 97 23 23 83 78 23 23 52 24 24 44 44 9 9 7 7 7 7 9 9 
329 329 329 329 293 293 293 293 293 293 293 293 252 252 293 265 265 265 265 265 265 222 222 222 222 222 241 241 225 225 225 215 215 215 165 165 165 165 165 165 165 165 165 168 149 149 149 157 113 113 113 138 113 113 113 113 23 23 23 72 72 72 72 72 78 23 23 52 52 52 44 44 9 9 9 9 9 9 9 9 
329 329 329 329 293 293 293 293 306 306 306 293 293 293 293 265 265 265 265 265 265 222 222 222 222 222 222 222 222 222 222 222 215 215 165 165 165 165 192 165 165 165 165 168 149 149 149 157 113 113 113 113 113 113 113 113 23 23 23 88 88 88 88 72 72 72 62 62 52 52 44 44 9 9 9 9 9 9 9 9 
