325 278 278 278 278 278 278 289 289 289 289 289 289 284 247 247 247 247 247 259 247 247 247 210 210 210 210 210 210 180 180 180 180 180 180 180 180 175 154 154 154 154 154 120 125 125 125 135 113 113 113 113 113 73 73 103 73 73 90 90 73 73 73 73 73 48 48 48 48 48 48 48 24 24 24 24 24 19 1 1 
325 278 278 278 324 278 278 289 289 247 247 247 247 284 247 269 269 269 247 259 247 241 241 210 210 232 200 200 210 180 180 180 180 180 180 180 181 175 154 165 165 154 154 120 125 125 125 135 113 113 113 113 73 73 73 103 73 73 73 91 73 73 73 48 48 48 48 48 24 24 24 24 24 35 11 11 11 19 1 2 
325 278 278 278 278 278 278 278 247 247 296 296 247 247 247 269 247 247 247 247 247 241 241 210 210 232 200 200 210 210 200 200 180 180 187 187 175 175 154 165 120 120 120 120 125 125 125 125 113 113 113 113 73 108 73 73 73 96 73 91 73 73 79 48 48 48 48 48 24 24 24 24 43 35 35 11 11 19 1 2 
325 325 325 331 278 278 316 278 247 247 296 260 260 247 247 269 247 247 247 247 247 241 241 200 200 200 200 200 200 211 200 200 180 180 187 187 175 175 154 154 120 145 145 145 145 125 125 125 125 125 113 113 73 108 73 73 96 96 73 73 73 73 73 48 48 48 12 12 12 12 12 24 43 12 12 11 11 11 11 2 
344 342 325 331 325 278 278 278 247 247 296 260 260 247 247 269 247 247 247 247 247 241 241 200 200 200 200 223 200 211 200 200 188 188 188 188 175 175 115 154 120 120 120 149 120 120 120 125 125 113 113 113 73 73 73 73 96 96 73 73 73 73 73 73 73 48 12 12 12 12 12 24 12 12 12 12 25 11 11 2 
342 342 325 325 325 278 278 278 247 306 296 260 260 260 269 269 260 260 247 247 256 241 241 241 200 226 226 223 200 200 200 201 188 191 188 188 175 175 115 154 120 120 120 120 120 120 120 120 120 113 113 113 73 73 73 73 80 80 73 73 86 73 73 73 73 48 67 12 12 12 12 12 12 28 28 12 12 12 12 2 
342 278 278 278 278 278 247 247 247 296 296 290 290 260 269 269 260 260 260 260 242 242 242 237 200 200 223 223 200 200 188 188 188 191 175 175 175 175 115 115 115 161 136 136 136 120 120 120 120 126 120 114 114 109 73 73 80 80 80 86 86 74 74 74 74 48 48 12 12 12 52 28 28 28 28 27 2 2 2 2 
278 278 332 332 278 278 247 296 296 296 302 290 291 260 260 260 260 270 260 260 242 253 242 237 237 200 223 223 202 202 188 188 188 191 175 175 182 171 171 115 115 161 136 150 136 136 136 136 120 120 120 114 114 109 73 73 80 80 80 80 87 83 40 48 48 48 48 12 12 12 28 28 44 27 27 27 2 3 3 3 
278 333 247 247 247 247 247 296 296 296 302 290 291 260 260 260 260 270 265 242 242 253 242 242 200 200 223 223 202 202 202 202 188 191 191 175 175 171 172 115 162 136 136 136 136 136 136 115 115 115 121 109 109 109 73 73 73 73 92 80 80 83 40 48 48 48 53 53 53 53 28 28 28 28 36 28 2 3 3 3 
278 333 333 333 278 278 278 278 307 307 278 278 278 285 265 265 265 265 265 242 200 200 200 200 200 202 202 202 202 202 202 188 188 191 191 175 175 115 115 115 162 136 136 136 115 115 137 115 115 115 121 109 109 75 75 75 73 73 92 92 80 80 40 40 72 72 53 53 53 53 53 28 28 28 28 28 2 3 3 4 
278 278 278 278 278 278 278 278 278 278 278 297 278 285 265 265 271 271 242 242 200 248 248 200 238 202 202 212 212 212 188 188 192 192 192 175 175 115 115 115 162 162 115 115 115 115 115 115 115 115 115 109 109 75 75 75 75 75 75 75 75 80 80 40 40 40 40 53 53 53 53 28 28 28 28 29 2 13 3 3 
345 278 278 326 326 297 297 297 308 308 297 297 278 265 265 265 271 272 242 261 200 200 200 200 227 227 227 212 212 212 188 203 177 177 156 156 156 156 156 115 115 115 115 115 115 127 115 115 127 127 115 115 115 75 75 99 99 75 75 75 75 84 75 75 75 40 40 40 40 40 40 28 28 40 29 29 2 13 13 3 
311 311 326 326 327 297 297 297 297 297 297 278 278 278 278 278 271 272 242 200 200 200 242 227 227 228 228 213 213 188 188 177 177 177 156 156 156 156 156 167 146 146 155 146 146 127 127 127 127 128 97 97 97 97 106 99 99 75 75 75 75 75 75 75 75 40 40 40 40 40 40 40 40 40 29 29 20 20 5 5 
311 311 311 311 311 297 297 293 293 293 303 278 292 278 279 279 271 272 242 200 200 200 242 227 227 213 213 213 213 188 188 177 177 177 117 117 117 176 156 156 156 146 146 146 127 127 127 128 128 128 97 97 97 97 97 97 97 97 62 62 62 62 62 62 62 62 62 62 40 40 40 40 40 29 29 29 20 5 5 6 
311 311 311 311 311 311 311 293 293 293 303 278 278 278 272 272 275 272 242 242 254 254 242 217 227 213 213 213 213 213 188 188 188 177 177 177 117 117 117 168 156 156 156 151 127 127 127 128 128 128 97 97 97 97 97 100 100 62 62 62 62 62 62 62 62 62 63 63 40 40 40 40 40 29 20 20 20 5 6 6 
346 311 311 311 311 311 311 293 293 293 293 298 272 272 272 272 272 272 266 242 242 242 242 217 227 227 229 213 213 213 188 188 188 193 193 177 177 177 117 117 157 157 157 151 117 117 117 117 117 117 117 101 101 101 101 100 100 62 62 62 88 62 62 62 63 63 63 54 54 29 29 29 45 29 20 20 5 5 6 6 
346 311 338 311 311 311 311 293 293 293 293 298 272 272 280 280 272 272 266 242 242 242 217 217 227 227 229 213 213 214 193 193 193 193 173 173 173 173 173 117 117 117 117 151 117 117 117 117 117 129 117 101 110 110 101 88 88 88 88 88 88 81 81 62 54 54 54 54 54 54 54 29 45 29 29 20 5 5 5 5 
311 311 311 311 319 319 311 311 293 293 293 293 293 272 280 280 250 250 266 242 242 242 217 243 227 227 229 173 173 173 193 193 173 173 173 163 163 163 163 169 117 117 117 117 117 142 138 117 117 117 117 101 101 101 101 88 88 88 88 88 88 81 62 62 54 54 54 57 57 57 29 29 45 29 29 30 5 5 5 5 
311 311 311 334 312 312 312 312 293 293 293 293 293 272 272 272 250 250 250 250 242 242 217 217 217 227 227 173 173 173 173 173 173 195 163 163 178 178 163 169 117 117 152 152 138 138 138 117 117 117 101 101 101 101 101 104 101 89 89 89 54 54 62 62 62 54 54 57 57 29 29 49 29 29 30 30 5 5 5 5 
339 339 312 312 312 312 312 293 293 293 293 252 252 286 272 272 250 250 250 250 250 249 249 244 217 227 227 173 173 173 173 190 190 195 163 189 178 178 163 163 163 163 152 152 138 138 131 131 131 117 101 101 101 101 101 101 101 89 89 54 54 54 54 62 62 54 64 57 57 29 29 29 29 41 30 30 5 5 14 5 
339 312 312 320 320 312 312 293 293 293 293 252 252 252 272 272 272 250 250 262 250 249 249 244 217 217 217 173 173 173 190 190 190 190 163 189 163 163 163 163 163 163 138 138 138 138 131 118 118 117 117 117 101 101 102 102 102 89 89 54 54 54 54 54 54 54 64 64 50 50 50 29 29 29 37 5 5 5 14 5 
339 312 312 312 320 312 312 293 293 252 252 252 294 252 252 252 272 272 262 262 250 250 250 244 217 217 217 217 217 173 173 198 198 190 163 163 163 163 163 163 138 138 138 147 138 138 131 118 118 118 118 118 101 102 102 102 102 89 54 54 54 54 65 65 65 65 65 65 50 58 50 29 29 29 37 5 5 5 5 5 
339 339 339 312 320 312 312 312 252 252 299 299 281 281 281 252 272 272 262 262 251 251 251 244 206 206 206 224 206 206 206 198 198 190 190 190 163 163 163 163 138 138 138 147 138 138 131 118 118 118 118 119 101 102 102 105 89 89 54 54 54 54 54 54 54 65 65 50 50 58 50 29 29 5 31 31 5 15 15 7 
321 321 321 312 320 320 312 312 252 299 299 300 281 281 281 252 252 252 262 262 251 251 244 244 206 206 206 206 206 207 207 183 183 190 190 163 163 179 138 138 138 138 138 147 147 131 131 118 118 118 118 119 101 102 102 105 89 89 89 89 89 85 54 54 54 65 65 50 50 58 50 50 17 5 31 31 5 5 5 7 
321 321 321 312 312 312 312 252 252 299 299 276 276 276 276 276 252 252 262 262 251 251 244 244 233 233 218 218 218 207 207 183 183 194 194 163 163 163 163 138 138 158 158 131 131 131 119 119 119 119 119 119 101 102 102 102 85 85 85 85 85 85 54 78 68 68 68 50 50 58 17 17 17 5 5 5 5 21 5 5 
321 321 321 321 328 312 312 252 252 252 304 276 276 276 276 276 252 252 252 252 252 233 233 233 233 234 218 218 183 183 183 183 183 183 183 183 183 163 163 138 138 158 158 131 143 143 119 119 119 122 122 101 101 102 102 102 85 85 85 85 85 85 54 78 68 68 68 58 58 58 17 42 42 42 32 32 5 5 5 5 
321 321 321 321 321 321 313 313 310 252 304 276 276 276 276 276 276 233 233 233 252 233 233 233 233 208 208 208 208 183 183 199 199 184 184 184 184 163 174 159 159 159 131 131 143 139 139 101 101 101 123 101 111 111 85 85 85 85 85 85 85 85 54 78 68 68 68 58 58 58 17 17 46 32 32 16 16 16 16 8 
321 321 321 321 321 322 313 314 310 252 304 252 252 276 276 276 276 233 233 233 252 252 252 233 233 208 230 208 208 208 208 199 199 184 184 163 163 163 159 159 159 159 131 131 143 139 140 101 132 101 101 101 111 111 85 85 93 93 54 54 54 54 54 78 68 60 60 60 60 55 55 17 17 32 16 16 16 16 8 8 
335 335 335 335 313 313 313 252 310 252 252 252 252 252 276 276 276 233 233 233 233 233 233 233 239 208 230 208 208 208 208 199 199 184 184 163 163 163 159 159 159 159 159 131 131 139 139 101 132 124 124 116 116 85 85 85 93 93 54 54 54 69 69 60 60 60 66 66 55 55 17 17 17 32 16 22 16 16 8 9 
335 343 335 335 313 313 313 252 305 305 305 252 252 252 276 276 276 233 267 233 233 255 233 233 239 208 208 208 208 215 208 184 184 184 185 185 185 163 170 170 131 131 131 153 131 139 139 101 132 124 124 116 116 85 85 85 93 93 93 93 54 54 69 60 60 60 66 66 55 55 17 17 17 16 16 22 26 22 8 8 
335 335 340 313 313 313 252 252 305 305 305 252 252 252 282 276 276 233 233 233 233 233 233 233 239 219 219 225 208 208 208 184 184 184 185 185 144 163 144 144 131 131 131 131 131 95 95 101 101 101 95 95 95 95 95 54 54 54 54 54 54 54 69 69 69 60 60 60 60 17 17 17 17 16 38 22 22 22 8 8 
336 335 335 313 329 313 252 315 252 252 252 252 276 276 276 276 277 273 233 233 233 233 245 245 219 219 219 225 219 205 205 196 196 184 184 144 144 144 144 144 166 131 131 131 148 95 95 101 101 101 95 95 95 95 95 54 82 82 82 82 82 76 76 76 69 69 69 60 60 17 51 51 16 16 38 33 8 8 8 10 
336 336 335 313 313 313 252 315 252 309 273 273 276 273 273 273 273 273 268 219 257 219 219 219 219 235 219 219 219 205 205 196 196 184 184 144 186 144 144 144 166 131 131 131 148 95 95 95 95 95 95 95 95 95 95 54 82 82 82 82 82 76 76 76 76 17 17 60 60 17 17 17 16 16 16 33 8 8 10 10 
336 336 335 313 313 323 252 252 252 273 273 273 273 273 283 273 273 268 268 219 219 219 222 219 219 235 220 220 220 205 204 204 196 184 184 144 144 144 144 144 131 131 148 148 148 95 95 95 95 95 95 112 112 112 94 54 82 82 82 82 82 70 70 70 17 17 17 17 17 17 17 17 17 39 16 16 16 8 8 8 
336 341 341 313 313 295 295 295 295 273 273 273 273 273 273 273 273 268 268 263 222 222 222 240 240 220 220 220 220 205 204 196 196 196 184 184 184 144 144 144 131 131 148 144 144 144 95 133 133 95 95 112 94 94 94 54 82 82 82 82 82 70 70 70 17 17 17 17 61 17 17 17 17 39 39 16 16 23 8 8 
336 336 336 336 330 295 295 295 295 295 295 295 295 287 273 273 273 258 258 263 222 240 240 240 220 220 220 220 221 205 204 196 196 196 184 184 144 144 164 164 164 164 144 144 95 95 95 133 133 95 95 112 94 94 94 94 94 82 82 82 82 70 70 70 70 70 70 17 17 17 56 17 47 39 39 17 17 23 8 8 
336 336 337 337 330 295 295 295 295 295 287 287 287 287 274 274 274 258 258 258 222 222 246 220 220 236 220 205 205 205 204 204 196 196 144 144 144 164 164 144 144 144 144 95 95 141 141 98 98 98 98 98 94 94 94 94 94 94 94 94 82 82 82 56 56 56 56 17 17 59 56 17 47 17 17 17 17 23 17 8 
317 317 317 330 330 295 295 295 295 295 287 287 287 288 274 274 274 258 258 258 222 222 246 220 220 220 220 205 216 216 204 204 197 197 144 144 144 144 144 144 160 95 95 95 98 98 98 98 134 95 95 98 98 98 98 98 98 98 95 56 56 56 56 56 56 56 56 56 56 59 56 17 17 17 8 8 17 17 17 8 
317 317 317 330 317 317 317 287 287 287 287 301 274 274 274 274 274 258 258 264 222 222 246 246 220 220 231 205 205 205 209 205 197 197 144 144 144 144 144 160 160 95 95 95 98 95 95 95 95 95 95 95 95 107 107 95 95 95 95 56 56 56 56 56 56 56 71 56 56 59 56 8 17 17 8 8 8 18 18 8 
317 317 317 317 317 318 318 287 287 287 301 301 274 274 274 274 274 274 258 258 258 222 222 222 222 222 222 222 222 205 205 205 197 197 144 144 144 144 144 160 160 160 160 95 95 95 130 130 130 130 95 95 95 95 95 95 56 56 56 56 56 56 56 56 77 71 71 56 56 56 56 8 8 8 8 34 8 8 8 8 
