318 318 318 318 318 312 312 306 265 265 265 265 277 277 282 277 259 259 259 234 234 234 234 234 234 193 193 193 193 193 195 195 195 189 189 171 171 177 171 155 155 155 155 149 132 132 132 132 132 116 116 116 116 116 107 107 84 84 84 84 84 56 56 56 56 56 56 56 56 49 19 19 18 18 18 18 18 18 1 1 
318 318 318 318 318 312 312 306 265 265 265 265 277 277 277 277 259 259 259 234 234 234 234 235 235 193 193 193 193 193 195 195 196 189 189 171 171 171 171 155 155 132 132 149 132 132 137 132 132 116 116 116 116 116 107 107 84 84 84 85 85 56 56 68 68 56 56 56 49 49 19 19 18 18 18 18 18 18 1 1 
341 318 318 318 318 306 306 306 265 265 265 265 277 265 265 265 265 265 234 234 234 234 234 172 172 172 172 172 193 193 193 193 196 193 171 171 178 178 155 155 155 132 132 132 145 132 116 116 116 116 116 116 116 116 84 84 84 84 84 56 56 56 56 68 68 56 56 56 57 19 19 34 34 34 19 19 19 19 11 1 
341 318 318 318 318 306 309 309 265 265 265 265 265 265 265 265 271 266 234 255 234 234 234 172 172 229 222 172 172 172 207 193 193 193 171 178 178 155 155 155 155 132 156 132 132 132 116 134 129 129 116 116 117 117 84 94 94 94 94 56 79 79 56 56 50 50 56 56 57 19 19 19 19 19 19 1 1 11 11 1 
341 318 318 330 318 306 306 306 306 265 265 265 265 283 266 266 266 266 234 234 234 239 239 239 172 172 222 222 172 172 197 197 197 171 171 178 178 155 155 155 155 132 116 116 116 116 116 134 129 129 84 84 84 84 84 94 94 94 94 56 56 56 56 56 69 50 62 50 50 50 1 1 1 1 1 1 1 11 12 1 
308 308 308 308 318 318 307 307 265 265 283 283 283 283 266 266 266 249 249 210 210 210 210 210 230 172 172 172 172 212 208 161 198 171 171 171 171 171 155 155 161 132 116 116 116 129 129 129 129 129 84 119 119 108 108 108 94 94 94 56 56 56 74 56 69 50 50 50 50 50 1 1 28 28 28 28 1 11 11 1 
308 308 335 308 318 318 307 307 265 283 283 283 283 278 278 278 249 249 249 249 249 210 210 210 230 230 172 172 172 172 208 161 161 171 171 161 161 161 161 161 161 132 116 116 135 129 129 129 129 129 84 84 84 108 108 108 94 94 94 56 86 56 74 56 56 59 59 59 50 50 1 1 28 28 28 28 1 1 13 1 
308 308 308 308 324 319 307 307 265 283 283 293 278 278 267 267 249 249 249 249 249 210 210 210 230 230 172 172 218 172 172 172 161 161 161 161 179 179 161 161 132 132 157 116 135 135 138 129 129 129 84 84 84 108 108 100 100 100 56 56 86 56 56 56 56 51 51 51 51 51 28 28 28 28 31 14 14 1 1 1 
308 308 308 324 324 319 307 307 265 265 283 293 278 267 267 267 267 267 250 250 250 210 210 210 231 231 172 172 209 209 209 172 172 172 172 172 165 165 165 165 132 157 157 116 116 135 135 129 129 129 84 84 84 111 108 100 95 101 56 56 56 75 75 51 51 51 51 51 52 52 28 28 28 28 31 14 14 14 1 1 
313 308 336 324 324 308 308 307 307 283 283 293 278 267 267 267 267 267 250 250 210 210 210 210 210 210 223 223 209 209 209 172 172 185 185 172 172 172 172 132 132 132 132 132 116 135 135 129 129 109 109 109 120 111 111 100 95 101 56 56 56 75 75 51 63 63 63 40 40 40 40 28 28 28 28 2 2 14 14 2 
313 308 308 308 308 308 308 308 308 283 299 293 293 283 283 267 268 268 250 250 210 246 210 210 210 210 210 224 210 210 209 204 185 185 166 166 166 172 172 132 132 132 132 132 116 135 135 135 109 109 126 109 120 95 95 100 95 101 56 56 56 56 51 51 63 63 63 40 40 40 40 28 28 28 28 2 2 2 2 2 
313 313 313 313 313 320 313 308 308 283 283 283 283 283 284 267 268 242 242 256 210 210 210 211 211 211 210 210 210 210 210 204 185 185 166 166 166 172 172 166 132 132 132 132 116 116 139 109 109 126 126 109 95 95 95 95 95 80 80 80 80 80 51 51 51 63 63 40 40 40 40 40 28 28 3 3 3 3 3 3 
313 313 313 313 313 313 313 260 260 260 297 297 267 267 267 267 269 269 242 242 242 242 242 211 236 211 211 211 211 211 211 205 185 185 166 166 166 166 166 166 132 132 132 132 146 116 116 109 109 109 109 109 95 95 95 95 95 80 80 80 81 81 51 51 51 51 40 40 53 53 40 40 35 35 3 15 15 15 3 3 
325 325 325 325 325 310 310 260 260 260 297 297 287 287 260 260 260 260 260 227 227 227 227 211 211 211 211 211 219 211 211 205 185 185 185 185 166 166 173 132 132 150 150 150 146 141 116 109 109 109 109 109 118 118 95 95 95 80 80 80 81 76 76 51 51 51 40 55 3 3 3 3 35 35 3 15 15 15 15 4 
314 314 326 325 325 310 310 310 260 260 260 260 287 287 260 270 260 260 227 227 251 247 227 205 205 205 205 205 205 205 205 205 185 185 174 174 132 132 132 132 146 146 151 151 146 141 116 109 109 116 116 109 118 118 109 109 95 95 95 80 81 76 76 51 51 40 40 55 3 54 3 3 3 3 3 23 23 4 4 4 
314 314 326 326 326 310 310 310 260 260 260 260 260 260 260 270 270 270 227 257 247 247 227 205 205 213 213 213 213 142 142 142 142 142 174 174 174 174 174 146 146 146 146 146 146 141 116 116 116 116 116 109 109 109 109 40 96 96 96 80 80 82 76 51 51 40 64 55 3 3 3 3 3 3 3 23 4 4 16 4 
314 314 314 314 314 314 314 279 279 279 298 298 294 279 279 279 227 227 227 257 247 247 227 205 205 213 213 213 213 142 142 168 168 142 142 142 146 146 146 146 146 146 146 146 141 141 110 110 110 110 116 112 112 112 112 40 40 40 40 40 80 40 40 40 40 40 64 55 55 3 3 3 3 4 4 4 4 4 4 4 
314 337 337 314 314 314 314 279 279 279 294 294 294 279 285 227 227 261 261 227 227 227 227 205 205 213 213 213 213 213 142 168 168 191 190 142 146 146 146 146 146 146 146 146 141 141 110 110 110 110 116 112 112 112 112 40 40 40 40 40 40 40 77 43 43 43 43 55 55 3 3 37 37 4 32 29 4 4 4 4 
314 314 314 314 314 315 315 279 279 279 294 294 295 279 227 227 272 261 261 227 252 227 227 205 205 213 213 213 142 142 142 168 168 191 190 142 142 142 142 142 142 142 142 142 142 142 110 133 133 110 116 112 112 112 112 40 103 40 40 90 77 77 77 43 67 67 43 55 55 55 43 4 4 4 32 29 4 5 5 5 
331 331 331 314 314 315 291 291 279 279 294 294 279 279 273 273 261 261 261 227 252 226 226 205 205 205 205 205 142 142 142 168 168 191 191 180 180 123 123 142 142 160 158 143 143 110 110 110 110 110 116 112 112 113 113 40 40 40 97 77 77 43 43 43 67 67 43 43 43 43 43 4 29 29 29 29 4 5 5 5 
331 331 331 314 314 315 291 291 279 279 279 279 279 288 273 273 261 261 261 227 252 226 226 226 226 205 205 205 214 214 142 168 168 168 168 180 180 180 123 167 123 123 158 143 143 110 110 110 110 110 110 110 110 113 113 40 40 77 77 77 43 43 43 43 43 43 43 43 44 44 44 4 4 4 4 4 4 6 6 6 
331 331 331 331 314 315 315 291 291 279 279 288 288 288 273 273 273 227 227 227 227 226 226 226 226 205 205 214 214 142 142 199 199 194 168 180 180 180 123 123 123 123 158 143 143 143 110 110 110 122 122 122 110 110 110 110 43 43 43 43 43 70 43 43 43 43 43 43 44 25 25 25 25 25 4 4 24 6 6 6 
314 314 314 314 314 321 291 291 291 279 279 288 288 289 273 273 273 227 227 227 227 226 226 226 226 226 226 192 192 142 142 199 194 194 168 168 168 175 175 162 162 123 158 143 143 143 136 136 122 122 121 121 121 43 43 43 43 102 43 43 87 70 70 70 43 43 43 43 44 25 45 25 25 25 25 25 6 6 7 7 
314 314 314 314 316 316 291 291 274 274 274 274 274 274 274 274 274 227 253 253 253 232 232 232 232 232 192 192 192 215 192 192 194 194 192 168 168 175 175 162 162 123 123 123 123 123 136 122 122 65 121 121 121 43 43 43 91 91 91 91 78 78 78 70 70 20 20 20 20 25 25 25 25 25 25 25 6 6 6 6 
314 314 314 314 316 316 316 291 274 304 274 274 296 274 274 227 227 227 253 253 253 232 243 232 232 232 192 192 192 192 192 192 192 192 192 168 168 168 168 168 162 123 123 147 147 123 122 122 122 65 121 121 43 43 114 43 91 91 78 78 78 65 65 65 65 20 20 20 20 20 25 25 25 25 25 25 25 6 6 6 
314 314 314 314 316 316 316 291 274 274 274 274 274 274 227 227 275 233 233 254 254 232 232 232 216 216 216 200 200 200 200 192 192 181 181 181 181 148 148 169 162 123 123 147 123 123 122 122 122 65 65 121 43 43 43 43 91 91 78 78 65 65 72 72 65 65 65 20 58 20 46 20 20 36 20 20 20 6 6 6 
314 314 327 327 316 316 316 291 274 274 300 274 274 290 227 233 233 233 233 233 233 240 240 240 216 216 216 200 200 200 200 192 192 181 181 181 148 148 148 162 162 152 152 123 123 123 123 122 122 65 65 121 43 43 43 43 43 43 43 43 65 65 72 72 20 20 20 20 58 20 20 20 20 20 20 20 20 6 6 6 
314 314 327 327 327 316 316 291 300 300 300 227 227 227 227 233 233 237 237 237 233 240 240 240 216 216 216 225 216 216 200 200 200 181 181 181 148 148 148 148 148 152 152 123 123 123 123 123 123 65 65 65 98 43 43 43 43 43 43 88 88 65 73 73 20 58 58 58 58 38 38 38 38 20 20 20 20 6 6 6 
322 322 322 322 322 322 311 291 291 291 291 227 280 280 280 280 276 237 262 237 233 240 240 233 233 233 216 216 216 200 200 200 201 181 181 148 148 148 148 148 148 152 152 152 123 123 123 123 123 127 127 65 98 98 98 98 98 98 98 65 65 65 73 41 41 41 41 41 41 38 38 38 20 20 20 20 20 20 6 6 
322 339 328 328 322 322 311 311 301 301 291 227 227 280 280 276 276 237 237 237 233 233 233 233 202 202 202 220 200 200 200 200 182 182 182 148 148 148 148 163 163 152 159 123 123 123 123 123 123 127 127 65 65 65 65 104 104 98 98 65 73 73 73 41 41 41 42 41 41 41 41 41 20 20 20 20 26 21 8 8 
322 339 328 328 328 317 317 301 301 301 291 291 227 227 227 276 227 227 237 237 237 237 237 241 202 202 202 220 200 200 200 182 182 182 182 186 182 148 148 164 164 152 159 123 123 123 123 123 123 123 123 123 48 48 65 65 65 65 65 65 73 73 73 41 41 41 42 41 41 41 47 42 8 8 8 8 8 21 8 8 
322 264 328 332 328 301 301 301 301 301 301 291 291 291 227 227 227 227 237 237 237 237 237 237 237 202 202 220 220 200 200 182 182 182 182 182 182 148 152 152 152 152 159 123 123 130 130 130 130 130 123 123 48 48 65 65 105 65 65 65 83 83 73 41 41 41 42 42 42 42 42 42 8 9 9 9 8 8 8 8 
322 264 328 328 328 301 301 301 301 264 264 263 263 263 263 263 263 227 227 227 237 237 237 237 237 202 202 202 202 202 202 202 182 182 187 187 183 148 152 152 152 152 148 148 148 130 130 128 128 128 128 124 48 48 48 48 105 65 65 65 73 73 73 41 41 60 60 60 42 42 8 8 8 9 33 9 9 9 9 9 
322 264 264 323 323 323 264 264 264 264 264 263 263 263 263 263 263 263 263 227 227 248 237 237 237 217 217 217 217 202 202 202 183 183 183 183 183 148 148 148 148 148 148 148 148 124 124 128 131 131 124 124 48 106 106 48 48 48 73 73 73 73 73 48 48 60 48 48 48 48 8 8 8 9 8 8 9 9 17 10 
322 322 264 323 323 264 264 305 305 305 264 286 286 263 263 238 238 238 238 238 227 227 244 237 237 217 217 217 217 217 202 202 183 183 183 154 154 154 148 148 148 153 153 153 124 124 124 128 124 124 124 125 48 106 106 106 106 48 48 48 48 48 48 48 48 60 48 61 48 48 10 10 8 8 8 8 27 10 17 10 
322 322 264 264 264 264 305 305 305 264 264 286 286 286 286 238 238 238 238 238 238 227 227 227 227 227 227 217 217 217 202 206 183 183 183 154 154 154 148 148 148 153 153 153 124 144 124 124 124 124 124 125 48 99 99 99 99 92 92 92 48 48 61 61 48 48 48 61 48 48 10 10 10 8 8 8 27 10 10 10 
329 329 338 333 264 264 305 305 305 264 264 264 264 264 264 238 238 238 238 258 221 228 228 228 228 228 228 217 217 202 202 202 202 176 176 154 154 154 170 170 154 154 153 153 124 124 124 124 124 124 124 125 48 99 99 99 99 92 92 92 48 48 61 61 48 48 66 61 48 48 10 10 10 10 10 10 10 10 10 10 
329 333 333 333 302 302 302 302 302 302 302 264 264 292 264 238 238 238 238 258 221 221 221 221 221 221 221 221 221 202 202 202 203 176 176 176 184 154 170 170 154 154 154 154 124 124 124 124 124 124 124 124 48 48 48 99 99 99 61 93 61 61 61 61 61 61 61 61 48 48 48 10 10 10 10 10 10 10 10 10 
329 329 329 334 302 302 302 302 302 302 303 264 264 292 264 281 264 264 238 238 221 221 245 221 221 221 221 176 176 176 202 202 203 176 188 176 176 154 154 154 154 154 154 124 124 140 140 124 124 124 124 124 115 115 48 48 99 99 61 61 61 71 71 61 61 61 61 61 39 39 39 39 10 10 10 10 22 22 10 10 
340 340 329 329 329 302 302 302 302 302 303 264 264 292 264 264 264 264 264 238 238 238 238 238 238 221 221 176 176 176 176 176 176 176 188 188 176 176 176 154 154 154 154 124 124 124 124 124 124 124 124 124 115 115 115 48 99 99 99 89 89 71 71 71 71 61 61 61 39 39 39 39 39 10 10 30 22 22 10 10 
