362 316 316 316 316 316 316 316 316 316 316 308 272 272 293 293 272 272 272 272 227 227 248 248 248 234 234 234 168 168 168 168 168 194 194 194 194 167 167 167 167 167 167 149 149 149 133 133 133 133 134 133 67 67 109 109 109 109 91 91 91 91 1 1 1 1 1 1 56 56 1 1 43 13 13 13 13 13 13 1 
316 316 354 316 316 336 336 310 310 294 294 308 272 272 272 272 272 283 227 227 227 227 234 234 234 234 234 234 168 168 168 168 168 194 194 194 194 167 168 168 168 168 168 149 149 133 133 133 133 133 133 133 67 67 109 109 109 109 91 91 91 91 1 1 1 1 1 1 1 1 1 1 1 13 13 27 27 1 1 1 
316 344 344 344 344 331 331 331 310 294 294 309 272 272 272 294 227 227 227 273 227 227 234 234 234 234 234 227 227 217 217 168 168 194 194 194 194 168 168 179 146 146 146 149 149 133 135 135 135 67 67 67 67 67 67 67 67 67 67 67 91 91 82 82 1 1 1 1 1 4 4 4 1 1 13 1 1 1 2 2 
316 344 344 331 331 331 310 310 310 294 294 309 294 294 294 294 227 227 256 256 227 255 255 227 227 227 227 227 217 217 214 214 168 206 168 168 168 168 185 146 146 169 146 146 146 135 135 135 135 67 67 67 67 118 118 67 67 110 67 67 92 92 82 82 1 1 1 1 1 52 52 4 4 1 1 1 14 14 2 2 
316 344 344 331 310 310 310 325 325 294 294 294 294 295 295 295 287 227 227 256 227 227 227 227 236 236 236 235 217 217 214 215 168 168 168 195 195 146 146 146 146 146 146 161 146 135 135 135 120 120 120 120 67 67 119 67 67 110 67 71 71 71 71 1 1 1 1 1 1 1 1 4 4 14 14 14 14 14 14 3 
316 316 331 331 310 310 310 310 310 310 310 294 294 227 227 227 287 227 227 256 256 256 256 236 236 236 236 235 217 217 214 214 196 196 196 146 146 146 146 146 146 146 146 161 146 135 135 120 120 139 120 120 67 67 67 67 67 67 67 71 71 71 71 71 75 1 1 57 57 57 1 4 14 14 14 14 3 3 3 3 
316 316 331 331 331 331 326 326 310 310 310 310 227 227 299 227 287 227 257 257 257 257 257 236 249 236 236 236 217 217 214 214 196 196 196 188 188 188 146 146 172 161 161 161 146 135 135 120 120 139 120 120 67 67 67 67 111 99 99 71 71 71 88 71 71 71 1 1 1 1 1 4 14 14 14 14 21 21 4 4 
316 326 326 326 326 326 326 326 326 227 227 311 227 299 299 227 227 227 222 222 222 258 258 236 236 236 222 222 222 222 214 214 196 196 196 196 150 150 150 172 172 161 161 162 146 135 135 135 120 120 120 67 67 67 67 67 111 99 99 99 67 67 88 72 72 72 58 58 58 49 49 4 4 29 29 14 14 14 4 4 
316 316 316 345 345 326 326 227 227 227 227 227 227 227 227 296 222 222 222 263 222 222 222 222 222 242 222 214 214 214 214 214 196 196 196 196 150 150 150 150 173 161 161 162 146 146 146 135 135 135 120 67 67 67 67 67 111 111 67 67 67 67 88 72 72 72 58 58 58 58 49 49 4 29 29 29 14 14 15 4 
363 316 316 345 345 337 337 227 327 227 227 227 227 227 296 296 222 278 278 263 263 263 222 222 222 242 222 214 214 214 214 214 196 196 196 196 196 150 150 150 173 161 161 162 136 136 136 142 135 135 120 120 120 120 120 67 67 67 67 67 67 67 67 67 67 72 58 58 50 50 50 50 4 30 30 30 14 14 4 4 
363 316 316 316 316 337 337 227 227 227 227 227 227 301 296 222 222 278 278 222 222 222 222 222 222 242 222 223 214 214 214 214 150 150 150 150 150 150 150 162 162 162 162 162 136 136 136 142 135 135 135 116 116 120 120 67 67 112 83 83 83 83 83 83 67 67 67 50 50 50 50 4 4 30 4 4 4 4 4 5 
363 316 316 350 316 316 337 284 284 284 227 227 227 296 296 222 222 222 279 222 222 222 222 254 222 222 222 223 214 214 210 210 210 204 204 150 150 189 150 162 162 162 162 163 147 147 136 136 136 136 116 116 116 116 116 116 83 83 83 83 83 83 68 68 76 67 67 50 50 50 50 4 4 4 4 4 4 4 16 5 
346 346 346 346 346 316 316 284 284 284 284 284 296 296 228 228 228 222 279 222 222 222 222 222 243 222 222 223 223 223 210 216 204 204 150 150 150 189 150 150 150 150 162 163 147 147 147 136 136 136 116 116 116 116 116 116 83 83 83 83 83 83 68 68 68 68 68 50 50 50 50 41 41 4 33 4 4 5 5 5 
346 346 346 341 341 341 316 332 328 312 312 284 296 296 228 228 228 222 222 222 269 222 259 222 243 222 222 237 228 210 210 216 204 204 150 150 150 150 150 150 150 150 163 163 130 130 130 130 141 136 136 116 116 123 106 106 106 106 106 100 68 68 68 50 50 50 50 50 53 41 41 41 44 4 4 4 4 5 5 5 
346 346 346 346 332 332 332 332 328 312 284 284 296 296 228 228 274 274 274 274 269 222 222 222 243 243 237 237 228 210 210 197 197 197 197 150 150 150 150 150 150 170 150 150 154 130 130 130 130 130 130 116 116 106 106 106 106 100 100 100 68 68 50 50 77 63 63 63 53 41 41 41 41 41 34 4 4 5 5 5 
346 346 346 346 332 342 318 318 328 312 284 284 296 284 284 228 228 269 269 269 269 222 222 244 244 244 237 228 228 210 210 197 197 197 197 200 150 150 150 150 150 150 150 150 150 150 124 124 124 124 130 116 116 106 106 106 100 100 101 101 96 50 50 63 63 63 63 63 53 53 53 34 34 34 34 4 4 22 17 6 
329 329 329 329 332 332 318 318 307 312 312 284 284 284 284 284 228 269 269 264 264 264 228 228 228 228 237 228 229 218 218 197 197 197 197 190 190 150 150 180 150 150 150 151 151 124 124 143 124 124 130 130 130 106 106 100 100 107 101 101 96 50 63 63 73 64 64 64 60 17 17 34 17 17 17 17 17 17 17 6 
329 329 329 329 329 332 318 318 307 317 312 312 306 284 284 284 228 228 228 264 228 228 228 228 228 228 228 228 229 218 218 197 197 197 201 190 190 190 150 150 150 150 150 150 151 124 143 143 124 124 124 124 124 124 100 100 107 107 96 96 96 50 50 74 73 64 64 60 60 17 17 17 17 35 35 23 23 23 6 6 
359 359 329 329 329 329 318 318 307 317 317 306 306 284 270 270 270 270 228 228 228 265 228 228 228 228 228 229 229 224 211 211 211 197 201 201 190 190 150 150 174 150 150 150 151 124 143 124 124 124 124 124 121 125 100 100 107 17 96 96 96 50 50 74 73 73 64 64 17 17 17 17 35 35 36 23 6 6 6 7 
359 329 329 329 329 329 338 318 307 307 306 306 307 284 270 270 270 270 225 225 225 225 228 228 228 228 228 224 224 224 211 211 211 197 197 197 197 181 181 181 151 151 151 151 151 124 124 124 124 124 124 124 121 121 121 100 107 17 17 17 97 50 50 74 74 74 64 64 17 17 35 35 35 23 23 23 6 6 6 7 
359 329 355 329 329 338 338 318 318 307 307 307 307 284 270 270 270 270 280 260 260 225 225 225 225 225 225 230 230 202 202 202 202 202 202 181 181 181 182 182 151 155 155 155 155 124 124 124 124 124 124 124 124 100 100 100 107 107 107 17 17 84 84 84 17 17 64 64 17 17 28 28 23 23 23 23 23 24 6 6 
359 329 329 329 329 329 329 329 318 318 318 307 307 284 284 284 270 270 280 260 260 260 260 225 225 245 225 230 230 202 202 202 202 202 202 181 181 181 182 182 151 155 155 155 155 124 124 124 124 124 124 124 124 100 100 100 89 89 89 102 17 17 17 85 17 17 17 17 17 28 28 28 23 23 23 23 23 8 8 6 
359 359 329 329 329 329 329 329 329 281 281 281 288 288 284 284 270 270 270 260 260 260 261 225 225 245 225 225 225 225 202 202 202 202 202 202 181 181 175 175 151 151 151 151 151 151 126 126 126 126 126 126 100 100 100 100 89 89 89 86 86 93 17 17 17 17 17 17 61 28 28 28 28 28 28 28 28 8 8 8 
359 359 329 329 329 343 313 313 281 281 319 281 288 288 284 297 270 270 270 270 270 266 246 246 250 226 226 226 226 226 219 202 202 202 202 181 181 191 186 175 175 151 151 152 152 152 126 126 126 126 126 126 100 100 100 89 89 89 89 86 86 86 86 17 17 17 17 17 31 31 51 51 31 31 31 8 8 8 8 8 
356 356 356 333 333 333 339 313 313 319 319 281 288 288 284 284 284 284 246 246 246 266 246 246 250 226 226 226 231 219 219 202 202 202 205 181 181 181 186 176 176 156 156 152 152 144 144 144 115 115 126 126 126 89 89 89 114 89 89 86 86 86 86 86 17 17 17 17 31 31 31 31 31 31 31 8 8 8 18 8 
356 356 356 333 333 333 333 333 313 313 320 281 288 288 288 288 288 285 246 246 246 266 246 246 246 246 226 226 231 219 219 202 202 205 205 181 181 181 186 176 176 156 156 152 152 144 144 115 115 115 115 115 126 89 89 89 89 89 89 86 86 94 47 47 47 17 17 31 31 31 31 45 45 31 31 8 8 8 8 8 
347 347 347 347 333 333 334 334 313 313 320 281 281 289 289 289 289 285 246 246 246 246 246 251 226 226 226 231 231 219 219 205 205 205 187 187 187 187 183 183 176 156 156 156 156 144 144 115 115 127 127 131 126 126 89 89 89 89 89 86 86 94 47 78 47 47 69 31 31 31 31 31 31 31 37 8 8 8 8 9 
347 347 347 347 347 333 334 334 313 323 313 313 281 281 281 281 290 285 246 246 246 246 251 251 226 226 240 231 231 205 205 205 207 207 187 187 187 187 183 183 176 144 144 144 144 144 115 115 115 127 127 131 131 127 89 89 89 89 103 103 94 94 47 78 78 47 47 47 47 47 42 42 42 31 31 31 19 19 19 9 
333 333 333 351 333 333 335 335 313 313 313 300 300 300 300 281 281 285 246 246 262 262 251 187 187 226 226 226 226 226 187 187 187 187 187 192 192 187 187 176 176 144 144 144 144 144 115 127 127 127 127 127 132 127 89 89 89 89 89 89 94 89 89 78 78 47 47 62 47 47 42 42 42 42 9 9 19 19 19 9 
333 357 333 333 333 314 314 314 314 314 321 300 300 300 298 298 281 281 281 275 262 262 251 251 187 187 187 187 187 226 187 208 193 193 193 192 176 176 176 176 177 144 144 144 144 144 115 115 115 115 115 127 127 127 89 89 89 89 89 89 89 89 79 79 79 47 47 62 47 59 46 46 46 9 9 9 9 20 20 9 
333 357 357 333 333 314 314 314 314 314 321 314 300 300 298 282 282 282 282 275 262 262 262 251 251 187 187 187 187 187 187 208 193 193 193 192 176 176 176 184 164 144 144 144 144 144 145 145 115 115 115 115 115 89 89 89 89 89 89 89 89 79 79 48 48 48 48 62 47 47 46 47 47 9 9 9 9 20 20 9 
333 333 333 333 314 314 315 315 314 314 314 314 300 286 298 282 282 282 282 276 262 262 262 238 238 187 187 187 232 187 187 208 208 208 193 192 192 192 176 184 164 164 164 164 157 115 115 115 115 115 115 115 115 89 115 115 115 98 98 98 98 79 79 48 48 48 70 62 62 47 47 47 38 38 38 9 9 25 9 9 
358 352 352 352 314 314 314 315 315 315 315 315 300 286 286 282 282 286 276 276 271 252 252 238 238 247 241 212 212 212 220 159 159 159 193 193 193 193 176 176 171 171 165 165 157 115 137 137 137 137 137 89 89 89 115 115 98 98 98 98 98 40 40 40 40 48 48 48 48 47 47 9 38 9 9 9 9 9 9 10 
358 353 353 353 314 314 314 314 330 314 314 302 302 302 286 286 286 286 276 276 271 252 252 252 238 238 241 212 233 212 220 159 159 159 159 159 198 159 159 176 176 165 165 157 157 115 115 115 137 137 115 115 128 128 122 115 98 98 98 98 98 40 40 40 40 40 65 65 48 54 54 9 9 9 32 32 10 10 10 10 
358 353 353 353 314 314 314 314 330 314 314 302 303 303 286 286 271 271 271 271 271 252 252 252 252 238 241 212 212 212 212 212 159 159 159 159 159 159 159 159 159 165 165 157 158 115 115 115 137 137 115 115 115 115 122 115 98 98 104 104 98 40 90 40 40 40 65 65 48 48 48 48 9 9 32 32 10 10 10 11 
358 358 353 353 314 314 314 330 330 314 314 302 212 304 291 291 271 271 271 267 267 267 252 252 252 238 238 238 212 221 221 212 212 159 159 203 199 178 159 159 159 165 165 157 157 148 148 115 115 115 115 115 115 115 115 115 98 113 104 104 98 40 90 40 40 40 40 66 48 48 55 48 48 39 39 10 10 10 10 10 
360 358 358 348 348 314 314 314 314 314 302 302 212 212 291 291 291 212 212 267 267 267 212 212 212 212 212 212 212 213 213 213 213 209 199 199 199 178 159 159 159 159 157 157 157 148 108 108 108 108 138 115 115 115 115 117 98 98 98 98 98 40 40 87 40 40 40 40 40 40 55 48 48 39 39 10 10 10 10 10 
360 360 348 348 314 314 340 314 324 324 302 305 305 212 212 292 292 212 212 277 212 212 212 253 253 239 239 212 212 213 213 213 213 209 199 199 199 178 159 159 159 159 157 159 159 153 108 108 108 108 138 115 115 115 115 117 105 105 105 105 95 95 40 40 40 40 40 40 40 40 40 40 12 12 12 12 10 26 10 10 
361 361 348 348 314 314 314 314 324 324 302 305 305 305 212 212 212 212 212 212 212 268 253 253 239 239 239 239 213 213 213 209 209 209 199 199 178 178 178 178 159 159 159 159 160 153 108 108 108 108 108 108 108 129 108 108 105 105 105 105 95 95 80 80 80 40 40 40 40 40 40 40 12 12 12 12 10 10 10 12 
361 361 348 348 349 314 314 322 322 322 322 305 305 305 212 212 268 268 268 268 268 268 253 253 239 239 239 239 213 213 213 209 209 209 199 199 178 178 178 178 178 159 159 166 160 153 108 108 140 140 108 108 108 108 108 108 108 108 108 80 80 80 80 81 81 40 40 40 40 40 40 40 40 40 40 12 12 12 12 12 
