295 295 295 295 295 295 295 295 295 295 295 249 249 249 273 266 266 246 246 246 246 246 236 236 236 220 220 213 213 213 185 185 185 185 185 185 185 185 167 167 167 130 130 130 130 148 148 134 134 134 99 99 99 99 99 99 102 99 81 81 81 81 81 71 71 43 43 43 43 47 47 35 35 35 15 15 15 15 1 1 
295 295 295 325 295 295 310 310 295 295 296 249 249 249 249 266 249 249 249 249 249 236 236 239 220 220 220 213 213 213 185 185 185 185 185 185 167 186 167 178 167 130 130 130 130 130 130 134 134 99 99 109 109 109 109 99 99 99 81 81 81 71 71 71 43 43 43 43 47 47 48 35 35 35 15 15 15 15 1 2 
295 295 334 325 325 310 310 249 249 249 249 288 249 249 249 249 249 255 255 255 236 236 239 239 220 231 220 213 213 210 210 190 190 190 145 145 167 167 167 167 167 130 130 155 155 155 130 99 134 99 99 109 109 109 109 109 99 99 71 71 71 71 76 76 43 43 62 62 47 36 36 36 35 35 15 15 1 1 1 2 
295 295 308 308 308 310 310 249 249 300 249 249 281 249 249 249 256 255 255 256 236 236 239 239 220 231 220 220 220 210 210 190 190 190 145 145 145 167 167 167 169 169 167 155 130 130 130 99 134 134 99 99 99 109 109 110 72 72 72 72 72 72 69 69 69 43 43 43 47 36 36 36 36 36 15 15 1 1 9 2 
337 337 308 308 308 321 308 308 249 249 297 249 249 249 249 249 256 256 256 256 250 236 239 239 220 231 231 211 211 214 210 190 190 195 145 145 145 167 167 167 167 167 167 155 130 130 130 99 99 99 99 99 99 99 109 109 72 72 72 72 72 72 69 69 69 69 43 43 47 47 36 36 36 36 22 22 22 1 2 2 
337 337 308 308 308 308 308 308 308 249 249 289 249 249 249 249 261 261 250 250 250 236 239 220 220 231 231 211 211 211 211 190 190 195 145 145 145 145 145 145 145 170 155 155 130 130 130 130 99 99 99 99 126 99 111 111 72 72 72 72 72 87 69 69 69 69 43 63 47 47 49 22 22 22 22 22 22 1 2 2 
337 337 329 329 316 316 316 311 276 276 249 249 249 249 249 249 196 196 250 236 236 236 239 220 220 220 220 211 211 211 190 190 190 195 145 145 145 145 145 145 145 155 155 145 145 145 130 130 99 99 99 99 126 99 99 99 72 72 72 72 72 72 69 69 69 69 43 47 47 52 49 22 22 23 23 23 23 1 1 2 
338 338 329 329 316 316 311 311 276 276 276 290 276 276 196 196 196 196 236 236 236 236 236 236 220 220 220 211 211 211 190 190 190 190 190 190 145 145 145 155 155 155 145 145 161 145 130 130 130 130 130 99 126 99 99 99 99 72 72 72 88 72 69 69 69 69 43 47 43 43 49 22 22 23 23 22 22 2 2 2 
338 329 329 329 316 316 311 311 276 276 276 276 276 277 196 267 267 196 236 236 236 220 220 220 220 232 232 221 221 190 190 190 190 190 168 168 145 145 145 145 145 145 145 161 161 145 145 145 135 135 130 99 126 99 99 112 99 72 72 72 88 72 72 72 72 43 43 47 43 43 43 22 22 22 22 22 22 2 2 2 
329 329 329 329 316 316 317 309 309 276 276 291 196 196 196 196 196 196 236 236 236 232 232 232 232 232 221 221 190 190 190 190 190 190 168 168 145 145 171 171 171 171 168 161 161 142 142 142 135 136 130 99 99 99 99 99 99 88 88 88 88 72 72 73 73 43 43 43 43 43 43 43 28 28 28 28 2 2 10 2 
329 329 330 330 322 322 309 309 276 276 276 242 196 196 196 196 196 262 236 236 236 232 233 233 232 232 221 221 190 190 190 204 190 190 168 168 168 168 168 168 168 168 168 142 142 142 146 142 142 130 130 122 122 122 99 99 103 88 88 88 73 73 73 73 54 54 56 43 43 43 2 2 28 28 28 28 2 2 2 2 
341 329 330 331 322 322 309 309 276 276 276 242 242 242 274 196 196 262 196 196 196 232 233 233 233 233 221 221 190 190 190 190 190 172 172 180 180 180 180 168 168 142 142 142 142 142 146 146 130 130 132 122 127 88 88 103 103 88 93 73 73 82 82 54 54 54 56 56 56 2 2 2 2 2 2 2 2 16 2 2 
329 329 330 322 322 322 309 309 301 301 276 276 276 242 242 196 196 196 196 196 196 232 222 222 222 222 222 222 222 205 205 205 172 172 172 180 180 180 176 176 176 142 142 142 142 142 146 146 130 122 122 122 127 88 88 88 88 88 93 73 73 73 73 54 54 54 54 54 57 2 2 2 2 2 3 3 3 3 11 3 
329 329 329 322 322 322 309 309 301 301 242 242 242 278 242 242 196 196 196 196 232 232 222 222 222 222 222 205 223 205 205 206 172 172 189 189 189 180 176 176 176 142 142 142 142 142 149 128 130 137 114 114 127 88 88 88 88 73 73 73 73 73 73 77 54 54 54 54 2 2 2 2 2 2 3 3 3 3 3 3 
329 329 329 322 322 301 301 301 301 301 242 242 242 278 242 242 196 196 196 196 196 196 241 222 222 222 222 205 205 205 205 196 196 172 172 189 189 180 176 176 156 156 156 162 162 149 149 128 130 130 114 114 114 114 114 38 38 38 94 73 73 73 54 54 54 54 54 2 2 53 2 2 2 37 3 12 12 12 12 4 
342 301 301 301 326 301 302 302 302 302 242 242 242 278 242 263 263 263 257 257 251 196 196 237 237 222 222 196 196 196 196 196 196 196 172 189 189 180 180 172 172 172 156 162 162 149 149 128 128 130 114 114 114 83 83 38 104 38 94 73 73 73 54 54 54 54 54 2 2 2 2 2 2 2 3 12 3 3 4 4 
342 301 301 301 301 301 302 302 303 303 242 292 242 242 242 263 257 257 257 251 251 196 196 237 196 196 196 196 197 197 197 197 197 197 172 191 180 180 180 172 173 156 156 162 162 149 149 128 128 130 130 130 83 83 83 38 38 38 38 38 38 38 78 78 54 54 54 58 58 2 44 44 2 2 3 3 3 3 4 4 
342 301 301 304 304 318 318 280 293 293 242 242 242 279 275 257 257 257 257 251 251 196 196 196 196 196 196 197 197 197 197 197 197 198 172 172 172 172 172 172 173 156 162 162 156 156 128 128 131 131 83 83 83 83 83 113 38 38 38 38 38 38 38 38 38 38 54 58 58 2 2 2 2 32 32 3 3 3 4 4 
304 304 304 304 304 318 280 280 293 293 293 293 242 242 275 257 257 257 257 251 251 242 242 196 196 203 203 197 197 197 197 197 197 197 158 158 158 187 179 179 173 156 162 162 156 156 128 128 131 131 131 131 128 83 105 105 105 38 38 38 38 38 74 74 74 38 54 54 54 54 29 29 29 29 29 3 24 17 4 5 
304 339 304 304 304 318 280 280 280 298 298 280 280 242 242 242 251 251 251 251 242 242 240 240 203 203 203 203 203 197 197 197 197 197 158 192 158 158 179 179 173 156 156 156 156 156 150 128 138 138 128 128 128 83 105 105 105 38 38 38 38 38 74 74 75 38 38 38 38 29 29 29 29 29 29 29 17 17 4 4 
304 304 304 332 304 304 304 304 280 280 280 280 280 280 242 242 251 251 251 258 242 240 240 240 203 203 203 203 203 197 197 197 197 158 158 158 158 158 158 158 173 173 163 163 163 157 150 128 138 128 128 83 83 83 115 89 89 89 89 89 89 79 79 79 31 31 64 64 38 29 29 29 17 17 30 30 17 4 4 4 
343 304 304 304 304 319 319 304 304 280 280 294 280 280 242 242 242 242 242 242 242 240 240 240 228 228 228 228 203 215 197 197 203 158 158 158 158 158 158 158 158 158 163 157 157 157 150 128 128 128 83 83 89 89 89 89 106 89 89 89 79 79 79 31 31 31 64 64 38 45 45 45 17 17 17 17 17 4 4 4 
304 304 304 304 319 319 312 312 304 304 294 294 280 280 259 259 259 259 259 243 243 243 212 212 228 229 229 229 203 203 203 203 203 193 193 193 158 158 181 158 158 158 163 157 157 151 151 83 83 139 83 83 89 89 89 89 106 89 89 89 79 79 79 80 31 31 31 31 38 45 45 45 17 17 17 17 4 4 4 4 
304 304 304 304 319 312 312 313 282 282 294 282 282 259 259 269 264 264 243 243 243 243 212 212 228 229 229 212 212 216 203 203 193 193 193 193 181 181 181 158 158 158 163 163 151 151 83 83 83 83 83 83 116 116 116 89 106 83 83 83 83 83 83 80 31 31 31 31 38 38 38 38 38 17 17 17 4 4 4 4 
304 304 312 312 319 312 320 282 282 282 282 282 259 259 259 259 264 243 243 243 243 243 212 228 228 229 229 212 212 212 193 193 193 199 181 181 181 181 181 158 158 158 158 163 152 152 83 83 140 140 116 116 116 116 116 89 83 83 95 84 84 84 80 80 31 31 31 31 59 38 38 39 39 17 17 18 18 18 4 4 
304 304 304 312 312 312 282 282 305 305 283 283 259 259 259 259 243 243 260 243 243 243 212 212 212 212 212 212 224 212 193 193 181 181 181 153 153 188 177 177 177 174 158 163 152 152 152 83 140 140 116 116 116 117 117 89 83 100 95 84 84 84 84 31 31 31 31 59 59 31 31 39 4 4 4 4 4 4 4 6 
304 304 304 312 312 323 282 282 305 305 283 283 283 259 259 259 243 260 260 243 243 243 243 212 212 234 212 212 224 212 212 193 181 153 153 153 153 153 177 174 174 174 158 158 158 158 83 83 83 83 83 83 83 83 83 83 83 100 95 84 84 31 31 31 31 31 31 31 31 31 31 4 4 4 4 6 6 19 6 6 
335 335 299 299 323 323 282 282 305 305 299 259 259 259 270 270 243 243 243 243 252 225 225 225 225 234 212 212 225 207 207 207 181 153 153 194 153 153 177 177 174 174 164 164 164 159 83 147 83 123 123 123 123 123 118 83 83 95 95 65 65 31 31 31 31 20 20 31 31 31 31 4 4 4 4 6 6 19 6 7 
335 335 299 299 299 299 314 314 305 305 299 259 259 259 270 265 265 243 243 225 225 225 225 225 225 225 225 225 225 207 207 181 181 153 153 194 153 153 153 153 153 153 164 164 159 159 83 83 83 123 118 118 118 118 118 107 107 95 95 65 65 65 65 65 20 20 20 20 60 31 40 4 4 4 4 6 6 6 6 7 
344 335 299 299 299 299 299 315 299 299 299 284 284 259 270 265 265 245 245 225 225 225 225 225 225 225 226 226 207 207 207 181 181 153 153 153 153 153 175 175 153 153 164 164 159 159 153 123 123 123 101 101 101 124 107 107 108 65 65 65 90 65 65 65 65 65 65 20 31 31 40 40 40 4 4 31 13 13 13 7 
335 335 299 299 299 299 299 299 299 299 299 284 285 259 270 270 265 245 245 253 253 208 208 208 226 226 226 226 207 207 207 207 181 200 153 153 153 182 175 175 153 153 153 153 153 153 153 123 101 101 101 101 101 124 107 107 107 65 65 85 85 85 85 42 42 42 20 20 31 31 31 31 31 31 31 31 13 13 13 7 
335 340 299 299 327 299 299 299 284 284 284 284 285 259 270 270 265 265 245 235 235 244 244 208 208 208 208 226 226 217 181 181 181 200 153 153 153 182 175 175 175 123 123 165 153 153 123 123 101 101 101 101 129 101 101 101 107 101 65 65 65 65 42 42 42 42 20 20 31 31 50 31 31 33 33 20 20 20 13 7 
335 335 335 299 299 299 284 284 284 306 285 285 285 259 259 271 247 247 245 235 235 235 235 235 235 235 208 208 208 217 181 181 181 166 166 166 166 182 182 175 175 123 123 165 123 123 123 125 125 101 101 101 101 101 119 101 101 101 65 65 91 65 42 67 42 66 66 20 61 20 20 20 20 20 20 20 25 13 13 7 
335 335 335 284 284 284 284 284 284 306 285 286 286 259 259 247 247 247 245 235 235 235 184 184 184 184 208 208 208 208 208 208 166 166 166 166 166 183 175 175 123 123 123 123 123 123 123 125 125 125 125 125 101 101 65 65 65 65 96 65 65 65 42 67 42 66 66 20 20 20 20 14 41 34 34 13 13 13 7 7 
335 335 335 284 328 284 284 259 259 259 285 259 259 259 259 247 247 247 245 245 235 235 184 184 238 184 184 184 227 184 184 184 166 166 166 166 166 183 175 175 123 123 123 123 123 123 123 125 143 125 125 125 125 125 65 65 65 65 96 65 92 42 42 67 42 42 42 42 20 20 20 14 14 34 34 13 26 7 7 7 
335 335 336 284 284 284 284 259 307 259 259 259 259 259 259 247 247 247 247 245 245 245 245 184 184 184 184 184 184 184 201 184 184 166 166 166 166 183 183 175 175 175 123 160 160 160 123 125 125 125 65 65 65 65 65 65 65 65 65 65 92 42 86 67 67 67 67 42 42 20 20 46 14 14 14 14 14 7 7 7 
335 335 336 333 284 284 284 259 307 268 268 268 268 268 268 272 248 248 247 247 247 247 218 218 184 184 184 230 218 218 201 184 184 166 166 166 166 166 166 166 175 175 123 123 123 123 123 141 125 125 65 120 120 120 120 97 97 65 65 92 92 42 42 42 42 42 42 42 42 55 42 42 42 21 21 21 14 14 14 8 
345 287 287 333 284 284 284 259 307 268 268 268 268 268 268 272 248 248 248 248 254 218 218 218 218 218 218 218 218 218 201 184 184 184 184 166 166 166 184 166 166 133 133 133 133 123 123 141 144 141 65 120 65 65 97 97 97 97 97 68 68 68 68 68 68 70 42 42 42 42 42 21 21 21 21 21 27 21 8 8 
287 287 287 287 324 324 259 259 307 307 268 268 268 268 272 272 248 248 248 248 254 218 218 218 218 218 218 218 218 218 201 209 201 201 184 166 166 166 184 166 166 133 133 133 133 154 154 141 141 141 65 65 65 65 97 97 97 98 98 68 68 68 68 68 68 70 68 42 42 42 51 21 21 21 21 21 21 21 8 8 
287 287 287 287 287 287 287 287 287 287 287 287 287 268 268 268 268 248 248 248 248 248 218 218 218 218 218 219 219 219 201 201 201 202 184 184 184 184 184 166 166 166 166 166 133 133 133 133 133 133 133 65 65 65 121 97 97 98 98 68 68 68 68 68 68 68 68 42 42 42 51 21 21 21 21 21 21 21 8 8 
