336 336 321 321 321 321 306 306 306 294 294 294 294 260 260 279 260 260 260 260 254 180 180 180 180 180 223 223 223 223 212 212 204 204 180 180 180 180 180 162 162 165 162 138 138 149 149 138 138 119 119 119 119 119 119 104 104 104 68 68 68 58 58 58 58 58 58 58 58 58 1 1 1 13 13 13 13 13 13 1 
321 321 321 306 306 306 306 310 307 294 294 294 294 260 260 260 260 269 260 260 254 180 180 180 180 180 180 180 180 180 212 212 204 204 180 180 180 162 162 162 162 162 162 138 138 149 149 138 138 119 119 119 119 104 104 104 68 68 68 68 68 58 58 58 58 58 58 58 58 1 1 1 1 1 1 1 24 1 1 1 
321 321 321 306 307 307 307 307 307 294 294 294 294 260 260 260 254 254 254 254 254 180 180 244 180 180 180 209 209 180 180 180 180 180 180 180 180 162 162 162 163 163 163 138 138 138 138 138 138 119 119 119 119 104 112 112 68 100 100 68 68 58 58 82 58 58 58 58 58 1 1 1 41 41 36 1 1 1 2 2 
340 306 306 306 307 308 308 307 307 282 282 282 282 282 282 260 254 254 254 255 255 180 180 180 180 240 209 209 209 218 218 180 180 191 191 187 187 187 162 162 163 163 164 138 138 138 138 138 138 119 119 123 123 104 104 104 68 68 68 96 68 68 68 68 68 70 70 68 2 2 2 2 2 36 36 2 2 2 2 3 
340 306 329 329 307 308 308 308 308 282 298 282 282 288 260 260 254 254 255 255 180 180 180 180 209 209 209 225 225 209 209 213 209 191 191 187 187 162 162 173 173 163 108 154 154 108 108 139 139 120 120 123 123 123 104 104 68 68 68 87 87 87 68 68 68 68 68 68 2 2 2 2 2 36 37 2 14 14 14 3 
306 306 329 329 307 307 316 308 308 282 298 260 260 260 260 273 273 248 248 180 180 247 180 180 209 209 209 209 209 209 209 209 209 191 191 191 191 162 162 173 163 163 108 154 154 108 108 139 139 120 120 120 123 123 104 104 68 68 68 87 87 87 69 69 69 69 69 69 4 4 2 2 2 36 2 2 14 3 3 3 
306 306 306 316 316 316 316 282 282 282 260 260 260 260 248 248 248 248 248 180 226 226 226 226 226 226 235 226 226 200 200 214 200 200 200 191 191 188 162 173 163 166 108 108 154 108 108 108 139 120 120 120 120 120 89 89 89 89 87 87 87 87 69 69 69 69 4 4 4 4 50 50 2 2 2 3 3 3 3 3 
337 337 306 306 306 306 317 282 304 304 260 260 289 289 248 248 248 248 248 180 180 180 180 226 226 226 226 226 200 200 200 200 200 200 188 188 188 188 162 162 163 163 163 108 108 108 108 108 120 120 120 120 120 120 89 89 89 89 87 87 87 87 69 69 69 69 4 42 42 4 4 4 46 2 2 3 3 3 3 3 
337 337 306 306 306 306 282 282 304 304 260 260 289 248 248 248 248 248 248 248 248 248 180 230 230 230 230 230 200 215 215 200 200 200 188 167 167 167 181 163 163 163 163 155 155 108 108 120 120 120 120 120 120 120 89 89 89 89 89 87 87 87 87 4 4 4 4 42 42 42 42 4 4 30 30 30 3 3 3 3 
323 323 306 306 306 306 282 282 304 304 260 260 289 248 248 248 248 256 256 256 256 180 180 230 230 200 200 200 200 200 215 215 188 188 188 167 192 167 181 163 163 163 163 155 156 108 120 120 108 108 108 120 120 120 120 89 89 90 89 89 89 89 4 4 76 76 71 42 42 42 42 51 4 30 30 30 3 3 3 3 
323 323 299 299 322 306 311 311 304 304 299 260 289 256 256 256 256 256 261 261 257 180 245 245 200 200 200 200 227 200 215 215 188 188 188 167 192 167 167 167 167 167 155 155 156 108 120 108 108 108 108 126 120 120 105 105 105 90 90 90 90 90 4 83 71 71 71 42 42 42 42 42 4 4 4 4 4 15 15 4 
323 299 299 299 299 299 311 311 299 299 299 260 256 256 283 256 256 256 256 262 257 180 245 200 200 227 227 227 227 200 219 188 188 188 188 167 168 168 182 168 168 168 155 156 156 108 108 108 108 108 131 126 126 105 105 106 106 4 4 97 4 4 4 83 71 42 42 42 42 42 47 42 42 42 4 4 4 4 16 4 
323 299 323 323 323 299 299 299 299 299 299 260 256 256 256 256 256 256 256 257 257 180 180 200 200 227 227 200 200 200 188 188 167 167 167 167 168 168 168 168 168 168 155 108 108 108 108 145 108 108 108 108 108 105 105 106 106 4 4 4 4 83 83 83 71 42 42 42 42 59 47 47 47 43 4 4 25 4 4 4 
323 323 323 300 300 300 300 300 300 300 300 260 295 256 256 270 270 256 256 257 249 249 180 246 200 200 200 200 228 188 188 167 167 205 167 167 168 168 169 169 169 169 155 108 108 108 108 145 127 127 108 108 108 108 105 105 105 4 83 83 83 83 88 71 71 62 62 62 62 43 43 47 47 43 25 25 25 21 5 5 
333 333 333 300 300 300 312 312 232 232 232 232 256 256 263 263 270 270 249 249 249 250 180 180 180 231 200 200 228 188 188 167 167 193 193 193 193 168 169 169 151 151 155 155 155 150 127 127 127 127 127 127 127 108 107 107 105 4 83 83 83 83 88 71 71 62 62 62 62 43 43 43 43 43 25 25 25 21 5 5 
333 338 324 324 324 300 312 312 232 232 232 232 256 256 256 263 263 263 249 249 249 180 180 180 180 231 236 231 188 188 188 193 193 193 194 194 194 168 168 168 151 159 159 159 150 150 127 127 127 127 127 127 108 108 107 107 105 4 4 4 4 4 84 84 62 62 62 63 63 43 43 25 25 25 25 25 21 21 5 5 
333 338 324 325 325 300 312 312 232 232 232 232 256 256 256 274 274 263 263 263 249 180 180 180 243 231 231 231 188 188 188 193 193 193 194 194 168 168 168 168 151 159 159 159 150 151 127 140 140 127 127 127 108 113 107 107 107 4 4 4 4 4 84 84 62 62 62 63 63 43 43 25 25 25 25 25 21 21 6 6 
333 324 324 325 325 300 313 313 232 232 232 232 284 290 284 274 274 264 264 264 249 229 229 229 243 193 193 193 193 193 193 193 193 193 193 193 168 168 168 151 151 170 151 151 151 151 127 140 140 127 108 108 108 113 113 113 85 85 101 4 4 91 64 64 79 62 62 63 63 43 43 38 38 25 25 26 21 21 6 6 
333 324 324 324 326 300 313 313 232 232 232 232 284 284 284 271 271 264 264 264 249 229 229 229 193 193 237 193 193 193 193 216 193 193 193 193 193 168 168 151 174 151 151 160 141 141 127 127 127 127 108 108 108 124 113 113 85 98 98 98 64 64 64 64 64 64 72 63 63 43 43 38 38 38 38 26 26 6 6 6 
333 324 324 324 326 300 259 259 259 259 259 232 232 232 232 271 271 271 249 249 249 229 229 229 193 216 216 216 224 224 216 216 193 193 193 193 193 177 177 151 151 151 160 160 141 141 141 146 141 132 132 108 108 108 108 114 85 98 98 98 64 64 64 64 64 64 64 64 64 17 17 38 17 17 39 26 26 6 6 6 
333 324 324 324 300 300 259 259 259 259 259 232 232 285 232 232 232 232 251 251 258 229 229 229 193 216 216 216 216 216 216 217 193 193 193 193 195 177 177 151 151 171 160 160 141 152 141 141 141 132 132 108 108 108 108 108 85 85 85 78 78 64 64 64 64 73 73 64 64 17 17 17 17 17 17 17 17 17 17 7 
324 324 324 324 300 300 259 259 259 259 259 259 259 285 285 275 275 232 232 251 251 229 229 229 229 229 229 229 229 216 216 217 206 206 177 177 177 177 177 177 141 141 160 160 141 152 134 134 134 134 121 121 121 121 121 108 108 85 85 78 78 64 64 64 80 65 65 65 65 17 17 17 17 17 17 27 27 7 7 7 
324 324 324 324 327 300 259 259 259 259 259 259 259 291 275 275 275 232 232 265 251 251 232 232 232 232 232 232 206 206 206 206 206 207 177 177 177 141 141 141 141 141 141 141 141 134 134 134 134 135 121 121 121 121 121 85 85 85 85 85 78 64 64 80 80 65 65 65 65 60 31 31 17 17 17 27 27 7 7 7 
324 324 324 324 327 300 318 259 297 297 259 259 259 291 275 275 275 232 265 265 232 232 232 232 233 233 233 233 206 210 210 210 210 189 189 177 177 141 141 141 141 161 161 136 136 134 134 134 134 135 109 109 121 109 109 85 85 85 85 85 78 78 64 64 64 64 64 64 60 60 31 31 17 17 17 7 7 7 7 7 
324 334 334 324 324 300 318 259 259 297 297 297 259 259 276 276 276 232 232 232 232 232 232 232 233 233 233 206 206 210 183 183 183 189 189 189 189 189 141 161 161 161 161 136 136 134 134 142 135 135 109 109 109 109 109 109 109 102 102 85 94 78 78 78 78 77 64 64 60 61 31 31 17 17 17 7 7 7 7 7 
324 334 330 330 324 300 300 300 259 259 259 259 296 259 259 259 259 259 211 211 211 232 232 232 232 233 233 206 206 210 183 184 183 183 183 183 183 183 183 161 175 161 161 136 136 136 136 142 142 136 109 109 109 115 115 109 109 102 103 85 85 85 85 85 78 77 64 64 60 61 31 31 48 17 17 18 18 18 18 8 
324 324 330 324 324 300 300 300 300 301 301 259 259 259 259 277 277 259 266 266 211 232 232 232 232 241 220 220 206 183 183 184 184 184 184 184 184 184 184 161 161 161 161 136 136 153 136 136 136 136 111 111 115 115 115 115 102 102 85 85 85 85 86 86 78 78 74 64 52 52 54 31 31 40 40 18 18 8 19 8 
324 324 324 324 328 300 300 300 300 301 301 292 292 292 259 277 277 259 266 266 211 211 211 211 211 241 220 220 220 183 183 183 184 184 184 184 190 190 178 178 161 161 161 161 136 136 136 147 111 111 111 111 115 102 102 116 102 102 85 85 85 85 86 86 74 74 74 64 52 52 52 52 31 31 31 31 8 8 19 8 
324 339 324 272 272 272 272 302 302 302 302 292 292 292 259 277 277 259 266 266 211 211 211 211 211 211 211 234 220 183 183 183 197 197 197 197 190 190 178 178 172 172 136 136 136 136 136 111 111 133 133 111 102 102 102 102 110 102 95 95 85 85 86 86 74 64 75 64 52 52 52 52 31 31 32 32 8 8 8 8 
324 324 324 272 272 272 272 302 302 302 302 292 292 292 286 277 277 259 266 266 259 242 242 242 242 242 211 234 220 183 183 183 197 197 201 196 196 172 172 172 172 136 136 111 111 111 111 111 143 133 133 111 102 92 122 102 102 102 95 95 95 92 74 74 74 64 64 64 66 44 44 44 44 44 32 32 22 22 9 9 
341 324 324 272 319 319 272 272 272 272 272 292 292 286 286 277 277 259 259 259 259 242 242 242 242 242 211 220 220 157 157 183 172 172 172 196 172 172 176 176 176 136 136 111 111 143 143 143 143 133 133 111 102 92 92 102 102 95 95 95 95 92 74 74 74 44 64 64 44 44 22 22 22 22 22 22 22 23 9 10 
341 272 272 272 319 319 272 272 309 272 272 292 292 286 286 272 272 259 259 259 259 242 242 242 242 242 211 220 220 220 157 157 172 172 172 172 172 176 176 179 136 136 136 111 111 143 143 143 143 133 133 111 102 125 92 95 95 95 92 92 92 92 74 74 74 44 44 44 44 22 22 53 22 22 33 33 28 9 9 10 
272 272 331 331 319 319 319 272 309 272 272 272 272 272 272 272 272 272 242 242 242 242 242 242 211 211 211 220 220 220 220 157 157 172 172 172 172 176 176 179 136 136 136 111 111 111 148 148 133 133 133 111 111 111 92 92 92 92 92 99 67 67 67 67 67 67 44 44 44 22 28 28 28 28 28 28 28 9 10 10 
272 272 272 272 319 319 319 272 303 303 303 280 280 272 272 280 278 242 242 267 242 242 242 242 211 211 220 220 220 221 221 157 157 172 172 172 172 176 176 179 157 157 157 157 157 111 133 133 133 128 128 128 128 111 117 92 92 99 99 99 67 67 67 81 81 67 44 44 44 22 28 28 28 28 29 28 28 9 9 11 
272 272 335 272 272 272 272 272 303 303 303 280 280 280 280 280 278 242 267 267 242 242 242 242 242 211 220 220 220 221 221 157 208 208 198 198 157 157 157 157 157 157 157 157 157 111 133 133 133 128 128 128 128 111 117 117 111 99 99 67 67 67 67 81 81 67 67 67 67 22 55 28 28 28 29 29 29 9 9 11 
342 315 315 315 315 315 320 314 280 280 280 280 280 280 280 280 242 242 242 242 242 242 242 242 242 211 211 211 211 211 222 157 208 199 199 199 157 157 157 157 157 158 158 158 158 111 111 137 137 137 128 128 128 111 111 111 111 56 56 67 67 93 56 56 56 34 34 67 67 22 22 22 22 22 29 29 20 20 20 11 
342 315 315 315 315 315 315 314 280 287 287 287 293 293 287 281 242 242 242 242 252 211 211 211 211 211 238 211 211 211 222 157 157 157 202 157 157 157 157 157 157 158 158 158 158 111 111 111 111 128 128 130 111 111 111 118 56 56 56 67 67 93 56 56 56 34 34 34 34 34 34 34 45 22 22 22 11 11 11 11 
342 315 315 305 305 305 315 315 280 280 280 287 287 287 287 281 242 242 242 242 252 211 211 211 239 211 211 211 211 211 222 211 211 157 157 157 186 185 185 157 157 158 158 158 158 111 111 111 111 128 111 111 111 111 111 118 56 56 56 67 67 93 56 56 56 34 34 34 56 56 56 34 45 45 22 22 11 11 11 12 
332 332 332 305 305 305 305 305 280 280 280 280 280 280 268 281 242 242 242 242 252 252 211 211 239 239 239 211 211 222 222 211 203 203 203 186 186 185 185 158 158 158 158 144 144 144 144 144 111 111 111 129 129 118 118 118 56 56 56 56 56 56 56 56 56 34 34 34 56 57 57 34 49 34 34 34 12 12 12 12 
332 332 332 332 305 305 305 305 305 305 280 280 280 280 268 268 268 268 268 242 253 253 211 211 211 211 211 211 211 211 211 211 203 203 203 186 186 186 186 158 158 158 158 144 144 144 144 144 144 111 111 129 129 118 118 118 56 56 56 56 56 56 56 56 56 56 56 56 56 57 57 34 34 34 35 35 12 12 12 12 
