355 355 355 348 348 321 321 321 321 321 303 303 303 303 278 278 278 278 278 265 265 265 262 236 236 236 197 197 235 235 230 141 141 141 193 193 193 193 193 180 180 180 176 141 141 141 141 141 141 147 141 106 106 106 40 40 40 40 40 40 40 74 74 74 74 57 57 57 57 40 40 40 40 38 30 30 1 1 1 1 
355 355 349 349 349 321 337 322 322 322 303 303 303 278 278 298 279 279 279 265 265 265 262 236 236 236 197 197 197 197 230 141 141 141 141 141 201 141 141 180 180 176 176 141 141 141 141 154 141 141 141 106 130 106 40 93 93 93 40 40 40 57 57 57 57 57 57 57 58 40 40 3 3 38 30 30 1 1 1 1 
355 355 349 351 321 321 337 322 303 303 303 303 303 278 298 298 279 285 258 258 258 262 262 236 236 252 197 197 197 197 197 197 141 141 141 141 141 141 141 141 180 176 176 141 141 141 141 134 134 134 142 106 130 114 114 93 93 93 40 40 57 57 80 80 53 53 67 53 53 53 40 3 3 3 3 30 1 1 2 2 
355 355 349 349 321 321 321 322 303 303 316 303 278 278 279 279 279 258 258 258 258 262 258 258 236 236 197 197 197 197 218 197 197 197 197 197 141 141 194 141 141 141 141 141 141 141 160 134 134 134 142 106 106 114 114 114 93 93 93 40 40 40 80 53 53 53 53 53 59 40 40 3 39 39 3 3 22 22 2 2 
363 356 356 349 349 343 321 322 322 303 303 303 278 279 279 299 258 258 280 258 258 262 258 247 247 236 246 238 238 197 218 218 218 206 206 197 202 197 194 181 181 173 173 173 141 141 160 134 134 134 134 106 106 75 75 75 101 101 93 93 93 40 80 53 53 40 40 40 40 40 3 3 39 39 32 3 3 3 3 3 
356 356 343 343 343 343 321 321 322 303 303 278 278 279 279 299 258 273 273 273 258 258 258 247 247 236 246 238 238 236 208 208 208 206 206 197 197 197 194 181 181 181 168 168 168 155 155 134 134 134 134 106 131 75 75 75 101 101 101 93 93 40 40 81 40 40 60 60 3 3 3 39 39 39 32 4 4 4 3 3 
356 356 343 343 343 321 321 321 322 303 303 278 279 279 279 279 258 258 274 274 258 258 258 247 247 236 236 236 236 236 208 208 208 212 206 206 194 194 194 189 168 168 168 155 155 155 155 134 134 134 134 106 106 75 75 75 75 75 75 97 75 75 40 40 40 60 60 3 3 5 5 5 5 32 32 4 4 4 3 3 
343 343 343 343 343 321 331 331 322 323 278 278 279 279 279 279 291 258 258 258 258 258 258 247 247 247 247 208 208 208 208 208 208 212 207 207 194 189 189 189 168 168 155 155 155 155 155 134 134 134 134 134 106 106 106 106 106 106 75 75 75 75 75 75 75 60 60 3 5 5 5 44 5 32 5 5 26 4 15 4 
343 360 357 321 321 321 331 322 322 278 278 311 279 286 286 286 275 275 239 239 239 239 239 239 247 247 248 208 208 208 208 224 208 208 207 208 194 189 189 107 107 168 155 155 155 155 155 155 107 107 143 123 123 123 115 115 75 75 75 75 75 88 60 60 60 60 60 61 5 5 5 44 5 5 5 5 26 4 4 4 
343 343 357 321 321 322 322 322 278 278 317 279 279 286 286 286 275 275 275 275 239 239 263 239 239 239 239 243 208 208 231 208 208 208 208 208 194 189 189 107 107 107 107 107 107 155 155 107 107 107 107 123 123 123 115 115 75 75 75 75 75 60 60 76 76 23 23 23 23 23 23 23 23 23 23 5 5 5 5 5 
343 343 343 321 321 322 322 332 278 317 317 279 308 286 286 286 286 275 275 266 266 266 237 237 237 237 239 239 239 208 208 208 120 120 120 120 194 189 195 107 107 107 174 174 107 161 161 107 107 135 107 124 124 124 107 107 107 75 75 75 75 60 60 76 77 23 68 23 23 23 23 45 23 23 23 23 23 23 5 5 
343 343 343 344 344 344 322 322 317 317 318 279 279 279 279 287 286 286 266 266 266 266 237 237 257 237 239 239 237 237 120 120 120 190 190 120 120 120 195 107 107 107 174 174 107 107 107 107 107 135 107 107 107 107 107 107 107 107 89 89 89 89 76 76 23 23 23 23 54 54 23 33 33 33 33 7 7 6 6 6 
364 343 343 344 344 338 338 322 317 317 317 279 279 304 279 287 287 287 266 237 237 237 237 237 257 237 237 237 237 120 120 190 190 190 209 120 120 120 120 120 182 182 174 174 156 156 156 156 135 135 107 107 120 120 120 107 107 107 89 89 89 76 76 82 23 23 23 23 54 54 23 33 8 8 8 7 7 6 6 6 
364 343 343 344 344 338 338 322 322 322 317 279 279 279 279 266 266 288 266 270 270 120 120 120 120 120 120 120 120 120 232 190 190 190 190 190 190 190 190 120 120 120 120 120 156 156 156 156 135 135 135 135 120 120 120 107 107 108 76 76 76 76 23 23 23 23 23 23 23 23 23 33 8 8 8 7 7 6 6 7 
338 338 338 344 338 338 338 322 322 317 317 279 279 279 279 266 266 266 266 270 270 120 120 120 120 120 120 219 219 232 232 219 219 191 191 190 190 190 190 190 120 120 177 120 120 120 120 120 148 148 120 120 120 76 76 76 76 76 76 23 23 23 23 78 78 23 23 23 23 50 50 33 33 8 8 8 7 7 7 7 
338 344 344 344 338 309 309 309 309 317 305 305 305 305 279 266 266 281 281 270 270 266 120 120 249 249 249 219 219 232 219 219 220 191 191 190 190 190 183 183 183 183 175 175 162 162 162 120 120 120 120 136 132 76 76 76 76 62 62 23 23 23 78 78 23 23 62 62 41 41 41 33 33 8 34 8 8 8 16 8 
338 338 338 352 338 309 309 309 309 317 319 305 305 279 279 266 266 266 266 266 266 266 120 120 250 250 250 219 219 219 219 225 213 213 191 191 191 198 183 183 183 183 175 175 162 162 162 120 120 132 132 132 132 62 62 62 62 62 62 98 94 23 23 23 23 62 62 63 41 41 41 8 8 8 27 27 27 8 16 8 
338 338 338 338 338 309 317 317 317 317 319 305 305 279 292 266 266 266 282 266 266 120 120 219 219 253 219 219 240 226 226 213 213 179 179 191 191 152 152 152 152 152 152 152 166 166 132 132 132 132 132 132 133 62 109 109 62 62 62 94 94 62 62 62 62 62 63 63 41 41 41 8 17 17 27 27 27 8 16 8 
338 338 329 329 329 309 309 309 317 317 306 306 306 306 292 266 266 266 271 271 271 120 219 219 219 253 219 221 221 226 226 226 179 179 179 191 203 152 152 152 152 152 152 152 166 125 132 132 132 132 132 132 125 125 109 109 62 62 62 94 62 62 83 83 62 62 41 41 41 47 41 41 17 17 17 17 28 8 8 8 
338 338 329 329 329 309 309 309 324 324 306 306 306 306 292 266 266 266 271 271 271 120 219 219 219 219 219 221 221 221 179 179 179 214 179 191 191 191 196 152 152 178 178 166 166 125 132 132 132 132 137 137 125 126 109 109 109 109 62 62 62 84 83 83 62 62 41 64 47 47 12 41 17 17 17 17 17 9 9 9 
329 329 329 329 329 329 329 309 309 325 306 306 306 306 292 292 292 264 264 264 264 264 264 219 219 219 219 219 241 221 179 179 179 214 179 191 191 191 196 191 152 166 166 166 169 125 125 125 149 149 137 137 125 102 102 102 102 102 102 36 36 84 84 84 41 41 41 64 47 47 12 41 41 17 17 17 17 9 9 9 
329 329 329 333 333 333 329 329 309 309 312 312 289 289 289 289 293 264 264 264 272 259 259 259 219 219 219 219 241 221 179 179 179 179 179 191 191 191 191 191 152 166 166 166 152 152 163 125 125 125 125 125 125 102 102 102 102 102 36 36 36 85 85 85 41 41 41 64 47 47 12 42 42 17 17 17 17 17 17 10 
361 361 329 333 333 333 333 329 329 309 289 289 289 300 300 289 289 289 264 264 272 259 259 259 200 200 200 221 221 221 221 221 221 179 179 179 179 179 191 191 152 166 166 166 152 152 125 125 125 138 138 116 116 116 102 102 102 102 36 71 71 71 85 85 41 41 41 64 47 12 12 42 42 17 17 17 17 10 10 10 
329 329 329 345 345 345 333 333 309 309 289 289 289 289 289 289 289 264 264 264 200 200 200 259 200 200 200 221 221 221 221 215 215 179 179 179 157 179 152 152 152 166 166 166 152 152 125 125 125 138 138 116 116 116 116 116 102 102 36 71 95 71 71 71 79 71 41 41 47 12 51 17 17 17 17 29 10 10 10 10 
329 327 327 345 345 345 339 309 309 326 289 289 289 289 289 289 289 264 283 264 200 244 200 200 200 200 200 200 200 233 233 215 215 215 179 179 157 179 152 152 152 152 152 152 152 152 164 144 144 138 138 138 112 112 116 116 112 36 36 71 71 86 86 71 71 71 41 41 47 12 12 17 17 17 17 29 10 10 10 10 
327 327 327 353 345 345 339 309 330 309 309 313 309 289 289 289 289 264 264 264 200 244 244 260 242 242 242 242 200 233 215 215 215 215 179 179 157 179 179 179 184 184 179 152 152 152 164 144 144 144 138 138 112 112 112 112 112 36 36 36 71 86 86 86 71 71 41 41 47 55 12 46 35 35 35 29 29 24 11 11 
350 350 327 327 327 327 339 309 309 309 309 309 309 289 289 200 294 200 200 200 200 244 244 260 242 242 242 242 200 233 215 215 210 210 179 179 157 199 179 179 179 179 179 152 152 164 164 144 144 144 144 112 112 112 112 112 110 110 103 36 71 71 87 87 41 41 41 41 47 55 12 18 35 35 35 18 18 24 11 11 
350 350 350 350 350 327 327 327 327 327 267 267 267 267 267 200 200 200 284 200 200 244 244 260 244 244 242 242 200 200 215 215 210 210 157 157 157 199 179 179 179 157 157 157 152 152 152 152 152 144 144 112 112 112 112 112 110 111 103 36 90 90 87 41 41 36 36 36 47 47 12 18 18 18 18 18 18 18 11 11 
334 334 334 334 334 327 327 327 327 327 267 267 307 307 267 267 267 267 267 267 267 267 244 260 244 244 244 242 242 200 200 227 210 216 157 199 199 199 157 157 157 157 157 157 167 167 152 152 139 139 145 139 121 127 110 110 110 111 103 36 36 36 87 41 41 36 36 36 47 47 12 12 12 12 12 12 12 18 18 12 
334 362 334 334 334 340 340 327 327 327 267 267 307 267 267 267 267 290 267 267 245 245 244 244 244 254 244 244 200 200 200 227 210 216 157 157 199 199 157 170 170 170 157 157 157 157 157 157 139 139 139 139 121 121 121 117 113 103 103 99 96 36 36 41 41 36 36 36 47 47 47 47 43 12 12 31 12 12 12 12 
334 334 334 334 334 334 334 334 314 314 267 267 267 267 261 267 267 290 268 268 245 245 245 245 245 245 245 245 200 227 227 227 210 210 210 157 204 157 157 170 170 170 170 170 170 157 157 158 150 150 117 117 117 117 117 117 113 103 99 99 96 91 36 41 41 36 69 36 36 36 36 43 43 12 12 19 19 19 19 13 
358 358 358 334 334 334 341 314 314 320 320 314 261 261 261 295 295 261 261 268 268 268 245 245 255 255 222 222 200 200 200 200 200 210 210 157 157 157 157 186 170 185 170 170 170 157 157 158 150 150 117 122 122 122 122 113 113 103 99 96 96 91 36 41 41 36 36 36 56 56 36 43 43 36 36 19 19 19 19 13 
358 335 335 335 346 346 314 314 314 314 314 314 261 261 261 261 261 261 261 261 261 261 261 261 217 217 222 222 222 222 222 228 200 200 200 157 157 157 157 186 170 170 170 171 171 158 158 158 117 117 117 122 118 118 118 118 103 103 99 96 96 91 36 36 36 65 65 36 36 36 36 48 36 36 37 19 19 19 19 13 
335 335 335 335 335 347 314 314 314 301 301 301 301 301 301 217 217 217 217 217 217 269 217 217 217 217 217 217 222 222 222 222 222 217 200 157 157 157 188 186 186 158 158 158 158 158 158 158 117 151 122 122 118 128 100 100 103 103 99 99 91 91 36 36 36 65 65 65 36 36 36 48 36 37 37 20 20 20 13 13 
335 335 335 354 335 347 335 335 301 301 301 301 310 301 301 217 296 276 276 276 217 217 217 256 256 256 251 217 217 217 217 217 217 217 200 200 157 157 188 188 186 158 158 158 158 159 159 159 117 151 122 122 118 118 118 100 100 103 99 99 91 91 70 70 36 36 36 36 36 36 36 36 36 37 20 20 20 20 20 14 
335 335 335 335 335 335 335 336 301 301 310 310 310 217 302 217 217 276 276 277 217 217 256 256 251 251 251 234 234 234 234 211 211 211 211 200 200 200 188 188 186 186 158 158 158 159 159 159 117 151 117 117 118 118 118 119 100 100 99 99 91 91 70 70 70 70 70 36 36 36 14 14 14 37 20 20 20 20 20 14 
335 335 359 335 335 342 342 328 328 301 301 310 310 217 217 217 217 276 276 211 211 211 256 256 251 211 211 234 229 229 229 211 223 172 172 172 200 200 188 188 188 172 172 172 172 159 159 159 117 117 117 117 117 129 104 104 104 100 99 99 91 91 70 70 70 72 14 14 14 14 14 25 14 37 20 20 20 20 21 14 
365 335 335 335 335 328 328 328 301 301 301 315 301 301 211 211 297 276 276 211 211 211 211 251 251 211 211 234 229 229 229 211 211 172 172 172 205 172 172 172 172 172 165 165 165 165 165 117 117 117 146 117 117 129 104 104 104 100 100 100 91 91 70 70 72 72 14 14 49 14 14 25 14 14 20 20 14 14 21 14 
335 335 335 335 328 328 328 328 301 301 301 301 301 301 211 211 211 211 211 211 211 211 211 251 251 211 211 234 229 229 229 229 211 172 172 172 172 172 192 192 172 172 165 165 165 165 117 117 153 117 117 117 129 129 104 104 104 104 104 92 92 92 66 66 66 73 14 14 49 52 52 25 25 14 14 14 14 14 14 14 
335 335 335 335 328 328 328 328 328 328 301 301 301 301 211 211 211 211 211 211 211 211 211 211 211 211 211 211 211 211 211 211 211 172 172 172 172 187 187 187 187 187 165 165 165 165 117 117 153 117 117 140 129 129 104 104 104 104 105 92 92 92 66 66 66 66 66 66 49 49 49 49 25 25 25 25 25 25 14 14 
