336 336 336 326 326 326 258 258 258 258 258 258 258 258 258 258 258 278 258 258 258 258 258 248 248 226 226 226 226 226 165 165 165 165 165 165 165 165 165 165 174 174 155 155 155 155 133 133 133 133 133 133 129 116 116 116 80 80 80 66 66 66 66 56 56 56 56 56 56 24 24 24 24 24 33 21 1 1 1 1 
326 326 326 326 302 302 258 258 301 301 301 301 258 258 258 258 258 278 258 258 258 248 248 248 249 226 226 226 232 165 165 165 165 165 165 165 165 186 186 165 165 133 133 133 155 155 133 133 133 133 133 129 129 116 116 116 80 80 80 66 66 66 66 56 56 24 24 59 24 24 24 24 24 24 33 21 1 16 1 1 
326 326 326 326 302 302 302 258 301 295 295 295 258 258 258 258 258 258 258 258 258 248 254 254 249 226 226 165 165 165 165 165 165 177 177 177 177 186 186 186 165 133 133 133 133 133 133 149 129 129 129 129 106 106 116 116 80 80 66 66 66 66 77 77 24 24 24 24 24 52 37 37 24 33 33 21 1 1 1 1 
302 302 302 302 302 302 302 258 258 295 295 295 296 258 258 258 258 258 258 249 249 249 249 249 249 165 165 165 233 165 165 217 217 177 177 177 177 193 186 186 165 165 133 133 133 133 133 129 129 137 137 106 106 117 117 117 80 80 66 66 66 66 77 78 24 24 24 24 37 37 37 37 24 24 24 21 21 1 1 1 
302 302 302 331 331 302 302 258 258 310 295 295 296 258 258 258 258 258 258 249 249 255 255 250 250 165 165 165 165 165 217 217 218 177 177 177 177 193 180 180 180 165 165 133 133 133 133 129 129 129 138 106 106 106 117 117 80 80 80 66 66 77 77 78 24 24 24 24 24 48 48 37 37 37 24 24 1 1 1 1 
302 302 319 319 319 319 302 302 302 302 295 295 295 295 262 262 258 258 262 262 249 255 255 250 250 165 165 165 165 227 217 217 218 177 177 177 200 180 180 180 180 165 165 133 133 146 143 143 143 143 107 107 130 106 121 118 80 80 80 66 66 66 66 66 24 24 24 24 24 48 48 37 37 38 24 24 1 1 1 2 
343 343 319 319 319 319 323 319 302 302 295 295 295 262 262 262 262 262 262 262 249 255 255 255 165 165 235 235 165 165 217 217 218 177 177 177 180 180 181 181 181 165 165 165 159 146 143 145 145 107 107 107 130 106 106 118 80 80 80 66 66 80 80 66 71 24 24 24 24 48 48 25 25 38 24 24 3 3 2 2 
343 319 319 319 319 319 319 319 302 311 262 262 262 262 270 262 262 273 273 262 249 251 251 251 165 165 165 165 165 165 217 217 218 177 177 177 180 194 181 181 175 175 156 156 159 146 146 145 145 139 139 107 107 107 106 106 80 80 80 80 80 80 81 66 66 66 66 24 24 48 25 25 25 25 25 25 3 2 2 3 
343 319 319 319 332 302 302 302 302 311 262 262 262 262 270 270 270 270 274 262 262 251 251 251 251 228 228 228 228 228 221 221 210 210 177 177 180 175 175 175 175 176 156 156 159 156 146 146 146 139 140 107 107 107 119 106 106 106 25 25 25 87 25 25 25 25 25 25 25 48 25 43 43 26 26 26 3 13 13 3 
319 319 319 332 332 302 302 302 302 302 262 262 262 262 283 283 283 270 274 270 262 251 251 251 251 228 228 210 210 210 221 221 210 211 177 175 175 175 175 175 156 156 156 156 156 156 140 140 140 140 140 107 107 107 119 119 106 106 25 88 25 25 25 60 60 60 60 60 25 25 25 26 26 26 27 27 3 13 13 3 
319 344 319 319 319 319 302 302 303 302 302 302 262 262 283 283 284 270 274 270 262 262 212 212 212 212 212 212 210 210 210 210 210 177 177 175 175 175 175 175 156 156 160 160 140 140 140 140 140 140 107 107 126 126 107 107 107 107 25 88 25 25 82 60 45 45 45 45 45 45 45 26 6 6 6 6 3 3 3 3 
319 319 319 319 319 319 302 302 303 303 303 303 262 262 289 283 283 270 270 270 262 262 212 212 212 212 212 212 210 210 210 212 212 177 177 175 175 177 177 175 177 177 160 160 140 140 140 140 107 107 107 107 107 107 107 25 25 25 25 88 25 25 60 60 45 45 67 45 45 45 45 26 6 6 6 6 6 5 5 4 
337 337 337 320 320 327 320 320 279 279 279 279 279 279 279 279 283 279 270 270 256 256 212 212 242 242 212 212 234 210 210 212 212 212 177 201 201 177 177 177 177 160 160 160 140 140 140 140 107 107 107 107 107 107 25 25 25 25 101 88 88 88 60 60 69 45 45 45 57 45 45 26 26 6 6 28 6 5 5 4 
337 337 338 320 320 320 320 279 279 304 304 304 290 290 290 279 279 279 270 270 256 256 212 212 242 242 212 212 234 212 212 212 212 212 177 177 177 177 190 160 160 160 169 160 160 140 140 127 127 127 107 107 107 107 25 25 25 25 25 88 88 89 60 60 69 69 45 45 45 45 45 6 6 6 28 28 6 5 5 4 
337 337 320 320 279 279 279 279 304 304 304 304 290 290 290 263 263 263 263 256 256 256 212 212 212 243 212 212 234 212 212 219 219 208 208 195 195 195 160 160 160 160 161 166 151 151 151 127 127 127 127 127 127 127 25 25 112 108 25 92 92 60 60 72 72 70 45 45 45 53 49 6 6 6 6 6 6 6 5 5 
337 337 320 335 279 279 279 279 279 279 291 291 291 291 291 263 280 280 263 256 256 256 256 256 212 212 212 212 212 212 212 208 208 208 209 195 195 195 160 170 170 170 161 161 151 151 108 108 127 127 108 108 108 108 108 108 108 108 25 92 60 60 83 70 70 70 50 50 45 53 49 6 6 6 6 6 6 6 5 5 
339 339 339 321 321 279 279 279 279 279 291 291 291 292 292 263 280 280 263 263 263 263 252 252 252 236 236 236 225 225 225 208 208 160 160 205 160 160 160 170 170 170 170 161 108 108 108 108 108 108 108 108 108 120 120 120 109 109 25 92 60 60 60 70 73 50 50 50 45 45 49 6 6 6 6 6 6 17 6 6 
339 339 339 321 321 321 321 321 306 279 279 291 291 292 292 263 275 275 275 263 263 252 252 236 236 236 202 202 225 225 225 160 160 160 160 160 160 167 167 167 161 161 161 161 108 108 108 108 134 134 134 134 90 120 109 109 109 25 25 92 60 60 60 70 70 50 50 50 45 45 45 45 39 39 29 29 6 17 6 6 
339 339 339 324 324 324 324 306 306 312 279 279 297 292 292 263 275 266 266 266 266 252 236 236 244 244 202 202 202 229 160 160 160 160 167 167 167 167 167 167 161 161 161 161 161 108 108 108 134 134 134 134 90 120 109 109 109 25 92 92 60 60 60 70 70 50 50 45 45 45 45 46 39 40 29 29 6 6 6 6 
347 340 340 324 328 324 324 306 306 306 306 297 297 263 263 263 266 266 276 207 207 252 236 244 244 237 237 237 202 229 160 160 160 160 160 196 196 196 167 167 167 171 171 167 144 144 144 144 134 134 134 134 90 120 120 120 25 25 98 98 62 62 62 62 62 62 50 45 45 45 39 39 39 34 34 14 14 14 14 7 
340 340 324 324 328 328 297 297 297 297 297 297 298 263 263 266 266 276 276 207 207 207 236 237 237 237 238 238 202 202 202 202 160 160 160 196 196 172 172 172 167 167 167 167 144 144 144 144 134 134 134 134 90 128 120 120 25 110 98 99 62 62 84 62 62 50 50 61 50 50 39 39 39 34 34 14 14 14 14 7 
340 341 341 328 328 328 297 297 297 313 297 297 298 263 263 266 285 276 276 207 207 237 237 237 245 245 207 207 207 207 202 202 160 202 202 202 202 172 172 172 178 167 167 167 144 144 144 144 134 134 134 134 90 128 120 120 25 25 98 62 62 62 62 62 62 50 50 50 50 50 50 39 39 34 34 14 14 18 14 7 
340 341 341 328 328 328 297 297 297 297 298 298 298 263 266 266 223 223 223 223 207 207 207 207 245 246 207 207 207 207 202 202 160 202 202 202 203 172 172 172 178 167 167 167 162 144 144 144 144 144 122 122 90 90 102 102 102 25 25 62 62 62 62 74 74 51 51 51 51 39 39 39 7 7 7 7 14 14 14 7 
340 340 340 328 328 297 297 297 316 297 298 298 263 263 266 266 223 223 223 223 223 223 207 207 245 207 207 207 207 207 207 202 160 202 202 206 157 157 191 172 178 178 172 162 162 144 144 147 147 122 122 122 131 90 102 102 102 102 25 62 62 62 62 74 74 51 51 51 51 39 39 39 7 7 7 7 22 7 7 7 
345 345 340 297 297 297 297 297 297 297 305 263 263 286 286 247 247 223 223 267 267 223 207 207 207 207 222 222 207 207 207 202 213 213 202 202 157 157 157 172 172 172 172 162 162 157 144 147 122 122 122 122 131 90 90 90 113 102 102 100 62 62 62 62 62 62 51 51 51 39 39 7 7 7 7 7 7 7 15 8 
325 325 340 297 297 297 297 314 314 314 305 305 286 286 286 247 247 247 247 267 267 223 223 223 207 207 222 222 207 207 207 202 202 202 202 202 157 157 157 187 172 172 157 157 157 157 147 147 122 122 122 122 122 122 122 90 90 90 90 100 90 90 75 75 75 62 62 62 51 51 51 7 7 7 7 7 7 7 7 8 
325 325 340 325 325 329 325 307 307 307 307 286 286 287 286 247 247 247 247 247 247 247 259 223 223 223 222 222 230 230 207 207 207 207 207 207 157 157 157 157 182 157 157 163 163 147 147 148 148 95 95 95 95 95 95 111 111 111 90 90 90 75 75 79 68 68 68 63 23 23 23 23 23 23 30 30 7 19 7 8 
325 325 325 325 325 325 325 307 307 308 308 286 286 287 286 286 286 247 247 247 247 247 247 247 247 223 222 230 230 222 222 222 197 197 207 207 157 157 173 157 157 157 163 163 147 147 95 148 95 95 141 95 95 123 95 95 103 103 93 93 93 75 85 63 68 68 63 63 23 35 35 44 44 23 30 30 7 19 7 8 
325 325 325 325 286 286 286 307 307 308 309 286 286 287 293 286 286 247 247 247 247 264 260 257 247 223 222 222 222 222 197 197 197 197 197 197 197 197 173 183 183 179 147 147 147 95 95 95 95 141 141 124 124 123 123 95 103 103 93 93 94 75 75 63 68 68 63 64 23 35 35 44 44 23 30 30 7 19 7 7 
325 325 325 325 286 286 286 286 308 308 286 286 299 287 293 287 287 247 247 260 260 260 260 257 247 223 223 223 223 223 223 223 214 214 198 198 198 198 173 173 179 179 147 147 147 95 95 95 114 114 142 124 124 124 124 95 103 103 103 93 94 75 75 63 63 63 63 23 23 35 35 35 35 23 23 23 7 7 7 7 
325 325 325 325 333 286 286 286 286 315 286 286 286 287 287 287 288 271 271 271 257 257 257 257 247 247 214 214 214 214 214 224 214 198 198 173 173 173 173 173 179 179 147 147 147 150 150 150 114 114 114 114 114 124 124 95 95 95 104 95 95 75 75 75 75 23 23 23 58 35 35 35 35 23 23 23 23 9 9 9 
317 317 317 317 317 286 286 322 286 286 286 286 286 287 287 271 271 271 277 257 257 265 257 257 214 214 214 220 220 214 214 214 214 198 198 173 173 173 173 173 173 173 173 114 114 114 114 114 114 114 114 114 114 114 114 95 95 95 104 95 86 86 86 75 75 23 23 12 12 12 47 47 35 23 23 31 9 9 10 10 
317 317 317 317 317 286 286 322 300 300 300 286 286 287 287 271 271 281 257 257 257 257 261 214 214 220 220 220 220 214 214 214 198 198 198 198 184 184 184 188 184 114 114 114 114 114 135 114 114 114 114 114 114 114 114 114 114 95 104 95 86 86 86 75 23 23 23 12 12 12 47 47 35 35 35 31 9 9 10 10 
317 317 342 317 317 330 286 286 300 300 300 300 271 271 271 271 271 281 257 257 257 257 261 214 253 220 220 220 220 220 220 198 198 198 198 198 184 192 184 184 184 153 153 153 153 158 135 135 135 135 135 105 105 105 105 105 115 95 95 95 86 86 75 75 23 65 65 65 12 12 12 11 11 11 11 31 9 9 11 11 
317 317 342 317 317 330 286 286 317 300 300 300 271 271 272 272 272 268 268 268 257 257 214 214 253 220 220 220 220 220 220 198 198 198 198 198 184 192 192 184 184 153 153 153 153 158 135 135 136 136 135 105 132 105 105 105 115 95 95 96 96 75 75 23 23 65 65 65 12 12 12 11 11 11 11 31 9 11 11 12 
317 317 317 317 317 317 317 317 317 300 300 271 271 271 272 272 272 272 272 268 268 214 214 239 239 239 241 220 220 220 220 220 220 215 184 184 184 199 153 153 153 153 153 153 153 158 135 135 136 136 135 105 125 125 105 105 105 105 105 96 96 75 75 23 23 65 65 65 12 12 12 12 11 11 11 11 9 11 11 12 
346 346 317 317 334 317 317 318 318 300 300 271 271 271 294 240 240 282 272 272 214 214 214 239 239 239 220 220 220 220 220 215 215 215 184 184 153 153 153 154 154 154 168 168 153 152 152 136 136 136 135 105 125 125 105 105 105 91 91 91 91 91 23 23 23 23 55 55 12 54 12 12 36 36 36 11 11 11 11 12 
334 334 334 334 334 318 318 318 300 300 271 271 271 294 294 240 240 240 240 240 214 214 214 214 214 239 220 220 220 231 220 220 220 216 184 184 153 154 154 154 185 154 154 154 153 153 153 136 136 136 135 135 125 23 23 23 23 91 91 23 23 23 23 23 23 23 55 55 12 12 12 12 12 12 12 32 20 20 12 12 
334 334 334 334 334 318 318 318 300 300 271 271 271 240 240 240 240 240 240 240 269 214 214 214 214 239 239 239 220 220 220 220 216 216 204 204 153 153 154 154 154 154 154 154 164 153 153 136 136 136 135 135 125 23 23 23 23 23 91 23 97 23 23 76 76 55 55 55 55 55 41 41 41 41 12 32 20 20 12 12 
334 334 334 334 334 318 318 318 318 300 300 300 300 240 240 240 240 240 240 240 240 240 240 240 240 240 240 240 220 220 220 220 216 216 204 204 204 153 189 189 154 154 154 154 154 154 154 136 136 136 136 136 125 125 125 23 23 23 23 23 97 23 23 76 76 55 55 55 55 55 41 41 41 42 12 12 12 12 12 12 
