301 301 327 327 327 327 284 284 284 284 295 295 284 284 284 271 271 271 233 233 233 233 233 233 233 233 187 187 187 187 187 187 187 187 187 187 187 178 178 175 164 164 131 131 131 131 131 131 131 131 112 112 112 112 112 108 82 82 82 82 82 82 72 72 51 51 51 51 51 51 46 30 30 30 30 23 18 1 1 1 
301 301 327 327 327 328 284 284 284 284 284 284 284 285 285 271 271 233 233 233 233 233 233 233 236 187 187 187 187 187 192 192 192 175 175 175 178 178 175 175 164 164 131 131 131 131 131 131 131 132 112 112 108 108 108 108 82 82 82 75 75 75 75 51 51 46 46 46 46 46 46 30 30 30 30 23 18 1 11 2 
301 301 301 291 291 291 291 284 284 304 284 284 290 285 233 233 233 233 233 233 254 233 236 236 236 187 187 187 187 187 192 192 192 175 175 175 178 175 175 176 164 164 131 131 131 131 131 131 131 76 76 76 108 108 108 82 82 82 82 75 75 51 51 51 66 46 57 46 46 1 1 1 1 1 1 23 18 1 2 2 
337 337 301 291 291 291 291 291 296 296 296 296 285 285 233 233 233 272 233 233 233 233 236 236 237 187 187 223 187 187 207 207 192 195 175 175 178 175 169 169 169 142 142 142 149 149 131 131 137 76 76 76 118 51 51 82 82 82 51 51 51 51 66 66 66 46 57 46 46 1 1 1 1 32 1 1 18 1 2 2 
337 337 301 301 291 291 291 291 291 291 291 297 285 285 285 233 233 272 233 233 233 233 220 220 220 220 220 220 220 187 207 207 192 195 175 175 175 175 169 142 142 142 142 142 142 142 142 142 76 76 76 76 118 51 51 51 51 51 51 51 51 51 46 46 46 46 46 46 46 1 1 39 39 14 14 1 1 1 2 2 
343 337 337 301 291 291 291 316 291 291 291 297 285 285 285 233 233 233 233 233 233 233 220 220 220 220 187 187 187 187 207 207 192 175 175 175 175 175 169 142 170 142 142 142 142 76 76 76 76 116 116 76 76 51 51 51 51 51 51 51 87 51 46 73 46 46 46 39 39 43 43 39 39 14 14 14 12 12 2 2 
301 301 301 301 332 291 291 291 291 291 291 291 291 259 259 259 233 233 233 233 220 220 220 220 234 234 187 187 187 187 187 187 192 175 175 175 188 169 169 142 142 142 142 142 76 76 145 76 76 116 116 116 76 76 51 51 51 51 51 51 51 51 46 73 67 58 58 39 39 43 43 43 39 14 14 14 19 12 12 2 
301 341 301 301 332 291 291 291 305 305 259 259 259 259 277 259 259 259 259 259 220 250 220 220 220 210 210 210 210 214 210 187 192 192 192 191 188 169 169 142 142 165 159 159 76 116 116 116 138 116 125 116 116 76 51 51 51 51 51 51 51 46 46 73 67 58 39 39 39 43 39 39 39 14 14 14 14 14 2 2 
301 341 301 301 301 329 291 291 305 305 259 259 263 263 277 277 263 263 263 260 220 220 220 220 220 210 210 210 210 210 210 187 192 192 191 191 188 142 142 142 159 159 159 160 76 116 116 116 138 116 116 116 116 76 76 76 76 76 51 51 51 46 67 67 67 58 39 53 39 39 39 4 4 4 4 14 14 2 2 3 
301 341 301 335 301 329 292 292 292 292 292 259 259 263 263 263 263 263 263 260 251 251 220 220 238 210 210 210 199 199 199 199 199 191 191 188 188 142 142 142 159 159 146 146 76 126 126 116 116 116 116 116 116 116 76 76 88 76 76 51 51 46 46 46 68 58 39 39 40 40 40 4 4 4 4 4 4 2 2 2 
301 301 301 301 301 329 306 306 306 306 292 292 259 259 278 278 251 251 251 260 251 252 220 226 226 226 226 210 199 199 211 199 199 191 191 191 189 142 142 142 142 142 146 146 76 76 126 126 126 126 126 104 104 104 104 104 88 99 76 90 76 76 76 46 46 58 58 39 39 39 40 40 40 4 4 4 4 2 2 2 
344 301 301 301 301 301 306 306 306 301 301 292 292 259 259 259 251 251 251 251 251 252 220 226 226 226 226 210 210 199 199 199 199 191 191 191 189 177 177 177 142 142 146 146 146 122 122 122 122 127 127 104 104 104 104 104 88 88 76 76 76 77 77 74 46 46 46 39 39 39 40 40 41 4 5 5 4 4 4 2 
344 338 338 301 301 301 301 301 306 301 293 293 293 259 259 259 259 251 264 251 251 252 220 226 226 226 226 177 177 215 177 177 177 177 177 177 189 177 142 142 142 142 146 146 146 146 146 122 122 127 127 105 105 105 104 104 104 88 88 91 88 54 78 74 46 46 46 54 39 39 4 4 41 4 5 5 5 15 4 2 
338 338 339 301 301 301 301 301 301 301 293 293 287 287 259 259 259 251 251 252 252 252 245 245 226 226 227 177 177 177 177 177 177 177 177 177 189 177 142 142 142 142 146 146 156 134 134 122 122 122 127 105 105 105 105 105 94 94 88 88 88 54 74 74 54 54 54 54 39 39 4 4 4 4 5 5 5 5 4 4 
338 339 339 301 301 319 319 301 301 307 302 287 287 288 259 279 265 265 251 251 255 227 227 227 227 227 227 177 221 177 177 177 177 177 177 177 177 177 142 142 166 166 134 134 134 134 134 139 139 122 122 122 105 105 105 105 94 94 94 88 88 54 74 74 54 64 54 54 39 39 4 24 24 24 24 5 5 5 5 5 
338 287 287 301 301 319 320 287 287 287 302 287 259 259 259 279 265 265 265 251 251 227 239 239 239 222 222 177 177 200 200 200 200 177 177 177 177 183 142 142 166 166 134 134 134 134 134 139 139 122 122 123 105 105 105 105 105 100 49 92 54 54 79 54 54 39 39 39 39 39 4 24 24 24 24 24 5 5 5 5 
287 287 287 319 319 319 287 287 308 287 287 287 259 259 259 227 227 227 227 227 256 227 239 239 239 222 222 222 177 177 201 201 201 177 177 177 177 183 142 142 166 166 134 157 157 119 119 119 119 119 119 119 119 117 106 106 106 100 49 54 54 79 79 54 69 39 59 39 39 39 4 25 25 25 25 25 20 5 5 5 
287 287 287 319 319 319 287 309 308 308 267 267 267 267 227 227 266 227 227 227 227 227 222 222 222 222 228 222 222 177 201 201 177 177 190 190 177 177 177 163 163 167 134 157 157 119 119 119 119 133 119 119 117 117 106 100 100 100 49 54 54 54 54 54 69 39 39 39 39 39 47 25 25 25 31 20 20 5 5 5 
287 287 287 336 319 319 287 309 267 267 267 267 267 267 227 280 266 266 266 222 222 222 222 228 228 228 228 177 177 177 201 201 177 190 190 190 177 177 177 163 163 167 134 134 157 119 119 117 117 117 117 117 117 100 106 100 101 101 49 49 49 69 69 69 69 39 39 47 47 47 47 25 25 31 31 20 20 5 5 5 
311 311 287 287 287 287 287 309 267 267 267 267 267 267 286 267 267 267 267 222 222 222 228 228 228 228 228 177 177 177 177 177 177 190 190 190 190 177 177 163 163 163 163 134 157 119 119 117 117 117 117 124 120 100 106 100 101 102 49 49 49 69 69 47 47 47 47 47 47 26 26 26 26 31 31 26 5 5 5 5 
311 311 340 317 317 321 321 309 309 309 267 267 267 286 286 267 267 267 268 222 222 222 228 228 228 229 229 177 177 202 177 177 162 162 190 162 162 184 163 163 163 97 97 134 157 101 101 101 101 120 120 120 120 100 100 100 101 102 49 49 49 83 69 47 47 47 47 47 47 26 27 27 26 31 31 26 5 5 5 5 
311 311 340 317 317 317 317 317 309 309 298 298 267 267 267 267 268 268 268 246 246 246 246 246 240 229 229 213 213 202 202 208 162 162 162 162 162 162 163 163 163 163 97 134 134 143 143 143 101 101 101 101 101 101 101 101 101 102 49 49 49 83 69 69 69 47 47 47 47 26 27 27 26 26 26 26 5 5 5 5 
311 311 311 317 333 322 322 298 298 298 298 299 240 240 240 281 268 268 268 246 246 253 240 240 240 229 229 213 213 216 202 208 162 196 162 162 162 162 162 163 163 163 97 97 134 134 134 134 101 101 113 102 102 102 102 102 102 102 49 84 69 69 69 69 69 47 47 47 47 26 26 27 27 27 27 27 5 5 5 5 
311 311 311 317 333 322 298 298 310 310 299 299 240 269 240 240 240 240 268 240 240 253 240 240 240 224 224 224 213 202 202 208 162 162 162 162 162 162 162 162 163 163 97 97 134 134 147 134 134 134 113 102 102 102 102 102 102 102 49 84 69 69 69 69 69 47 47 26 26 26 26 28 28 28 28 28 5 5 6 6 
311 317 317 317 322 322 298 298 298 298 299 299 240 269 282 282 240 240 240 240 240 240 240 241 241 224 230 213 213 202 202 193 193 193 193 162 162 162 179 162 163 163 97 150 150 150 128 128 128 128 113 113 102 102 113 102 102 102 49 84 84 69 69 69 69 60 60 26 26 6 6 6 6 6 6 6 6 6 6 7 
311 311 311 322 322 330 298 298 298 298 299 299 240 269 269 269 240 240 240 231 231 231 241 241 224 224 230 213 213 217 202 202 202 193 193 162 162 162 162 162 168 168 97 150 150 150 128 128 128 128 128 113 113 113 113 102 102 103 49 84 84 69 69 69 60 60 26 26 26 6 6 6 6 6 6 6 6 6 6 7 
342 342 311 311 311 311 318 318 298 298 240 240 240 274 274 269 269 269 269 231 231 231 241 230 230 230 230 213 213 217 202 202 162 162 162 162 162 162 162 162 162 97 97 150 150 151 128 144 140 97 97 121 121 103 103 103 103 103 49 84 84 84 26 26 60 60 26 26 52 52 33 33 33 33 6 6 6 6 6 7 
312 312 312 311 311 311 318 318 298 298 240 274 274 274 274 274 274 270 270 231 231 231 241 230 230 230 231 213 217 217 202 202 162 162 162 162 162 185 171 171 162 97 97 161 97 97 148 144 140 97 97 121 121 103 103 103 103 103 49 26 26 85 26 26 26 26 26 26 33 33 33 16 16 16 16 16 16 16 7 7 
312 312 312 312 312 311 311 311 311 240 240 274 283 283 283 283 270 270 257 257 257 231 241 247 230 230 231 213 217 203 203 203 203 162 162 162 162 162 171 171 162 162 97 97 97 97 97 144 140 97 97 97 121 49 49 49 49 49 49 26 26 26 26 70 70 55 55 55 33 33 48 16 16 16 16 16 16 7 7 7 
312 312 323 323 312 331 312 312 312 240 274 274 270 270 270 270 270 257 257 261 231 231 241 231 231 231 231 213 213 203 212 203 203 162 162 162 162 162 180 171 171 162 162 162 152 152 97 144 140 97 129 97 97 49 49 49 49 49 95 26 26 80 80 55 55 55 34 34 34 33 33 33 42 16 16 16 16 7 13 7 
312 323 323 323 312 312 312 313 313 240 235 235 270 270 270 270 275 257 261 261 231 231 241 231 242 231 231 225 213 203 203 172 172 197 186 186 186 186 158 158 158 158 152 152 152 153 97 97 140 97 129 97 97 49 49 49 49 49 95 26 26 80 81 55 55 55 34 56 34 34 34 34 34 34 22 7 7 7 7 7 
312 323 323 323 323 323 323 313 313 240 235 235 235 235 235 235 257 257 261 261 231 231 231 231 232 232 232 225 213 213 213 172 172 172 186 186 186 186 158 158 158 158 152 152 152 135 135 97 140 97 130 97 109 109 109 109 49 49 95 26 80 80 81 55 55 55 34 56 34 34 34 34 35 35 22 7 21 7 7 8 
312 303 303 303 334 323 323 240 240 240 235 235 235 235 235 235 235 235 235 261 231 231 231 232 232 218 218 225 213 213 172 172 198 172 172 172 172 172 172 172 158 158 152 152 152 135 135 97 97 97 130 97 109 110 110 110 49 49 49 93 80 80 61 61 61 65 34 34 34 44 44 44 22 22 22 7 7 7 8 8 
312 303 303 303 303 303 324 240 314 240 240 240 235 235 235 235 276 235 235 261 258 231 231 231 243 218 218 218 218 218 172 209 198 198 173 173 173 173 181 172 158 158 158 158 158 135 135 135 130 130 130 97 109 110 110 110 96 96 49 93 61 61 61 61 61 65 34 34 34 44 44 22 22 36 17 17 17 17 8 8 
312 303 303 303 303 303 303 240 240 240 240 240 235 235 235 235 235 235 258 258 258 231 231 231 231 218 218 172 172 219 172 172 172 172 173 173 173 173 173 172 172 136 136 158 158 135 135 135 130 130 130 97 109 109 111 111 107 96 49 49 61 61 61 61 61 61 34 34 34 22 22 22 37 36 17 17 17 17 8 8 
312 303 303 303 303 325 303 303 303 303 240 300 240 240 240 235 235 273 258 258 231 231 231 231 231 172 172 172 172 172 172 172 172 172 173 173 173 173 173 173 173 136 136 158 158 135 135 135 130 130 130 97 109 109 111 111 107 96 96 49 89 86 61 61 71 61 34 34 34 22 22 22 37 37 22 22 22 17 9 9 
312 303 303 325 325 325 325 303 303 303 240 240 240 240 240 235 273 273 258 258 231 231 231 231 244 172 172 172 172 172 172 172 204 173 173 173 182 182 182 173 136 136 136 136 136 136 136 135 135 135 97 97 97 97 97 97 107 96 96 49 89 86 62 62 62 61 61 34 34 22 22 22 22 22 22 29 17 17 9 9 
345 325 325 325 325 325 325 303 303 303 240 240 294 240 262 235 273 273 235 235 248 248 248 172 172 172 172 172 172 172 172 173 173 173 194 173 173 173 173 173 136 136 136 136 154 154 136 136 136 136 97 97 97 114 114 97 107 97 97 49 49 86 62 62 62 62 62 49 49 22 22 45 22 22 22 17 17 9 9 9 
345 325 325 325 325 326 326 315 315 303 303 240 240 240 262 235 235 235 235 235 235 249 249 172 172 172 172 172 172 172 172 205 205 194 194 173 173 173 173 173 174 136 154 154 154 155 136 136 141 115 115 115 115 114 114 97 97 97 98 49 49 49 49 62 49 49 63 49 49 49 49 22 22 38 22 22 9 9 9 9 
345 325 325 325 325 326 326 315 315 303 303 240 240 289 262 262 262 262 262 262 235 235 235 235 235 235 172 172 205 205 205 205 206 194 194 173 173 173 173 173 174 136 154 154 155 155 136 136 141 115 115 115 115 115 115 97 97 98 98 49 49 49 49 49 49 49 49 49 50 50 50 22 22 22 22 22 9 9 9 10 
