316 316 316 316 316 316 316 293 293 293 293 293 282 282 282 272 272 230 230 230 230 230 230 230 230 230 230 201 201 201 201 201 201 195 195 161 161 160 160 160 160 160 125 125 125 125 125 125 125 125 125 119 101 101 101 101 83 83 83 83 83 71 71 71 71 66 38 38 38 38 38 26 26 26 26 26 9 9 9 1 
316 316 316 316 316 316 316 303 303 303 303 293 282 272 272 272 273 230 230 230 230 230 248 201 201 201 201 201 201 201 201 201 202 195 161 161 161 160 160 160 160 160 125 125 125 125 125 125 125 125 103 119 101 101 101 83 83 83 83 66 66 71 71 71 66 66 38 38 38 38 38 26 26 9 9 9 9 18 1 1 
316 316 316 316 316 316 316 303 303 303 303 293 293 289 272 272 272 268 263 263 258 230 248 201 201 201 201 201 201 195 195 195 195 195 161 191 161 161 161 161 168 161 125 103 103 103 103 125 125 125 103 103 101 101 101 83 83 83 83 66 66 66 66 66 66 67 38 38 53 38 38 38 9 9 10 10 10 18 1 1 
337 289 289 289 289 321 307 307 307 307 303 289 289 289 272 272 272 268 263 263 258 230 248 230 230 195 195 195 195 195 171 171 195 195 161 191 161 161 161 161 161 161 125 103 103 103 103 103 103 126 126 103 101 101 101 102 83 83 83 66 66 66 62 62 62 62 62 48 48 48 38 38 9 11 10 10 10 10 10 1 
337 289 289 289 289 321 307 307 303 303 303 289 283 283 283 230 230 268 263 263 258 230 230 230 230 195 220 220 220 171 171 171 171 198 161 161 161 161 161 161 161 125 125 103 103 103 141 136 103 126 103 103 108 108 108 76 88 83 83 88 66 66 62 9 9 62 62 48 48 48 9 9 9 11 11 11 11 19 11 1 
337 289 289 289 289 289 307 307 303 303 303 289 283 283 230 230 230 268 258 258 258 230 230 230 230 195 220 220 221 171 171 171 171 171 161 161 161 161 161 169 169 125 151 103 103 103 136 136 103 103 103 120 108 108 76 76 88 88 88 88 55 62 62 9 9 9 9 9 9 9 9 9 9 34 27 27 11 11 11 1 
337 289 289 289 289 289 307 307 303 303 303 289 289 230 230 230 230 230 258 258 230 230 237 230 230 195 220 220 221 171 171 171 171 171 161 161 161 161 161 125 125 125 151 151 151 103 136 136 103 103 127 103 103 103 76 76 76 76 93 55 55 62 62 54 54 54 54 54 39 39 39 9 9 34 27 27 11 11 11 1 
332 332 289 289 290 289 307 307 289 289 289 289 289 230 230 230 274 230 230 230 230 253 237 237 237 195 195 195 221 171 171 171 171 171 171 182 182 182 125 125 170 129 129 103 103 103 136 136 103 103 103 103 104 103 76 76 100 76 93 55 55 62 62 54 72 54 54 54 39 39 39 39 12 12 12 27 11 11 11 1 
332 314 314 314 290 289 289 289 289 308 289 289 294 290 230 230 230 230 230 230 259 253 249 195 195 195 195 195 171 171 206 171 171 171 171 171 186 125 125 170 170 129 129 103 103 103 136 136 103 103 103 121 104 103 103 103 100 76 76 76 55 68 68 54 54 54 54 1 1 1 39 39 12 12 12 12 12 12 12 1 
332 314 314 314 290 290 289 289 304 304 304 290 290 290 230 230 230 230 230 230 259 249 249 195 195 233 195 195 171 171 206 206 171 171 171 171 175 175 175 162 162 129 129 129 129 103 103 103 103 103 103 121 104 104 104 104 84 84 76 76 55 55 68 68 54 54 54 1 1 1 1 1 12 12 12 12 23 1 1 1 
332 332 314 314 314 290 290 304 304 305 305 290 295 291 241 241 241 241 259 259 259 249 249 241 195 195 195 195 207 171 171 171 171 196 171 171 175 175 176 162 162 129 129 129 129 144 122 122 122 103 103 122 104 104 104 104 84 84 76 76 76 55 55 68 54 54 54 59 1 1 35 1 1 1 23 23 23 1 13 2 
332 332 314 314 314 314 290 304 304 305 290 290 291 291 241 269 269 241 241 241 241 241 241 241 195 195 195 195 207 212 171 171 203 196 196 171 175 175 176 162 162 162 157 129 129 129 122 122 122 122 128 122 104 104 104 104 84 84 84 89 76 76 55 68 68 68 54 54 54 1 35 40 1 1 23 23 23 1 13 2 
331 331 331 314 314 314 290 290 290 290 290 301 296 241 241 269 269 269 241 241 241 242 242 242 195 195 227 227 207 212 212 192 192 192 192 171 171 171 171 171 171 157 157 129 129 129 122 122 122 122 122 122 104 104 104 104 84 84 84 84 76 76 55 55 55 55 55 55 55 1 35 40 1 1 23 1 1 1 13 2 
331 333 327 327 296 314 317 314 296 296 296 296 296 241 277 277 269 269 241 241 241 242 250 238 238 216 216 216 207 207 207 192 204 192 192 192 171 171 157 157 157 157 77 77 152 129 137 137 122 122 122 95 95 95 95 95 84 84 85 84 76 76 76 76 55 55 56 1 1 1 35 35 35 1 1 1 20 20 2 2 
331 333 327 327 296 314 314 314 296 309 296 296 297 241 277 242 242 242 242 242 260 242 250 238 238 216 216 216 222 216 207 192 192 192 192 192 183 183 157 157 157 163 77 77 77 129 129 129 129 129 129 95 95 95 109 95 95 95 85 84 84 69 69 69 69 69 56 1 1 1 1 20 20 20 20 20 20 21 2 2 
331 331 296 296 296 322 310 310 296 296 296 296 241 241 277 242 242 242 242 242 260 242 250 234 234 234 216 216 216 216 207 207 192 192 192 192 183 183 157 157 163 163 77 154 77 129 129 105 105 105 130 95 95 95 69 69 69 69 85 85 85 69 36 36 73 56 56 1 1 49 1 20 20 32 32 21 21 21 2 2 
331 331 296 296 296 296 310 310 310 310 296 296 298 264 264 278 242 242 242 242 260 242 250 234 235 235 216 216 217 217 197 197 197 197 197 177 177 177 177 154 154 154 154 154 77 129 129 105 105 105 105 105 95 95 69 69 69 69 94 69 69 69 36 36 56 56 60 60 56 20 20 20 20 32 32 21 21 21 3 3 
331 334 296 296 326 296 310 310 310 310 296 264 264 264 264 264 264 242 242 242 242 242 234 234 216 216 216 216 217 217 197 197 197 178 178 178 178 154 154 154 154 154 134 134 77 145 105 105 105 105 105 105 110 110 110 105 69 69 69 69 82 82 36 36 56 56 56 56 56 20 20 20 20 20 20 20 14 14 3 4 
331 326 326 326 326 296 296 296 310 310 296 264 264 264 264 264 264 264 254 254 242 242 234 234 216 216 216 216 216 213 213 184 184 178 178 178 178 154 154 154 154 154 134 134 77 77 105 105 105 105 105 105 110 112 105 105 69 69 69 69 77 77 77 36 36 56 56 57 57 20 20 41 14 14 14 20 14 14 3 3 
326 326 326 326 296 296 318 296 311 311 296 264 264 264 264 264 264 264 254 254 254 254 234 234 216 216 216 216 216 213 214 184 184 178 178 178 178 154 154 154 154 164 134 134 153 77 77 77 77 77 131 105 110 105 105 106 77 77 77 90 77 77 77 36 36 56 56 57 43 43 41 41 14 28 14 14 14 14 3 3 
326 326 326 326 296 296 318 296 311 296 296 302 264 264 264 264 264 243 243 243 234 234 234 243 216 216 216 216 213 213 214 184 184 184 178 178 178 178 178 134 134 134 134 134 134 134 134 134 77 77 131 105 105 105 106 106 77 74 77 77 77 77 77 36 36 36 36 36 43 43 41 41 14 28 28 28 14 14 3 5 
326 326 328 328 296 296 296 296 311 296 302 302 264 264 264 264 264 243 243 243 243 255 243 243 213 213 213 213 213 214 214 184 184 184 187 187 187 184 134 134 134 134 134 146 146 146 134 134 77 77 77 77 77 113 106 106 77 74 74 74 74 74 77 77 63 63 63 36 44 43 41 41 14 14 14 14 14 14 3 5 
335 296 296 296 296 323 296 296 296 296 271 271 284 284 284 279 264 270 243 243 243 243 243 244 213 236 231 213 213 214 214 184 184 184 184 184 184 184 134 172 134 134 134 146 146 147 134 134 77 77 77 77 77 113 77 77 77 96 74 74 86 74 77 77 63 36 36 36 44 43 43 36 36 22 22 22 22 14 3 3 
335 296 296 296 296 323 296 313 313 271 271 271 284 284 279 279 264 264 264 243 243 239 239 239 213 213 231 213 213 173 173 173 188 188 188 188 188 172 172 172 117 117 158 142 142 142 142 134 77 77 77 77 77 113 77 96 96 96 86 86 86 74 74 74 63 36 36 61 44 50 36 36 22 22 22 22 22 14 14 3 
335 335 296 296 296 296 296 313 313 271 271 271 271 271 279 265 265 265 264 264 243 239 251 239 239 213 228 228 173 173 215 173 173 173 173 189 189 172 173 173 117 117 158 142 142 134 134 134 123 123 123 123 77 113 77 96 96 97 86 86 86 74 74 74 63 63 36 36 44 44 36 36 22 22 22 22 22 22 3 3 
329 329 296 296 313 313 313 313 313 271 271 285 285 271 279 265 265 265 265 243 243 239 251 213 213 213 228 228 199 199 215 199 199 199 173 173 173 173 173 117 117 117 117 142 142 134 134 134 123 123 123 124 77 113 77 96 96 96 86 86 86 6 6 74 74 63 36 36 58 44 44 36 36 24 24 3 3 3 3 3 
329 329 329 329 313 313 313 313 313 280 280 285 285 271 271 271 265 265 265 243 261 239 251 213 213 213 228 228 199 199 199 199 173 173 173 173 173 185 117 117 165 165 117 142 142 134 134 134 134 123 123 77 77 77 77 96 96 96 78 78 6 6 6 75 75 63 36 36 58 36 36 36 36 24 24 24 24 3 15 3 
329 329 329 313 313 313 313 313 313 280 280 280 285 285 285 271 265 265 265 265 239 239 251 213 213 213 228 228 199 208 208 208 173 173 173 173 173 117 117 174 165 117 117 148 148 148 132 132 132 133 132 77 116 77 77 98 98 98 78 78 6 6 6 6 6 63 63 36 36 36 45 6 6 25 25 25 25 3 3 3 
329 329 329 313 313 313 280 280 280 280 280 280 280 280 286 271 271 271 239 239 239 256 213 213 223 223 223 223 199 199 210 200 200 190 190 190 190 117 165 165 165 117 117 148 149 149 132 132 132 132 132 77 77 77 77 98 78 78 78 78 87 6 6 6 6 6 6 6 6 6 45 6 6 25 25 25 25 3 3 3 
329 329 313 313 313 313 280 280 280 280 280 292 292 280 280 280 239 239 239 245 245 245 245 245 223 223 223 223 223 199 210 200 200 190 190 190 190 117 117 165 165 166 117 148 135 135 135 132 132 132 78 78 78 78 78 78 78 91 70 78 78 78 78 6 6 6 51 51 51 6 45 6 6 25 25 25 25 3 3 3 
336 336 313 313 313 319 319 280 287 287 287 287 292 292 287 281 239 239 239 239 239 257 224 224 224 224 224 224 224 199 210 209 200 200 190 193 140 140 117 117 117 117 117 148 135 135 135 138 132 132 78 78 78 114 78 78 91 91 70 78 78 79 79 6 6 6 51 51 51 6 6 6 6 6 6 6 6 16 16 6 
319 319 319 319 319 319 319 280 287 287 287 287 287 287 287 281 239 239 239 239 239 224 224 246 224 224 224 224 218 218 210 209 200 200 190 193 140 140 179 117 117 117 135 135 135 135 135 135 135 78 78 111 111 111 111 91 91 99 70 70 70 70 70 70 70 70 51 51 51 51 6 6 37 7 7 7 6 6 17 6 
319 319 319 319 319 324 319 280 287 287 287 287 299 288 288 281 239 239 239 224 224 224 224 224 224 224 224 224 218 218 210 209 140 140 140 140 140 140 179 117 117 117 117 155 117 117 117 135 135 78 111 111 91 91 91 91 99 99 80 80 80 80 80 70 70 64 64 46 46 29 29 29 29 7 7 7 7 6 6 6 
300 300 300 319 319 319 319 280 312 275 275 287 287 288 281 281 239 239 267 224 224 224 224 240 240 219 219 219 225 218 210 210 140 140 140 140 140 140 140 140 117 117 117 117 117 150 117 117 117 117 111 111 91 91 91 107 99 99 80 80 80 80 80 70 70 64 64 46 46 29 29 29 29 29 7 7 7 7 6 6 
300 300 300 300 300 300 280 280 312 312 275 275 275 281 281 275 275 219 219 224 224 224 224 219 219 219 226 219 219 218 140 140 140 140 140 180 180 180 180 140 117 117 117 117 117 150 117 117 117 117 111 111 91 91 91 99 99 99 91 91 80 80 81 42 42 42 42 46 46 46 46 29 29 29 33 7 7 7 7 7 
338 300 300 330 300 300 280 280 280 280 306 275 275 281 281 275 276 219 219 219 219 219 219 219 194 194 226 229 219 219 140 140 140 140 140 140 140 140 140 140 117 117 117 117 117 139 139 139 117 117 117 117 117 91 91 99 99 99 91 42 42 42 81 42 65 65 42 46 46 46 46 29 29 29 29 29 7 7 7 8 
300 300 300 300 300 325 280 280 280 280 306 275 275 275 275 275 276 219 266 266 219 219 252 194 194 194 226 226 226 140 140 140 140 140 140 140 140 167 167 139 139 159 159 156 139 139 143 140 117 117 117 117 118 91 91 99 91 91 91 42 42 42 81 42 65 65 42 42 42 52 47 29 29 29 29 7 7 7 7 8 
300 320 320 320 320 320 320 300 300 300 300 300 300 275 275 276 276 219 266 219 219 219 194 194 232 232 232 194 194 140 211 211 194 194 140 140 140 140 167 167 139 139 139 156 139 140 140 140 115 115 115 118 118 115 91 91 91 92 92 92 42 42 81 42 65 65 65 42 42 52 47 29 29 30 30 7 7 7 7 8 
300 320 320 300 300 300 300 300 219 219 219 219 219 219 219 219 219 219 219 219 262 219 194 247 194 194 194 194 194 194 194 194 194 194 140 140 140 140 181 167 167 167 139 139 139 140 140 140 115 115 115 115 115 115 92 92 92 92 42 42 42 42 81 42 42 42 42 42 47 47 47 42 30 30 30 30 7 7 7 7 
300 300 300 300 300 300 315 315 219 219 219 219 219 219 219 219 219 219 219 219 219 219 194 194 194 205 205 205 205 205 205 205 205 194 194 194 140 140 140 140 140 140 140 140 140 140 140 140 115 115 115 115 115 115 92 92 92 42 42 42 42 42 42 42 42 42 42 42 42 42 42 42 30 30 30 31 7 7 7 7 
