327 327 327 297 297 297 297 297 297 279 279 279 279 279 246 246 246 246 246 246 246 246 219 219 219 219 219 219 219 219 215 142 142 142 175 175 175 184 184 175 175 118 118 118 118 149 118 118 118 118 118 118 118 84 84 84 84 84 84 84 84 84 83 72 72 72 40 40 40 40 40 40 32 32 17 17 17 17 12 1 
309 309 309 297 313 313 297 297 297 279 279 279 279 279 246 246 246 246 219 219 251 219 219 215 215 215 215 215 215 220 215 142 142 142 175 175 175 175 175 175 176 118 118 118 118 149 118 118 134 134 119 119 119 84 84 84 84 84 89 84 84 84 83 72 72 72 40 40 53 40 40 41 32 17 17 17 17 18 12 1 
309 309 309 297 297 297 297 267 267 267 267 267 267 267 267 267 267 264 219 219 219 219 244 215 215 215 215 221 215 215 215 142 203 203 199 175 175 175 185 168 168 168 118 118 118 149 149 118 134 134 119 119 120 84 84 84 84 84 89 89 89 84 84 72 72 27 27 27 27 32 32 32 32 17 17 17 17 17 12 1 
330 309 309 309 309 309 309 267 267 284 284 284 271 271 271 271 264 264 219 255 244 244 244 215 215 215 215 221 221 221 142 142 203 199 199 175 175 175 185 168 118 118 118 118 118 118 118 118 141 130 130 119 119 115 115 84 84 84 84 84 84 84 77 77 42 42 63 57 27 32 32 27 27 27 27 17 17 17 12 1 
330 309 309 309 317 302 302 302 267 284 284 285 271 276 271 271 264 264 219 219 244 244 215 215 235 215 210 210 210 210 142 142 199 199 192 192 192 175 168 168 118 118 162 118 118 118 130 130 141 130 119 119 119 115 104 104 104 96 96 96 78 78 78 78 42 42 42 57 27 27 27 27 27 27 17 17 20 12 12 1 
309 309 309 309 302 302 267 267 267 284 284 277 277 276 276 225 225 225 252 219 215 215 215 215 215 215 210 210 210 210 210 142 199 199 192 192 168 168 168 142 142 118 118 118 118 118 130 130 130 130 119 119 119 115 104 104 104 96 97 97 78 78 42 42 42 42 42 57 42 42 27 27 37 17 17 20 20 12 1 1 
309 309 309 284 302 267 267 303 284 284 289 277 277 277 277 225 225 225 252 256 215 215 210 210 210 210 210 210 210 222 210 142 142 142 142 142 168 168 168 142 142 142 142 142 153 153 130 130 130 96 96 96 96 115 96 96 96 96 78 78 78 78 42 42 42 42 42 42 42 42 27 27 17 17 12 12 12 12 1 1 
284 284 284 284 284 284 284 284 284 277 277 277 277 277 225 225 225 225 252 256 215 215 215 210 210 228 228 228 169 169 210 210 210 142 142 142 168 168 142 142 154 154 142 142 153 153 142 142 142 96 96 126 96 96 96 105 105 78 78 78 78 42 42 42 42 42 42 42 42 42 42 42 17 33 12 12 12 12 1 1 
284 284 284 284 284 284 284 284 284 277 286 286 277 277 225 225 225 225 252 252 215 215 215 236 236 228 229 229 169 169 169 169 142 142 142 142 168 168 142 154 154 154 142 142 142 142 142 143 143 135 96 126 96 96 96 105 78 78 90 90 90 42 42 42 42 42 64 42 42 48 42 42 17 17 17 12 12 12 1 2 
284 284 284 284 284 277 277 277 277 277 286 277 277 278 278 225 225 225 261 252 252 215 215 236 228 228 229 229 169 169 169 169 142 142 142 142 142 142 142 154 177 154 142 142 157 154 143 143 135 135 96 96 96 116 96 105 78 90 90 90 90 42 42 42 42 42 42 42 43 43 43 43 3 3 17 17 17 17 1 1 
284 284 284 284 284 277 277 277 277 286 286 277 277 272 272 247 247 225 225 252 252 225 225 225 228 228 228 229 225 169 169 169 169 169 169 169 169 169 169 154 177 154 154 154 154 154 143 146 135 135 96 96 116 116 96 105 78 90 90 78 78 85 85 43 43 42 42 43 43 43 43 44 3 3 3 3 3 3 3 1 
284 284 284 284 284 284 277 298 298 286 286 286 277 272 272 247 247 247 225 225 225 225 225 225 228 228 229 229 225 169 169 169 169 169 200 182 182 169 169 154 154 154 163 154 154 143 143 144 144 116 116 116 116 96 96 105 78 78 78 78 78 85 43 43 43 43 43 43 49 49 46 3 3 1 1 1 19 19 1 1 
284 284 328 284 284 284 277 277 277 286 286 277 277 272 272 247 268 247 247 247 247 247 225 225 225 225 229 225 225 169 169 169 169 169 200 182 182 169 169 178 178 154 154 154 154 143 144 144 116 116 131 105 105 105 105 105 106 103 78 78 78 85 43 43 43 43 58 58 5 5 46 3 3 28 28 1 1 1 1 3 
284 284 284 284 314 314 277 277 277 286 286 277 272 272 272 247 247 247 233 233 233 233 233 237 237 225 225 225 169 169 204 204 204 204 200 182 182 182 169 169 169 169 154 154 154 143 144 144 116 131 131 105 121 105 105 103 103 103 78 85 85 85 43 43 43 43 58 58 5 5 5 45 3 3 3 3 3 3 3 3 
284 284 284 321 304 304 304 304 277 277 277 277 272 272 272 272 247 247 233 233 233 233 233 237 237 225 225 169 169 223 204 204 204 204 200 182 182 182 182 182 169 169 154 154 154 143 143 143 116 131 131 105 105 105 103 103 107 78 78 85 5 5 43 75 75 43 58 58 5 5 5 5 3 3 21 21 21 3 3 4 
304 304 304 304 304 310 310 305 290 290 290 247 247 280 247 247 247 233 233 233 233 233 233 233 233 233 200 200 200 200 200 213 200 200 200 182 182 182 182 183 170 170 154 154 154 143 143 143 116 127 127 127 105 105 103 103 103 78 100 85 5 5 43 43 43 43 5 5 5 5 5 5 3 3 21 4 4 4 4 4 
304 304 304 305 305 305 305 305 290 290 247 247 247 247 247 247 247 233 233 233 233 241 241 241 232 232 200 200 200 200 200 200 200 205 193 193 193 182 182 183 170 170 154 154 154 143 143 116 116 127 128 128 122 78 78 103 103 78 78 85 5 73 73 43 43 73 5 59 5 5 5 5 5 5 5 4 4 4 4 5 
318 318 318 305 305 305 247 247 299 247 247 281 281 273 273 273 233 233 233 253 253 241 241 232 232 232 200 200 226 200 200 200 194 194 193 193 193 137 137 183 179 170 154 154 154 116 116 116 127 127 128 129 122 78 78 78 78 78 78 85 5 73 73 73 73 73 5 47 47 47 5 5 38 34 5 5 5 5 5 5 
318 318 318 305 305 305 247 247 247 247 291 281 282 273 273 233 233 253 253 253 253 232 232 232 238 232 232 200 206 206 206 194 194 194 194 194 194 137 137 137 179 170 54 54 54 116 116 116 127 127 128 122 122 78 112 112 78 78 85 85 5 73 73 73 73 73 5 47 47 47 47 34 34 34 5 5 5 5 5 6 
318 318 318 247 247 247 247 306 247 247 281 281 282 233 233 233 253 253 253 253 253 232 232 200 200 200 200 200 206 206 206 194 211 194 194 194 194 137 137 137 170 170 54 158 54 54 54 136 136 136 128 122 122 117 112 54 54 54 54 54 5 5 5 5 73 73 5 5 29 29 29 34 34 34 5 5 5 13 13 6 
318 318 318 322 247 247 247 247 247 247 281 281 233 233 232 232 232 232 232 232 232 232 232 200 200 200 227 227 206 206 206 194 194 194 195 194 194 137 137 170 170 171 54 158 158 93 54 54 54 54 128 122 122 117 112 54 54 88 88 54 54 86 86 5 5 5 5 5 29 50 29 29 29 29 29 5 5 13 13 6 
318 322 322 322 247 247 247 247 247 247 262 262 233 233 232 232 232 232 232 232 200 200 200 200 227 227 227 227 227 206 206 206 206 206 195 195 195 137 137 137 54 54 54 158 158 93 150 93 93 54 54 54 54 117 112 54 54 88 88 98 54 54 54 79 54 54 65 60 29 50 29 29 22 22 22 22 22 13 13 6 
318 318 318 318 318 262 262 262 262 262 262 262 233 233 232 232 265 265 232 232 200 200 200 200 227 227 227 227 227 206 216 206 212 190 190 190 190 190 137 137 54 164 164 137 137 93 93 93 93 93 93 93 54 54 112 54 88 88 88 88 88 88 54 54 54 54 54 60 29 50 29 29 22 22 22 22 6 6 6 6 
262 262 323 323 262 262 311 262 262 262 262 262 233 233 232 232 232 232 232 232 200 200 234 234 227 227 227 227 227 206 216 206 212 190 191 191 191 191 137 137 137 137 165 137 137 137 137 137 145 132 132 93 54 54 54 54 88 88 88 88 91 54 54 54 66 66 54 60 29 29 29 29 29 22 22 22 6 7 7 7 
262 262 323 323 262 311 311 262 262 262 262 262 233 233 274 274 232 232 262 232 232 248 234 234 227 227 230 230 206 206 206 206 212 190 190 190 190 173 173 137 137 137 137 137 151 151 151 137 132 132 132 93 54 54 54 108 108 88 88 88 91 54 54 54 66 66 54 54 54 29 29 29 29 22 22 22 6 7 7 6 
331 262 262 262 262 311 311 288 288 262 287 287 262 262 262 262 262 262 262 257 232 248 234 234 234 234 230 230 206 206 206 207 207 207 190 190 190 173 173 172 172 172 151 151 151 137 137 137 132 132 132 93 93 54 54 88 88 88 88 88 91 51 51 51 66 66 66 29 29 29 29 29 22 22 22 6 6 14 14 6 
331 262 262 319 319 311 311 288 288 262 262 262 262 239 239 262 262 242 242 257 232 232 232 232 232 230 230 230 208 208 208 207 207 207 186 186 186 173 173 173 172 172 151 151 151 137 137 137 137 137 109 109 93 93 93 88 88 88 88 88 51 51 51 51 66 67 67 29 29 29 29 29 22 22 22 6 6 6 6 6 
331 329 311 311 311 311 311 288 288 288 288 288 239 239 239 239 242 242 242 242 242 242 245 242 232 230 230 230 208 208 208 208 207 207 186 186 186 173 173 173 173 173 151 151 138 138 138 137 137 138 109 109 109 113 93 88 88 88 88 88 51 51 51 51 66 15 15 15 29 29 29 29 29 23 23 23 23 6 6 8 
329 329 311 311 311 311 311 288 288 292 292 239 239 239 239 239 242 242 242 242 242 242 242 242 232 232 232 201 201 208 208 208 208 208 186 186 186 186 186 166 166 166 166 138 138 155 138 147 138 138 109 109 109 113 93 93 93 93 93 93 92 80 80 51 15 15 68 15 15 15 29 29 29 23 23 15 15 15 15 8 
329 329 312 312 312 312 312 288 288 292 292 239 239 239 239 239 266 266 242 258 242 249 242 242 232 232 232 201 201 201 208 166 166 166 166 166 166 166 166 166 180 166 166 138 159 155 138 138 138 139 109 109 109 113 113 113 109 93 93 93 92 80 80 51 51 61 61 61 55 15 15 15 15 15 15 15 8 8 8 8 
332 312 312 312 312 300 300 307 300 293 293 239 239 239 239 239 266 266 242 242 242 249 239 239 239 201 201 201 201 201 208 214 201 201 201 187 187 187 187 167 167 167 167 138 155 155 138 138 139 139 109 109 109 109 109 109 109 101 101 93 93 76 80 80 51 51 51 51 55 15 15 15 15 35 30 8 8 9 9 9 
332 312 312 312 312 300 300 300 300 293 294 239 239 239 239 239 239 266 239 239 239 239 239 239 201 201 201 201 201 208 208 201 201 201 201 187 187 187 187 167 167 167 138 138 155 138 138 148 99 99 99 123 123 109 109 110 110 101 101 93 93 76 76 81 76 51 51 51 55 15 15 15 15 35 30 8 24 9 9 9 
312 312 312 312 312 300 300 308 301 254 254 254 239 239 239 239 239 239 239 239 239 239 239 239 201 201 231 231 201 201 201 201 187 187 187 187 187 160 160 160 160 167 138 138 138 138 138 138 99 99 99 123 123 109 109 110 110 99 99 99 82 82 76 76 76 51 69 51 51 51 15 15 39 35 30 8 9 9 9 9 
312 325 325 312 312 315 300 308 301 254 254 254 283 269 269 269 269 254 254 254 254 239 239 201 201 201 217 217 217 217 201 201 187 209 160 160 160 160 160 160 160 160 160 160 160 138 138 138 138 99 99 99 99 99 114 114 99 99 102 82 82 82 87 82 51 51 69 51 51 51 30 35 35 35 30 8 9 9 9 9 
312 325 324 324 315 315 300 300 301 254 254 254 283 269 269 269 269 254 254 259 243 243 243 201 201 201 217 217 217 217 201 201 187 209 160 197 188 188 188 160 160 160 161 161 138 138 138 138 138 99 133 99 124 99 99 99 99 102 102 82 94 82 82 82 51 51 51 51 51 51 30 30 30 30 30 8 9 9 9 9 
312 325 325 325 315 315 300 300 301 295 295 254 283 254 254 275 254 254 254 243 243 250 243 243 201 201 217 217 217 217 217 187 187 209 160 160 188 188 189 160 181 160 161 138 138 156 138 138 138 99 133 99 124 111 111 111 111 102 102 82 82 82 82 56 56 56 70 51 51 52 36 36 36 36 8 8 25 9 9 10 
312 315 315 315 315 315 300 300 260 295 295 254 254 254 254 254 254 243 243 243 250 250 243 243 201 201 217 217 217 218 218 187 198 198 198 160 196 188 189 160 181 160 161 138 138 138 138 138 138 99 99 99 111 111 102 102 102 102 102 82 82 82 56 56 56 56 56 56 56 31 31 8 8 8 8 25 25 9 9 9 
312 315 315 326 316 316 300 300 260 260 260 260 254 254 254 270 270 243 260 260 250 250 224 224 240 201 201 201 201 201 201 201 198 198 198 160 160 188 189 160 160 160 161 140 140 138 138 138 138 99 99 99 111 111 102 102 102 82 82 82 82 82 56 56 56 74 62 62 31 31 31 8 8 26 26 25 26 9 16 9 
312 312 315 316 316 296 296 296 296 260 260 260 254 254 254 260 260 260 260 224 224 224 224 240 240 201 201 224 224 224 198 198 198 198 202 198 160 188 160 160 160 160 140 140 140 140 152 138 138 99 99 99 102 102 102 95 95 82 82 82 82 62 62 62 62 62 62 31 31 31 31 8 8 26 26 26 26 9 9 9 
312 312 316 316 320 296 296 296 296 296 296 260 260 260 260 260 263 263 263 224 224 224 224 224 224 224 224 224 224 224 198 198 198 198 198 198 160 160 160 160 160 174 140 140 140 140 140 140 140 140 99 99 125 95 95 95 95 95 95 95 95 62 62 62 71 71 71 31 31 31 31 31 31 31 31 26 26 9 9 11 
