325 325 325 325 325 325 325 285 285 285 285 285 285 285 285 285 243 243 266 266 254 254 254 254 243 243 214 214 214 214 214 214 214 171 171 171 194 174 174 174 174 156 156 150 150 150 150 150 118 118 142 90 90 90 90 90 90 90 90 90 90 75 75 75 75 15 15 41 41 41 41 41 41 1 1 1 1 1 1 1 
325 325 325 325 317 317 317 285 305 305 305 285 285 243 243 243 243 243 266 266 254 254 254 243 243 244 214 214 214 214 214 214 214 171 203 171 194 174 174 174 174 156 156 156 156 156 116 116 118 118 142 90 125 125 90 90 90 90 90 90 90 75 75 75 75 15 15 15 15 15 49 41 41 1 1 1 1 1 1 2 
325 325 325 325 317 328 317 285 285 285 285 285 285 243 243 243 243 243 243 267 254 254 254 243 248 230 230 214 214 214 214 171 171 171 203 171 174 174 174 174 174 174 174 170 163 116 116 116 116 118 142 90 90 126 90 114 114 90 90 90 90 59 59 59 76 15 15 15 15 15 49 37 37 37 1 1 1 2 2 2 
346 325 325 325 317 317 317 317 276 276 276 276 285 243 243 243 243 272 243 243 243 243 243 243 248 230 230 214 214 214 171 171 171 171 171 171 174 174 174 174 174 178 170 170 163 116 116 116 116 118 131 131 90 90 90 114 114 90 90 90 90 59 85 59 59 59 58 58 15 15 15 37 15 15 1 1 24 2 2 2 
346 325 325 325 333 317 326 317 299 299 299 276 276 295 243 243 272 272 272 243 243 243 243 248 248 230 230 214 214 214 171 171 171 171 171 186 186 186 186 174 174 171 171 171 163 116 116 116 118 118 131 131 131 118 118 118 106 106 106 90 90 59 85 59 59 59 58 58 15 15 15 15 15 15 15 24 24 2 2 2 
325 325 325 325 317 317 317 317 299 312 299 299 276 276 276 286 272 272 272 243 243 243 243 248 248 230 230 230 214 214 171 171 215 171 171 171 186 186 183 183 183 171 175 163 163 116 116 116 118 118 118 118 118 118 118 118 106 106 98 98 90 59 59 77 59 59 58 58 58 15 38 38 38 38 15 15 15 15 13 3 
325 325 325 325 317 317 317 322 299 299 306 280 280 280 276 276 276 276 231 231 260 260 231 231 231 231 231 231 171 171 171 171 171 171 171 171 171 171 183 183 183 171 163 163 164 116 116 135 135 135 135 135 118 118 118 118 98 98 98 99 90 90 59 77 77 69 46 46 46 15 15 15 15 15 15 4 4 16 13 3 
325 325 325 325 317 317 317 317 317 299 306 280 280 280 276 276 276 276 231 231 260 231 231 231 231 231 232 232 171 216 216 216 216 209 171 171 171 171 171 171 171 171 171 172 157 157 116 135 135 136 136 136 119 119 119 119 98 98 98 59 59 59 59 81 69 69 46 46 46 46 46 15 15 27 4 4 4 16 13 3 
341 341 325 325 317 317 317 317 299 299 296 296 296 280 280 280 280 277 231 231 231 231 231 231 249 231 232 233 171 171 171 171 171 209 171 171 157 157 157 157 171 179 171 172 157 158 116 116 135 116 116 115 115 115 115 115 115 98 98 59 59 59 59 59 69 59 59 46 46 46 46 46 27 27 4 4 4 4 13 4 
341 341 325 325 317 317 317 317 299 299 296 296 296 296 277 277 277 277 231 231 231 231 231 231 231 231 232 219 219 219 219 219 171 171 171 171 157 187 187 157 171 171 171 172 157 116 116 116 116 116 116 115 115 115 50 50 50 50 50 50 50 50 86 59 59 59 59 59 46 46 46 46 27 27 4 4 25 4 4 4 
341 341 338 338 299 299 318 318 318 299 307 296 296 277 277 278 278 278 231 231 231 231 245 245 245 245 219 219 219 219 199 199 199 204 204 157 157 187 187 157 157 157 157 157 157 116 116 116 116 116 116 132 115 115 50 116 116 50 50 100 50 50 70 70 78 70 64 59 59 46 46 42 42 27 27 27 5 5 4 4 
338 338 338 299 299 299 299 299 319 299 307 277 277 277 278 278 278 263 263 263 263 245 245 245 245 246 219 219 219 219 199 199 199 199 199 157 157 187 187 157 157 157 176 165 165 116 116 116 116 116 116 132 132 127 116 116 100 100 100 100 50 70 70 70 70 70 64 60 60 42 42 42 34 34 34 28 5 5 4 4 
347 338 338 299 299 299 299 299 299 299 277 277 277 277 278 278 278 263 263 263 245 245 246 246 246 246 210 210 199 199 199 199 210 210 199 199 157 187 187 157 157 157 176 165 165 116 116 151 116 116 116 132 132 127 116 100 100 100 100 100 50 70 50 50 64 64 64 60 60 42 42 34 34 34 34 28 5 5 5 5 
281 281 281 281 281 281 313 313 313 313 277 277 277 277 278 278 279 279 264 264 245 245 246 246 246 246 210 234 199 199 199 199 210 211 199 199 157 157 151 151 176 176 176 151 151 151 151 151 116 116 116 116 116 127 116 100 100 100 100 100 50 50 50 50 64 64 64 60 60 42 42 34 34 34 28 28 17 17 5 5 
281 281 281 281 281 281 281 281 281 281 281 281 281 281 281 273 273 273 264 264 264 245 245 245 245 210 210 234 210 210 210 210 210 211 157 157 157 157 151 151 151 151 151 151 166 151 151 148 148 116 116 117 116 116 116 100 100 100 100 50 50 91 50 50 64 64 65 43 43 43 35 35 35 39 28 28 17 6 6 6 
334 334 281 281 281 308 308 281 281 281 281 281 287 287 281 273 273 273 264 264 264 235 235 235 250 210 210 210 210 222 211 211 211 211 157 190 190 190 151 180 180 180 151 151 166 151 151 148 148 137 137 117 117 117 117 100 100 100 100 50 50 50 50 64 64 64 43 43 43 43 47 47 35 35 35 17 17 6 6 6 
334 334 339 334 334 308 308 281 281 281 308 287 287 287 281 281 273 273 273 264 264 235 235 235 235 235 210 210 222 222 211 211 205 205 157 157 191 191 151 151 159 159 159 159 159 151 151 111 111 137 137 137 122 122 117 117 117 107 107 50 87 87 87 64 64 64 43 43 43 43 43 43 43 35 35 17 17 6 6 6 
334 339 339 334 334 308 327 308 308 308 308 287 287 287 287 281 281 264 264 264 264 235 235 235 235 235 235 235 222 223 205 205 205 205 205 157 157 157 157 151 159 159 159 159 159 159 111 111 111 137 137 137 122 122 122 82 82 82 108 50 50 50 50 50 50 54 54 43 43 43 43 48 44 36 36 17 17 6 6 6 
334 342 334 334 334 308 327 308 308 314 247 247 287 287 287 287 282 264 264 264 264 235 257 223 223 223 223 223 223 223 205 206 206 206 206 157 157 157 157 151 159 159 151 151 159 159 111 111 111 137 137 137 82 82 82 82 82 82 82 82 50 50 88 50 50 54 54 43 43 43 43 36 44 36 29 29 26 6 6 7 
334 334 334 335 335 308 308 308 308 314 247 247 247 287 247 247 282 228 228 228 228 235 235 223 240 240 240 236 205 205 205 206 206 206 207 157 157 157 157 151 151 151 151 151 151 111 111 111 111 145 111 111 82 82 82 120 82 82 82 82 95 82 82 50 50 54 54 54 54 43 43 36 44 36 29 26 26 6 6 6 
329 329 329 329 329 329 308 308 314 314 247 247 247 247 247 247 247 228 228 228 228 235 235 223 240 228 228 236 228 157 157 157 157 157 157 200 157 157 157 157 151 151 151 151 151 111 111 111 111 111 111 111 82 82 82 120 82 82 82 82 95 82 82 82 50 50 50 50 54 54 50 36 44 36 29 26 26 6 6 6 
329 336 336 336 336 314 314 314 314 315 247 247 247 247 290 247 247 228 228 268 228 228 223 223 228 228 228 228 228 157 157 157 157 157 157 157 157 157 157 157 151 151 151 151 160 111 111 128 128 143 143 111 111 111 111 82 82 82 82 82 82 82 71 71 71 71 66 50 50 50 50 36 36 36 29 26 26 18 8 8 
329 336 336 329 329 314 314 314 314 290 309 247 247 290 290 247 247 247 247 247 228 228 228 228 228 241 241 192 192 192 192 192 192 192 192 192 192 192 157 157 151 151 167 167 160 160 128 128 128 128 128 128 128 128 111 82 82 82 82 82 82 82 71 71 79 72 66 50 50 55 40 40 36 36 29 30 18 18 8 9 
329 329 336 329 329 330 314 323 320 290 290 290 290 290 258 258 247 247 247 247 228 228 228 228 228 241 192 192 229 192 192 192 192 192 192 192 177 177 177 167 167 167 167 167 160 160 128 128 128 128 128 128 123 123 111 111 111 111 82 101 82 82 72 72 72 72 66 50 50 55 40 40 40 40 29 18 18 8 8 9 
343 329 329 329 329 330 314 300 320 290 290 300 297 297 258 258 247 247 247 247 247 247 247 247 247 241 192 218 218 192 192 192 192 192 192 192 195 177 177 167 167 181 167 167 167 128 128 128 128 128 128 128 123 123 111 111 111 111 82 82 82 72 72 72 72 72 66 40 40 40 40 40 19 19 29 18 18 8 14 9 
343 343 329 329 329 314 314 300 300 310 310 300 297 297 258 258 283 247 247 269 247 247 247 247 247 247 192 192 218 224 192 192 217 192 192 201 177 177 168 168 167 167 167 167 167 128 138 138 138 138 128 128 123 123 111 111 111 111 102 102 72 72 72 72 73 66 66 40 61 40 40 40 19 19 29 29 8 8 9 9 
344 344 329 329 329 314 314 314 300 300 300 300 297 297 291 258 283 247 247 261 261 261 258 242 242 242 242 192 218 218 218 218 208 208 208 177 177 168 168 168 168 168 168 167 167 128 128 128 139 138 138 138 123 123 123 111 111 102 102 103 72 92 72 73 73 66 66 40 61 51 51 19 19 19 8 8 8 19 9 9 
344 344 329 329 321 321 321 288 288 288 265 265 265 265 291 258 258 258 261 261 261 261 258 242 251 242 242 192 192 218 218 218 208 177 177 177 168 168 188 182 182 182 168 168 155 155 155 128 139 139 139 139 133 123 123 111 111 102 102 103 72 72 72 73 66 66 66 40 61 51 52 19 19 19 19 19 19 19 9 9 
345 329 329 329 321 321 321 288 288 288 288 288 288 265 265 265 258 258 258 258 258 262 258 242 242 242 242 192 192 225 221 218 218 177 177 177 168 168 168 182 182 182 168 168 155 128 128 128 129 129 129 129 133 129 124 94 94 102 102 93 93 93 73 73 66 66 66 40 40 51 51 19 19 19 19 19 19 19 9 9 
345 329 329 329 321 321 321 288 288 301 301 301 288 288 292 265 258 258 258 270 258 262 258 242 242 242 242 192 221 225 221 218 218 177 177 177 196 168 168 184 182 182 168 168 155 155 129 129 129 146 129 129 129 129 124 94 94 94 109 93 93 93 73 83 66 66 67 40 40 51 51 10 10 19 19 19 20 20 9 9 
345 345 329 329 337 321 321 288 288 298 298 298 298 288 288 265 265 270 270 270 258 258 258 242 242 242 242 192 221 221 221 220 177 177 177 177 177 168 168 168 168 168 168 168 168 155 129 129 129 129 129 140 129 129 124 94 104 104 104 104 96 73 73 73 73 73 40 40 51 51 10 10 10 10 10 10 10 10 10 10 
345 345 340 321 321 321 321 321 321 298 298 298 298 298 288 288 265 265 265 265 265 255 255 255 238 238 238 192 221 221 192 220 177 177 177 202 177 168 168 185 168 168 173 168 168 155 155 152 129 129 140 140 134 124 124 94 94 112 104 104 96 73 73 73 73 73 40 40 51 51 10 10 10 10 31 31 10 10 10 10 
340 340 340 321 331 331 321 302 302 302 298 298 289 289 289 289 265 265 274 265 265 255 255 256 238 238 238 192 221 221 192 212 212 212 202 202 177 185 185 185 169 169 173 173 169 155 155 152 134 134 134 134 134 124 124 94 94 112 94 94 94 94 40 40 40 68 68 40 56 56 45 45 45 10 10 10 10 10 10 11 
340 340 340 321 321 321 321 302 302 302 302 302 289 289 293 259 259 259 274 271 255 255 255 238 238 238 238 192 192 192 192 213 213 213 202 202 177 185 185 185 169 169 169 169 169 141 141 152 134 134 134 134 105 105 124 94 94 94 94 94 94 40 40 84 40 68 68 40 40 40 45 45 45 10 10 32 11 21 11 11 
340 340 324 324 324 324 324 316 316 316 289 289 289 289 293 259 284 259 274 271 255 255 255 238 238 238 202 237 202 202 202 213 213 213 202 202 177 177 177 177 169 169 169 141 141 141 141 141 141 134 134 134 105 105 105 94 94 94 94 94 94 40 84 84 40 40 40 63 40 40 45 22 22 22 22 22 11 21 11 12 
340 340 324 324 324 324 324 316 316 316 289 289 289 259 259 259 284 259 259 271 255 255 252 252 252 238 202 237 202 226 202 202 202 202 202 202 193 193 189 177 177 177 177 141 141 141 153 153 141 147 105 105 105 130 105 105 105 105 105 105 40 40 84 84 40 40 40 40 40 57 22 22 22 22 33 33 11 11 11 12 
289 289 324 324 324 324 324 316 316 289 289 289 289 259 259 259 275 275 259 259 259 259 252 252 253 238 202 237 202 202 202 202 202 202 202 202 193 193 189 177 177 177 161 161 161 141 141 154 141 141 105 105 110 110 110 121 113 113 105 105 40 40 84 84 40 40 53 53 53 57 22 22 33 33 33 11 11 11 12 12 
289 289 332 332 324 324 324 316 316 289 311 289 289 259 259 259 275 275 275 252 252 259 259 252 253 238 202 202 202 202 202 197 197 197 197 141 141 141 189 177 177 177 161 161 161 161 141 141 141 141 144 105 110 110 110 121 113 113 105 105 97 62 62 62 74 74 53 53 53 53 53 22 22 22 22 11 11 11 12 12 
289 289 332 332 332 332 324 324 289 289 303 303 294 294 294 259 259 259 259 252 252 259 259 252 252 238 238 238 227 227 197 197 197 197 197 197 197 141 141 141 141 141 141 141 141 141 141 141 141 141 144 105 110 110 110 110 110 113 89 89 97 62 89 62 80 62 62 53 53 23 23 23 23 23 22 22 22 22 12 12 
289 289 289 289 289 289 289 289 289 303 303 304 294 294 294 259 259 259 259 252 252 252 252 252 252 238 238 239 227 227 197 197 197 197 197 197 198 141 141 162 162 162 162 162 162 162 141 141 149 141 141 141 110 110 110 110 110 110 110 89 89 89 89 62 62 62 62 62 62 23 23 23 23 23 23 23 23 23 12 12 
