337 337 329 329 318 318 318 278 278 278 278 278 278 278 278 252 252 252 252 256 256 256 215 215 215 215 215 215 215 215 215 204 204 204 181 181 180 180 180 180 147 147 147 147 156 147 132 132 132 132 59 59 115 115 115 36 36 36 36 36 36 83 36 36 36 36 36 36 36 36 36 36 36 33 1 1 1 1 1 1 
329 329 329 318 318 319 319 278 278 278 278 278 276 276 278 252 252 252 252 256 242 242 215 248 215 215 215 215 216 216 216 204 204 204 181 181 181 181 181 181 147 147 147 147 147 147 132 138 138 59 59 126 101 101 116 101 101 59 59 59 36 36 36 63 63 63 63 59 36 36 36 37 33 33 1 1 1 1 1 2 
329 329 329 318 309 309 309 309 278 278 278 278 276 276 278 278 278 278 252 256 242 242 215 215 215 215 215 215 216 216 216 204 204 207 196 196 181 181 164 164 164 132 132 132 147 147 132 132 132 59 101 101 101 101 101 101 102 59 59 59 59 77 77 63 63 59 59 59 36 52 36 37 37 27 27 27 1 1 1 2 
329 329 329 318 309 309 309 309 309 303 303 276 276 276 276 276 279 279 252 256 242 242 242 242 242 236 215 215 216 216 216 204 204 207 196 196 196 164 164 164 164 132 132 132 147 147 145 132 132 59 59 59 59 108 108 108 59 59 59 86 59 77 77 77 59 59 64 27 36 36 36 27 27 27 27 27 1 1 1 2 
329 329 329 318 318 309 309 303 303 303 304 276 276 276 276 276 279 279 252 256 242 242 242 242 242 236 215 225 199 199 199 204 204 207 196 196 196 164 164 164 173 132 132 161 147 147 145 132 132 59 59 59 59 59 59 59 59 59 59 86 59 84 77 77 59 38 38 27 27 27 27 27 3 3 28 28 1 1 1 2 
303 303 303 318 318 303 303 303 310 276 276 276 276 276 276 276 276 279 252 252 252 252 252 234 234 236 215 215 199 199 199 204 204 207 196 196 196 164 164 164 164 164 132 132 157 145 145 132 132 96 96 59 59 59 59 59 59 59 59 86 59 59 59 59 59 38 38 38 38 38 38 38 38 3 12 12 12 1 1 2 
303 303 303 303 303 303 310 310 310 276 276 276 296 276 284 284 276 276 276 253 253 253 253 234 234 234 234 215 199 199 199 204 204 204 191 191 191 174 174 174 174 164 164 132 157 145 145 132 96 96 96 103 59 59 59 109 103 87 87 86 86 70 70 70 70 38 53 53 38 38 41 41 39 3 12 12 12 12 12 2 
303 303 303 303 314 297 297 310 310 276 276 276 276 276 284 253 253 253 253 253 234 234 234 234 237 237 215 215 199 199 199 204 204 204 191 191 191 174 182 182 175 165 165 132 157 132 132 132 133 133 96 103 59 59 117 103 103 87 87 87 87 70 70 70 71 38 53 53 53 53 41 39 39 3 12 12 18 2 2 2 
338 338 328 328 314 314 297 297 297 276 276 276 276 234 234 253 253 253 234 234 234 249 249 249 215 215 215 226 199 199 199 199 204 204 204 191 191 174 174 174 175 165 165 132 132 132 96 96 96 96 96 103 103 103 103 103 87 87 87 87 70 70 70 70 71 38 53 41 41 41 41 39 39 3 12 12 12 2 2 2 
338 338 328 328 328 314 320 314 297 276 276 276 297 234 234 234 234 253 234 271 266 249 249 215 215 209 209 199 199 199 217 199 199 204 204 191 191 191 174 174 165 165 165 148 148 148 96 122 122 122 130 103 103 110 103 103 87 87 87 87 70 70 70 71 71 38 41 41 47 5 5 5 39 3 12 12 12 2 2 2 
338 338 328 328 328 314 314 314 297 297 297 297 297 234 234 234 234 234 234 266 266 215 215 215 243 209 209 199 199 199 212 212 199 199 199 199 191 191 174 183 165 165 148 148 149 149 96 122 122 122 122 122 122 110 110 87 87 87 87 87 70 70 38 38 38 38 41 41 47 5 5 5 39 3 12 12 19 3 3 3 
338 338 328 328 328 314 314 288 288 306 298 298 298 234 234 234 277 277 277 266 267 215 215 238 238 209 209 209 199 199 212 200 200 200 200 200 191 191 174 174 165 165 148 149 149 150 96 96 122 122 122 96 96 96 110 87 87 87 81 81 81 81 80 20 20 65 65 41 47 5 5 5 5 3 3 3 3 3 4 4 
334 334 328 328 328 288 288 288 288 288 298 234 234 234 234 234 277 266 266 266 257 257 215 215 238 209 209 209 199 199 212 200 200 200 200 200 192 192 174 174 165 148 148 149 149 127 127 96 96 131 131 96 123 96 110 110 96 96 81 81 81 81 80 20 20 65 65 47 47 5 5 42 5 5 13 13 13 13 13 5 
334 334 334 328 328 288 315 315 311 288 288 288 288 288 288 258 258 266 258 258 268 254 254 215 238 238 209 209 222 212 212 213 209 201 201 201 192 192 174 184 165 166 166 162 127 127 120 120 96 96 96 96 123 96 96 96 96 81 81 81 81 81 81 20 20 20 20 47 47 47 47 20 20 5 5 13 13 13 13 5 
334 334 334 316 316 288 288 311 311 258 258 258 258 258 258 258 258 266 258 258 258 258 239 239 239 239 209 209 209 212 209 209 209 201 192 192 192 192 174 174 174 166 166 162 127 151 120 120 120 120 96 96 123 104 104 104 104 81 92 81 81 81 81 20 20 20 20 20 20 20 20 20 20 20 5 5 5 5 5 5 
342 325 334 330 316 324 288 311 311 258 292 292 292 292 285 285 258 258 258 258 258 259 227 227 227 227 227 227 209 209 209 210 210 201 192 192 192 192 186 163 163 170 162 162 127 120 120 120 120 120 123 123 123 104 104 104 104 81 81 81 81 81 81 20 20 20 48 48 48 48 48 43 20 20 20 20 20 6 6 6 
325 325 334 330 316 324 288 288 288 292 292 285 285 285 285 286 258 258 259 259 259 259 227 227 227 240 228 228 197 197 186 186 186 201 201 201 193 193 186 163 163 167 167 163 127 120 120 120 120 120 120 120 120 120 111 111 97 97 43 43 81 81 43 43 20 20 43 43 43 43 43 43 20 20 20 21 21 6 6 6 
325 330 330 330 316 316 316 288 288 292 292 285 285 285 285 286 258 258 259 259 259 227 227 227 227 240 228 228 197 197 186 186 186 186 193 193 193 194 186 163 163 167 168 163 127 152 120 120 120 120 120 120 121 121 111 112 97 98 43 43 43 43 43 43 43 43 43 43 43 44 43 43 21 21 21 21 22 6 6 6 
325 325 325 325 325 325 316 288 288 285 285 285 285 285 285 286 258 258 259 259 259 227 228 227 227 228 228 228 197 197 197 186 186 186 193 193 193 186 186 163 163 167 163 163 127 127 146 120 120 120 120 120 121 121 111 112 97 98 43 43 43 43 66 66 66 66 66 21 21 44 44 44 21 21 21 22 22 6 6 6 
325 325 335 317 317 317 316 316 288 288 305 293 293 272 272 272 272 272 227 227 227 227 228 228 228 228 228 228 197 197 197 186 186 202 202 202 186 186 187 163 163 163 163 97 97 127 127 120 120 134 127 127 97 97 111 97 97 43 43 43 43 43 66 66 66 66 66 21 21 21 21 45 21 21 21 22 22 6 14 6 
317 317 317 317 317 317 317 317 293 293 305 293 293 272 272 272 272 272 272 272 260 260 250 250 235 235 235 229 197 197 197 197 186 202 186 186 186 187 187 163 176 163 163 97 97 97 127 127 127 127 127 97 97 97 97 97 43 43 66 66 43 43 66 72 72 60 60 21 54 54 21 21 21 21 21 22 22 6 14 6 
317 317 317 317 317 317 317 293 293 293 293 293 293 293 280 280 272 272 272 272 260 261 235 235 235 218 218 229 197 197 197 197 186 186 186 197 197 163 163 163 176 163 163 97 97 97 97 97 97 97 97 97 66 66 66 66 66 66 66 66 66 66 66 60 60 60 60 21 54 54 49 23 23 29 29 29 23 6 6 6 
339 317 326 326 326 326 321 293 293 293 293 293 294 294 280 280 280 280 261 261 261 261 235 244 244 218 218 197 197 197 197 197 197 197 197 197 198 163 163 163 163 163 163 97 97 153 139 139 139 89 89 128 66 66 93 93 105 93 93 91 66 66 60 60 61 61 60 21 21 55 49 23 23 29 29 23 23 7 7 7 
339 317 317 317 317 321 321 293 293 293 300 300 294 294 280 280 261 261 261 261 261 262 235 235 218 218 218 197 220 220 197 197 197 197 203 163 163 163 163 163 163 163 163 97 153 153 139 139 139 89 89 89 89 89 93 93 105 93 91 91 88 60 60 61 61 60 60 60 21 21 49 23 23 29 29 23 23 7 8 8 
339 339 317 317 317 321 293 293 312 280 280 280 280 280 289 280 261 261 261 273 235 235 235 235 218 218 218 197 220 220 197 197 197 203 203 163 195 195 163 163 177 158 158 158 158 118 139 139 139 89 89 89 124 89 93 93 93 93 91 91 88 60 60 61 61 60 60 60 21 21 23 23 23 23 23 23 23 7 8 8 
322 340 317 317 317 321 293 312 312 280 280 280 280 280 280 280 261 261 261 261 235 235 235 235 245 218 218 197 197 197 197 197 197 203 205 163 195 195 163 163 158 158 159 159 159 118 118 118 118 118 118 124 124 89 89 89 89 89 91 91 88 60 60 78 61 67 67 61 21 56 23 34 34 34 7 7 7 7 8 8 
322 340 317 317 317 321 293 312 280 280 280 280 280 282 282 282 282 261 261 261 235 235 255 221 221 218 218 218 218 197 197 197 197 203 205 163 163 163 163 163 158 158 159 159 159 154 135 135 135 135 118 124 124 89 89 106 106 89 89 89 89 60 78 78 61 61 61 61 21 21 23 23 7 7 7 30 7 7 9 9 
322 340 317 331 317 317 312 312 280 280 280 280 280 282 282 282 281 281 255 255 255 255 255 221 221 230 230 230 218 197 197 197 197 203 203 203 188 188 163 163 178 158 159 159 159 154 135 140 140 136 118 118 118 118 118 106 94 94 89 89 90 60 78 68 68 61 61 21 21 21 23 23 7 7 7 30 7 7 7 7 
322 340 317 331 317 317 312 312 313 280 280 280 280 282 282 282 281 281 255 255 269 221 221 221 221 221 231 231 218 218 218 197 197 206 206 188 188 188 188 158 158 158 159 159 154 154 135 135 141 136 118 118 94 94 119 106 94 94 94 60 60 60 78 68 68 68 68 62 23 23 23 46 25 25 7 30 24 7 7 7 
322 340 317 317 317 312 312 312 313 280 301 301 280 280 280 280 283 255 255 255 269 221 221 246 221 221 221 221 221 221 158 158 158 158 158 188 158 158 158 158 158 158 135 135 154 154 135 135 136 136 94 94 94 106 106 106 94 94 94 60 60 60 78 73 73 62 62 62 23 23 23 25 25 25 7 7 24 7 15 7 
322 322 322 317 317 312 312 290 290 280 280 280 280 280 280 280 255 255 263 263 263 263 221 246 221 221 221 232 221 221 158 158 158 208 158 158 158 189 189 135 135 135 135 135 135 135 135 136 136 136 94 94 94 94 94 94 94 99 94 60 60 60 78 73 73 62 62 62 23 50 50 25 25 25 25 7 7 7 15 7 
343 322 322 290 290 312 312 290 290 280 280 280 280 280 280 280 255 263 263 274 264 264 221 246 246 221 232 232 221 221 158 158 158 158 158 158 158 189 189 135 135 135 135 135 135 135 135 136 136 136 129 129 94 94 113 113 94 94 94 60 60 60 60 73 73 35 35 62 23 23 40 40 40 25 25 7 7 15 15 7 
343 322 336 290 290 312 290 290 290 290 290 299 299 255 255 255 255 263 274 274 264 264 221 221 247 221 221 221 221 221 158 158 158 158 158 158 158 189 189 135 171 171 135 135 135 155 142 142 129 129 129 100 100 100 100 100 94 94 95 35 35 35 74 73 73 35 35 35 57 57 40 40 40 25 31 31 7 7 7 7 
343 322 322 332 290 312 290 302 302 307 290 299 299 255 255 255 263 263 219 219 219 219 219 221 221 221 221 221 221 221 219 158 158 158 158 158 189 189 190 135 135 135 135 135 135 142 142 143 129 137 100 100 100 100 114 100 100 100 95 35 35 35 74 74 74 35 35 35 35 35 35 35 40 25 25 25 7 17 10 10 
322 322 322 332 290 290 290 302 302 302 290 290 290 295 290 287 219 219 219 275 219 219 219 221 221 221 221 233 219 219 219 158 158 158 158 158 189 189 190 135 135 135 135 135 160 142 142 129 129 100 100 100 100 100 114 114 95 95 95 35 35 35 35 35 35 35 35 51 51 51 51 35 35 35 25 25 7 7 10 11 
322 322 322 322 322 322 322 302 302 302 302 302 290 290 290 287 219 219 219 275 219 219 219 251 219 219 219 219 219 219 214 214 158 158 158 158 158 158 179 179 179 135 135 135 135 142 142 129 129 100 100 100 125 79 79 79 95 95 95 79 79 79 79 79 35 35 51 51 51 51 7 7 35 35 25 25 25 7 10 10 
322 322 327 327 322 322 302 302 302 302 302 302 287 287 287 287 219 219 275 275 219 265 219 219 219 241 219 219 223 219 214 214 158 158 158 158 158 158 179 179 179 172 135 135 135 144 144 82 82 82 100 100 125 79 79 79 79 79 95 79 75 75 75 75 75 51 51 7 7 7 7 7 7 7 7 7 7 7 16 10 
341 341 323 327 327 327 302 302 302 302 302 302 291 291 291 270 270 219 219 219 219 219 219 219 241 241 219 219 219 219 214 214 211 179 179 179 179 179 179 185 169 172 135 135 135 144 144 82 82 82 82 82 125 79 79 79 107 79 95 79 75 85 75 75 76 51 51 7 7 7 10 10 10 10 10 7 7 16 16 10 
341 341 323 333 327 327 302 302 308 308 302 291 291 291 291 270 270 270 219 219 270 219 219 219 241 241 219 219 224 214 214 211 211 179 179 179 179 179 179 169 169 172 135 135 135 135 144 144 82 82 82 82 125 79 79 79 107 79 79 79 75 75 75 75 69 69 7 7 7 7 10 10 10 10 10 10 26 10 10 10 
341 341 323 323 323 323 323 302 302 302 302 291 291 291 291 270 270 270 270 270 270 219 219 241 241 241 219 219 224 214 214 211 211 179 179 179 179 179 179 169 169 169 169 135 135 135 144 144 82 82 82 82 82 82 82 82 82 82 82 82 82 82 82 75 75 7 7 58 58 58 10 10 10 10 32 10 10 10 10 10 
