351 346 346 327 327 327 320 320 275 310 275 275 275 275 275 275 282 257 257 257 257 257 257 224 224 224 224 224 224 224 221 178 178 178 178 178 178 178 178 178 178 146 146 146 146 146 146 146 1 1 1 120 120 1 1 1 1 1 1 1 1 1 1 1 1 1 1 1 1 1 1 1 1 32 32 26 18 18 1 1 
351 327 327 327 320 320 320 275 275 275 275 301 270 270 275 275 282 257 257 257 257 257 224 224 224 224 224 224 225 225 221 178 178 178 188 188 178 178 188 146 146 146 146 146 146 146 146 146 1 1 1 1 1 1 83 83 83 83 83 90 90 83 74 74 74 54 54 54 54 39 39 39 1 1 1 26 18 1 1 2 
327 327 327 327 320 320 324 275 314 275 308 301 270 270 275 275 275 275 257 257 257 257 224 251 231 231 235 235 225 225 221 178 178 188 188 188 178 178 188 146 174 174 146 146 146 152 152 106 106 106 133 1 1 1 83 83 103 103 83 83 83 83 74 74 74 54 54 54 54 39 39 39 39 39 1 18 18 1 2 2 
327 327 332 332 332 320 324 275 275 275 301 301 270 270 270 283 283 270 270 224 224 224 224 251 231 231 231 231 231 221 221 216 188 188 188 188 188 188 188 146 174 146 146 146 146 152 106 106 144 106 106 1 1 1 106 106 84 84 84 84 84 84 74 74 74 64 54 59 39 39 39 39 27 27 1 18 18 1 2 2 
352 327 327 333 333 320 320 321 275 275 301 270 270 287 270 270 270 270 224 224 262 251 251 251 231 226 226 226 221 221 222 216 188 207 188 188 188 188 188 146 146 146 170 106 106 106 106 106 144 106 106 106 106 106 106 106 106 91 94 94 8 8 8 74 74 64 54 54 39 39 39 39 27 27 1 1 1 1 2 2 
352 347 347 320 320 320 320 321 301 301 301 270 270 287 287 287 224 224 224 262 262 251 252 252 231 226 226 226 232 217 217 217 188 188 200 200 189 189 189 182 146 146 170 106 106 106 153 106 106 106 134 106 121 104 104 107 107 91 91 95 8 8 8 8 8 64 54 54 54 28 28 28 27 27 27 27 3 3 2 2 
352 347 320 320 328 328 321 321 301 301 301 270 270 287 287 224 224 276 251 251 251 251 252 252 231 226 226 226 226 226 188 188 188 188 190 190 189 193 182 182 106 106 106 106 106 106 106 106 106 106 106 106 104 104 104 107 107 104 91 95 91 8 8 8 8 64 54 54 54 28 50 28 28 28 28 28 3 3 3 3 
347 347 320 320 320 321 321 301 301 301 301 301 301 287 287 224 276 276 251 251 251 231 231 231 231 226 226 226 226 226 188 188 190 190 190 190 190 190 190 106 106 147 147 147 162 147 147 147 106 106 106 122 104 104 104 104 104 104 91 91 91 8 8 8 8 8 55 55 55 33 33 33 33 33 33 4 4 4 4 4 
347 347 320 320 320 321 321 301 315 301 301 301 301 287 287 224 276 277 251 251 251 231 236 236 236 236 236 236 188 188 188 188 190 190 190 201 194 194 106 106 179 147 147 147 162 147 123 123 106 106 106 122 122 104 114 112 105 105 96 96 85 85 65 65 65 8 8 55 55 33 33 33 4 4 4 4 5 5 5 5 
334 334 340 340 321 321 321 301 301 301 301 306 278 278 278 224 276 276 251 251 251 231 236 236 209 209 209 209 188 188 190 190 190 190 190 201 194 194 106 106 106 106 106 147 147 147 123 123 123 123 123 123 123 104 104 112 105 105 96 96 85 85 65 65 65 65 8 33 33 33 44 44 4 4 4 4 4 4 6 6 
334 334 340 340 321 321 321 316 316 301 301 278 278 278 278 284 284 276 251 251 251 231 209 209 209 209 209 209 209 227 190 190 190 190 190 194 194 194 106 106 106 171 106 164 160 160 123 123 123 123 104 104 104 104 104 112 105 105 79 79 79 79 65 65 60 60 8 8 8 8 8 8 34 34 4 4 4 4 6 6 
334 334 334 334 334 321 321 316 317 292 292 292 296 278 278 278 278 278 231 231 231 231 209 247 247 209 209 209 209 190 190 209 209 190 190 194 194 106 106 106 106 171 171 160 160 154 154 148 123 123 104 104 104 104 104 108 108 79 79 79 79 79 79 60 60 60 60 60 8 8 8 8 34 34 34 4 4 7 6 6 
334 341 341 341 329 329 316 316 292 292 309 292 296 296 279 279 278 278 231 231 231 260 209 209 209 210 210 209 209 209 209 209 202 202 202 202 194 106 106 106 172 172 172 160 154 154 148 148 108 108 104 104 104 104 104 108 79 79 14 14 14 80 80 60 60 60 60 60 8 8 8 8 8 8 8 8 8 7 6 6 
334 341 329 329 329 330 292 292 292 292 292 292 296 296 279 279 279 279 231 231 231 209 209 209 209 210 210 209 209 228 209 209 202 202 202 202 194 194 160 160 160 160 160 160 154 154 148 149 108 108 128 128 108 108 108 108 109 14 14 97 14 14 14 14 14 60 60 45 45 45 45 8 8 35 35 8 8 7 7 7 
334 341 341 335 335 292 292 292 292 292 292 292 292 292 292 285 285 231 231 231 231 209 210 210 210 210 210 210 210 210 210 210 210 202 202 194 194 194 160 160 160 173 173 154 154 154 148 108 108 108 108 129 108 109 109 109 109 14 14 14 14 14 14 14 14 14 14 45 45 45 45 45 14 14 14 8 8 8 8 8 
334 334 334 335 336 292 292 292 292 292 292 231 231 231 231 285 285 231 231 237 237 237 210 210 210 210 210 210 210 210 210 211 211 160 160 194 194 160 160 183 148 148 148 148 148 148 148 108 108 108 108 108 108 109 109 110 110 92 92 14 14 14 14 14 66 66 14 45 45 45 45 14 14 40 14 14 14 14 14 9 
334 334 334 335 322 322 322 322 292 292 231 231 302 231 231 285 285 231 231 237 263 237 237 237 237 237 237 237 210 210 210 211 160 160 160 160 160 160 148 148 148 148 148 165 148 148 155 108 108 108 108 108 124 109 109 110 110 92 92 92 92 14 14 66 66 14 14 51 51 51 14 14 36 36 15 15 15 19 15 9 
334 334 322 322 322 318 318 318 318 258 258 258 302 231 231 231 231 231 237 237 263 238 238 238 238 238 238 238 210 210 210 210 160 160 195 195 195 195 148 148 148 148 148 148 148 148 148 108 108 139 108 108 108 110 110 110 110 98 98 98 67 67 66 66 75 14 14 51 14 14 14 46 36 36 15 15 15 15 15 9 
334 334 322 337 337 318 325 318 318 258 258 258 297 297 280 280 280 280 237 237 238 238 241 241 241 241 241 229 229 210 210 210 210 160 160 184 184 184 184 148 148 148 130 130 130 130 130 130 108 108 108 125 108 110 110 86 86 98 67 67 67 67 66 66 67 67 14 14 14 52 46 46 36 36 36 15 16 16 16 9 
334 334 322 337 337 318 325 318 318 258 258 258 297 297 280 280 258 258 258 237 238 238 241 241 241 242 242 229 229 229 210 210 210 160 160 184 184 184 184 148 148 148 130 130 130 130 156 130 130 130 135 125 125 110 110 86 86 67 67 67 67 67 66 66 67 52 52 52 52 52 46 46 15 15 15 15 16 16 16 9 
322 322 322 337 337 318 318 318 318 307 307 258 258 258 280 280 258 258 258 237 241 241 241 241 241 242 242 229 229 229 218 218 160 160 99 99 99 99 184 184 175 175 130 130 130 130 156 130 130 130 130 130 113 113 115 86 86 67 67 67 67 67 67 67 67 52 56 56 38 38 38 46 15 15 15 20 16 16 16 10 
322 322 322 318 318 318 318 307 307 307 265 265 265 258 258 258 258 258 258 237 237 237 237 248 248 229 229 229 229 229 218 160 160 176 99 198 198 99 99 185 175 175 130 130 130 130 130 130 136 136 136 113 113 113 113 86 86 100 100 67 67 86 52 52 76 52 52 56 38 38 38 42 42 15 15 20 20 20 16 10 
322 322 322 318 318 318 318 307 311 311 265 265 265 258 258 286 286 281 258 237 237 258 258 229 229 229 239 239 229 213 218 160 212 176 99 198 198 196 99 99 99 99 99 166 130 130 130 130 136 119 119 113 118 118 113 113 86 86 86 86 86 86 52 52 52 68 52 56 56 38 38 42 15 15 37 25 25 15 16 10 
322 342 342 318 318 318 318 307 307 307 307 307 265 265 265 265 265 281 258 237 237 258 240 229 229 229 229 229 229 213 213 160 212 176 205 176 176 196 99 99 176 176 99 166 163 130 130 137 119 119 119 113 118 118 113 113 111 87 87 87 86 86 52 77 52 52 52 56 56 38 38 38 15 37 37 25 25 15 16 10 
322 322 342 342 289 289 289 323 289 289 289 289 289 265 265 288 265 281 258 258 258 258 240 253 229 229 243 233 233 213 213 160 160 176 176 176 176 176 176 176 176 99 99 166 163 157 157 137 140 140 119 113 113 113 113 113 111 87 87 87 87 87 52 69 69 69 38 38 57 38 38 38 15 15 15 25 25 15 15 10 
349 322 322 343 289 289 289 289 289 312 303 303 289 288 288 288 265 265 265 258 258 261 240 240 243 243 243 233 233 213 213 213 160 160 176 176 176 176 158 158 158 99 163 163 163 157 157 137 140 140 119 119 119 119 111 111 111 87 87 52 52 52 52 69 70 70 38 38 38 38 38 38 15 15 15 15 15 15 15 11 
349 349 322 322 289 289 289 289 312 312 303 303 289 289 293 289 265 265 265 265 261 261 240 240 243 243 243 233 233 213 213 213 213 160 176 176 158 158 158 186 158 99 99 99 99 157 157 137 137 137 137 99 99 116 116 87 87 87 101 52 52 52 52 69 70 70 38 38 38 38 38 38 11 11 11 11 11 11 11 11 
349 349 322 322 322 322 322 312 312 312 294 303 303 289 289 289 261 261 261 261 261 261 240 254 240 240 240 233 233 160 160 219 160 160 158 158 158 158 158 186 158 158 167 99 99 157 157 99 99 99 99 99 99 116 87 87 87 87 87 52 52 52 52 69 69 38 38 38 38 38 38 38 11 11 29 29 17 17 17 12 
349 349 322 322 322 322 322 312 312 312 294 294 294 298 289 289 261 261 271 261 261 261 240 240 240 246 240 240 230 230 160 160 160 180 180 180 180 180 180 180 180 158 167 99 99 99 99 99 141 141 99 99 99 116 87 87 87 87 87 62 62 62 62 69 69 38 38 38 38 38 38 38 43 11 11 30 17 17 17 12 
349 349 322 322 322 322 322 299 299 313 299 299 294 294 294 264 264 261 261 261 261 261 244 244 244 244 244 230 230 203 203 220 180 180 180 180 191 191 180 180 180 158 167 167 142 142 142 141 141 131 131 131 99 99 99 87 87 87 62 62 62 62 62 69 69 71 38 38 38 38 43 43 43 11 11 17 17 17 17 12 
350 350 322 322 322 322 322 299 299 299 299 299 299 299 264 264 264 264 272 261 261 244 244 244 244 244 244 215 215 203 203 203 180 180 180 180 191 191 180 180 180 158 167 167 142 142 142 142 145 131 131 132 99 99 99 99 99 99 62 62 62 62 71 71 71 71 38 38 38 38 38 38 38 11 11 17 17 17 17 12 
344 344 344 344 331 331 326 299 299 299 299 304 304 300 264 267 267 264 264 264 264 244 244 244 244 215 215 215 215 215 215 203 214 180 180 203 191 191 191 180 180 158 158 158 142 142 158 142 142 131 131 131 99 99 117 99 99 99 102 62 62 88 62 62 62 62 62 58 58 41 41 47 38 38 11 17 17 21 12 12 
344 344 331 331 331 299 326 299 299 264 264 264 264 300 264 267 267 264 264 266 255 255 244 244 244 215 215 215 234 215 215 203 203 203 203 203 199 181 181 181 181 158 158 158 158 158 158 150 142 131 131 131 99 99 99 99 99 99 99 99 62 62 62 62 62 58 58 58 58 41 41 41 41 38 11 17 17 21 12 12 
344 344 331 331 331 299 299 299 299 264 264 264 264 264 264 267 267 267 273 255 255 255 255 255 244 244 244 215 215 215 215 215 215 204 204 204 199 181 177 177 177 177 138 138 138 138 138 150 142 142 126 126 99 99 99 99 99 99 99 93 93 62 62 58 58 58 58 58 58 41 41 41 41 38 11 21 21 21 12 12 
344 344 348 345 331 331 299 299 299 264 264 264 264 290 290 267 267 267 267 255 259 259 259 256 249 244 244 215 215 223 223 204 204 204 206 199 199 181 177 177 177 177 138 138 138 138 138 150 142 142 126 126 126 93 93 93 93 99 99 93 89 89 58 58 72 72 58 58 41 41 48 48 41 38 11 21 21 22 12 13 
345 345 345 345 331 331 264 264 264 264 264 264 264 264 290 290 274 274 267 267 208 208 208 256 249 245 245 215 215 223 223 204 204 204 199 199 181 181 181 168 168 168 168 168 138 138 159 126 126 126 126 127 127 93 93 93 93 93 93 93 89 89 58 78 72 73 58 58 41 41 41 49 41 38 11 22 22 22 12 12 
345 331 331 331 331 264 264 319 319 264 264 264 264 264 291 291 274 274 274 268 208 208 208 249 249 245 245 187 215 215 187 187 187 187 199 199 181 181 181 168 168 138 138 138 138 138 138 126 126 82 82 82 82 82 93 93 93 93 93 93 81 81 58 72 72 73 63 53 53 41 41 41 41 38 11 11 22 22 11 12 
345 331 331 338 338 264 264 264 264 264 305 305 305 268 268 268 274 268 268 268 208 208 208 208 208 245 245 187 187 215 187 187 187 187 187 187 181 181 192 168 168 168 138 138 138 138 138 151 138 138 138 82 82 82 93 93 93 93 93 93 81 81 58 72 61 61 63 53 53 41 41 41 41 38 38 11 23 23 11 12 
331 331 331 338 338 264 264 264 305 305 305 305 268 268 295 268 268 268 269 269 208 208 208 208 208 208 208 208 187 187 187 208 208 208 187 187 187 187 187 168 168 168 138 169 138 138 138 138 138 143 82 82 82 82 93 93 93 93 82 82 81 81 81 61 61 61 63 53 53 53 41 41 41 31 31 11 11 24 11 12 
331 331 331 339 339 264 264 264 305 305 305 305 268 268 268 268 268 268 268 268 208 208 208 208 250 208 208 208 208 208 208 208 208 208 187 187 187 197 187 187 168 168 138 138 138 161 138 138 143 143 82 82 82 82 82 82 82 82 82 82 82 82 82 61 61 61 61 61 53 53 41 41 41 41 31 31 11 11 11 12 
