313 313 313 313 313 313 313 299 299 301 299 283 283 214 214 214 214 214 211 211 211 211 211 211 234 211 211 211 211 211 211 211 205 205 173 173 173 173 173 173 173 162 162 137 137 151 137 137 126 126 126 116 116 116 95 95 74 74 74 74 74 74 74 74 68 36 36 36 36 36 36 36 27 27 4 4 4 4 1 1 
313 330 313 313 316 316 308 308 299 299 299 283 283 283 214 214 214 214 211 211 211 235 235 211 211 211 205 205 205 205 205 205 205 206 173 173 173 173 173 162 162 162 163 137 137 137 137 126 126 126 126 116 95 95 95 95 74 74 74 74 89 74 74 75 68 36 55 24 45 27 27 27 27 28 4 4 4 4 1 1 
313 313 327 308 308 308 308 305 305 283 283 283 283 283 214 214 214 214 259 211 211 235 235 235 235 205 205 226 205 205 206 206 206 206 173 173 173 173 183 162 162 162 163 137 155 147 147 126 126 116 116 116 95 95 95 95 95 95 95 95 68 68 68 68 68 36 36 24 24 27 28 28 28 28 4 4 4 4 1 1 
313 313 308 308 309 309 309 305 305 283 283 283 283 287 283 214 275 267 211 211 211 211 211 239 231 205 209 209 205 205 206 206 206 206 173 173 173 173 162 162 161 161 163 137 147 147 148 126 126 116 116 116 95 95 95 95 95 95 95 95 68 68 68 68 36 36 36 36 24 28 28 24 24 24 4 4 3 3 3 2 
313 313 308 309 309 309 309 309 283 283 283 283 283 283 283 214 214 267 211 211 211 211 211 231 231 205 205 209 205 205 212 206 206 194 194 173 173 173 162 162 161 161 161 137 147 147 148 126 126 116 116 90 90 90 90 95 95 95 90 90 90 68 68 36 36 36 56 36 24 24 24 24 32 24 24 4 3 3 3 2 
283 283 308 309 309 309 283 283 283 294 294 294 260 260 268 268 214 214 214 214 214 240 240 231 231 231 205 209 219 219 212 206 206 194 194 173 173 173 184 162 161 161 161 137 137 147 126 126 126 126 90 90 108 108 90 90 90 95 90 84 91 84 78 36 36 36 36 36 4 4 4 4 4 4 4 4 4 3 3 2 
283 283 308 283 283 283 283 294 294 294 294 294 260 260 268 268 268 268 214 214 214 240 240 240 205 205 205 209 209 220 212 212 194 194 194 198 194 152 152 152 161 161 161 161 137 126 126 143 126 126 90 123 108 108 108 108 90 90 90 84 84 84 78 36 36 36 36 36 4 4 29 29 29 29 4 4 4 14 3 2 
283 283 283 283 284 284 284 294 294 302 284 284 260 260 268 268 268 269 214 214 236 236 241 241 205 205 205 209 209 213 213 213 199 199 194 194 194 152 185 152 152 164 164 137 137 126 126 126 126 132 90 123 108 108 108 78 78 78 78 78 78 78 78 36 36 36 46 46 46 4 4 4 4 4 4 4 4 3 3 2 
283 283 283 283 284 284 284 284 284 284 284 284 284 260 260 260 260 260 260 214 214 236 241 241 205 205 205 209 209 213 213 213 199 199 199 199 152 152 152 152 152 164 164 137 137 137 137 126 126 90 90 123 108 108 108 78 78 78 78 78 78 79 79 36 36 57 46 40 40 43 4 4 6 4 4 22 4 3 2 2 
319 283 283 283 318 284 284 310 306 284 284 284 284 260 260 260 260 261 261 255 214 236 236 236 205 205 200 200 209 213 213 213 209 199 199 200 152 152 152 152 152 164 164 137 137 137 137 126 126 90 123 123 108 108 108 78 78 79 79 79 79 79 80 57 57 57 46 40 40 40 40 6 6 6 6 22 4 3 3 3 
319 324 324 324 284 284 284 306 306 284 284 284 284 260 260 276 276 255 255 255 214 214 248 236 236 200 200 200 209 209 209 209 209 200 200 200 152 152 179 179 152 152 165 137 137 137 137 137 137 90 90 90 112 112 112 79 79 79 79 79 92 85 57 57 69 40 46 40 40 40 41 6 6 6 6 4 4 4 4 4 
319 319 319 319 284 284 314 306 306 290 290 290 284 284 284 256 256 255 255 255 251 214 214 214 237 200 200 200 217 217 217 200 200 200 201 201 152 152 152 152 174 152 152 152 152 152 137 137 127 127 127 90 112 112 113 79 79 79 79 79 79 85 57 57 57 40 40 40 47 40 40 12 12 12 6 4 4 4 5 5 
319 319 328 319 319 284 306 306 306 290 295 290 290 256 256 256 256 255 255 255 251 221 221 214 214 200 200 200 200 200 200 200 200 200 195 195 195 152 152 152 174 152 152 152 127 127 144 144 127 133 90 90 113 113 113 79 79 79 79 79 79 85 57 57 57 57 57 40 40 40 40 12 12 12 6 6 6 6 5 5 
328 328 328 284 284 284 306 306 306 290 295 295 256 256 255 255 255 255 262 251 251 221 221 221 214 200 200 200 200 214 214 214 195 195 195 202 152 152 152 152 152 152 152 152 127 127 127 127 127 90 90 124 113 113 79 79 79 79 96 96 93 70 70 70 70 61 33 33 33 33 33 12 12 12 12 19 19 6 6 6 
328 284 284 284 284 284 306 306 306 290 296 296 256 285 255 255 270 270 251 251 252 221 221 221 214 214 214 214 214 214 215 215 195 195 195 195 152 180 180 180 152 152 127 127 127 127 127 134 134 90 90 90 90 113 79 93 93 93 93 93 93 70 61 61 61 61 33 33 33 44 33 33 33 30 12 19 12 12 6 6 
328 320 320 320 320 288 288 306 306 290 296 296 256 285 285 255 270 251 251 251 251 221 221 227 227 227 214 214 181 181 215 215 181 181 195 195 152 180 180 180 152 152 127 145 145 145 149 134 134 134 120 120 90 113 79 93 93 93 48 70 70 70 61 62 62 62 30 30 33 33 33 33 33 30 12 12 12 12 12 7 
328 320 320 320 288 288 288 288 288 290 256 256 256 286 286 255 270 251 251 251 251 221 221 221 227 227 214 214 181 181 181 181 181 204 152 152 152 152 152 152 152 127 127 145 145 145 145 134 134 120 120 120 90 113 79 48 48 48 48 70 70 81 81 62 62 62 30 30 30 30 30 30 30 30 12 12 7 7 7 7 
320 320 320 320 288 303 288 288 288 290 256 256 256 286 286 256 256 256 256 256 253 221 221 221 227 227 227 227 181 181 204 204 204 204 152 152 152 152 175 175 175 156 156 145 145 145 145 145 129 120 128 120 90 90 114 48 48 48 48 94 70 70 82 63 63 63 30 30 30 30 30 30 30 30 12 12 7 7 7 7 
320 320 320 320 303 303 311 311 288 290 288 288 256 256 256 256 253 253 253 253 253 221 221 221 221 221 221 221 181 181 204 204 204 204 204 190 190 190 175 175 175 156 156 156 156 145 145 145 129 120 128 120 120 90 114 48 48 99 48 94 94 70 70 63 63 63 48 48 48 30 30 30 30 30 25 7 7 7 8 8 
332 320 320 320 303 317 311 311 288 288 288 288 288 256 256 253 253 253 253 221 221 221 221 221 221 232 221 221 181 181 181 210 210 204 204 190 190 190 175 175 166 166 166 153 153 153 150 129 129 120 128 120 120 90 90 109 99 99 48 86 86 86 70 64 64 64 48 53 49 37 37 37 30 30 25 7 7 7 8 8 
332 320 329 303 303 297 297 297 297 297 297 297 288 288 253 253 277 253 253 221 221 221 221 242 221 221 221 224 224 221 181 181 181 181 181 181 181 181 181 181 166 166 166 153 153 150 150 129 138 120 128 120 120 90 90 109 99 48 48 86 70 70 70 64 64 64 48 53 49 37 38 38 25 25 25 7 20 15 8 8 
320 320 298 303 297 297 253 253 253 253 253 253 253 253 253 253 253 253 253 250 250 221 221 228 228 228 221 221 221 221 166 166 166 166 166 166 166 166 166 166 166 166 166 153 153 150 150 129 129 120 120 120 90 90 106 99 99 48 48 48 70 70 70 70 70 48 48 49 49 37 38 25 25 7 7 7 7 15 8 8 
320 298 298 303 303 303 253 253 253 253 253 253 253 253 253 253 253 253 253 250 250 221 221 228 228 228 228 228 221 221 166 207 207 207 166 166 186 186 186 171 171 171 153 153 157 139 139 139 129 120 120 125 90 90 106 99 99 99 99 48 48 70 70 70 70 48 58 49 37 37 38 25 25 7 7 23 7 7 7 8 
320 298 298 298 298 303 303 253 253 253 253 253 291 280 280 280 253 271 257 257 250 250 228 228 228 228 166 222 222 222 166 207 207 207 186 186 186 186 187 171 171 171 153 153 139 139 139 139 129 129 129 90 90 90 106 106 106 97 97 97 48 48 76 76 48 48 49 49 37 37 38 25 25 7 7 7 7 7 7 8 
320 331 298 298 298 303 303 253 253 253 253 253 253 280 280 280 253 257 257 228 228 228 228 228 228 228 166 222 222 222 166 166 166 207 186 186 186 186 176 176 176 167 167 139 139 139 139 139 139 90 90 90 59 59 59 106 106 97 97 87 87 48 48 48 48 65 49 49 37 37 38 38 7 7 7 7 9 7 7 8 
320 320 320 325 298 303 303 258 258 253 253 278 253 253 253 253 253 257 208 208 208 228 228 228 228 166 166 222 222 166 166 166 166 176 176 196 196 176 176 177 177 167 167 139 158 139 139 139 140 90 130 59 59 117 59 110 59 59 97 87 87 87 59 59 59 65 49 49 37 37 38 38 7 7 7 7 9 16 8 8 
333 320 320 325 298 303 303 258 258 258 258 278 278 289 278 278 278 257 208 208 208 208 208 208 208 166 166 166 222 166 166 166 176 176 176 196 176 176 177 177 139 139 139 139 158 139 139 131 131 90 90 59 59 59 59 59 59 59 59 87 87 87 59 59 59 59 49 49 49 37 37 7 7 26 26 7 9 9 8 8 
333 320 320 325 298 303 303 303 303 303 258 258 278 278 278 257 257 257 263 208 208 243 243 243 208 166 166 166 222 222 166 166 176 176 176 176 176 191 177 178 139 139 139 139 131 131 131 131 141 59 59 59 59 59 100 100 100 102 59 59 59 59 59 59 71 59 59 37 37 37 37 7 7 7 7 7 10 9 8 8 
333 320 320 325 298 298 298 303 303 292 292 258 258 258 258 281 272 272 245 245 208 208 208 244 208 208 208 166 222 222 166 169 169 169 169 176 176 177 177 178 139 139 168 131 131 131 131 59 59 59 59 59 121 59 100 100 100 100 100 88 88 88 71 71 71 59 59 37 50 37 37 7 7 7 7 10 10 9 9 9 
333 320 321 321 321 298 298 312 292 292 292 292 292 258 258 281 272 272 245 245 245 245 208 208 208 233 208 166 166 166 166 169 169 169 169 192 192 177 177 178 139 159 159 131 131 131 131 131 131 131 59 59 121 59 103 103 103 100 100 88 88 88 71 77 60 60 60 37 37 39 39 39 7 7 7 10 10 17 9 9 
320 320 321 321 298 298 312 312 292 292 292 258 258 258 258 258 272 272 245 245 254 245 245 245 208 208 208 216 216 216 216 169 169 169 169 192 192 192 177 178 178 159 159 131 131 146 146 146 131 131 59 59 59 59 103 103 103 103 98 98 83 83 71 71 60 60 60 37 37 39 39 7 7 7 7 7 10 10 10 10 
320 298 298 298 298 279 279 279 292 292 292 258 258 258 258 258 264 264 264 254 254 245 245 245 208 208 208 216 216 216 169 169 169 169 169 169 169 193 177 177 177 159 159 159 159 146 146 146 131 131 118 118 118 118 103 103 103 98 98 98 83 83 83 72 72 60 60 37 51 39 39 7 7 7 21 21 21 10 10 10 
320 298 298 298 322 279 279 279 279 279 279 279 279 279 258 258 264 254 254 254 254 245 245 245 208 230 208 208 216 216 169 169 169 197 197 197 169 169 169 169 177 172 160 160 160 135 135 142 142 131 131 101 101 101 103 103 103 98 98 98 83 83 83 72 72 37 37 37 34 34 34 34 34 18 18 18 18 10 10 10 
320 320 320 298 298 304 304 304 304 304 279 279 279 279 258 264 264 254 254 254 254 245 245 246 208 230 230 208 216 216 216 216 169 169 169 197 197 169 169 169 172 172 160 160 160 154 135 142 135 135 101 101 122 101 101 104 104 104 83 83 83 83 83 72 72 37 18 18 34 18 18 18 18 18 11 11 18 18 11 11 
320 320 320 326 298 298 298 298 298 298 298 298 279 279 258 258 258 273 258 258 238 245 245 246 238 208 208 208 216 216 218 169 169 169 169 197 197 169 169 169 172 172 160 160 160 154 135 142 135 136 101 122 122 101 101 72 107 83 83 83 83 72 72 72 37 37 18 18 18 18 35 35 35 31 11 11 11 11 11 11 
334 300 300 326 300 300 300 300 307 293 293 293 293 279 279 279 258 258 258 238 238 245 245 238 238 208 216 216 216 216 218 169 169 169 169 197 197 182 182 169 169 172 160 160 160 154 135 135 135 136 101 122 101 101 115 72 72 83 83 83 83 72 72 72 37 66 18 18 18 18 35 35 31 31 11 11 11 11 13 11 
300 300 300 300 300 300 300 300 293 293 293 265 265 265 279 279 279 265 265 238 238 238 249 238 238 208 216 216 216 216 203 203 169 169 169 169 170 182 182 182 169 154 154 160 160 154 135 135 135 136 101 101 101 101 115 72 72 105 83 83 83 72 52 52 52 52 18 18 18 18 42 31 31 11 11 11 11 13 13 11 
300 300 300 300 300 315 315 300 293 293 293 265 265 265 279 279 279 265 266 238 238 238 238 238 238 208 208 208 208 223 203 203 203 169 169 169 170 170 170 170 169 154 154 154 154 154 135 135 135 136 101 101 101 101 115 72 72 105 72 72 83 72 52 73 73 52 52 52 52 31 31 31 31 11 11 11 11 13 11 11 
300 300 300 300 300 300 300 300 293 293 300 265 265 265 282 282 265 265 247 247 247 247 225 225 225 229 229 229 208 208 208 208 203 203 203 188 188 188 188 170 169 169 169 154 154 154 135 135 135 101 101 101 101 101 101 111 72 72 72 72 72 72 52 52 52 52 54 54 31 31 31 31 31 11 11 11 11 13 11 11 
323 323 323 323 323 300 300 300 300 300 300 265 265 265 265 265 265 274 247 247 247 247 247 247 225 225 225 225 225 208 208 208 208 208 203 203 188 188 189 170 170 170 170 154 154 154 135 135 135 101 101 101 119 119 101 101 101 101 101 67 67 67 67 67 67 67 54 54 31 31 31 31 31 11 11 11 11 11 11 11 
