340 340 320 320 320 320 320 312 312 274 274 274 274 274 274 274 274 269 250 250 250 250 250 155 155 155 155 155 155 155 155 155 155 155 196 155 155 155 179 159 159 159 159 155 148 118 118 118 118 118 118 118 67 67 67 67 67 67 89 89 67 67 67 67 67 59 59 16 16 16 1 1 1 1 1 1 1 1 1 1 
320 320 320 320 320 320 321 312 312 274 274 274 274 275 274 274 269 269 250 250 251 251 251 155 155 155 155 220 220 207 207 207 155 155 196 155 155 155 179 159 159 155 155 155 148 118 136 136 131 118 118 118 67 67 67 78 67 67 89 89 67 80 78 16 16 59 16 16 50 16 1 1 1 1 1 1 1 1 1 2 
320 341 320 320 331 320 274 274 274 274 274 288 288 275 275 270 270 250 250 250 251 251 251 155 155 221 221 220 220 207 207 155 155 200 155 155 155 179 179 159 159 155 160 156 148 118 118 118 131 118 118 118 67 106 78 78 67 67 67 67 67 67 78 72 16 16 16 55 50 16 44 1 1 1 1 1 23 1 1 2 
320 341 320 320 320 320 274 274 309 309 288 288 288 288 275 270 270 250 265 243 243 243 243 236 236 221 221 220 220 207 207 155 155 155 155 155 155 179 155 155 168 155 149 156 149 118 118 118 118 118 118 118 67 67 78 102 67 67 92 67 67 67 78 72 50 50 50 50 50 16 44 16 16 16 16 1 1 1 2 2 
320 320 320 320 320 322 322 274 274 274 288 288 289 289 275 275 270 250 250 243 253 253 243 236 236 221 221 221 221 207 207 209 207 197 197 155 179 179 155 155 155 155 149 149 149 119 119 118 118 118 118 67 67 67 78 78 78 78 78 78 78 78 78 72 50 50 50 16 16 16 16 16 16 16 16 16 18 18 2 3 
320 320 320 320 320 322 323 274 274 274 274 288 288 290 275 275 270 270 250 243 243 243 243 243 226 226 226 226 185 185 207 207 207 197 197 155 155 155 155 161 161 161 161 119 119 119 119 119 132 118 118 67 67 107 78 78 81 81 81 87 87 81 72 72 50 60 60 16 48 48 16 16 27 27 27 16 16 16 2 2 
320 320 320 322 322 322 323 274 274 274 274 296 288 288 275 275 275 250 250 243 243 243 244 244 226 226 226 226 185 185 185 185 185 201 189 189 164 164 161 161 161 161 161 119 119 119 119 119 132 67 67 67 67 107 78 78 81 81 81 81 81 81 72 50 50 60 16 16 16 16 16 16 27 27 28 4 4 16 16 2 
291 291 291 322 323 323 323 313 291 291 291 296 296 288 250 250 250 250 243 243 243 243 243 226 226 226 226 226 185 185 185 210 185 185 189 189 164 164 161 174 161 161 161 119 119 119 119 119 119 67 120 67 67 67 93 93 93 93 93 79 79 79 79 50 50 60 16 16 16 33 33 33 36 33 4 4 4 4 4 2 
291 291 291 322 322 291 291 313 291 305 291 291 288 288 250 271 271 271 243 243 243 243 243 226 226 226 226 226 218 218 185 185 185 185 185 189 164 164 161 161 161 161 119 119 139 139 139 119 119 67 67 67 115 67 93 93 93 94 94 79 63 63 63 73 50 50 50 50 50 33 33 33 33 33 5 5 19 19 4 4 
345 291 291 322 322 291 291 313 291 305 305 291 291 250 250 271 276 256 256 243 243 243 243 227 227 227 227 227 218 218 185 185 185 185 198 185 185 164 164 164 164 164 119 119 139 119 119 119 67 67 67 67 67 67 99 99 99 79 79 79 63 63 63 63 63 63 50 50 34 33 33 33 33 5 5 5 5 5 5 5 
291 291 338 322 322 291 291 291 291 301 301 301 291 250 250 271 276 256 256 256 256 243 243 227 227 227 222 222 222 110 110 110 202 185 185 185 110 110 151 151 151 151 151 119 139 119 119 119 119 121 121 67 67 99 99 103 79 79 79 79 82 63 63 63 64 64 50 50 34 34 34 34 37 5 29 5 5 6 6 6 
291 291 338 291 291 291 291 291 301 301 301 301 291 291 250 271 276 256 256 256 257 243 243 222 222 222 222 223 223 110 110 110 202 202 110 110 110 110 151 151 151 151 151 119 139 139 119 119 119 121 121 99 99 99 103 103 79 79 79 79 82 63 63 52 38 38 38 38 38 38 38 34 34 5 5 8 8 6 6 7 
301 291 291 291 332 301 301 314 301 301 301 292 292 292 250 271 250 256 256 256 257 243 243 222 228 228 203 203 203 110 110 110 202 202 110 110 110 110 151 151 151 151 119 119 150 119 119 119 119 130 99 99 103 103 103 82 82 82 82 82 82 82 63 52 38 38 38 38 38 38 38 38 34 34 5 8 8 7 7 7 
301 301 301 301 301 301 301 301 301 301 301 292 292 292 250 250 250 256 256 256 222 222 222 222 228 228 228 228 203 215 110 110 202 202 110 110 110 110 110 151 151 151 119 137 137 119 119 119 119 130 99 99 103 103 103 82 100 82 82 90 82 82 63 52 52 38 38 51 51 38 38 38 38 5 5 8 8 7 7 7 
324 324 301 301 324 324 324 284 284 284 284 292 292 292 250 250 256 256 263 263 222 222 230 230 230 230 230 203 203 215 110 110 110 110 110 190 110 110 110 110 169 151 151 137 137 137 137 137 119 122 122 99 103 103 103 82 100 82 82 82 82 63 63 52 52 61 61 24 24 24 24 24 24 5 5 5 8 8 8 8 
324 324 324 324 324 327 284 284 284 284 284 302 256 256 256 256 256 272 222 222 258 222 191 191 191 231 231 203 203 215 215 110 110 203 180 180 180 180 180 110 110 110 151 144 144 144 119 119 119 122 122 99 108 108 103 82 82 82 82 82 88 63 63 52 68 61 61 24 24 30 30 43 24 24 24 5 5 5 5 9 
324 324 324 324 324 324 284 284 284 284 284 284 284 284 284 280 277 222 222 222 258 222 191 245 191 231 212 212 203 215 215 203 203 203 180 180 180 175 175 170 170 110 151 144 144 119 119 119 119 122 122 99 99 109 103 103 95 95 95 91 63 63 63 52 52 52 52 56 24 24 30 30 30 30 24 24 24 20 5 5 
324 324 324 324 324 324 284 284 284 284 306 284 284 280 280 280 277 222 266 222 222 222 191 245 191 191 212 212 203 203 203 203 208 180 180 180 180 175 175 170 171 110 151 144 144 119 119 119 119 122 122 119 95 109 103 103 95 91 91 91 63 65 65 65 20 20 52 52 52 24 30 30 39 30 30 20 20 20 10 10 
324 342 339 333 333 315 315 315 222 222 222 293 293 280 280 277 277 222 222 222 222 252 191 246 237 191 212 212 224 211 211 211 180 180 180 111 111 175 175 170 170 110 151 151 151 140 140 123 119 119 119 119 95 95 103 95 95 91 91 91 63 63 63 65 65 20 20 52 52 24 24 24 39 30 30 20 21 21 10 11 
324 324 339 333 334 315 325 307 307 307 222 293 293 293 277 277 222 222 222 222 252 252 191 191 237 191 191 212 224 211 211 211 180 204 180 111 111 175 175 170 170 110 110 110 152 140 140 123 123 123 123 116 116 95 95 95 63 63 63 63 63 63 63 74 65 65 20 20 20 20 20 24 39 20 20 20 21 21 10 11 
324 324 339 333 333 315 217 307 307 307 222 222 293 293 277 281 222 222 222 222 252 252 252 191 191 191 191 212 212 211 211 212 180 204 180 111 111 111 175 170 170 145 145 110 110 110 110 110 123 123 123 116 116 110 95 95 63 63 63 63 40 40 40 40 40 40 40 20 20 20 20 24 20 20 21 21 21 21 10 11 
324 324 339 333 333 315 217 217 307 307 307 222 222 222 281 281 222 222 222 252 252 252 247 247 191 191 191 191 212 212 212 212 180 180 180 111 186 111 175 175 170 145 145 145 145 145 110 110 123 123 123 110 110 110 83 83 83 83 83 63 40 66 66 66 66 66 40 20 20 20 20 20 20 35 21 21 10 10 10 11 
335 335 335 335 335 326 326 217 307 307 217 217 217 222 222 222 222 222 222 252 252 252 247 232 232 232 232 191 191 191 191 191 199 199 199 191 111 111 111 111 111 145 145 145 145 145 110 110 110 110 110 110 117 111 83 83 83 83 83 63 40 40 66 66 66 66 40 40 20 20 21 21 21 35 21 21 10 10 10 10 
335 335 335 335 335 326 326 217 217 217 217 303 217 217 285 222 222 222 252 252 252 247 247 232 238 233 213 213 213 191 191 191 191 191 191 191 111 111 111 176 111 165 145 145 145 146 111 111 111 111 111 111 111 111 83 83 83 83 63 63 63 40 40 75 62 62 62 40 40 40 40 21 21 35 21 26 10 10 10 10 
335 335 335 337 335 316 316 316 297 297 297 297 297 217 285 222 222 222 252 252 252 247 248 232 232 233 213 213 213 213 213 213 205 205 124 124 124 183 176 176 111 111 145 145 145 111 111 133 133 111 111 111 111 76 76 76 83 83 63 63 63 83 40 62 62 40 40 40 40 40 40 21 21 21 21 26 10 10 10 10 
316 316 335 335 335 316 297 297 297 294 294 294 294 217 217 217 267 267 259 259 259 247 248 248 232 233 213 213 225 213 213 205 205 172 192 192 124 183 176 176 111 111 111 111 111 111 141 133 133 111 111 76 76 76 76 76 83 83 83 83 83 83 40 62 69 40 40 40 40 40 40 40 40 21 21 26 10 10 10 10 
316 316 316 316 316 316 297 297 294 294 304 304 294 294 217 217 267 267 259 259 259 247 239 239 239 229 229 229 216 216 216 205 205 172 192 192 124 124 176 176 111 111 111 111 111 141 141 124 124 124 124 76 112 112 76 97 97 83 83 42 42 42 42 62 69 40 40 40 49 49 45 13 13 31 31 26 10 10 10 12 
316 316 316 316 328 328 297 297 294 294 298 298 294 294 217 217 278 267 267 239 239 247 239 240 240 229 229 229 216 216 216 193 193 172 172 172 172 124 124 124 111 111 162 124 124 124 124 124 124 124 125 76 76 76 76 97 97 42 42 42 42 84 42 62 62 40 40 40 45 45 45 13 13 13 13 26 22 22 10 12 
316 316 316 316 328 328 294 294 294 294 298 298 294 294 286 217 278 267 267 239 239 239 239 240 240 234 229 229 219 219 193 193 193 193 193 193 172 172 181 124 166 166 124 124 153 124 124 134 134 76 76 76 76 76 76 97 97 42 42 42 42 84 42 62 62 40 40 45 45 46 46 13 13 13 13 26 22 10 10 12 
317 317 317 317 294 294 294 294 294 298 298 298 286 286 286 217 217 254 254 239 239 239 239 240 240 234 229 229 219 219 193 193 193 193 187 187 187 172 181 124 124 124 124 76 76 76 142 134 134 76 126 76 76 76 76 97 97 42 96 42 42 84 42 42 42 45 45 45 53 46 46 13 13 13 22 22 22 10 10 10 
317 317 317 317 294 294 294 294 294 298 298 298 286 286 286 217 217 254 254 260 239 239 234 234 234 234 219 219 219 219 187 187 187 187 187 188 188 172 172 172 172 167 157 157 76 76 142 76 76 76 126 76 97 97 97 97 97 42 96 42 42 84 70 70 42 42 45 45 41 41 41 41 41 13 22 22 17 17 10 10 
343 343 317 317 294 294 294 294 294 294 298 298 298 286 286 217 254 254 254 260 260 239 241 241 241 219 219 219 219 187 187 187 187 187 187 187 177 177 177 177 167 167 157 157 76 147 76 76 127 127 76 76 97 97 97 97 97 42 42 42 42 70 70 70 70 42 42 42 41 41 41 41 41 13 22 22 17 17 10 10 
343 343 317 294 294 294 294 294 294 294 294 286 286 286 217 217 254 264 264 264 261 239 241 241 241 219 219 219 219 187 187 187 187 187 187 187 177 177 177 167 167 138 138 157 76 76 76 127 127 127 76 76 97 97 97 97 97 42 42 42 42 70 70 70 54 54 54 42 41 41 41 41 41 13 17 17 17 17 10 10 
346 317 317 294 294 294 294 317 294 310 294 286 286 286 217 217 254 254 254 254 261 239 219 219 219 219 219 219 219 187 187 194 194 194 194 194 177 177 177 167 167 138 138 138 154 128 128 127 127 127 127 76 113 113 97 97 97 42 42 54 54 54 54 70 54 54 54 42 41 41 41 41 13 13 17 17 17 17 17 13 
317 317 317 317 317 317 317 317 294 294 294 299 299 286 286 217 217 217 217 254 254 254 219 249 219 219 219 219 194 194 194 194 194 194 173 173 173 173 173 173 173 138 163 128 128 128 128 128 128 128 128 76 76 76 97 97 97 97 97 54 54 54 54 54 54 54 57 42 41 41 41 41 13 13 13 13 17 13 13 13 
317 317 317 317 317 329 311 318 294 294 283 283 283 295 282 282 217 217 217 217 262 219 219 219 219 219 219 219 194 194 194 206 194 194 173 173 173 184 173 173 173 138 128 128 128 128 128 128 135 105 105 105 114 76 76 104 76 76 76 76 54 54 71 71 71 54 57 42 42 42 42 42 42 32 32 13 13 13 13 14 
317 317 329 329 329 329 311 311 311 283 283 283 283 283 287 283 217 217 217 217 262 219 219 219 242 219 219 219 194 194 194 206 206 206 195 195 173 173 173 178 173 138 128 128 128 128 128 128 128 105 129 105 114 114 76 76 76 76 76 76 85 85 71 71 54 54 57 57 42 42 47 42 42 32 14 14 13 13 13 14 
317 317 329 329 336 330 319 319 311 283 308 283 283 283 283 283 273 273 217 217 217 217 219 219 242 219 219 219 194 194 194 214 206 206 195 195 173 173 158 178 173 138 138 138 128 128 143 128 128 105 129 105 105 105 105 76 76 76 76 76 76 76 76 76 54 54 58 58 42 42 47 25 25 32 14 14 14 14 14 14 
344 344 330 330 330 330 319 319 311 283 283 283 283 283 283 279 279 268 268 255 255 217 217 235 235 235 217 217 217 217 217 182 182 182 182 182 182 182 158 158 173 138 138 138 138 128 128 128 105 105 98 98 98 98 98 98 98 98 98 86 86 86 77 77 54 54 58 58 54 25 25 25 25 32 14 14 14 14 14 15 
344 344 330 330 330 319 319 319 311 311 283 283 300 283 283 279 279 268 268 255 255 255 217 217 217 217 217 217 217 217 217 182 182 182 182 182 182 182 182 158 158 158 158 158 138 138 138 138 105 105 98 98 98 98 101 101 101 98 98 86 86 86 77 77 54 54 54 54 54 25 25 25 25 25 25 25 25 14 14 15 
