255 249 249 249 249 249 249 249 249 249 274 274 274 280 249 249 266 260 249 249 216 216 216 216 189 189 189 189 189 205 205 189 189 189 189 189 170 170 170 44 44 44 44 151 44 44 44 44 44 44 121 116 116 106 106 44 44 44 44 44 44 44 44 44 57 57 60 39 39 39 39 39 20 20 20 1 1 1 8 1 
255 249 249 249 249 249 249 249 249 249 274 274 274 280 249 249 249 260 249 249 216 216 216 216 189 216 216 216 189 205 189 189 190 190 190 190 170 170 170 44 147 147 44 44 44 129 129 129 129 44 44 116 116 106 44 44 44 44 44 44 85 44 44 44 57 57 60 39 39 39 39 39 20 20 20 1 1 1 1 1 
255 255 255 249 249 249 249 249 249 249 249 274 274 274 249 249 249 249 249 249 216 216 216 216 189 216 216 216 189 189 189 203 190 190 163 163 171 171 171 44 44 147 154 44 44 129 129 122 122 122 44 44 116 106 44 101 44 44 85 85 85 44 44 44 57 57 57 57 57 39 39 20 20 20 20 23 1 1 1 1 
255 255 255 255 255 255 255 255 249 249 249 249 249 274 274 249 261 261 237 237 237 237 237 216 216 216 200 200 203 203 203 203 200 163 163 163 163 163 163 44 44 147 147 147 147 118 118 122 122 122 122 44 44 106 44 101 93 93 76 76 76 44 44 44 49 49 49 49 49 49 20 20 29 29 23 23 1 1 1 1 
255 255 313 255 255 255 255 255 249 249 249 249 249 274 274 249 261 237 237 250 229 229 238 200 200 200 200 200 203 203 200 200 200 163 163 163 163 181 163 163 163 118 118 118 118 118 118 118 118 118 118 118 44 44 44 101 93 94 76 76 76 76 76 44 49 49 49 49 49 49 20 40 29 29 23 23 20 1 1 2 
255 255 313 313 313 255 255 255 255 255 255 255 249 249 249 249 261 237 237 229 229 229 238 200 200 200 220 200 200 200 200 201 201 164 163 163 184 181 164 164 164 118 155 126 126 142 126 126 126 126 118 118 107 107 107 93 93 94 76 76 77 77 77 44 44 44 44 44 49 49 20 20 20 29 23 23 20 1 2 2 
321 321 321 313 313 301 301 301 296 267 267 255 255 249 249 261 261 237 237 229 229 229 229 229 229 200 200 200 200 201 201 201 164 164 184 184 184 181 164 164 118 118 155 126 126 142 126 135 107 107 107 107 107 108 108 93 76 76 76 76 77 77 77 44 44 45 45 44 44 44 44 20 20 29 29 20 20 1 2 2 
308 308 308 301 301 301 301 296 296 267 267 267 255 255 262 261 261 262 233 233 229 229 229 230 230 225 200 200 200 201 201 201 164 164 164 185 185 181 164 164 118 118 118 126 126 126 126 107 107 123 123 107 107 108 109 93 76 76 76 76 77 77 67 67 67 45 45 45 45 45 45 20 20 20 20 20 1 1 9 2 
308 308 308 301 310 310 301 297 297 267 290 267 255 255 262 261 261 262 233 233 233 233 239 221 221 225 221 201 201 201 201 201 164 164 164 185 181 181 164 165 165 118 118 126 126 126 107 107 123 123 107 107 107 108 109 93 93 76 76 76 76 72 72 72 45 45 50 50 50 50 46 20 20 25 24 24 1 1 1 2 
308 308 308 301 301 301 301 297 297 267 267 267 255 255 262 262 262 262 233 233 233 233 221 221 221 221 221 201 201 201 201 201 201 164 164 185 164 164 164 118 118 118 118 126 126 107 107 107 107 107 107 107 107 108 93 93 93 76 76 76 76 72 72 45 45 63 50 46 46 46 46 25 25 25 24 24 1 1 1 2 
308 308 308 316 301 301 302 302 267 267 267 267 283 255 255 255 262 262 233 233 233 233 221 221 221 221 217 217 201 201 201 201 201 164 164 164 164 172 118 118 118 118 118 130 148 107 107 107 127 127 98 98 98 98 93 93 93 95 80 80 72 72 72 45 50 50 50 46 46 46 46 25 32 32 10 10 10 10 10 2 
308 308 316 316 302 302 302 303 267 267 267 267 267 267 267 255 255 263 234 234 233 233 233 233 231 221 221 173 173 202 202 202 202 164 164 164 164 172 172 152 152 152 130 130 140 140 140 98 98 98 98 119 98 98 93 93 91 91 80 80 72 72 72 45 50 46 46 46 46 25 25 25 10 10 10 3 3 17 2 2 
325 308 308 317 302 302 246 246 246 267 267 246 246 246 267 271 255 234 234 234 234 233 233 231 231 214 214 173 173 173 173 173 173 173 173 173 173 173 173 152 158 152 130 130 140 140 140 98 98 98 98 98 98 98 98 91 91 91 91 80 86 72 72 45 45 46 46 46 25 25 37 37 10 10 3 3 3 2 2 2 
325 325 308 298 298 246 246 275 246 246 246 246 284 246 267 271 255 234 234 234 234 231 231 231 232 214 214 173 173 173 173 173 173 173 173 173 173 152 152 152 158 152 152 130 130 141 141 130 130 98 98 98 98 98 98 91 91 91 91 80 80 80 45 45 45 46 46 46 25 25 37 37 10 10 3 2 2 2 11 2 
318 318 308 308 298 298 275 275 292 292 275 275 275 246 267 271 255 255 255 234 234 231 231 214 214 214 214 173 173 173 173 173 173 173 173 173 173 152 152 152 158 158 152 152 130 141 130 130 111 111 111 111 111 111 98 98 98 91 91 80 80 81 45 45 45 45 46 46 46 25 37 37 37 3 3 2 2 2 2 2 
318 318 322 308 314 298 275 275 275 275 275 287 275 246 267 267 267 255 255 234 245 231 231 214 214 214 214 214 173 173 173 173 173 173 173 173 173 174 174 152 159 159 143 143 130 130 130 136 111 111 111 112 112 112 99 99 99 91 87 87 78 78 45 45 68 45 46 46 46 25 25 37 37 3 3 3 12 12 12 3 
318 318 322 308 308 298 298 275 275 275 275 287 275 246 246 246 256 256 256 234 234 234 240 214 214 214 214 214 173 213 173 173 173 173 173 173 173 174 174 159 159 143 143 143 143 143 136 136 111 111 111 91 91 91 99 99 99 91 87 87 87 78 78 45 45 45 46 46 47 47 25 25 25 25 25 3 3 3 3 3 
318 318 318 318 308 298 298 275 275 275 275 275 275 246 246 246 256 251 251 251 246 234 240 214 214 226 214 214 173 173 173 173 173 195 159 159 186 174 174 159 166 143 143 143 143 143 136 136 111 111 111 91 91 91 99 99 99 91 87 87 87 47 47 47 47 47 47 47 47 47 47 41 33 33 25 25 4 4 4 4 
318 318 318 318 308 298 298 298 298 247 247 275 275 275 275 246 256 251 251 251 246 234 240 214 214 226 214 214 214 173 173 195 195 195 159 159 159 159 175 159 159 104 104 149 149 104 104 91 91 91 91 91 91 91 91 91 91 91 47 47 47 47 47 47 30 30 30 30 30 13 13 41 33 13 13 13 4 4 4 4 
326 318 318 318 308 311 308 298 298 247 247 247 247 247 276 246 246 246 246 252 246 234 234 234 214 214 214 214 214 206 206 195 196 196 159 159 159 159 159 159 159 104 104 149 149 104 104 91 91 91 91 91 91 102 102 102 91 91 47 47 47 47 47 47 30 30 30 30 30 13 13 13 33 13 13 13 18 18 5 5 
318 318 318 318 308 311 308 277 277 247 247 285 285 247 257 257 257 257 246 246 246 241 241 235 206 206 206 206 206 206 207 195 187 187 159 159 159 159 167 167 167 104 104 149 149 104 104 131 131 117 117 91 91 102 102 102 92 92 47 47 88 30 30 73 30 30 30 30 30 13 13 13 13 13 13 13 18 18 5 5 
318 318 318 319 308 308 308 277 277 247 247 285 285 247 257 257 257 257 257 241 241 241 235 235 206 207 207 207 207 207 207 195 187 187 187 187 187 159 159 169 104 104 104 104 104 104 104 104 104 117 117 117 117 113 102 102 92 92 92 88 88 30 30 30 30 30 30 30 30 13 13 13 13 13 13 13 13 13 13 5 
309 309 309 309 308 308 309 277 277 247 247 285 285 247 257 257 257 257 257 241 241 235 235 206 206 207 206 206 206 195 195 195 187 197 187 187 159 159 159 159 104 104 153 153 137 137 137 137 104 104 104 117 117 113 92 92 92 30 30 88 88 30 51 51 51 51 51 30 30 13 13 13 5 5 5 26 14 14 14 5 
309 323 323 309 309 309 309 277 277 277 286 286 286 247 247 247 257 257 257 241 241 222 222 206 207 207 206 206 206 195 204 204 187 187 187 187 159 177 176 159 159 137 137 137 137 132 132 132 132 104 104 120 100 113 92 92 92 96 30 30 30 30 51 51 64 64 51 58 30 30 30 42 5 34 5 5 14 14 14 5 
315 315 315 315 315 299 299 304 299 277 286 286 286 268 268 247 247 264 247 247 247 222 222 206 207 207 206 206 206 195 204 204 187 187 187 187 159 177 176 159 159 137 137 137 132 132 132 132 132 104 100 100 100 113 92 92 92 83 83 30 30 82 51 51 64 51 51 51 51 51 30 42 5 5 5 5 14 14 14 5 
315 315 299 299 299 299 299 299 299 277 277 277 277 268 268 268 247 247 247 247 248 222 206 206 207 207 218 218 206 195 195 195 187 187 187 187 159 177 177 159 137 137 137 137 132 132 132 132 132 104 100 113 113 113 92 92 92 83 83 64 64 64 64 64 64 51 51 51 52 52 30 5 5 35 5 5 14 14 14 5 
299 299 299 299 299 299 299 299 269 269 269 269 277 277 277 268 268 247 247 247 248 222 206 206 206 206 206 206 206 195 195 195 198 198 137 137 159 159 159 159 137 137 138 138 138 138 138 138 104 104 100 113 113 100 100 100 100 83 83 64 64 64 64 64 69 61 61 59 30 30 30 5 5 5 5 5 5 5 5 5 
299 299 299 299 299 299 299 305 269 269 269 269 269 269 269 272 269 258 258 248 248 222 222 236 227 227 195 195 195 195 208 195 195 137 137 137 159 159 159 159 168 137 137 137 137 144 104 104 104 128 100 100 100 100 89 89 89 83 54 54 54 64 64 64 69 61 59 59 30 53 30 30 27 27 27 27 15 15 5 5 
327 299 299 299 299 305 305 305 293 293 258 258 258 258 269 269 269 258 258 248 248 244 222 236 227 227 195 195 195 195 195 195 195 137 191 137 188 182 137 137 137 137 156 137 137 104 104 114 114 114 114 114 114 114 89 103 89 83 83 83 54 54 54 54 54 61 59 59 30 30 30 30 30 27 27 28 15 15 15 6 
327 299 299 299 305 305 293 293 293 294 258 258 258 258 258 258 258 258 258 248 248 244 222 222 222 222 222 209 209 209 209 195 195 137 191 137 137 182 137 137 137 137 137 137 104 104 104 104 133 110 110 110 114 114 89 89 89 89 89 83 83 83 54 54 54 54 54 54 54 54 7 7 30 30 30 21 21 6 6 6 
305 305 305 305 305 293 293 293 293 294 258 258 258 281 258 258 270 258 258 244 244 244 223 223 222 222 223 209 209 209 210 195 195 137 191 191 137 137 137 137 137 137 137 104 104 145 104 104 133 110 110 110 110 110 110 89 74 74 89 89 74 74 74 65 65 65 7 7 7 7 7 7 36 21 21 21 22 6 16 7 
305 305 305 305 293 293 300 300 300 259 259 288 258 281 258 258 258 258 258 244 244 244 223 223 223 223 223 209 209 161 161 195 195 137 191 191 137 137 137 137 157 157 157 104 104 145 104 104 104 104 104 104 104 104 104 89 74 74 74 74 74 84 74 65 65 65 7 7 7 7 7 7 36 36 22 22 22 6 6 7 
293 293 293 293 293 293 259 259 259 259 259 288 258 258 258 258 258 258 258 253 244 244 242 161 161 161 161 161 161 161 161 161 199 199 161 161 183 183 178 125 125 125 125 125 104 104 104 134 134 124 124 104 104 115 104 89 74 74 74 74 74 74 74 70 70 62 62 7 7 7 7 7 22 22 22 6 6 6 6 7 
293 293 324 293 293 293 259 259 259 259 259 288 253 253 278 253 253 253 253 253 219 219 242 161 161 161 161 161 161 161 211 161 161 161 161 161 161 178 178 125 125 125 125 125 125 125 125 134 124 124 125 104 104 115 104 89 89 74 74 74 74 74 79 70 70 62 62 7 7 7 7 7 22 19 19 6 6 6 6 7 
293 293 293 293 293 306 306 259 259 259 291 288 253 253 253 253 265 265 219 219 219 219 242 161 161 215 215 161 161 192 192 192 194 194 194 192 161 178 179 125 125 160 125 125 125 139 125 125 125 125 125 104 104 115 104 104 89 89 89 89 89 74 74 74 48 48 48 55 55 55 7 7 19 19 19 6 6 6 6 7 
293 293 293 312 312 306 306 259 282 282 282 288 253 253 253 273 219 219 219 254 219 219 242 219 219 215 215 215 161 192 212 192 192 192 192 192 161 178 160 160 160 160 125 125 150 139 115 115 115 115 115 115 115 115 104 104 97 97 75 75 75 75 75 75 48 66 48 48 55 55 7 43 7 7 19 19 19 19 7 7 
320 320 320 320 312 312 306 259 259 289 282 282 282 282 253 273 219 219 219 254 219 219 219 219 219 215 215 215 215 192 212 192 192 192 192 192 161 178 160 160 160 146 146 146 146 139 115 115 115 115 115 115 115 90 90 90 97 97 75 90 71 71 71 48 48 48 48 48 48 48 7 7 7 7 7 7 19 19 7 7 
320 320 312 312 312 312 306 306 259 289 289 253 253 253 253 273 219 219 219 228 228 243 243 219 219 224 224 215 215 192 192 192 192 192 192 192 161 178 160 160 160 146 146 146 146 139 139 90 90 115 115 115 115 90 90 90 75 75 75 90 71 71 71 48 48 48 48 48 48 48 48 7 7 31 7 7 7 7 7 7 
320 320 312 312 312 312 307 307 259 295 289 289 259 259 259 259 259 259 259 228 228 228 228 219 219 219 219 219 192 192 192 192 192 192 192 193 161 161 161 161 161 161 146 146 146 146 139 90 90 115 115 90 90 90 90 90 90 90 90 90 71 71 71 71 48 48 48 48 48 56 38 38 38 31 7 7 7 7 7 7 
320 320 312 312 312 312 307 307 259 259 259 259 259 279 279 259 259 259 259 228 228 228 228 228 228 228 219 219 192 192 192 192 192 192 192 193 161 161 180 161 161 162 146 146 146 146 139 139 90 90 90 90 90 90 105 105 90 90 90 90 71 71 71 71 71 48 48 48 48 56 38 38 38 31 31 7 7 7 7 7 
