351 340 340 340 323 323 323 323 299 299 299 299 299 299 284 284 284 246 246 262 262 262 262 258 238 238 238 238 173 173 215 215 215 215 178 178 178 178 178 146 146 157 157 157 146 146 146 146 130 130 130 130 102 102 102 81 81 81 81 81 53 53 53 70 70 53 53 51 51 51 45 45 1 1 1 1 1 1 1 1 
340 340 346 323 323 323 323 323 299 299 299 299 300 300 284 246 246 246 246 262 262 258 258 258 238 238 243 173 173 173 173 178 178 216 178 178 178 178 178 146 146 157 157 157 146 146 146 130 130 130 130 102 102 54 54 81 81 81 81 81 53 53 53 53 53 53 51 51 51 51 45 1 1 2 2 2 2 2 2 2 
340 340 346 323 323 323 323 323 323 299 299 299 299 284 284 246 260 260 276 173 173 258 258 238 238 238 243 173 233 173 173 178 178 178 178 178 178 178 178 178 146 146 146 157 157 157 146 130 130 130 131 102 102 117 54 54 54 81 81 81 53 53 77 77 53 53 51 51 51 45 45 1 1 1 21 21 21 1 1 3 
340 340 323 323 323 323 323 323 323 299 299 299 299 284 296 246 260 260 276 173 173 173 173 238 238 238 243 173 173 173 173 178 178 205 205 178 178 178 178 178 146 146 146 146 157 157 146 147 131 131 131 131 102 117 54 54 54 95 95 81 53 53 53 53 53 53 53 53 53 45 45 1 1 1 1 1 1 1 12 3 
340 340 323 323 323 323 323 299 299 299 299 299 307 284 296 246 260 260 260 260 173 173 173 259 173 173 173 173 173 231 173 173 178 178 178 178 186 186 186 178 178 163 163 146 146 146 146 147 131 131 131 131 102 117 96 110 54 54 54 81 81 81 81 53 53 54 54 54 27 27 27 36 36 36 1 1 1 1 3 3 
301 301 301 301 331 331 331 301 301 299 299 307 307 284 296 246 246 246 246 260 173 173 173 173 173 244 173 173 173 173 227 173 173 173 178 178 173 173 173 178 178 163 163 163 146 146 147 147 118 118 118 118 102 117 96 96 54 54 54 82 82 81 81 71 71 54 54 54 27 27 27 27 27 27 27 27 3 3 3 4 
301 341 341 301 331 301 301 301 301 307 307 307 284 284 279 279 279 279 246 260 260 260 260 260 255 244 173 173 173 173 207 207 220 173 206 200 173 173 173 173 173 173 119 119 119 147 147 118 118 135 135 118 102 102 102 96 96 101 54 54 82 82 82 71 72 54 54 54 54 27 27 27 27 31 31 3 3 4 4 4 
301 341 341 301 301 301 301 301 301 307 307 307 301 301 279 279 279 279 246 268 268 268 255 255 255 244 244 224 224 224 207 207 220 173 173 200 173 173 173 173 173 173 119 164 119 119 119 119 135 135 135 118 118 118 102 56 96 96 96 54 54 54 71 71 54 54 62 46 46 27 27 27 27 3 3 3 22 3 3 3 
301 341 341 341 301 301 324 324 301 301 310 310 301 301 279 279 279 279 246 245 245 245 255 255 255 244 244 224 234 224 207 207 207 207 173 173 173 183 183 183 173 173 119 126 126 126 126 119 135 135 135 118 118 102 102 56 56 56 97 56 56 54 54 54 54 46 46 46 46 27 27 27 28 3 3 3 3 3 3 3 
324 324 324 324 324 324 324 324 324 301 301 301 301 301 272 272 272 272 246 245 270 245 245 261 245 245 245 224 224 224 207 207 207 207 207 201 119 119 119 119 119 119 119 126 126 126 126 119 142 135 135 119 119 102 102 111 56 56 56 56 56 56 56 54 54 46 46 46 46 46 46 46 28 28 32 28 3 3 3 3 
324 324 324 324 327 327 332 324 324 301 301 311 301 301 272 272 272 272 246 246 246 251 245 245 245 224 224 224 224 224 207 207 209 208 208 201 119 119 119 126 126 126 126 126 126 126 126 119 119 119 119 119 119 102 102 111 56 56 56 60 56 56 56 63 63 55 55 55 55 41 41 41 41 28 28 28 23 3 3 3 
352 324 324 324 324 327 327 327 311 311 311 311 297 297 272 272 272 272 277 246 246 251 251 251 251 224 224 235 235 224 224 224 209 209 197 201 119 119 119 119 158 158 166 158 158 158 126 126 120 120 119 119 119 102 105 105 105 60 60 60 56 56 56 63 63 55 55 55 55 41 42 42 42 23 23 23 23 3 3 3 
352 324 324 324 324 311 311 311 311 317 312 312 297 297 297 272 272 272 277 246 246 246 251 251 251 251 224 235 225 225 228 202 202 209 197 197 197 119 119 119 158 158 158 158 158 126 126 126 120 120 120 132 119 102 102 60 60 60 60 60 56 63 63 63 63 63 63 58 56 41 23 23 23 23 13 13 13 13 13 5 
324 324 324 324 324 311 311 311 312 312 312 297 297 285 285 285 285 272 277 271 271 246 246 246 246 246 246 235 225 225 228 202 202 209 209 158 158 158 184 184 158 174 158 158 158 126 126 126 126 126 120 120 119 119 102 60 60 98 98 56 56 56 56 56 73 56 56 58 56 41 23 23 23 23 33 5 5 14 14 5 
324 324 324 324 324 324 324 311 311 297 297 297 302 285 285 235 235 272 272 272 272 235 235 235 235 235 247 235 225 225 225 225 202 209 209 158 158 158 184 158 158 151 151 151 151 151 126 126 143 126 136 120 120 120 102 60 60 98 98 56 56 56 83 56 56 56 56 56 56 41 23 23 23 23 33 5 24 14 5 5 
353 324 324 324 324 324 324 324 311 297 297 313 302 302 285 235 235 272 272 235 235 235 235 235 235 235 235 235 225 225 226 226 202 202 210 158 158 192 158 158 179 151 151 152 152 151 151 148 126 126 125 125 125 102 102 60 60 60 99 91 91 78 78 78 41 41 41 41 41 41 23 23 37 37 5 5 14 14 5 5 
353 324 324 339 339 324 324 324 311 311 297 313 302 302 285 290 235 235 235 235 264 264 235 235 235 252 160 160 225 225 226 211 211 202 202 202 158 158 158 176 175 151 151 151 152 138 138 148 126 125 125 126 126 102 102 106 106 60 60 91 78 78 41 41 41 41 41 37 37 37 37 37 37 38 5 29 14 17 5 5 
329 347 347 339 339 311 311 311 311 311 297 313 303 303 285 285 285 264 264 264 264 264 263 235 235 252 160 160 160 187 187 211 211 211 211 187 187 187 187 176 175 151 151 151 152 138 138 138 126 126 126 126 121 121 102 102 60 60 60 78 78 88 41 67 67 67 37 37 37 37 48 34 34 34 5 29 14 14 5 5 
329 335 335 339 339 311 311 311 311 311 297 297 303 274 274 274 285 264 264 273 263 263 263 239 239 252 160 160 160 187 187 187 187 187 187 187 187 187 188 176 175 175 114 153 152 152 152 138 138 138 127 127 121 121 114 102 60 78 78 78 88 88 41 41 41 41 37 37 37 48 48 34 34 34 5 14 14 14 15 5 
329 335 335 339 339 311 311 311 311 311 315 297 297 274 274 274 274 280 264 273 273 263 263 239 239 239 160 160 236 187 187 187 187 187 187 187 187 188 188 176 180 176 114 153 153 153 153 114 114 114 127 127 127 114 114 102 60 78 78 88 88 88 74 74 74 41 59 59 48 48 41 41 34 5 5 14 14 14 15 5 
329 329 335 335 335 335 311 311 318 318 297 297 297 274 274 291 274 280 264 273 273 263 263 239 256 239 239 160 160 232 187 187 187 187 187 187 187 181 189 176 176 176 114 114 159 153 153 114 114 114 114 114 114 114 114 102 60 60 60 88 88 88 74 74 74 41 41 41 48 41 41 34 34 5 5 14 14 14 15 5 
329 329 342 342 318 318 318 328 318 319 297 297 297 304 291 291 274 280 264 264 264 264 264 239 239 239 239 239 160 160 160 160 160 160 212 160 160 181 189 176 176 167 167 114 114 114 154 114 114 114 114 133 114 114 114 102 60 60 60 60 60 60 60 75 75 64 64 41 41 41 34 34 39 39 5 14 5 5 5 5 
329 349 342 318 318 336 318 318 318 291 291 291 291 291 291 292 274 274 278 274 249 249 249 249 239 239 239 239 160 160 160 160 221 160 160 160 160 181 181 176 176 144 144 144 144 114 114 114 134 134 134 133 114 114 115 102 102 102 60 60 89 89 60 60 60 60 60 60 41 41 34 34 39 39 5 5 5 5 5 5 
329 349 342 342 333 333 333 318 318 291 291 286 286 286 286 286 286 274 274 274 249 249 249 249 239 239 248 239 217 229 229 213 213 213 213 160 160 193 181 181 181 144 144 144 144 144 114 114 134 134 134 133 114 114 115 76 76 76 60 60 89 89 84 60 60 60 61 61 41 41 49 34 39 39 34 5 5 5 16 5 
329 329 329 329 333 333 333 286 286 286 286 286 286 286 293 293 287 281 254 254 254 249 249 249 239 239 248 239 217 229 229 213 213 213 213 160 160 190 190 168 168 144 144 144 144 144 114 114 134 134 134 134 76 76 76 76 107 76 76 92 84 84 84 60 60 60 61 49 49 49 49 34 34 34 34 5 5 5 5 5 
329 329 348 329 333 333 333 286 325 286 286 308 308 287 287 287 287 281 254 254 254 249 249 249 239 253 239 239 217 217 217 217 217 217 214 160 160 190 168 168 168 168 168 160 160 144 144 144 144 122 122 122 122 112 112 112 93 93 76 76 84 84 84 60 60 61 61 49 49 50 50 18 18 18 18 5 25 5 5 6 
329 329 329 329 333 334 334 286 286 286 286 308 308 287 287 287 281 281 254 254 265 265 265 249 239 239 239 214 214 214 214 214 214 214 214 160 160 160 168 160 160 160 160 160 139 139 139 139 145 122 122 122 122 112 112 93 93 93 93 76 76 90 79 79 76 61 65 49 49 18 18 18 43 18 18 5 5 5 6 6 
329 350 329 329 329 334 334 286 286 286 286 287 308 287 287 294 281 281 254 254 265 265 249 249 239 239 249 214 214 214 214 214 218 218 198 198 198 160 160 160 160 160 165 165 139 139 139 139 139 122 122 122 122 122 112 93 93 93 93 93 76 76 79 76 76 61 65 49 18 18 18 18 43 18 18 18 18 18 6 6 
329 329 329 343 329 334 334 286 286 320 287 287 308 287 287 294 281 281 254 275 265 265 249 249 249 249 249 214 214 214 214 214 218 218 198 198 194 194 160 160 160 160 165 139 139 139 139 149 139 122 122 122 112 112 112 103 103 103 93 93 61 76 76 76 61 61 65 49 18 18 18 18 7 7 7 7 7 7 7 7 
329 329 343 343 329 329 329 329 286 320 287 314 287 287 294 294 254 254 254 275 265 265 266 240 240 249 249 214 214 214 214 219 218 218 198 198 195 195 161 161 161 165 165 139 139 139 139 149 139 139 113 113 112 112 112 103 94 94 94 94 61 85 85 61 61 68 49 49 57 49 49 18 7 7 7 7 7 7 7 7 
354 322 322 322 322 337 286 286 286 287 287 314 287 287 294 294 254 254 254 265 265 265 240 240 240 250 250 240 214 214 222 219 219 219 195 195 195 196 161 161 161 161 169 139 139 140 140 140 140 140 113 113 112 112 103 103 94 104 94 94 61 85 61 61 68 68 49 49 49 49 18 18 44 40 7 7 7 7 7 7 
354 322 344 344 322 286 286 286 286 287 287 287 309 287 287 295 254 254 254 254 254 254 240 240 240 250 250 240 214 214 222 195 195 195 195 150 150 150 161 161 182 161 161 161 161 140 140 140 141 141 113 113 113 113 103 103 94 104 94 94 61 85 61 80 18 18 18 18 18 18 18 19 19 40 35 7 7 7 8 8 
322 322 344 322 322 286 286 286 286 257 257 287 287 287 287 282 282 282 254 254 254 254 240 240 240 240 240 240 214 230 222 195 195 150 150 150 150 150 161 170 170 170 170 161 161 140 140 140 141 141 123 123 128 113 113 113 94 104 61 61 61 85 61 18 18 66 66 18 18 18 18 19 19 19 35 7 7 7 8 9 
322 322 322 322 330 286 286 286 286 257 257 257 257 257 257 282 282 282 254 269 254 254 214 214 214 240 240 241 214 230 222 195 195 150 150 150 150 161 161 170 170 162 162 162 150 150 150 150 123 123 123 123 123 123 100 100 104 104 61 61 61 85 61 18 18 18 18 18 18 18 18 18 18 19 19 19 19 19 8 8 
322 322 322 322 330 330 330 330 321 321 283 283 283 283 257 257 257 254 254 269 269 269 254 254 214 214 214 214 214 230 222 222 222 150 150 150 150 150 150 170 170 162 171 162 150 150 150 150 123 123 123 123 123 123 100 100 100 100 100 61 61 61 61 18 18 18 18 18 18 18 18 18 18 19 19 30 20 20 8 8 
322 322 322 322 338 338 322 322 322 322 283 283 283 283 298 257 257 254 254 254 254 254 254 254 254 254 214 214 237 230 230 203 203 150 150 150 150 150 150 150 150 162 162 162 162 150 123 123 123 123 116 116 116 124 100 100 100 86 86 61 61 61 86 18 18 18 18 18 47 47 47 19 19 19 19 19 20 20 8 8 
322 322 322 322 322 322 322 322 322 316 316 283 283 305 298 257 288 257 257 254 254 254 254 242 242 242 214 214 237 203 203 203 203 203 203 203 150 150 191 185 150 177 162 162 150 150 123 123 123 123 116 116 116 100 100 108 108 86 86 86 86 86 86 47 47 47 47 47 47 47 47 19 19 19 19 19 10 10 8 8 
322 322 345 345 322 322 326 326 326 316 306 306 283 283 298 257 257 257 257 254 254 267 267 242 242 242 242 203 203 203 203 203 223 199 199 199 199 185 185 185 150 150 150 150 150 155 155 123 123 137 137 116 129 100 116 108 108 86 87 87 87 87 87 47 47 47 47 47 10 10 10 10 10 10 10 10 10 10 10 10 
355 322 345 345 326 326 326 326 316 316 306 306 306 283 283 289 289 283 257 267 267 267 257 257 242 242 242 203 203 203 203 203 223 204 204 204 185 185 172 172 172 150 150 155 155 155 156 123 123 123 123 116 100 100 116 109 109 86 87 87 87 87 47 47 69 69 47 47 47 47 47 47 10 10 10 10 10 11 11 11 
355 322 345 345 326 326 326 326 316 316 306 306 306 306 283 283 283 283 257 257 257 257 257 257 257 242 242 242 223 223 223 223 223 204 204 204 185 185 172 172 172 172 172 155 155 156 156 123 123 123 123 116 116 116 116 109 109 86 87 87 87 87 47 47 47 47 47 52 52 52 47 47 10 10 10 26 26 11 11 11 
