299 299 299 299 331 331 299 299 299 299 299 299 299 269 269 269 269 269 269 245 245 245 220 220 220 220 220 220 220 211 211 211 197 197 197 194 161 161 161 161 161 161 161 161 155 155 155 121 121 121 121 121 121 121 115 115 90 90 90 96 96 90 81 1 1 1 1 1 1 1 1 1 1 24 24 24 1 1 1 1 
299 299 299 299 299 299 299 322 316 269 269 269 269 269 269 269 246 246 246 246 246 245 220 242 242 220 220 220 220 211 211 211 197 197 194 194 161 161 161 176 176 161 161 155 155 155 155 121 121 121 123 122 122 122 115 115 90 104 90 90 90 90 81 1 26 26 26 26 34 34 34 34 1 1 1 25 1 1 2 2 
299 299 299 299 299 299 316 316 316 269 269 269 269 269 284 284 246 246 246 246 246 245 220 220 220 220 220 220 220 220 215 197 197 197 194 194 161 161 161 176 176 161 161 155 155 155 155 121 121 138 123 122 122 122 115 115 90 104 104 91 91 91 81 1 26 26 26 26 26 26 47 34 34 34 1 1 1 1 2 2 
345 345 345 299 299 299 316 316 316 310 310 269 269 269 284 284 246 246 246 246 246 245 220 220 220 220 215 215 215 215 215 197 197 186 186 186 186 186 161 161 161 161 161 121 121 121 121 121 121 138 123 116 116 116 116 116 90 90 91 91 81 81 81 1 1 71 1 1 58 26 26 26 26 26 26 26 1 1 2 2 
326 326 326 299 299 332 310 310 310 310 301 301 269 269 289 284 246 246 246 262 246 245 245 245 220 220 215 215 197 197 197 197 197 186 186 186 186 186 121 161 161 161 161 121 121 121 121 138 138 138 123 116 116 116 116 116 110 90 91 81 81 1 1 1 1 1 1 1 58 43 43 43 2 2 2 2 19 2 2 3 
326 326 326 332 332 332 310 310 301 301 301 269 269 274 274 274 280 274 220 220 246 246 246 246 220 239 215 215 197 197 197 197 197 197 186 186 186 186 121 166 166 166 166 121 121 139 139 138 138 138 123 123 116 116 110 110 110 90 91 81 81 1 1 1 76 1 1 1 59 43 43 43 2 2 2 2 19 2 11 3 
326 326 326 332 326 326 326 301 301 301 301 269 269 274 274 274 274 274 220 220 220 220 252 220 220 239 225 225 225 197 197 197 197 197 198 186 186 187 121 166 121 121 167 121 139 139 139 138 138 138 123 123 123 123 110 110 90 90 91 91 91 52 52 1 1 1 43 43 43 43 44 44 2 2 2 2 19 2 3 3 
326 326 326 326 326 327 327 301 317 311 311 269 269 274 274 274 274 275 220 220 220 220 220 220 239 239 225 228 212 212 197 197 207 197 198 195 162 162 121 121 121 121 121 121 139 139 139 139 139 139 123 123 123 124 110 110 90 90 91 91 52 52 52 52 1 1 43 43 43 48 44 44 2 3 3 2 19 2 3 3 
354 301 301 326 326 327 301 301 317 311 311 269 269 274 274 274 274 275 220 220 220 253 253 247 239 239 225 225 212 212 212 197 197 197 198 195 162 162 162 162 162 162 143 143 139 139 139 139 98 98 98 98 98 124 117 117 90 90 91 91 52 52 52 52 72 72 43 43 43 48 48 2 2 3 3 2 2 2 3 3 
301 301 301 301 336 301 301 318 302 302 302 302 269 269 269 274 274 263 263 263 220 220 220 247 239 239 225 225 204 204 212 212 204 204 195 195 162 162 182 163 163 162 143 143 143 139 139 98 98 130 130 132 98 124 117 90 90 93 92 92 92 77 82 52 52 52 52 52 52 52 5 2 2 35 3 3 14 14 3 4 
301 346 346 301 301 301 318 318 302 302 302 269 269 269 269 274 281 263 263 264 240 240 220 220 220 220 225 204 204 204 212 212 204 195 195 162 162 162 182 163 163 162 162 162 143 139 139 98 98 98 130 130 98 98 117 90 111 93 92 92 92 77 77 52 52 65 52 52 5 5 5 5 5 5 5 3 3 3 3 4 
301 346 347 301 301 333 318 318 318 302 302 269 269 269 290 274 274 276 263 264 240 240 240 240 240 220 225 204 204 204 216 204 204 195 199 162 162 162 162 163 163 163 163 163 143 139 139 143 143 98 133 130 130 98 117 90 111 93 105 92 92 92 77 77 77 65 65 5 5 49 49 5 5 5 5 20 20 4 4 4 
301 346 347 301 301 301 323 323 302 302 263 263 263 263 263 263 274 263 263 264 240 248 248 248 240 220 220 204 204 204 204 204 208 195 195 162 162 188 162 163 163 163 163 164 143 143 143 143 98 98 133 133 98 98 97 97 97 93 93 93 93 93 78 78 66 66 66 5 5 5 5 5 5 5 5 20 20 4 4 4 
301 346 346 301 337 301 302 302 302 314 263 303 291 291 291 263 263 263 240 240 240 248 248 249 240 240 234 204 204 204 208 208 208 195 195 162 162 162 162 163 163 163 163 164 144 144 144 146 98 98 98 98 98 125 97 97 97 97 97 97 97 78 78 78 66 66 66 5 5 5 5 45 5 5 5 5 21 4 4 4 
301 346 346 301 301 301 302 302 302 302 263 263 291 263 263 263 282 240 240 240 240 248 248 229 229 229 234 204 204 204 208 208 195 195 200 162 162 162 135 135 135 168 168 164 144 147 144 146 98 98 98 98 98 98 98 97 97 97 97 97 97 78 83 53 53 53 53 53 53 53 40 40 40 5 5 5 21 4 4 4 
301 346 338 338 301 301 302 302 302 302 304 263 291 263 263 263 282 240 240 240 240 240 241 241 243 229 229 229 208 208 208 208 195 195 190 190 190 135 135 180 135 168 168 164 144 147 144 144 144 98 98 98 98 98 98 118 98 98 97 97 98 78 83 53 53 53 53 27 40 40 40 41 41 5 5 21 21 4 4 5 
301 301 338 338 338 312 312 302 302 304 304 263 263 263 254 254 254 277 240 240 240 240 241 241 230 230 230 230 208 208 208 208 209 190 190 191 191 135 135 135 135 164 164 164 144 147 147 144 144 98 98 134 98 98 119 98 98 98 98 98 98 78 83 78 78 53 53 27 40 40 27 27 27 27 5 5 5 4 4 5 
334 301 338 342 328 312 312 319 319 304 304 304 263 263 254 277 254 277 240 240 240 240 241 241 230 230 235 221 208 208 208 209 209 201 201 135 135 135 135 135 173 164 164 165 144 144 147 147 135 135 98 134 98 98 98 98 112 98 98 78 78 78 83 78 53 53 27 27 27 27 27 31 31 27 27 27 5 5 5 5 
334 301 338 338 328 312 312 312 312 312 312 305 295 295 254 277 277 277 240 240 240 240 241 241 241 230 230 221 208 208 208 201 201 201 202 135 135 189 135 135 173 173 164 165 144 144 135 135 135 135 98 98 126 126 98 112 112 98 98 78 78 78 78 78 53 73 27 27 27 27 27 31 31 31 31 15 15 15 5 5 
334 301 301 301 328 312 312 312 292 292 292 305 295 295 254 254 265 265 240 240 240 259 241 241 241 241 230 221 221 213 213 201 201 201 169 169 135 189 135 135 135 164 164 144 144 135 135 140 140 135 135 98 98 98 98 112 102 102 102 102 78 78 84 53 53 54 54 54 54 54 15 15 42 31 31 15 15 15 5 5 
334 348 348 301 328 328 328 312 292 292 292 292 295 295 292 254 265 265 270 265 240 240 240 240 240 230 230 221 221 213 213 213 179 179 169 135 135 135 135 181 135 164 164 144 135 135 140 140 140 140 135 135 127 127 94 94 102 102 99 99 99 84 84 53 54 54 15 15 15 15 15 15 15 15 15 15 16 16 5 5 
334 348 348 301 301 329 329 312 320 292 292 292 292 292 292 254 265 265 265 265 254 254 254 221 221 221 236 221 221 213 217 179 179 179 169 135 135 135 181 181 135 135 135 144 135 148 140 140 140 141 137 94 127 127 94 94 94 102 99 99 100 84 84 53 53 53 15 55 15 15 46 46 15 15 15 15 16 16 6 6 
334 334 334 334 301 301 301 312 312 292 292 292 292 292 292 254 254 254 254 254 254 255 255 221 221 221 221 221 221 213 217 179 179 179 169 169 169 169 169 169 169 174 135 135 135 148 148 148 140 137 137 94 94 94 94 94 94 94 94 99 94 94 84 50 50 74 15 55 55 55 15 15 16 16 16 16 16 16 6 6 
334 334 334 334 339 301 301 312 312 312 293 293 293 293 293 254 254 254 254 254 250 250 250 250 221 221 221 231 213 213 217 179 179 179 169 169 179 179 169 169 169 174 169 149 149 140 140 140 140 137 94 94 94 94 120 94 94 94 94 94 94 84 84 50 50 74 15 15 15 15 15 15 6 6 6 28 16 16 6 6 
334 334 334 334 334 301 301 312 321 312 293 283 283 283 283 283 283 254 254 254 250 260 250 250 221 221 221 231 213 217 217 179 179 179 179 179 179 179 169 169 169 169 169 149 149 149 149 149 145 137 94 94 94 94 120 63 63 63 63 103 84 84 85 50 50 50 50 15 15 15 15 15 6 36 6 6 6 6 6 7 
334 352 334 334 334 301 301 312 312 312 293 306 266 266 294 266 266 266 266 266 250 250 250 250 221 221 221 221 213 213 213 213 192 192 192 192 192 179 183 169 169 137 137 149 137 137 137 137 145 137 94 94 94 120 120 63 107 107 63 103 84 84 80 50 50 75 50 15 15 15 15 15 6 6 6 29 6 6 7 7 
334 352 334 334 334 334 293 293 293 293 293 293 300 266 266 266 278 278 267 267 250 250 256 250 221 221 237 221 221 221 179 179 192 192 192 179 179 179 137 137 177 137 137 137 137 137 137 137 137 137 94 94 94 63 63 63 63 63 63 84 84 84 80 80 50 50 50 62 50 50 50 15 6 6 6 6 6 6 7 8 
334 353 334 334 334 334 293 293 293 293 293 293 296 296 266 266 278 278 267 267 250 250 250 250 232 232 232 232 179 179 179 179 179 179 179 179 179 137 137 137 137 137 157 157 150 150 150 150 142 142 94 94 94 63 63 63 63 63 63 84 84 84 86 50 50 50 50 50 50 56 51 15 37 37 32 6 6 6 7 8 
334 353 334 343 293 293 293 293 293 307 307 307 296 297 271 271 271 279 267 267 250 218 218 218 232 232 232 233 179 179 179 179 196 196 179 179 179 137 151 151 151 157 157 157 150 157 150 150 142 142 94 94 94 63 63 63 63 84 84 84 84 86 86 50 79 50 50 50 50 50 51 15 15 38 32 6 6 6 7 7 
334 334 334 343 293 293 293 293 293 307 307 286 296 271 271 285 271 267 267 267 250 218 257 218 218 218 218 233 179 179 218 179 196 196 196 184 184 137 137 137 151 151 170 157 157 157 151 151 142 142 94 94 128 128 63 63 63 84 84 84 84 63 63 50 50 50 67 17 17 50 15 15 15 32 32 6 6 17 12 7 
349 349 349 335 335 293 293 324 293 307 307 286 271 271 268 268 271 267 267 267 250 218 257 218 218 218 218 218 218 222 218 179 196 196 196 184 184 184 184 137 137 151 151 151 151 151 151 152 142 142 94 94 128 63 63 113 113 63 63 63 63 63 63 63 50 50 63 63 17 17 32 32 32 32 17 17 17 17 12 7 
349 349 350 335 335 335 324 324 293 293 286 286 271 268 268 268 271 271 271 250 250 257 257 218 244 218 218 218 218 218 218 179 196 196 196 184 184 184 185 137 137 175 151 151 151 151 156 142 142 142 128 128 128 63 63 113 63 63 106 63 63 87 87 63 63 63 63 64 60 17 32 32 32 39 17 17 17 12 12 7 
355 350 350 293 293 293 293 293 293 293 286 286 271 268 268 268 272 272 272 250 261 251 251 218 218 218 218 218 218 218 219 179 205 205 196 196 193 137 137 137 178 175 158 158 151 151 156 142 142 142 128 131 131 129 63 63 63 87 87 87 87 87 88 68 68 68 68 60 60 17 17 17 17 17 17 30 22 12 12 7 
350 350 351 293 293 308 308 308 308 313 313 286 271 268 268 268 272 273 273 250 261 251 251 218 218 218 218 214 218 218 219 179 179 179 179 179 193 137 137 137 136 175 158 158 158 158 153 153 142 142 128 131 129 129 63 63 114 87 87 87 87 87 88 68 68 68 68 60 61 17 17 17 33 17 17 22 22 12 12 7 
350 350 344 344 293 293 308 308 308 308 308 286 286 268 272 272 272 273 273 250 261 251 251 218 218 218 218 214 214 214 214 214 179 179 179 179 193 136 136 137 136 175 158 158 158 158 153 154 108 108 128 128 129 114 114 114 114 87 87 87 87 87 60 60 60 60 60 60 61 17 17 17 33 33 33 22 12 12 12 7 
350 350 350 340 340 293 293 325 308 308 308 308 286 268 268 268 268 273 273 250 250 251 251 251 223 223 223 223 223 223 210 210 210 179 179 136 136 136 136 136 136 171 171 158 158 159 153 153 108 108 128 128 129 114 114 108 108 108 87 87 60 60 60 60 60 69 69 57 57 7 7 7 33 33 22 22 12 12 12 7 
350 350 350 340 340 293 293 309 309 315 309 309 286 286 286 286 268 273 273 250 250 251 223 223 223 223 223 223 226 224 210 210 210 179 179 136 136 136 171 171 171 171 136 136 160 136 136 153 108 108 108 108 108 108 108 108 108 108 60 60 60 95 69 69 69 69 70 57 57 7 9 7 7 7 22 7 7 7 13 7 
350 350 293 293 293 293 330 309 309 309 309 287 287 298 287 287 268 273 273 250 250 223 223 223 223 223 238 223 223 224 206 206 206 206 179 136 136 171 171 136 136 136 136 136 136 136 136 136 136 136 108 108 109 109 109 109 109 109 60 60 60 60 69 69 60 60 70 57 57 57 9 9 7 7 7 7 23 7 7 7 
309 309 309 309 309 309 330 309 309 287 287 287 287 287 287 288 268 268 268 268 250 223 258 223 223 223 238 223 223 206 206 203 203 203 179 179 136 136 136 136 136 136 172 136 136 136 109 109 109 136 136 136 109 109 60 60 60 60 60 60 101 60 89 60 60 60 70 57 57 57 9 9 7 7 7 18 18 18 9 9 
309 309 309 341 341 309 309 309 309 287 287 287 287 287 287 288 268 268 268 268 250 223 223 223 223 223 223 223 227 206 206 203 203 203 203 179 179 179 179 179 179 172 172 136 136 136 109 109 109 109 109 109 109 109 60 60 60 60 60 60 101 60 60 60 60 60 70 57 57 57 9 9 9 9 9 9 9 9 9 10 
