343 343 343 316 316 316 327 327 284 284 284 281 281 281 281 281 281 277 277 277 249 249 249 234 234 229 229 229 229 184 184 184 184 184 184 184 184 184 184 184 156 156 169 78 78 78 78 78 112 112 135 135 135 112 112 112 112 78 78 78 78 78 78 78 78 73 53 53 58 36 36 36 36 17 17 17 17 17 12 1 
343 349 344 316 316 316 316 284 284 316 284 302 302 297 297 281 281 277 277 277 249 249 249 234 234 229 229 229 229 184 188 188 188 188 188 188 188 188 193 184 184 156 169 78 78 78 78 78 112 112 112 112 112 112 117 117 78 78 104 78 78 86 86 53 53 73 53 53 53 36 47 36 36 17 17 1 1 1 12 1 
343 343 344 316 316 316 316 316 316 316 284 302 302 297 297 281 281 281 281 249 249 249 249 234 234 248 229 229 184 184 188 188 188 188 188 199 188 188 188 188 185 156 169 169 158 158 78 112 112 112 112 112 112 127 117 117 78 86 86 86 86 86 53 53 53 53 53 53 53 36 36 36 17 17 17 1 1 1 1 1 
343 343 344 316 337 316 316 316 316 316 284 302 302 297 297 281 281 281 281 249 249 249 249 252 234 234 234 234 184 184 188 188 188 188 188 199 188 188 188 185 185 156 156 169 169 158 78 78 78 112 112 136 136 78 78 78 78 86 86 86 86 86 53 80 54 54 64 53 53 53 36 36 17 17 17 25 1 1 1 2 
343 343 343 316 316 316 316 316 321 284 284 302 302 282 282 281 281 281 281 249 249 249 249 252 252 249 184 184 184 184 188 188 188 204 204 185 185 185 185 185 156 156 156 174 169 158 158 158 78 136 136 136 137 78 78 78 105 105 105 98 53 53 53 54 54 54 64 64 1 1 1 1 37 17 17 1 1 2 2 2 
341 341 343 341 307 307 307 307 321 284 302 302 302 282 282 282 282 282 282 265 265 265 249 249 249 249 184 184 184 223 188 188 188 175 175 185 185 185 185 185 156 174 174 174 169 169 156 156 78 136 136 137 137 78 113 91 91 105 105 98 53 90 54 54 54 54 64 64 1 1 1 1 1 1 29 1 1 1 1 1 
341 341 341 341 307 307 307 307 307 284 284 303 303 282 282 282 265 265 265 265 266 242 242 253 253 184 184 188 188 188 188 188 175 175 175 175 185 185 185 185 156 156 174 174 156 156 156 156 78 78 78 78 78 78 113 113 91 91 91 98 53 90 54 54 54 54 54 54 54 1 1 1 1 1 1 1 1 1 1 1 
341 341 341 307 307 328 328 328 307 317 284 284 284 282 282 282 265 265 265 278 266 242 242 184 184 184 241 188 188 188 188 188 175 175 175 175 175 175 175 175 186 156 156 156 156 156 156 156 156 128 128 128 128 122 122 113 113 91 91 98 53 53 87 53 53 74 42 42 54 54 13 13 13 13 1 1 1 1 1 1 
341 328 328 328 338 328 307 307 307 317 307 307 284 282 282 282 265 265 265 278 266 242 242 184 184 184 184 217 217 217 217 217 175 175 175 181 181 181 181 175 175 156 156 163 163 163 163 156 156 128 128 128 128 118 118 118 114 91 91 91 93 53 53 53 53 74 42 42 42 42 13 13 13 13 13 13 1 1 1 1 
351 328 345 328 328 328 307 307 307 307 307 307 284 298 291 291 265 265 265 278 266 266 242 184 184 184 184 217 217 217 217 212 212 175 175 181 181 181 181 175 175 180 92 92 92 92 128 128 128 128 128 128 128 128 92 92 114 91 91 91 91 91 53 53 53 42 42 42 42 42 13 13 38 30 30 13 13 13 1 1 
351 328 328 328 328 328 328 318 318 307 307 307 284 298 291 291 291 271 271 271 271 267 242 184 184 242 242 217 217 217 217 212 212 175 175 181 181 181 181 175 175 175 175 175 171 92 128 128 128 128 147 92 92 92 92 92 92 92 92 92 92 92 53 53 53 42 69 42 42 42 48 38 38 30 3 3 3 13 13 3 
336 336 336 336 328 328 318 318 318 318 299 299 284 284 284 284 292 271 271 271 267 267 242 242 242 242 243 217 217 217 209 209 209 209 175 200 181 181 181 181 171 171 175 175 171 92 164 128 128 92 92 92 129 129 119 119 92 92 92 92 92 92 53 53 53 42 69 42 42 42 38 38 30 30 3 3 3 3 3 3 
336 336 336 336 328 328 318 318 318 299 299 299 299 284 284 284 292 283 283 261 267 261 261 230 230 230 230 230 230 217 220 209 209 175 175 200 182 182 182 181 171 171 171 171 171 92 92 92 92 92 141 141 129 129 119 119 92 92 92 92 92 92 53 53 53 42 42 42 59 42 38 38 30 30 4 4 4 4 4 4 
336 336 336 336 336 336 318 318 318 299 308 308 299 284 284 284 284 284 261 261 261 261 262 230 230 230 230 230 230 217 217 217 175 175 182 182 182 181 181 181 171 171 171 172 172 92 92 152 152 152 119 119 119 119 119 119 115 92 92 92 81 81 81 42 42 42 42 42 42 42 42 38 30 30 4 26 4 4 4 4 
336 336 346 318 318 318 318 318 318 299 308 308 299 284 284 284 284 284 261 261 261 268 230 230 230 230 230 235 201 201 201 201 201 201 182 182 182 181 181 181 181 181 165 165 165 165 165 152 153 153 119 119 119 119 115 115 115 92 92 92 81 81 81 42 42 42 42 42 42 42 42 38 38 4 4 4 4 4 4 4 
336 336 318 318 318 318 299 299 299 299 310 299 299 284 284 284 284 284 284 263 263 268 230 230 244 244 244 235 201 201 201 218 201 201 205 201 182 189 189 181 181 182 165 165 165 165 165 152 153 154 119 119 138 119 115 115 115 92 92 55 55 81 81 42 42 42 42 65 42 42 21 21 21 4 4 4 4 4 4 4 
352 318 318 339 339 299 299 322 322 299 299 299 299 299 284 284 284 284 263 263 263 263 263 230 244 244 245 235 201 201 182 182 201 201 205 201 182 189 189 189 182 182 165 165 165 152 152 152 153 130 130 119 119 119 115 115 115 106 106 55 55 81 81 81 42 42 42 21 21 21 21 21 21 33 4 4 4 14 14 5 
352 318 339 339 339 299 299 299 299 299 299 299 299 299 284 284 284 287 263 263 263 263 263 230 230 250 235 235 201 201 182 182 182 201 201 201 182 182 182 182 182 165 165 165 165 152 159 159 153 130 130 130 130 130 123 115 115 106 106 55 55 55 88 55 55 55 42 42 42 42 49 21 21 21 21 21 21 14 5 5 
318 318 339 339 339 299 299 329 304 304 304 299 299 299 284 284 284 230 230 230 230 230 230 230 230 250 235 236 201 224 182 219 182 182 182 182 182 182 183 183 183 165 165 173 173 152 152 152 153 130 148 130 130 131 123 106 106 106 106 55 55 55 55 55 55 55 60 60 60 42 42 42 14 31 31 14 14 14 15 6 
318 318 305 305 305 305 329 329 304 304 304 304 299 299 284 284 230 230 285 272 272 230 230 259 250 250 235 236 201 201 182 182 182 182 182 182 197 182 183 190 173 165 165 173 152 152 152 152 153 155 131 131 131 131 123 106 106 55 55 55 55 70 70 70 55 75 60 60 60 50 50 14 14 14 14 14 18 18 6 6 
353 305 305 340 340 305 329 329 304 304 311 304 304 288 288 295 230 230 230 272 273 250 250 250 250 235 235 231 231 201 182 182 206 206 206 182 182 182 183 190 173 173 173 173 152 152 152 153 153 131 131 123 123 123 123 99 99 55 55 55 55 70 70 70 55 75 60 60 60 50 50 14 14 14 6 6 6 6 6 7 
353 305 331 331 331 305 329 329 305 305 305 305 288 288 288 288 288 288 230 230 273 250 250 250 235 235 246 231 231 201 201 201 206 206 201 201 195 195 183 183 183 183 173 173 152 152 131 131 157 131 131 123 123 124 124 99 99 107 107 70 70 70 79 79 55 55 60 60 60 50 50 14 14 34 6 6 7 7 16 7 
305 305 331 331 331 305 305 305 305 305 312 305 288 288 288 288 293 286 286 230 230 269 235 235 235 231 231 231 231 201 201 201 213 201 201 201 195 195 178 178 178 178 178 161 161 152 152 131 131 131 131 142 99 99 99 99 99 99 99 70 70 70 79 79 79 55 55 55 55 55 43 43 6 6 6 6 7 7 16 7 
305 305 305 331 331 331 331 305 305 305 312 305 288 288 288 288 293 286 286 230 230 269 235 235 235 231 210 210 210 201 201 201 213 201 201 201 195 195 178 178 178 178 178 161 161 152 152 160 131 131 131 142 99 99 99 99 99 99 99 99 94 70 70 82 70 70 70 56 56 56 43 43 6 32 32 27 7 7 7 7 
350 350 305 331 331 331 331 323 323 312 312 305 305 286 286 286 286 286 286 274 274 235 235 254 254 231 210 221 210 210 210 201 201 201 201 191 191 191 191 191 178 178 178 161 161 152 152 160 131 131 131 131 99 99 99 99 108 108 108 94 94 70 70 70 70 71 71 56 61 35 35 43 6 6 6 27 7 7 6 6 
350 350 305 305 305 331 331 323 323 312 312 306 306 286 286 289 289 289 274 274 235 235 254 254 255 231 221 221 225 225 210 210 201 201 191 191 196 196 191 191 178 178 176 176 161 143 143 143 143 131 131 131 99 99 99 99 108 108 109 94 95 70 89 70 70 71 71 56 35 35 35 35 35 35 6 6 6 6 6 6 
354 350 342 342 305 305 323 323 323 306 306 306 226 226 286 274 274 274 274 279 235 235 235 255 255 231 221 221 221 221 221 210 210 210 191 191 196 192 192 192 178 178 176 177 161 143 143 143 143 143 143 143 99 99 99 99 100 100 100 100 95 70 89 70 70 76 56 56 35 51 51 39 39 28 6 6 6 6 6 6 
354 350 342 342 323 323 323 324 306 306 313 226 226 226 286 274 274 274 275 275 275 235 235 255 255 231 237 237 232 191 191 191 191 191 207 191 191 192 192 192 178 179 176 176 161 161 143 143 143 143 149 144 99 99 99 100 100 95 95 95 95 70 70 70 56 56 56 62 35 35 52 39 40 28 28 19 19 19 6 8 
354 350 342 342 323 323 323 324 306 319 226 226 274 274 286 274 274 274 275 275 276 235 256 255 255 237 237 232 232 191 191 191 214 191 191 191 191 192 192 178 178 179 179 176 161 161 143 143 143 143 149 144 99 99 99 100 95 95 101 101 70 70 70 83 56 56 72 62 62 35 52 39 28 28 28 19 19 19 6 8 
354 350 332 332 323 323 323 324 324 226 226 274 274 274 274 274 290 290 226 226 276 235 256 256 256 237 237 232 232 226 194 194 194 191 191 191 191 192 192 178 178 167 167 176 161 166 166 143 143 143 144 144 100 100 100 100 95 101 101 102 70 70 70 56 56 56 72 45 45 35 35 39 28 28 28 28 19 19 6 6 
350 350 332 332 332 332 332 325 325 226 226 226 300 300 274 274 226 226 226 226 264 264 264 226 226 226 247 226 226 226 203 203 194 191 191 202 191 192 192 178 178 167 167 176 161 161 144 144 144 144 144 145 100 100 100 101 101 101 102 102 56 56 56 56 56 56 45 45 45 45 35 35 35 35 28 28 22 6 6 6 
350 350 332 332 332 332 332 325 325 226 226 226 300 301 226 226 226 226 226 226 264 264 226 226 257 226 226 226 227 227 203 203 194 194 191 191 191 192 192 167 167 167 167 167 167 161 144 161 132 132 132 132 132 63 63 101 101 111 102 103 56 56 56 56 56 77 45 45 45 45 35 35 35 35 22 22 22 6 6 6 
332 332 332 332 332 333 333 330 325 226 226 226 300 226 226 294 294 226 264 264 264 264 226 238 238 251 203 203 203 203 203 203 203 194 194 194 194 192 192 167 167 167 167 167 167 161 161 161 132 132 132 146 132 132 63 120 101 101 102 56 56 56 56 56 56 77 66 66 45 57 35 35 35 35 22 22 22 9 9 9 
332 332 332 332 332 333 334 330 309 309 314 226 300 226 226 294 294 226 226 226 270 270 226 238 238 238 203 203 203 203 203 203 203 203 203 203 194 194 192 192 167 167 167 167 167 167 167 146 146 146 146 146 139 133 63 63 116 101 102 56 56 56 56 56 56 66 66 67 45 57 35 44 35 35 22 22 22 9 10 10 
332 332 332 332 333 333 309 309 309 309 309 226 226 226 226 226 294 226 226 226 226 226 226 238 258 238 238 238 222 222 203 203 215 208 208 194 194 194 192 192 167 167 167 167 167 167 167 146 146 146 121 121 139 133 125 63 63 96 96 96 96 63 63 84 66 66 66 66 45 45 35 35 35 23 23 23 23 9 9 9 
347 347 347 309 309 309 309 326 326 309 309 309 226 226 226 226 294 280 280 280 238 238 238 238 211 239 239 239 222 222 215 215 215 208 208 194 194 194 192 192 187 167 167 167 167 167 167 146 146 121 121 121 121 134 125 63 63 96 110 63 63 63 63 84 66 66 66 66 63 45 45 45 41 23 24 24 24 20 9 9 
347 347 309 309 335 335 296 296 296 309 309 309 226 226 226 280 280 280 280 280 238 260 238 238 211 239 211 211 222 222 215 215 215 208 208 194 194 194 194 187 187 167 167 167 167 167 167 146 146 121 121 121 121 134 126 63 63 96 63 63 63 63 63 84 63 63 63 63 63 46 46 46 41 23 24 24 24 20 11 11 
347 347 309 309 309 335 296 296 296 320 296 296 296 280 280 280 280 280 238 238 238 260 260 260 211 211 211 211 233 222 222 215 215 208 208 194 194 194 194 187 187 150 150 150 168 168 168 162 150 150 121 121 121 121 126 63 63 63 63 85 63 63 63 63 63 63 63 68 46 46 46 46 23 23 24 24 24 20 11 11 
348 348 309 309 309 335 296 296 296 296 296 296 296 280 280 280 280 280 238 238 238 238 238 238 240 240 240 211 211 228 211 211 216 211 187 187 187 187 187 187 187 150 150 150 150 150 150 162 150 150 150 140 140 121 126 63 63 63 85 85 97 85 85 63 63 63 63 68 46 46 46 46 23 23 23 23 20 20 11 11 
348 348 348 309 309 335 335 296 296 315 315 296 296 296 296 296 280 280 238 238 238 238 238 238 240 240 240 240 211 211 211 211 211 211 187 198 198 187 187 187 187 150 150 170 170 170 150 150 150 151 151 140 140 121 121 121 63 63 85 85 85 85 85 85 63 63 68 68 46 46 46 46 23 23 23 23 20 20 11 11 
