336 336 336 257 257 313 313 313 257 257 298 298 286 286 264 264 264 264 264 264 260 229 229 229 229 229 229 229 229 205 205 205 205 205 205 180 180 180 180 180 180 177 155 155 155 155 155 133 133 137 137 111 111 111 115 115 111 88 88 88 88 88 53 53 53 53 53 53 53 53 53 38 38 38 17 17 17 17 1 1 
336 336 336 257 257 313 257 257 257 257 257 257 286 286 264 264 264 264 260 260 260 229 229 229 229 229 205 205 205 205 219 205 205 205 180 180 180 180 180 155 155 177 155 133 133 133 133 133 133 137 137 111 111 111 111 111 111 88 88 88 53 53 53 68 53 53 68 53 53 53 53 38 38 38 17 17 17 1 1 2 
336 336 336 257 257 257 257 257 257 257 257 257 260 260 260 260 260 260 260 248 248 248 248 248 248 205 205 215 215 215 215 205 205 205 180 180 180 180 180 155 155 155 155 133 133 133 133 133 133 133 133 111 111 111 111 111 111 88 96 96 53 68 68 68 73 73 68 53 53 53 53 38 38 38 17 17 17 1 1 2 
336 336 336 257 257 257 309 257 257 299 299 299 260 260 260 276 276 260 260 248 248 248 248 205 205 205 239 215 215 215 215 205 205 205 206 180 180 180 180 144 144 144 144 144 164 133 156 144 144 140 133 116 116 116 116 116 92 92 96 96 53 68 68 68 68 74 68 47 47 47 47 47 38 38 28 28 3 3 1 1 
336 336 336 257 257 323 309 314 257 257 257 257 260 260 260 276 248 248 248 265 248 256 205 205 205 205 239 220 220 215 215 205 205 205 206 180 180 180 180 144 144 174 174 144 164 133 144 144 145 140 133 116 116 117 117 117 92 92 97 97 83 83 83 68 68 68 68 47 47 47 48 48 39 39 28 28 3 3 3 1 
341 341 277 277 304 304 309 309 309 257 257 257 276 276 276 276 248 248 248 248 248 256 205 205 220 220 220 220 220 215 215 215 205 205 206 179 179 179 189 178 178 174 174 144 144 133 144 117 117 141 133 133 116 117 121 92 92 92 97 97 83 83 83 68 68 68 47 47 47 47 18 18 18 40 18 18 3 3 3 3 
341 341 277 277 304 304 304 304 304 257 257 257 257 287 257 257 257 220 220 220 220 220 220 252 220 230 220 220 220 220 206 206 206 206 206 179 183 179 179 178 178 178 170 170 144 144 144 117 117 117 116 116 116 117 92 92 92 92 92 92 92 57 57 68 68 47 47 65 47 47 18 49 18 18 18 18 3 3 4 4 
341 341 337 277 304 304 304 315 304 277 277 277 257 257 257 268 257 220 220 220 220 220 220 220 220 230 240 230 230 220 206 206 206 179 179 179 183 183 179 179 179 179 170 170 165 112 112 117 117 117 116 116 116 117 92 92 92 92 92 92 92 57 57 57 57 47 47 47 47 47 18 18 18 18 18 18 3 3 12 5 
341 337 337 277 304 304 315 315 304 277 277 277 277 257 257 268 257 257 220 220 253 220 220 220 220 230 230 230 231 220 206 206 206 179 179 179 179 183 183 183 171 171 170 170 165 112 112 112 117 117 117 117 117 117 122 93 93 93 93 93 93 57 57 79 57 57 57 47 47 47 18 18 32 32 32 18 18 18 5 5 
337 337 277 277 277 277 277 277 304 304 277 300 277 257 257 268 268 257 257 220 253 253 253 220 220 241 241 231 231 220 211 211 206 179 179 179 179 171 171 171 171 171 170 170 165 112 149 112 112 117 117 117 117 126 122 93 93 93 93 93 76 76 57 57 57 57 57 57 57 57 33 33 32 32 32 13 13 19 5 5 
337 337 277 333 277 277 318 277 277 277 277 300 277 288 277 277 268 268 257 220 220 220 220 220 231 231 231 231 220 220 211 211 206 179 179 179 179 190 190 171 171 171 171 171 165 112 149 149 112 112 112 112 126 126 122 93 93 93 93 93 76 76 76 76 76 57 57 66 57 57 33 33 33 32 32 13 13 13 13 5 
291 291 277 326 326 277 318 277 277 277 277 300 277 277 277 277 277 268 257 257 257 257 222 222 231 231 231 231 220 220 220 211 206 206 179 179 179 190 191 171 171 165 165 165 165 112 112 112 112 112 122 122 122 122 122 93 93 93 93 93 76 75 75 75 75 75 58 58 58 58 33 33 33 33 33 13 13 13 13 5 
291 291 277 326 326 277 277 277 277 277 277 296 296 278 278 278 278 268 268 257 257 222 222 222 231 231 231 231 225 225 211 211 190 190 190 190 190 190 191 171 171 165 165 165 142 142 112 112 112 112 122 122 123 123 123 98 98 109 93 93 76 76 76 62 62 58 58 58 58 58 23 23 23 23 23 23 13 13 5 5 
291 342 277 277 277 277 277 316 289 289 289 296 296 278 278 278 278 268 268 222 222 222 222 222 231 242 231 231 225 225 211 211 190 190 190 190 190 193 165 165 165 165 165 165 142 142 112 112 112 134 134 134 98 98 98 98 98 76 76 76 76 76 62 62 62 58 58 58 58 58 23 23 23 23 23 23 23 13 6 6 
291 291 291 291 291 319 319 289 289 289 289 289 289 289 278 278 279 269 269 222 222 222 222 222 231 231 231 231 216 216 221 211 211 190 190 190 190 165 165 181 181 142 142 142 142 142 150 150 112 134 134 98 98 127 98 98 98 76 76 76 76 76 62 62 62 58 58 58 58 46 46 46 46 41 23 23 24 13 6 6 
325 325 322 322 291 291 320 289 289 289 290 290 290 290 278 278 279 269 258 258 222 222 222 222 231 231 232 232 232 216 216 216 211 190 194 194 194 165 165 165 142 142 142 142 166 142 150 150 112 112 134 98 98 98 98 98 98 104 104 98 76 76 84 62 62 58 58 62 62 46 34 34 34 41 23 23 24 13 6 6 
325 343 322 322 327 291 290 290 290 290 290 290 290 290 278 278 269 269 258 258 258 258 222 222 231 243 232 232 233 216 216 211 211 190 194 194 194 194 165 165 142 142 142 142 142 142 142 142 146 112 112 118 118 118 118 98 98 104 98 98 76 76 84 62 62 62 69 62 46 46 34 34 34 41 34 24 24 13 13 7 
325 322 322 322 291 291 290 290 290 290 290 290 290 290 278 278 270 270 258 258 258 258 254 222 249 222 222 232 222 222 222 211 211 211 207 198 198 165 165 142 142 142 142 142 142 159 142 142 142 142 112 112 112 112 118 118 98 98 98 63 63 63 63 63 63 62 62 62 46 46 46 34 34 34 34 24 24 7 7 7 
325 322 338 322 291 291 290 290 290 290 290 290 290 290 278 278 270 270 270 258 254 254 254 222 222 222 222 222 222 212 212 212 212 212 207 165 165 165 192 142 142 142 142 142 142 142 142 142 142 138 138 112 112 112 89 89 89 98 98 63 80 80 80 80 63 63 46 46 46 46 46 34 34 34 34 7 7 7 7 7 
325 322 338 322 328 291 290 290 290 290 297 297 297 291 280 280 270 270 270 258 258 250 250 250 250 222 222 222 222 212 212 212 212 207 207 165 165 165 192 142 142 142 142 142 160 142 142 142 142 139 139 112 112 112 89 89 89 89 99 63 63 81 81 81 63 63 46 46 46 46 29 29 29 29 29 7 7 20 7 7 
325 322 322 322 328 291 291 291 291 291 291 291 291 291 280 280 244 244 244 258 258 250 250 250 250 222 222 222 222 226 201 201 201 207 201 201 165 165 165 165 165 142 175 142 160 142 142 147 147 139 139 112 112 112 89 89 89 89 99 99 63 81 82 82 63 63 63 63 63 31 54 29 29 42 29 29 7 7 7 8 
325 322 322 322 310 310 291 291 291 291 293 293 292 292 280 280 244 274 244 250 250 250 250 250 201 201 201 201 201 201 201 201 201 207 201 162 165 165 165 165 165 142 142 142 160 160 124 124 124 139 139 112 112 128 89 89 89 100 100 100 63 81 63 63 63 59 59 31 31 31 42 42 42 42 29 29 14 14 14 8 
325 322 322 322 329 310 321 310 310 267 293 293 293 293 280 280 280 244 244 250 250 250 250 250 201 201 201 201 184 184 184 201 201 201 201 162 162 162 162 162 162 142 142 167 167 124 124 151 124 124 131 131 112 112 89 89 89 89 101 101 63 63 63 63 63 59 31 31 42 42 42 50 14 14 14 14 14 8 8 8 
325 325 322 322 329 310 310 310 311 267 267 293 293 281 281 281 281 244 244 244 244 259 255 244 244 244 201 201 184 184 184 184 208 195 195 195 195 195 184 184 162 162 157 157 124 124 157 124 124 124 131 131 131 112 112 112 112 89 89 89 89 89 63 63 77 59 31 42 42 42 42 50 14 14 14 14 14 8 8 8 
325 325 339 322 322 324 310 310 267 267 267 301 281 281 281 266 266 275 244 244 244 244 255 244 245 245 201 201 201 184 184 208 208 195 195 195 195 184 184 162 162 162 157 157 168 157 157 124 124 143 132 132 132 124 124 90 90 90 90 90 89 89 63 59 59 59 31 31 31 31 31 31 14 14 14 30 14 8 8 8 
325 334 334 334 322 322 322 267 267 267 267 301 281 281 281 266 266 266 266 261 261 244 244 244 245 245 201 201 201 184 184 208 208 208 208 184 184 184 184 162 162 162 157 157 168 157 152 152 124 143 132 132 132 124 124 90 110 110 90 90 90 10 10 59 59 59 31 31 55 55 55 31 31 31 14 14 14 8 8 8 
325 325 334 334 330 322 322 267 267 267 267 267 266 266 266 266 266 266 266 261 261 244 244 244 245 245 201 201 234 184 223 208 208 209 209 184 184 184 184 162 162 162 176 157 157 157 152 124 124 143 124 124 124 124 124 90 90 90 90 102 90 90 10 59 59 59 31 31 55 55 43 43 43 31 31 31 25 8 8 8 
325 325 334 334 330 267 267 267 267 267 267 267 266 266 266 266 266 266 266 261 261 244 244 244 227 227 234 234 234 184 223 208 208 209 184 184 184 184 185 162 162 176 176 157 157 152 152 124 124 124 124 113 113 113 113 113 113 91 91 91 91 91 10 59 59 59 59 59 55 55 43 43 43 43 35 25 25 21 8 8 
325 335 335 335 330 267 305 267 267 267 267 294 294 266 266 251 251 251 266 266 251 251 251 251 227 227 227 227 227 184 184 184 184 184 184 196 196 196 185 185 162 176 152 152 152 152 153 153 119 119 119 119 119 119 119 119 91 91 91 91 91 91 10 10 78 59 59 59 59 59 43 43 43 43 35 25 25 21 8 8 
325 330 330 330 330 267 305 305 305 305 294 294 266 266 266 251 282 251 271 251 251 246 251 251 227 227 227 235 227 217 217 217 202 202 202 196 196 186 186 186 162 176 152 152 152 161 119 119 119 119 129 129 129 129 91 91 91 105 105 85 85 85 85 10 78 35 35 35 35 35 35 35 35 35 35 25 25 15 15 9 
325 330 325 325 331 267 267 267 267 294 294 302 294 294 251 251 282 251 251 251 246 246 251 251 251 227 227 235 227 217 217 217 202 202 202 202 196 186 186 162 162 176 152 152 152 119 119 119 119 119 129 130 130 91 91 91 91 105 105 85 85 86 86 10 35 35 70 35 35 35 35 35 36 36 36 26 26 15 15 9 
325 325 325 325 325 325 267 267 267 294 302 302 294 295 251 282 282 251 251 251 246 246 246 246 246 246 227 227 227 217 217 217 202 202 202 202 196 196 186 162 152 152 152 152 152 119 154 154 129 129 129 130 130 91 91 91 85 85 106 85 85 67 67 10 35 35 35 35 35 35 44 44 36 36 37 26 26 22 9 9 
325 325 332 332 332 317 317 267 267 294 294 294 294 251 251 282 282 251 272 251 251 251 251 246 246 227 227 227 227 217 217 217 210 210 210 199 199 162 162 162 152 152 152 152 169 119 154 154 129 129 120 120 130 130 91 91 85 85 85 85 94 67 67 10 35 35 35 35 35 44 44 44 44 44 37 26 26 22 9 9 
325 325 332 307 307 317 317 267 267 306 303 283 283 251 251 285 251 251 251 251 251 251 251 247 247 227 227 236 203 203 203 218 210 210 210 199 162 162 162 162 162 162 162 172 119 119 154 154 148 120 120 120 120 120 120 120 85 103 103 103 67 67 67 10 10 10 35 35 64 44 56 51 37 37 37 26 26 22 9 9 
332 332 332 307 307 317 317 317 267 303 303 283 283 283 251 251 251 262 251 251 251 251 251 247 247 247 227 227 227 227 203 203 213 213 203 203 162 197 162 182 162 162 162 162 119 119 154 148 148 120 120 120 120 120 85 85 85 103 103 103 67 67 67 10 10 10 10 10 10 44 44 51 37 37 37 9 9 22 9 9 
332 332 340 307 307 267 267 267 267 303 303 283 283 283 283 283 283 262 262 262 262 251 251 237 237 237 237 237 227 227 224 203 203 203 203 204 162 162 162 182 182 158 158 162 162 119 119 148 148 120 120 120 120 120 85 85 85 85 85 85 95 67 67 10 10 71 10 10 10 60 44 37 37 37 37 9 9 9 16 9 
344 344 307 307 307 267 267 267 267 267 267 283 283 283 283 267 267 267 273 267 263 237 237 237 237 237 238 238 224 224 224 203 203 203 203 204 200 187 187 187 158 158 158 173 162 162 119 114 148 135 135 120 120 120 85 85 85 85 107 85 95 67 67 67 67 71 71 10 10 52 52 37 37 45 9 9 27 9 9 9 
344 344 307 307 307 312 312 312 312 307 267 267 267 267 267 267 284 267 267 267 263 237 224 224 224 224 224 224 224 228 214 214 214 200 200 200 200 187 187 188 158 158 158 158 162 162 119 114 114 135 135 135 120 120 125 85 85 107 107 85 85 67 67 67 67 67 72 10 10 52 52 52 37 45 9 9 9 9 9 9 
345 345 307 307 307 307 307 307 307 307 267 267 267 263 263 263 263 263 263 263 263 237 237 237 237 237 224 224 214 214 214 214 200 200 187 187 187 187 187 188 158 158 158 158 163 163 119 119 114 114 114 136 114 114 114 114 114 85 85 85 85 67 67 67 67 67 72 67 10 61 52 52 37 37 37 10 10 10 10 10 
345 345 307 307 307 308 308 308 308 308 267 267 267 263 263 263 263 263 263 263 263 237 237 237 237 237 224 224 214 214 214 214 200 200 187 187 187 187 187 188 158 158 158 158 158 158 158 119 119 119 114 114 114 114 114 85 85 85 108 85 85 87 87 67 67 67 67 67 10 10 10 10 10 10 10 10 10 10 11 11 
