310 310 310 310 278 278 226 226 226 226 226 226 265 265 265 226 226 226 226 226 226 226 195 195 188 188 188 188 188 180 180 180 180 180 180 136 136 136 136 136 136 149 149 149 84 84 84 84 130 84 84 84 100 100 100 83 83 83 48 48 48 48 48 48 48 48 48 48 48 26 26 26 26 1 1 1 1 1 1 1 
310 310 278 278 278 278 278 295 226 226 282 226 226 226 226 226 247 247 247 226 226 226 195 195 188 188 188 188 188 180 180 180 180 180 180 136 136 136 136 136 136 136 136 150 84 84 84 84 130 84 118 84 100 100 100 83 83 83 48 48 48 48 63 63 63 26 26 26 49 26 26 26 26 1 1 1 1 17 1 1 
278 278 278 278 278 283 278 278 282 282 282 226 226 257 257 257 247 247 247 226 229 229 195 195 195 188 188 188 188 204 204 180 193 180 180 185 136 136 136 136 136 136 136 136 84 84 84 84 84 84 118 84 100 100 100 83 83 83 48 48 79 48 63 23 23 26 26 26 26 26 26 26 26 31 1 1 1 1 1 1 
278 313 313 278 278 283 300 278 278 278 278 278 250 250 250 250 250 250 226 226 229 229 229 195 195 188 188 188 188 188 180 180 193 180 180 185 136 136 136 162 162 136 136 136 136 136 136 84 84 118 118 84 111 84 84 84 91 83 83 83 48 48 63 23 23 26 26 47 47 47 26 26 26 26 26 1 1 1 1 1 
278 278 278 278 283 283 300 296 283 283 283 279 250 250 250 250 255 251 226 226 226 195 195 195 195 188 188 188 188 188 180 180 180 180 180 180 180 136 136 162 136 136 151 136 136 139 125 125 125 118 118 84 84 84 84 84 91 91 84 84 48 74 63 23 23 23 23 23 23 23 23 18 18 18 18 18 18 18 2 2 
319 319 304 304 283 283 283 296 283 284 284 279 227 227 227 250 250 251 226 226 226 195 195 195 195 188 188 188 180 180 180 180 180 180 180 180 181 136 136 136 136 155 136 136 144 139 125 125 125 125 106 106 84 84 84 84 92 92 84 48 48 63 63 23 23 58 23 23 23 23 23 18 35 18 18 22 18 18 2 2 
319 319 304 304 304 304 283 283 283 279 279 279 227 227 227 258 250 248 248 226 226 195 195 195 195 188 188 188 180 180 180 180 180 180 180 180 180 136 136 136 136 136 136 140 140 140 137 125 125 125 106 106 106 106 84 84 92 84 84 48 48 75 56 56 23 23 23 23 23 23 23 18 18 18 18 18 18 12 12 2 
301 301 301 301 307 301 301 279 279 279 279 279 227 227 227 227 250 248 248 226 226 226 226 226 195 218 218 188 180 180 180 180 180 180 180 180 180 163 163 163 163 152 152 140 140 137 137 125 125 107 107 106 106 84 84 84 84 84 87 48 48 75 56 56 56 56 23 23 23 23 23 23 23 23 23 23 12 12 12 2 
301 301 301 301 301 301 279 279 288 288 266 266 266 266 266 227 250 250 227 227 226 226 195 195 195 218 218 188 188 188 180 180 194 188 180 180 163 163 172 152 152 152 140 140 140 137 137 115 115 107 107 107 107 84 84 84 84 84 87 48 48 48 48 48 36 56 23 23 23 40 40 23 23 32 23 23 12 12 12 2 
301 301 301 311 279 279 279 266 266 266 266 267 266 266 266 227 227 227 227 227 226 226 195 195 195 195 218 188 188 188 188 188 188 188 180 180 163 163 152 152 145 145 153 145 145 115 115 115 115 107 107 115 107 107 93 93 93 48 48 80 80 48 48 48 36 56 56 36 36 40 40 40 36 32 23 23 2 2 2 2 
301 314 314 301 301 266 266 266 266 266 285 267 266 266 266 227 227 227 227 227 227 230 230 219 219 195 195 212 212 188 188 188 188 152 152 152 163 163 152 145 145 145 153 145 145 115 132 132 115 119 119 115 93 93 93 96 93 93 48 48 48 48 48 48 36 36 36 36 36 36 36 36 36 32 2 2 2 2 3 3 
301 301 301 301 301 266 266 280 280 280 280 267 267 267 267 227 227 227 227 246 227 227 231 219 219 219 195 195 195 195 195 152 152 152 152 152 152 152 152 145 164 145 145 145 145 115 132 132 115 119 115 115 93 101 101 96 96 88 88 54 54 54 54 64 64 36 36 37 37 37 37 37 37 32 2 2 2 2 3 3 
266 266 266 266 266 305 266 220 220 220 280 259 259 259 259 259 239 239 239 239 239 227 227 219 219 219 207 207 207 207 195 195 152 152 152 186 173 173 173 145 164 145 145 145 145 115 115 115 115 115 115 93 93 97 97 96 96 88 88 54 54 54 54 54 54 54 54 37 37 37 37 37 32 32 2 2 2 2 3 3 
266 266 266 266 266 266 266 220 220 289 280 280 272 268 268 239 239 233 233 233 240 233 227 227 207 207 207 207 207 205 205 195 195 152 152 186 173 173 145 145 145 145 145 145 145 115 115 115 115 120 120 93 97 97 97 97 97 88 88 54 54 54 54 50 50 50 54 54 37 37 41 41 27 27 27 2 2 2 2 2 
320 320 266 266 266 266 220 220 220 289 272 272 272 268 239 239 233 233 233 233 233 233 190 190 207 207 207 207 207 205 189 189 189 152 152 173 173 173 145 168 145 145 145 146 146 133 133 133 115 120 120 93 54 54 54 54 54 54 54 54 54 76 54 50 50 50 50 50 50 24 24 24 27 27 27 2 2 2 13 2 
320 297 297 297 220 220 220 220 220 220 272 272 272 239 239 239 239 252 233 233 233 190 190 190 190 190 190 205 205 205 189 189 189 189 174 174 173 173 165 165 165 156 146 146 133 133 121 121 115 126 120 93 54 54 102 54 54 71 54 54 54 54 54 68 50 59 50 50 24 24 24 24 27 27 27 2 2 2 2 2 
297 297 315 297 220 302 302 220 220 220 272 261 261 239 239 239 239 239 239 190 190 190 220 220 220 220 190 205 205 205 189 189 196 189 174 174 174 174 165 165 156 156 146 146 133 121 121 121 115 115 120 93 93 54 81 81 81 71 71 68 68 68 68 68 50 50 50 50 24 24 24 27 27 24 24 24 2 2 2 4 
297 297 297 297 220 220 220 220 220 290 261 261 261 260 260 260 239 239 239 190 190 190 220 190 190 190 190 205 205 205 189 189 189 189 174 174 174 174 174 165 165 133 133 133 133 121 121 121 121 121 54 54 54 54 81 81 81 71 71 68 68 68 68 68 50 50 50 50 24 24 24 27 24 24 2 2 2 4 4 4 
321 321 297 297 297 297 297 297 220 220 261 261 261 260 260 260 239 239 239 190 220 220 220 190 199 199 199 205 199 199 199 199 190 190 174 174 165 165 165 165 165 133 133 147 147 121 121 121 121 121 54 54 103 103 103 81 81 71 68 68 68 68 68 50 50 60 50 50 24 24 24 24 24 2 2 2 2 4 4 4 
308 308 308 308 308 291 291 291 291 220 220 261 261 261 261 261 239 239 190 190 220 232 232 190 190 190 199 199 199 208 190 190 190 187 187 187 165 165 165 165 165 157 141 141 141 141 127 127 127 121 121 54 103 103 81 81 71 71 68 85 68 68 68 50 50 28 28 28 28 28 28 28 28 2 2 2 2 2 5 5 
308 308 308 308 308 291 291 291 291 220 220 262 262 262 269 253 253 190 190 220 220 232 232 190 190 190 190 190 190 208 190 200 187 187 187 187 165 165 165 157 157 157 141 141 127 127 127 127 127 122 122 103 103 103 81 81 71 71 68 68 68 61 61 50 50 28 28 28 28 28 28 28 28 2 2 2 2 2 5 6 
322 308 308 309 309 291 291 291 291 220 262 262 273 262 262 253 253 190 190 220 241 200 200 200 200 190 190 216 190 190 190 200 187 191 158 158 158 158 158 157 157 157 141 141 127 127 134 127 127 122 103 103 103 103 104 81 81 71 71 77 77 77 61 61 61 61 28 28 28 28 42 42 28 28 28 2 2 5 5 6 
322 308 308 291 291 291 291 291 291 220 262 262 262 262 262 262 253 253 190 220 220 200 200 200 200 216 216 216 190 190 200 200 187 191 158 158 158 158 158 157 157 141 141 141 141 127 134 134 127 127 103 112 112 81 81 81 81 71 71 71 71 78 71 5 5 62 28 28 5 5 5 5 5 5 5 5 5 5 6 6 
291 291 308 291 291 291 291 291 291 220 220 220 220 220 220 220 220 220 220 220 220 234 200 200 222 200 200 200 200 200 200 201 187 187 158 158 182 175 158 158 158 141 141 141 141 127 138 135 103 103 103 112 112 81 81 81 81 71 71 71 71 71 71 5 5 5 5 5 5 43 43 43 14 14 14 25 7 7 6 6 
291 291 291 291 291 291 303 291 291 220 220 220 220 263 263 263 254 254 220 220 228 228 228 200 200 200 200 200 213 200 200 187 187 187 158 158 158 175 175 158 158 158 141 141 105 105 138 135 103 116 116 116 103 103 81 81 81 81 81 81 81 5 5 5 65 5 5 51 51 43 43 44 14 14 14 25 7 7 7 7 
291 291 291 291 291 298 298 298 221 221 221 254 254 254 254 254 254 249 242 242 228 228 228 228 200 200 209 209 213 209 187 187 158 158 158 158 158 158 158 158 158 158 105 105 105 105 105 135 103 103 103 103 103 103 98 98 81 81 5 5 5 5 65 65 65 45 45 51 51 43 43 44 14 14 14 14 14 14 7 7 
291 291 316 291 291 298 298 298 221 221 221 221 221 221 221 254 254 249 242 242 242 228 228 228 200 200 209 209 209 209 187 187 158 158 158 158 183 158 158 158 158 105 105 142 142 105 105 135 103 103 103 103 103 103 98 98 65 65 5 5 5 5 65 65 66 45 45 45 52 43 43 43 14 14 15 15 15 14 7 7 
286 286 286 286 286 286 286 286 286 221 221 221 256 256 221 221 221 249 242 242 242 228 228 228 200 200 209 209 197 197 197 187 158 158 158 158 158 158 166 166 166 105 110 110 142 105 105 105 103 103 103 103 65 65 65 65 65 65 89 65 65 72 72 65 66 45 45 45 33 33 33 43 15 15 15 15 15 14 14 8 
286 286 286 286 286 286 286 286 286 221 221 221 256 256 264 264 221 249 249 223 223 235 223 223 223 202 202 202 197 197 197 187 187 187 166 166 166 166 166 169 105 105 110 110 142 142 105 105 103 103 103 103 65 65 65 65 65 65 89 65 65 65 65 65 66 45 45 45 33 33 33 33 33 15 15 15 15 15 15 8 
317 317 317 286 286 286 286 292 292 221 221 221 256 256 256 256 221 223 223 223 223 223 223 224 224 202 202 202 206 206 197 197 197 166 166 177 177 177 105 105 105 159 110 110 110 110 105 105 105 128 105 105 108 108 65 65 65 65 89 65 65 65 66 66 66 45 45 45 45 33 33 33 33 33 8 8 8 19 8 8 
286 286 286 286 299 299 286 286 286 286 286 221 274 256 256 256 256 223 223 223 223 223 223 221 221 221 202 202 206 206 206 197 197 166 177 177 178 178 161 161 167 110 110 110 110 110 110 123 105 105 105 105 65 65 65 65 65 65 65 65 65 65 66 66 66 45 45 46 45 33 33 33 33 33 8 8 8 8 8 9 
299 299 299 299 299 299 299 299 293 286 286 221 221 221 221 221 236 236 236 236 236 221 221 221 221 221 202 202 202 202 202 202 166 166 177 161 161 161 161 161 110 110 110 110 110 110 110 123 123 123 123 105 65 65 65 65 65 69 69 69 69 69 69 69 67 46 46 46 45 45 45 29 38 34 8 8 20 16 16 9 
299 299 299 299 299 287 287 287 293 270 270 270 270 270 270 221 236 236 236 236 236 221 221 214 214 214 214 214 214 203 203 203 166 177 177 161 161 161 161 161 110 110 110 110 110 110 110 123 123 129 105 105 65 65 69 69 69 69 90 67 67 67 67 67 67 46 46 46 46 46 46 29 34 34 8 8 8 16 9 9 
299 299 299 312 299 287 287 287 293 270 270 270 270 270 271 221 237 237 236 236 236 236 221 214 214 214 214 214 215 203 203 203 166 177 177 184 184 161 161 170 148 160 110 110 143 143 129 129 129 129 105 105 105 109 69 69 94 94 67 67 73 73 73 57 57 29 29 55 29 29 29 29 34 34 21 21 8 16 9 10 
299 299 299 299 299 287 287 287 287 287 287 275 275 271 271 221 237 237 236 236 243 237 221 214 214 214 210 210 210 203 203 203 177 177 177 184 171 171 161 161 148 160 110 110 110 110 129 129 129 129 110 110 105 105 105 69 82 82 67 67 73 73 57 57 57 29 29 29 29 34 34 34 34 34 21 21 8 16 9 9 
287 287 287 287 287 287 294 294 294 275 275 275 276 271 271 221 221 237 237 237 237 237 221 214 214 214 210 217 210 210 198 198 177 177 177 184 171 171 176 161 148 148 148 148 148 110 110 110 110 110 110 110 110 110 69 69 82 82 82 67 67 67 57 57 57 29 29 53 53 34 34 34 21 21 21 21 8 16 9 9 
287 287 287 287 287 306 294 294 275 275 276 276 276 238 238 238 221 221 221 221 221 221 221 225 225 210 210 217 210 210 198 198 198 177 177 177 179 171 161 161 148 148 154 113 113 113 113 110 110 117 117 117 113 69 69 82 82 82 82 82 82 67 67 70 57 57 29 53 34 34 34 34 21 21 21 21 8 16 9 11 
287 287 318 287 287 275 275 275 275 281 276 276 277 238 238 238 238 238 238 238 238 238 211 211 211 210 210 210 210 210 198 198 198 177 177 177 179 171 161 161 161 113 113 113 113 113 113 113 117 117 124 113 113 69 99 82 82 82 82 82 67 67 67 57 57 57 29 53 34 34 34 34 39 21 21 21 8 16 9 9 
287 287 318 287 287 275 275 275 275 281 276 276 244 244 244 244 238 238 244 244 244 211 211 211 211 210 210 210 210 210 192 192 192 192 179 179 179 171 171 171 161 113 113 113 113 131 131 113 113 113 124 113 114 69 99 99 69 69 69 86 67 67 67 57 57 57 29 29 29 29 34 34 29 29 29 21 8 9 9 9 
287 287 287 287 287 275 275 275 275 281 281 281 244 244 244 244 244 244 244 245 245 211 211 211 211 211 211 211 211 211 192 192 192 192 179 179 179 179 171 171 161 161 113 113 113 131 131 131 131 113 113 113 114 69 69 69 69 95 69 69 69 69 67 57 57 57 57 29 29 29 29 29 29 30 30 21 21 9 9 9 
