323 323 298 298 295 295 295 295 295 295 269 269 269 269 277 269 269 252 252 252 246 246 221 221 221 221 221 221 213 213 196 196 196 196 175 175 175 175 175 132 132 132 132 132 132 132 132 132 132 132 84 84 84 84 84 100 88 88 88 88 74 74 74 33 33 33 33 33 33 51 33 33 33 33 19 19 19 1 1 1 
323 298 298 298 295 295 295 295 295 295 269 285 285 269 277 269 252 252 246 246 246 221 221 241 231 231 221 221 213 213 196 196 196 175 175 168 168 175 175 132 132 132 132 148 148 84 84 84 84 84 84 124 84 84 84 100 88 89 89 89 74 74 33 33 33 33 33 33 33 33 33 34 34 34 19 19 19 1 1 1 
323 298 298 298 319 295 295 295 295 295 269 285 285 269 269 269 270 246 246 253 221 221 241 241 231 231 216 216 216 191 191 191 168 168 168 168 168 168 168 168 132 132 132 84 84 84 140 113 113 84 84 124 84 84 84 100 88 88 88 88 74 74 33 33 33 33 33 33 26 26 13 13 13 13 13 13 13 13 10 1 
323 298 298 298 319 308 308 295 295 296 269 288 269 269 269 269 270 246 260 221 221 242 241 241 216 216 216 191 191 191 191 191 168 168 168 168 168 168 132 132 132 132 132 132 140 140 140 113 113 113 113 113 113 113 84 100 100 88 88 88 74 74 33 33 26 26 33 33 26 26 26 26 26 26 13 13 10 10 10 1 
323 298 298 298 298 297 297 297 296 296 269 269 269 269 269 269 270 246 260 221 221 242 242 242 216 216 216 191 191 191 191 197 197 197 168 168 168 168 132 132 132 132 132 132 140 140 140 113 135 113 113 114 114 114 84 105 88 88 90 90 74 74 75 26 26 26 26 26 26 1 1 1 1 26 26 26 10 10 1 1 
323 298 298 298 298 297 297 297 297 297 289 289 269 269 278 246 246 246 246 246 221 221 216 216 216 227 227 191 191 191 191 197 197 197 168 168 153 153 153 153 157 157 157 153 140 140 140 113 114 114 114 114 120 115 84 105 88 88 80 80 80 80 75 26 26 26 26 62 57 1 44 44 20 35 26 26 10 10 1 1 
323 323 323 298 298 314 298 298 298 298 289 269 269 282 246 246 271 246 246 246 246 221 216 216 222 227 191 191 191 191 203 203 168 168 190 168 153 153 153 153 157 157 153 153 140 140 140 113 114 114 127 114 114 115 84 84 88 88 80 80 80 80 75 26 26 26 26 26 57 1 44 44 20 20 20 20 10 10 1 1 
331 298 298 298 298 314 298 298 298 299 289 269 269 282 246 246 246 246 254 254 221 221 216 216 222 222 191 191 191 203 203 204 168 168 168 168 153 153 153 153 153 153 153 154 140 140 140 113 113 114 114 114 114 108 108 84 84 84 91 91 80 80 26 26 26 26 26 26 57 1 48 20 20 20 20 20 20 1 1 2 
298 298 298 298 298 298 298 303 303 299 289 289 269 282 246 246 264 264 254 254 221 247 216 228 228 222 191 191 217 203 168 168 168 169 169 169 169 169 169 169 162 153 153 153 140 138 138 138 113 114 114 114 114 108 108 84 84 84 84 81 81 81 26 26 26 26 26 57 57 1 1 20 20 20 20 1 1 1 1 1 
298 298 298 298 298 315 299 299 299 299 269 269 269 282 261 261 261 261 261 247 247 247 216 228 228 222 222 191 191 203 168 168 168 168 180 180 183 180 143 143 162 153 153 153 149 138 141 113 113 114 113 113 113 113 84 84 84 93 84 84 84 30 30 30 57 57 57 57 52 52 1 20 20 1 1 1 1 1 1 1 
316 298 298 299 299 299 299 299 299 300 269 269 269 244 261 261 261 262 262 247 247 248 216 216 228 228 222 222 191 191 191 191 191 168 180 180 183 180 143 143 142 142 158 138 149 138 141 113 114 114 113 116 116 84 84 106 84 93 93 30 30 30 76 30 57 52 52 52 52 53 1 1 1 1 14 14 1 1 1 1 
316 316 316 299 299 299 299 299 299 300 269 286 244 244 261 261 261 244 244 255 247 244 244 216 216 228 228 214 214 214 198 198 191 191 191 180 183 180 143 143 142 142 142 138 138 138 141 113 114 114 113 116 116 84 84 106 84 97 30 30 76 76 76 30 57 52 52 52 58 1 1 1 38 3 14 14 14 14 1 1 
329 329 316 316 316 316 299 299 299 300 269 286 244 244 261 261 244 244 244 244 247 244 244 239 239 228 228 214 214 214 198 198 198 191 191 180 180 180 176 143 142 142 142 142 142 142 141 113 113 113 113 116 116 116 84 84 84 97 30 30 76 30 30 30 57 52 52 52 58 1 1 1 38 3 14 14 14 14 3 3 
324 324 324 301 301 301 301 304 304 269 269 286 286 244 244 244 244 265 244 244 244 244 244 239 239 228 228 214 214 214 198 198 198 198 184 184 184 176 176 143 142 142 155 155 136 136 141 136 136 113 113 125 76 76 109 97 97 97 30 30 76 30 30 30 30 30 58 58 58 1 1 38 38 3 3 3 3 3 3 4 
324 325 325 301 301 301 301 304 304 269 283 283 283 244 244 244 244 244 244 244 244 223 223 223 223 223 223 214 214 214 198 198 176 176 184 184 184 176 143 143 142 136 136 136 136 136 136 136 125 125 125 125 76 76 76 97 97 97 30 30 76 76 30 30 67 30 30 58 58 30 30 30 39 3 3 21 21 15 4 4 
324 301 301 301 301 301 301 301 301 301 283 283 283 244 244 244 244 244 244 244 223 223 232 232 232 232 223 214 214 214 198 198 176 176 176 176 176 176 143 143 143 143 159 136 136 128 125 125 125 125 125 126 76 117 76 97 76 76 76 76 76 76 71 71 67 30 30 30 30 30 36 30 30 30 30 21 15 15 4 5 
324 301 301 301 301 309 309 301 301 290 290 290 283 283 279 240 240 240 244 244 223 232 232 232 232 233 223 214 214 205 205 205 176 176 176 177 177 177 177 163 163 143 143 143 143 128 128 128 128 128 128 76 76 76 76 76 76 76 76 71 71 71 71 67 67 30 30 30 30 30 36 36 36 36 21 21 15 15 4 5 
324 301 301 309 309 309 310 291 291 290 223 223 287 279 279 240 272 240 240 240 223 223 223 233 233 233 223 223 205 205 210 176 176 176 176 176 176 163 163 163 164 121 121 121 143 143 128 128 128 129 129 76 76 76 76 76 76 76 76 71 71 67 67 67 59 59 59 37 37 37 49 36 36 37 21 21 4 4 4 5 
324 324 326 309 309 309 310 291 291 291 291 223 223 279 240 240 272 240 240 240 250 223 223 233 233 233 223 223 205 205 205 176 176 176 192 176 176 163 163 163 164 121 121 121 143 143 128 128 128 129 121 121 76 76 76 76 76 71 71 71 71 67 67 59 59 59 59 37 37 37 37 37 37 37 16 16 4 4 4 4 
332 324 324 309 309 309 310 291 291 291 291 291 223 279 240 266 266 240 240 250 250 223 223 223 233 233 223 223 215 215 205 176 176 176 176 176 185 163 163 163 164 160 160 121 144 144 129 129 129 129 121 121 121 101 101 101 71 71 71 71 71 67 67 59 68 59 59 37 37 40 40 40 16 16 16 16 16 16 11 4 
324 324 324 321 309 309 306 306 302 302 291 291 223 279 240 240 266 266 240 240 240 245 245 223 223 223 223 224 215 215 205 206 201 164 164 164 185 163 163 170 164 160 160 121 144 144 129 137 129 129 121 122 122 101 101 101 71 71 71 71 71 71 77 59 59 64 37 37 40 40 40 40 16 16 16 4 4 4 11 4 
324 330 321 321 309 309 306 306 302 292 292 292 223 223 223 240 240 240 240 240 240 240 240 240 240 223 223 201 201 201 206 206 201 164 193 164 185 181 164 164 164 161 121 121 145 145 129 137 137 121 121 122 122 101 98 98 98 71 71 71 71 71 71 72 59 64 37 37 40 40 40 40 40 4 4 4 4 4 4 4 
321 321 321 321 309 309 302 306 302 292 292 292 223 223 223 223 223 240 240 240 240 243 243 243 223 223 229 201 201 201 201 207 201 164 164 164 181 181 164 161 161 161 121 121 121 121 129 121 121 121 122 122 122 101 98 98 98 98 71 71 71 82 71 71 59 64 63 41 41 41 41 41 41 4 4 4 4 4 4 4 
321 321 321 321 309 309 302 302 302 292 292 292 256 256 256 256 223 240 240 240 240 243 243 243 223 218 218 218 201 201 201 201 201 171 171 164 181 164 164 161 161 121 121 121 121 121 121 121 121 121 110 110 101 101 101 101 101 94 94 71 71 71 71 71 59 59 63 59 59 41 41 17 17 4 4 4 22 4 4 4 
321 321 321 320 320 311 311 302 302 292 292 292 256 256 256 256 223 240 240 240 223 223 223 223 223 230 230 218 201 201 211 201 202 171 171 164 164 164 171 171 121 121 121 121 121 121 133 133 121 121 110 110 101 101 101 94 94 94 95 71 71 71 71 71 59 59 63 59 50 50 50 17 17 17 31 17 17 17 4 4 
320 320 320 320 311 311 312 302 302 292 292 256 256 256 256 256 223 223 240 240 223 223 234 234 234 230 230 218 218 201 211 201 202 171 171 171 171 171 171 172 121 121 121 121 121 121 133 133 133 133 110 110 110 110 110 94 102 69 69 83 83 83 71 71 59 63 63 59 50 50 50 17 42 17 17 17 23 6 6 6 
320 312 312 312 312 312 312 302 302 292 292 256 273 273 280 256 273 223 240 240 223 223 234 234 234 230 230 225 208 201 201 201 171 171 171 171 186 165 165 165 165 150 150 150 133 133 133 133 133 133 118 118 118 94 94 94 102 69 69 69 69 73 73 73 59 59 59 59 60 50 50 17 6 6 6 27 6 6 7 7 
320 312 312 312 312 312 312 275 275 275 275 256 273 273 280 273 273 223 223 223 223 187 187 234 234 230 230 225 208 208 208 208 171 171 171 165 165 165 165 165 150 150 133 133 133 133 133 133 133 133 118 118 118 94 94 94 94 69 69 92 69 73 73 17 17 17 17 17 17 17 17 17 6 6 6 6 6 7 7 8 
320 312 312 312 312 312 275 275 275 275 275 256 256 273 273 273 256 256 256 256 187 187 187 234 234 234 225 225 219 208 208 165 165 165 165 165 165 165 166 166 150 150 133 133 133 133 133 133 133 134 118 118 118 118 94 94 94 96 96 69 69 73 73 17 17 17 17 17 17 45 45 45 6 6 24 24 24 7 8 8 
320 320 320 312 312 312 275 275 275 275 293 293 256 256 256 256 256 256 256 257 187 187 187 235 235 235 225 225 219 187 187 187 187 187 187 188 187 166 166 166 166 150 133 133 133 133 133 133 134 134 118 118 119 119 94 94 103 69 69 69 85 17 78 17 17 17 17 45 45 45 46 46 6 6 6 7 25 7 8 8 
305 305 305 313 313 317 313 275 275 275 293 293 276 276 256 256 187 187 187 187 187 187 187 187 187 187 187 187 219 187 209 209 179 179 187 187 187 166 166 166 166 150 133 133 133 133 133 133 134 134 94 94 119 94 94 94 69 69 85 85 85 17 17 17 45 45 45 45 43 43 46 46 6 6 6 7 25 7 7 9 
305 305 305 313 313 313 313 307 305 275 293 293 276 276 256 256 187 187 258 258 187 187 187 187 187 236 187 187 187 187 209 179 179 179 187 187 178 178 178 167 167 150 150 156 150 86 86 86 94 94 94 94 94 94 94 94 69 69 69 69 69 69 45 45 45 65 45 45 43 43 43 43 43 12 12 7 7 7 7 9 
305 305 305 305 307 307 307 307 305 275 294 294 276 276 281 267 267 187 187 187 187 187 187 187 187 236 187 187 187 209 209 179 179 179 179 189 178 178 178 167 147 147 150 150 150 86 86 86 94 94 94 94 94 94 86 86 104 69 69 86 86 69 45 45 45 45 45 45 43 54 12 12 12 12 12 12 12 12 9 9 
327 327 327 305 307 305 305 305 305 275 294 294 276 276 281 267 267 263 263 259 251 220 220 220 220 236 187 187 220 179 179 179 179 199 179 179 178 178 147 147 147 147 151 151 86 146 86 86 86 94 94 94 94 94 86 86 86 86 86 86 69 69 69 69 69 45 45 45 61 12 12 47 12 12 12 28 12 12 9 9 
327 328 328 305 305 305 284 284 275 275 275 275 276 276 276 276 267 267 259 259 251 220 220 220 220 220 220 220 220 179 179 179 194 194 194 179 178 178 147 173 147 147 151 151 86 86 86 139 86 94 94 94 94 86 86 107 86 86 79 79 69 69 69 69 69 45 45 45 61 12 12 47 12 12 12 12 12 12 12 9 
327 327 322 322 318 318 284 284 275 275 275 275 268 268 268 268 268 268 259 259 251 220 220 220 220 220 220 220 220 179 179 179 194 195 195 179 178 182 173 173 147 151 151 151 86 86 123 123 86 86 86 86 86 86 111 79 79 79 79 79 79 79 79 69 69 55 55 55 55 55 12 12 12 12 32 12 12 9 9 9 
327 327 322 318 318 318 284 284 284 275 275 275 268 268 268 274 274 251 251 251 251 220 220 220 220 220 220 212 212 179 179 179 194 194 179 179 178 178 173 173 147 151 151 151 151 147 123 123 123 123 123 123 123 111 111 79 79 79 79 79 18 18 18 18 70 55 55 55 55 55 29 29 29 29 29 12 12 9 9 9 
327 322 322 318 318 318 284 284 284 275 275 275 275 275 268 268 268 251 251 251 220 220 220 237 237 237 212 212 212 179 179 179 173 173 179 179 179 179 179 173 147 152 152 151 151 147 123 123 123 123 130 123 123 111 112 79 79 79 79 79 18 18 18 18 18 66 18 18 18 18 29 29 29 29 29 29 9 9 9 9 
327 322 322 318 318 284 284 284 284 275 275 284 284 275 275 268 268 251 251 251 220 249 220 237 237 238 212 226 212 212 212 173 173 173 173 173 173 173 173 173 147 152 152 152 152 147 123 123 123 123 130 111 111 111 79 79 99 99 79 79 18 18 18 18 18 18 18 18 18 18 18 29 29 29 18 18 9 9 9 9 
327 322 322 318 318 284 284 284 284 284 284 284 284 284 275 275 275 251 251 251 220 220 220 238 238 238 212 212 212 173 173 173 200 200 173 173 173 173 174 174 147 147 147 147 147 147 123 123 123 123 131 111 111 111 79 79 79 79 79 79 87 18 18 18 18 18 56 56 56 56 18 18 18 18 18 18 18 18 9 9 
