338 338 338 316 316 316 316 316 316 253 253 253 253 253 253 284 253 253 253 253 253 253 253 239 239 239 239 239 192 192 192 192 192 192 192 202 202 161 161 161 161 161 161 161 161 93 93 93 141 141 93 93 93 93 93 93 93 93 93 93 77 77 77 77 54 54 54 54 54 50 38 38 38 3 3 3 3 3 10 1 
338 338 338 316 323 323 323 253 253 253 307 253 253 253 253 284 253 253 253 253 253 253 253 239 239 239 239 192 192 192 192 219 192 192 192 198 198 161 161 161 161 167 167 161 161 93 141 141 141 141 93 121 121 121 121 93 93 93 93 77 77 81 77 77 54 54 54 54 50 50 38 38 38 3 24 24 3 3 10 1 
338 339 339 316 316 316 323 253 307 307 307 277 277 253 253 253 253 253 262 262 262 262 253 253 249 219 219 219 219 192 192 219 192 192 192 198 198 198 192 161 161 167 167 167 93 93 141 141 141 141 93 121 122 122 122 98 98 98 98 77 90 77 77 50 50 50 50 50 50 3 3 3 3 3 2 2 3 3 10 1 
338 290 290 316 316 316 323 323 307 307 308 277 277 277 277 277 277 277 254 254 265 254 254 254 249 219 219 219 219 219 219 219 192 192 192 198 192 192 192 156 156 167 167 167 93 155 142 142 142 142 93 121 122 122 122 98 109 98 98 77 77 77 50 50 50 50 50 50 50 3 3 33 33 33 2 2 2 1 1 1 
338 290 290 290 290 330 290 290 290 305 305 277 277 277 277 277 254 254 254 254 254 254 254 254 249 211 211 236 236 211 211 211 211 211 192 192 192 132 132 156 156 156 156 168 93 155 142 135 135 135 93 121 121 122 122 98 98 99 99 83 91 82 50 50 50 50 50 55 55 3 3 33 33 34 2 2 2 1 1 1 
338 290 290 290 290 290 290 317 290 305 305 277 277 277 279 254 254 274 274 254 254 249 249 249 249 211 211 211 211 211 211 211 132 132 132 132 132 132 132 156 156 177 156 93 93 142 142 135 135 135 93 121 121 123 123 98 98 99 99 83 91 82 50 50 72 50 50 55 55 3 45 41 33 34 2 2 2 1 1 1 
338 290 290 290 290 290 290 317 290 290 305 305 279 279 279 254 271 271 271 271 249 249 249 249 211 211 211 211 211 211 132 132 132 172 172 172 199 199 132 189 182 156 156 93 93 93 93 135 135 135 93 93 93 123 123 98 98 98 100 83 83 83 50 50 72 50 50 55 55 3 3 41 34 34 2 2 2 15 1 1 
338 338 290 290 290 290 290 317 317 290 305 305 279 294 254 254 249 249 249 249 249 249 249 249 211 211 211 211 211 211 132 132 132 172 172 172 199 199 132 132 182 156 156 156 156 156 93 135 135 135 135 93 93 98 98 98 98 98 100 83 83 83 55 55 55 55 55 55 3 3 3 41 34 34 2 2 2 2 2 2 
345 338 319 319 319 327 327 290 290 290 305 305 279 279 279 279 249 249 266 266 266 249 249 249 250 211 230 230 230 230 220 220 132 132 132 172 172 172 182 182 182 171 171 93 93 93 93 93 93 93 93 93 116 98 115 115 98 98 100 83 83 83 55 55 3 3 3 3 3 39 39 39 39 34 2 2 2 3 3 3 
345 342 319 319 319 327 290 290 318 279 279 279 279 279 279 279 279 249 249 249 249 249 249 250 250 230 230 230 230 231 220 184 184 184 132 132 203 172 172 183 183 171 171 93 162 93 93 93 146 93 93 116 116 98 98 98 98 98 94 94 55 55 55 55 3 3 58 58 3 3 3 3 3 34 2 2 3 3 3 3 
342 342 319 319 319 327 290 290 290 279 279 279 279 295 279 279 279 249 249 249 249 249 249 250 250 230 230 230 174 174 220 184 216 184 184 132 132 132 172 172 172 171 171 93 162 93 93 93 124 124 124 116 116 116 116 116 98 98 94 94 55 84 55 55 73 3 58 58 3 46 46 42 3 3 3 25 3 16 3 3 
342 319 319 319 319 327 290 290 290 311 279 279 279 295 279 243 243 243 243 249 267 249 249 243 243 243 241 174 174 174 220 184 184 184 184 184 204 132 132 132 172 172 172 93 162 93 149 149 124 143 124 124 124 124 124 98 98 101 101 55 55 66 66 66 66 3 3 58 3 3 3 42 17 17 3 3 3 11 11 4 
342 319 319 319 327 327 290 290 290 309 279 279 279 279 279 243 243 243 243 249 243 243 243 243 244 241 241 174 237 174 174 174 184 184 206 184 184 132 132 132 132 132 132 93 162 93 149 149 124 143 124 124 129 124 124 98 98 55 55 55 66 66 74 61 66 66 3 3 3 3 3 42 17 17 20 20 20 11 11 4 
342 342 319 319 327 327 327 324 290 309 309 279 279 279 243 243 272 272 243 243 243 243 243 243 244 244 174 174 223 223 223 174 174 174 206 206 184 184 184 184 184 132 132 93 93 93 149 149 124 143 124 124 124 124 95 95 95 95 95 95 66 66 74 61 61 61 61 17 17 17 17 17 17 17 17 17 17 17 11 4 
342 342 319 319 327 327 327 324 290 309 309 279 279 279 243 243 272 272 272 263 263 243 243 243 212 212 174 174 223 223 224 174 174 174 174 174 174 174 174 174 132 132 173 93 93 157 150 150 124 124 124 124 124 95 95 102 102 102 85 85 85 85 74 74 74 67 17 17 17 17 47 17 17 17 17 17 18 18 4 4 
342 342 319 319 327 327 328 324 290 312 290 290 290 296 290 243 272 272 272 263 263 263 212 212 212 212 212 174 212 212 224 193 193 193 193 174 174 193 193 174 132 132 132 132 132 132 132 132 95 95 95 95 95 95 125 102 110 102 85 85 85 85 69 69 67 67 17 17 17 17 17 17 17 17 17 26 4 4 4 4 
343 343 319 319 319 319 328 324 290 290 290 306 290 290 290 243 280 272 272 272 212 212 212 245 245 245 212 212 212 212 212 193 193 193 193 207 193 193 174 174 174 174 174 132 132 152 152 132 95 95 95 95 130 102 102 102 102 102 85 85 85 85 69 69 67 68 48 48 48 48 17 43 17 17 17 4 4 4 4 4 
343 343 332 332 332 319 319 319 319 310 310 290 290 290 291 243 280 272 272 272 212 245 245 245 245 245 212 212 238 212 212 193 212 212 193 193 193 194 174 174 174 174 163 163 151 151 151 132 132 132 132 132 102 102 102 102 102 102 102 85 85 85 69 69 69 48 48 48 48 48 17 17 17 4 4 4 19 4 4 5 
334 334 332 333 333 315 315 319 319 310 310 290 290 290 243 243 280 264 264 212 212 245 245 245 245 245 212 212 212 212 225 193 212 213 209 193 193 194 194 174 174 174 163 151 151 151 151 151 131 131 136 133 102 102 102 102 78 78 103 85 85 85 69 69 69 48 48 48 48 48 48 17 17 4 4 19 19 5 5 5 
334 334 332 315 315 315 315 297 297 297 310 290 290 290 243 264 264 264 264 212 212 259 245 245 212 212 212 212 193 193 193 193 212 213 209 178 178 178 178 178 178 178 163 163 163 151 151 151 131 131 136 133 102 102 117 78 78 78 78 78 78 86 69 69 69 69 56 56 56 48 48 17 35 35 4 19 19 5 12 6 
334 334 332 315 331 315 315 297 297 297 297 290 290 290 292 264 264 264 264 264 212 259 259 212 212 212 212 212 226 226 226 212 212 169 209 178 178 178 195 175 175 175 175 163 163 153 153 131 131 131 131 133 131 117 117 78 78 78 78 96 78 78 78 78 56 56 56 51 51 51 17 17 35 35 4 19 19 5 5 6 
334 344 332 332 331 315 315 325 297 297 297 300 300 297 285 285 275 275 275 264 212 212 212 212 251 217 217 212 212 227 227 212 169 169 209 178 178 178 175 175 185 175 175 164 164 153 153 131 131 131 131 131 131 117 117 117 78 78 78 51 51 51 51 51 56 56 51 51 51 51 17 35 35 35 4 19 19 19 5 6 
334 334 332 332 331 331 315 325 297 297 297 297 297 297 285 286 275 275 275 264 264 264 212 212 251 217 217 217 212 212 212 212 169 209 209 178 178 178 175 175 175 175 131 131 131 131 153 131 131 131 131 131 107 107 107 107 107 107 51 51 51 70 70 51 56 56 51 51 17 17 17 35 35 35 4 4 5 5 5 6 
334 334 332 332 331 331 315 325 297 313 286 286 286 286 286 286 275 275 276 264 264 217 217 217 217 217 217 217 217 217 217 221 169 169 169 178 178 169 169 190 175 175 131 165 165 131 131 131 131 131 131 131 107 107 126 108 108 108 51 51 51 70 70 51 51 51 51 51 17 17 17 35 17 30 30 4 5 5 5 6 
334 334 334 334 334 315 315 325 297 286 286 301 301 268 268 268 268 268 276 264 264 217 217 217 246 246 217 240 217 217 217 221 169 169 169 169 178 169 169 169 169 169 131 131 131 131 131 131 131 131 131 131 131 108 108 108 111 104 104 51 51 70 70 59 59 59 59 59 17 17 17 35 17 30 4 4 5 5 5 6 
315 315 315 315 315 315 329 297 297 286 286 281 281 281 281 281 281 268 268 268 268 217 217 217 246 246 217 217 217 217 217 217 217 187 187 169 169 169 186 186 186 169 131 131 131 131 131 131 144 144 131 131 131 108 108 104 104 104 105 70 70 70 70 59 59 59 59 57 57 52 17 17 17 4 4 21 21 5 5 6 
315 315 297 297 297 297 297 297 320 286 286 281 281 281 281 281 273 273 273 273 247 247 255 217 217 217 228 228 228 228 228 217 217 187 187 200 200 200 186 186 187 169 131 131 104 104 154 137 137 137 137 104 104 128 104 104 70 70 105 70 87 87 70 70 70 70 62 57 57 52 17 17 17 4 4 4 4 6 6 6 
315 315 297 297 335 297 297 297 297 297 302 281 281 281 281 287 273 273 273 247 247 247 255 255 217 217 228 228 228 232 187 187 218 187 187 187 187 187 187 187 187 169 169 169 104 104 104 147 137 137 138 104 104 104 104 118 70 70 70 70 53 53 53 53 75 62 62 52 52 52 17 17 17 36 27 27 4 4 4 4 
315 340 340 297 335 297 297 297 297 297 302 302 302 281 281 287 273 273 247 247 269 247 247 247 217 247 228 228 228 187 187 187 187 187 187 187 187 187 196 188 188 104 104 104 104 104 104 147 147 104 104 104 104 104 112 112 70 70 70 53 53 79 79 53 75 62 62 52 52 28 28 28 28 36 27 28 4 4 4 4 
315 315 315 297 297 297 297 326 287 287 287 303 303 287 287 287 273 273 247 247 247 256 256 247 247 247 228 228 228 187 214 214 214 214 187 187 205 187 187 188 188 104 104 104 104 104 104 104 104 104 127 127 127 112 112 112 112 53 53 53 79 79 80 53 53 53 53 53 53 28 44 44 28 28 28 28 4 4 4 7 
337 337 315 315 315 297 297 326 287 287 287 287 287 287 293 273 273 273 247 247 247 256 256 256 247 247 229 229 187 187 187 187 187 187 187 187 187 187 187 159 159 179 104 104 104 104 104 104 113 113 127 127 127 112 112 112 112 53 63 63 63 88 63 63 63 63 63 53 53 28 44 28 28 28 28 28 4 4 4 7 
337 337 337 337 315 321 321 326 321 314 287 287 288 288 293 273 282 273 270 270 270 257 257 257 247 247 229 229 187 187 187 180 180 180 210 208 201 159 159 159 159 159 104 104 104 104 104 104 113 113 113 127 127 127 127 113 113 53 63 63 63 63 63 63 63 60 60 53 53 28 28 28 28 28 4 4 4 4 4 7 
337 337 337 337 315 321 321 321 321 314 287 287 288 288 293 273 273 273 270 270 270 257 257 257 248 248 229 229 229 229 229 180 180 180 180 208 201 159 159 180 180 159 159 159 104 104 104 113 113 139 113 113 113 113 113 113 114 53 53 92 92 63 63 63 63 60 60 60 53 28 28 4 4 4 4 7 7 7 7 7 
337 337 341 315 315 321 314 314 314 314 287 287 288 288 288 288 273 273 270 270 270 257 257 257 248 233 233 233 233 233 180 180 180 180 180 208 201 201 180 180 180 180 159 159 158 158 104 104 148 139 139 114 114 114 114 114 114 106 106 92 65 65 65 63 63 60 60 60 53 53 29 29 29 29 31 7 22 7 7 7 
341 341 341 315 315 321 314 314 315 315 287 287 288 288 288 248 248 248 270 270 270 248 248 258 248 233 215 215 215 234 180 180 180 180 180 208 180 180 180 191 181 181 159 170 158 158 104 104 148 114 114 114 114 114 92 92 92 106 92 92 65 65 65 63 63 60 60 60 53 53 29 29 40 29 29 7 7 7 7 7 
341 341 341 315 315 321 321 321 315 298 298 298 298 248 248 248 283 248 248 248 248 248 248 248 248 233 215 215 215 215 215 180 180 180 180 180 180 180 180 191 181 159 159 170 158 158 104 104 104 114 114 114 114 114 92 92 92 92 92 97 65 65 65 76 76 13 60 60 13 13 49 29 29 37 29 29 7 13 13 8 
315 315 315 315 336 321 321 321 315 278 278 278 298 298 248 248 248 248 248 248 252 252 260 252 252 233 233 215 215 215 215 180 180 180 180 180 181 181 181 181 181 159 159 159 166 159 104 104 104 114 140 114 114 114 119 92 92 92 92 89 89 89 65 76 64 13 13 13 13 13 29 29 29 7 7 7 7 13 14 8 
315 315 315 315 315 315 315 315 315 278 278 278 278 299 248 248 248 248 248 248 252 252 252 252 215 215 215 215 215 215 215 215 215 181 181 181 181 197 197 176 176 176 176 159 166 159 145 145 114 114 140 114 120 120 119 119 92 92 92 89 89 89 65 64 64 71 13 13 13 13 29 29 29 7 32 23 23 13 14 8 
346 315 315 315 315 315 315 315 322 304 304 304 278 278 278 278 278 278 248 248 252 252 252 215 215 242 242 215 215 215 222 222 215 181 181 181 181 197 197 176 176 176 176 159 159 159 145 145 114 114 114 114 120 120 119 119 92 92 92 89 89 89 65 64 64 64 64 13 13 13 13 29 29 7 7 23 23 13 9 9 
346 315 315 315 315 315 315 315 322 304 304 304 304 278 278 289 278 278 248 248 261 261 261 215 215 215 215 215 235 235 222 222 215 215 181 181 181 181 181 181 176 176 176 159 159 160 145 145 145 145 134 134 120 120 120 120 92 92 92 89 89 89 65 65 65 65 65 13 13 13 13 13 13 13 13 13 13 13 9 9 
