340 340 340 340 273 273 273 307 307 307 307 307 273 273 273 284 284 273 273 273 249 249 249 249 249 238 238 238 217 217 216 216 216 191 191 191 191 191 191 179 179 179 138 138 138 138 142 142 142 100 100 100 100 117 100 100 100 78 78 78 78 78 78 64 64 64 54 54 54 42 42 42 1 1 19 19 19 1 1 1 
340 340 340 341 273 273 273 307 307 307 307 307 273 273 273 273 273 273 249 249 249 263 249 249 238 238 217 217 217 217 216 216 191 191 203 203 191 191 179 179 138 138 138 138 138 138 138 149 100 100 100 100 100 100 100 101 101 78 78 78 78 64 64 64 64 64 54 54 42 42 1 1 1 1 1 1 1 1 2 2 
340 340 340 341 273 273 273 273 273 273 273 273 273 273 273 273 277 277 249 274 256 256 256 238 238 238 217 217 217 217 216 216 216 169 169 169 169 169 179 138 138 138 138 138 138 138 138 149 100 137 100 100 100 100 93 93 93 93 93 64 64 64 64 65 65 65 54 54 42 42 1 1 1 1 1 1 1 2 2 2 
340 340 341 341 273 273 273 273 273 273 273 303 303 273 273 273 277 277 249 256 256 257 257 238 238 238 217 217 217 227 216 216 216 169 169 169 169 169 169 138 138 164 164 164 164 138 138 138 100 100 100 128 100 93 93 102 102 93 93 64 64 64 64 65 65 65 4 4 4 42 1 1 1 1 1 23 1 2 2 2 
340 340 341 341 273 273 273 273 273 273 273 273 273 273 273 273 278 249 249 256 270 217 217 217 217 217 217 239 217 217 217 217 217 169 169 169 169 169 169 187 138 138 169 169 153 153 153 138 138 138 100 100 100 93 93 93 93 93 64 64 74 64 64 65 4 4 4 56 4 4 4 4 1 1 1 1 1 3 3 3 
342 342 342 342 312 312 273 273 273 273 273 273 273 288 288 288 278 249 256 256 270 217 211 211 211 211 211 211 211 211 211 211 218 169 169 169 169 169 169 169 169 169 169 153 153 154 154 138 138 129 129 118 118 118 93 93 93 93 64 90 74 81 4 4 4 4 4 4 4 4 4 4 4 4 3 3 3 3 3 3 
342 342 342 312 312 273 273 273 273 279 279 279 279 279 279 279 278 278 217 217 270 217 211 211 211 211 240 240 199 199 199 211 169 169 169 198 198 169 169 169 182 170 170 153 153 153 155 138 138 129 129 118 118 64 64 64 93 93 64 90 74 74 4 4 4 4 4 4 4 4 4 43 4 4 3 3 3 11 11 4 
347 347 347 312 312 273 273 273 318 304 304 304 304 217 217 279 279 279 217 217 217 217 211 211 211 211 240 240 199 228 199 211 169 169 169 198 169 169 182 182 182 170 170 170 106 106 155 138 138 139 129 129 64 64 110 64 64 99 64 85 85 74 34 34 4 66 4 4 34 34 4 4 4 33 3 3 3 4 4 4 
347 347 347 343 312 312 312 312 312 304 285 285 285 217 217 217 217 217 217 217 217 258 211 211 240 240 240 240 199 199 220 211 211 211 169 169 169 182 182 188 170 170 170 170 106 106 106 143 143 106 106 64 64 119 106 106 64 64 64 85 74 74 34 34 4 4 4 57 34 34 4 44 4 4 4 4 4 4 12 5 
324 324 347 343 333 333 312 312 312 304 304 304 285 285 289 280 280 280 245 245 245 258 258 211 211 211 241 241 199 199 220 211 211 199 199 199 199 182 182 188 170 170 170 170 106 106 106 106 106 106 106 106 106 106 106 94 94 94 94 74 74 34 34 34 34 34 57 57 34 34 4 4 4 29 29 24 4 4 12 5 
324 324 324 343 333 333 312 319 319 304 304 296 296 285 289 280 280 280 245 245 245 219 219 219 211 211 241 241 199 199 220 220 199 199 209 200 200 182 182 188 165 165 165 165 165 106 106 107 107 107 107 122 122 107 107 94 94 94 94 74 74 34 34 34 34 34 34 34 34 34 34 41 41 29 29 24 12 12 12 5 
324 324 324 324 333 333 312 312 312 312 296 296 285 285 289 289 245 281 245 245 264 219 219 219 211 234 234 234 234 199 199 199 199 199 209 200 201 188 188 188 165 180 176 150 150 158 106 106 106 130 107 107 107 107 107 107 95 95 91 91 74 74 74 34 34 67 55 55 55 34 34 41 34 34 24 24 12 12 12 5 
324 324 336 324 324 324 324 324 313 313 296 296 285 299 289 289 245 245 245 245 264 264 219 219 211 234 234 234 219 219 221 199 199 199 200 200 201 188 188 188 165 165 176 150 150 150 150 150 106 130 130 130 106 103 103 103 95 95 91 91 74 74 74 74 62 62 55 55 55 34 34 34 34 35 24 24 5 5 5 5 
336 336 336 324 324 334 329 313 313 308 308 296 285 285 285 285 276 276 276 245 264 264 259 219 219 219 219 219 219 219 221 221 219 200 200 204 165 165 165 165 165 165 176 150 166 112 112 106 106 130 130 131 106 103 111 103 103 95 58 58 58 58 58 58 62 62 62 55 55 34 34 35 35 35 24 24 5 5 5 6 
336 336 336 324 324 329 329 313 313 308 308 296 296 295 295 285 276 276 276 245 245 245 259 245 245 245 229 229 229 219 219 219 219 200 200 165 165 165 165 165 165 165 150 150 166 112 112 106 144 130 130 106 106 103 111 95 95 95 58 48 48 82 58 58 62 62 62 55 55 45 45 35 35 36 24 24 5 5 5 6 
336 349 308 308 335 335 308 308 308 308 308 308 296 295 296 285 285 276 276 242 242 245 245 245 246 246 229 229 229 229 225 200 200 200 200 165 165 165 165 165 165 165 150 150 150 112 112 106 106 106 106 106 123 103 103 95 95 95 58 58 48 82 58 58 58 58 58 58 45 45 45 45 20 20 24 24 5 5 5 5 
336 308 308 308 335 335 308 320 286 286 286 286 296 296 296 286 286 276 276 242 242 245 245 254 242 242 242 229 235 225 225 200 200 200 200 205 165 165 183 183 165 165 150 150 150 159 112 112 106 106 132 132 103 103 103 95 95 95 95 58 48 48 75 75 45 45 58 58 45 45 45 20 20 20 20 20 5 5 5 5 
336 308 308 308 308 308 308 320 286 286 310 286 286 286 286 286 276 276 276 242 242 242 254 254 242 247 229 229 235 225 225 205 205 205 205 205 171 183 183 183 183 171 171 150 150 112 112 112 145 132 132 133 103 103 103 103 103 96 96 58 86 48 75 45 45 45 45 45 45 45 45 20 20 13 13 20 20 13 13 7 
336 336 330 330 330 330 330 320 320 286 310 300 300 286 286 286 276 276 276 242 242 242 254 254 242 229 229 235 235 205 205 205 205 206 206 206 171 171 171 171 171 171 171 171 167 112 112 112 145 132 112 112 124 48 48 48 48 48 48 86 86 48 48 45 45 45 45 45 45 45 47 20 20 13 13 13 13 13 14 7 
336 336 330 331 331 331 331 325 321 286 286 300 300 286 286 286 276 276 242 242 242 242 242 242 242 229 229 235 205 205 205 222 205 206 206 206 189 189 171 171 177 177 167 167 167 112 112 145 145 132 112 112 112 48 48 48 48 48 48 48 48 48 48 68 68 68 45 45 47 47 47 13 13 13 13 13 21 8 8 7 
336 336 330 331 331 325 325 325 321 286 286 300 300 265 265 265 265 265 265 265 265 265 250 250 250 229 229 235 205 205 205 205 205 206 206 189 189 189 189 189 177 177 167 167 167 160 112 112 112 132 112 112 112 112 112 48 48 48 48 68 68 83 68 68 72 48 48 59 47 47 47 13 37 37 13 13 21 8 8 7 
336 336 330 331 331 325 325 321 321 286 311 300 300 265 265 265 265 267 265 265 266 266 250 255 229 229 235 235 205 205 205 205 189 189 189 189 190 190 190 190 177 177 177 121 121 160 146 146 112 112 112 112 120 120 104 104 104 48 48 68 68 68 68 48 48 48 48 48 47 47 13 13 37 37 13 13 8 8 8 7 
336 336 336 331 331 325 325 321 321 286 286 286 300 300 265 282 282 267 267 275 229 229 229 229 229 243 235 235 205 205 205 205 189 189 189 190 190 197 184 184 184 121 121 121 121 121 146 146 146 112 112 134 120 120 104 108 48 48 68 68 68 68 79 48 69 69 48 48 51 51 13 13 38 38 13 13 8 7 7 7 
344 344 336 336 331 331 322 322 301 301 286 286 286 301 265 282 282 282 267 275 229 230 230 230 251 243 243 230 230 230 226 205 205 189 189 190 190 197 184 184 121 121 172 172 121 121 52 52 52 52 134 134 120 120 104 108 48 48 68 68 68 68 79 48 69 69 48 48 48 48 48 13 13 13 13 8 8 7 7 7 
344 344 344 336 336 322 322 322 301 301 286 286 286 301 265 282 282 282 267 275 229 229 260 230 251 243 243 230 226 226 226 205 205 212 190 190 190 190 190 184 121 121 52 52 52 52 52 147 147 52 52 52 52 52 104 104 104 48 48 48 48 48 48 48 69 69 52 52 52 52 46 46 13 13 30 8 8 7 7 7 
344 344 348 344 336 322 326 322 322 301 301 301 301 301 265 287 287 267 267 271 271 229 229 230 230 243 243 230 226 231 205 205 212 212 190 190 190 190 184 184 121 121 52 173 121 121 140 140 140 140 121 121 125 52 52 52 52 52 52 92 87 48 48 48 70 70 52 46 46 46 46 25 25 39 25 25 8 17 7 7 
352 344 344 344 336 336 326 326 314 314 301 301 302 302 265 265 265 267 267 271 271 267 244 244 230 230 230 230 226 226 205 192 192 213 192 192 190 190 184 184 121 178 178 173 121 121 148 148 148 121 121 121 121 121 113 109 52 52 52 52 87 48 48 48 70 70 52 46 49 49 49 25 25 25 25 26 8 8 8 8 
350 350 314 314 314 314 314 327 314 315 301 301 290 290 290 290 265 265 267 267 267 267 244 244 244 244 244 192 192 226 192 192 192 192 192 192 192 192 192 121 121 178 174 174 121 121 121 121 121 121 121 113 113 113 113 109 52 52 52 52 52 52 52 52 52 52 52 46 46 49 49 25 25 25 25 18 18 18 8 8 
350 314 314 345 314 314 314 314 314 305 305 305 290 290 265 265 265 265 244 244 244 244 244 252 252 192 192 192 192 192 192 214 214 214 210 193 193 193 121 121 174 174 174 121 121 121 121 151 121 121 121 113 113 109 109 109 52 52 52 52 52 84 52 52 60 60 60 60 46 53 46 46 15 15 15 18 18 18 9 9 
350 314 314 314 314 314 314 314 305 305 306 305 305 265 265 291 265 265 244 272 268 268 261 252 252 192 192 192 236 214 214 214 210 210 210 193 193 193 121 121 121 121 121 121 156 156 156 109 109 109 109 109 109 109 105 105 105 52 52 76 76 76 76 76 60 61 61 61 46 46 46 15 15 15 15 9 9 18 9 9 
339 339 339 314 338 305 314 314 305 306 306 306 306 265 265 265 265 265 244 272 268 268 261 252 252 192 192 192 236 214 214 214 210 210 210 193 193 193 193 185 185 181 152 152 152 152 152 109 109 109 105 105 109 109 105 105 80 80 80 76 76 76 60 60 60 61 61 46 46 46 46 15 15 15 9 9 9 9 9 9 
339 351 339 314 314 305 314 314 305 306 306 306 265 265 265 265 265 265 244 272 272 261 261 252 192 192 192 192 236 214 214 214 210 210 210 207 194 194 185 185 181 181 152 152 152 152 152 109 109 109 126 105 105 105 114 105 80 80 80 76 76 76 60 60 71 71 46 46 46 46 46 46 15 15 15 15 15 9 9 10 
339 351 339 314 314 305 305 305 305 316 306 306 265 265 265 265 244 244 244 269 269 261 261 252 192 192 192 232 232 214 214 214 162 162 207 207 194 194 185 185 185 152 152 152 152 157 157 109 109 109 126 126 126 105 114 105 80 80 80 80 80 80 80 60 71 71 46 46 46 46 46 46 15 15 15 15 15 10 10 10 
339 339 339 314 339 305 305 328 297 297 297 297 297 297 297 292 244 244 244 269 269 269 261 252 192 248 192 232 232 232 214 214 162 162 207 207 194 194 194 175 175 152 152 152 152 152 109 109 109 109 136 127 127 105 105 105 80 80 80 80 60 60 60 60 73 63 63 15 15 15 15 15 15 15 15 15 15 10 10 10 
339 339 339 339 339 297 297 297 297 294 294 294 294 294 292 292 244 244 244 244 269 269 261 252 192 248 192 192 192 214 214 223 162 162 162 162 194 194 194 175 175 152 152 175 152 152 109 109 109 127 127 127 115 115 115 97 97 80 80 80 60 60 60 60 73 63 63 15 15 27 15 15 27 27 31 27 15 10 10 10 
339 339 339 339 297 297 332 323 323 294 294 294 294 294 292 293 244 244 244 244 269 269 261 252 192 248 192 192 192 214 214 162 162 215 162 162 202 194 194 175 175 175 175 175 152 161 127 127 127 127 127 135 115 115 115 97 97 80 80 88 88 60 60 60 63 63 63 15 15 27 27 27 27 27 27 27 15 15 15 10 
353 339 339 346 297 297 297 323 294 294 294 294 294 292 292 244 244 244 244 252 252 262 262 252 192 192 192 192 192 233 162 162 208 208 162 202 202 195 195 175 175 175 168 168 152 152 127 127 127 141 127 127 115 115 115 97 97 97 97 88 88 60 60 60 63 63 10 10 32 32 32 32 32 27 27 22 22 15 15 10 
353 339 339 297 297 337 297 323 294 294 294 294 294 292 298 244 244 244 244 252 252 262 252 252 253 162 162 237 237 162 162 224 208 208 162 162 162 195 162 162 162 162 168 168 168 152 152 152 127 127 127 127 115 116 116 63 63 98 98 89 89 60 60 63 63 63 10 10 10 10 10 10 32 32 32 22 22 15 15 10 
339 339 339 297 337 337 297 317 317 317 309 309 294 298 298 294 244 283 244 252 252 252 252 162 162 162 162 237 237 162 196 196 208 208 208 208 162 162 162 186 186 162 168 168 162 162 152 152 115 115 115 115 115 115 115 63 63 63 63 89 63 63 63 63 10 10 10 10 10 10 50 10 10 10 10 28 10 10 16 10 
339 339 339 297 297 297 297 317 317 317 309 309 294 294 294 294 244 244 244 252 252 252 252 252 162 162 162 162 162 162 196 196 196 196 196 196 196 196 196 186 186 162 162 162 162 163 152 152 115 115 115 115 115 115 115 63 63 63 63 63 63 77 77 77 10 10 10 10 10 10 50 10 10 40 10 10 10 10 10 10 
