344 327 327 327 313 313 313 313 313 310 286 286 286 286 286 286 253 253 253 253 253 253 200 200 200 200 200 200 200 200 200 200 200 200 200 153 153 181 181 181 153 153 153 153 153 153 124 124 124 124 124 124 113 113 113 113 84 84 84 84 92 84 84 66 66 66 66 50 50 50 10 10 10 10 32 10 10 10 10 1 
344 327 327 327 313 313 313 313 313 310 286 286 286 287 287 287 253 253 253 267 254 254 200 200 200 200 229 200 200 212 212 200 200 153 153 153 153 153 184 153 153 166 166 124 124 124 124 145 145 139 139 124 124 124 93 93 84 84 84 84 84 84 66 66 66 50 50 50 50 50 10 10 10 10 32 10 10 10 1 1 
344 344 327 327 313 313 310 310 310 310 286 286 286 287 287 287 253 253 253 254 254 249 249 200 200 200 229 229 177 177 212 212 153 153 185 185 185 153 153 153 166 166 125 125 154 154 148 139 139 139 124 124 124 124 93 93 93 84 84 97 93 66 66 66 66 50 50 50 10 10 10 10 10 10 32 10 10 10 1 1 
344 344 327 327 327 327 310 314 310 310 286 286 286 287 287 287 254 254 254 254 249 249 230 230 230 230 230 230 177 177 215 153 153 206 185 185 185 161 161 161 125 125 125 125 125 125 148 139 139 139 124 124 124 124 93 93 93 93 93 93 93 66 66 66 50 50 50 50 10 10 10 10 10 10 10 10 10 10 1 1 
310 310 310 327 327 310 310 314 314 307 307 304 288 288 290 288 254 254 268 268 249 249 230 230 230 234 234 231 177 177 177 177 185 185 185 190 190 161 161 161 125 158 158 158 158 125 125 125 125 125 125 125 125 125 118 93 93 93 93 93 93 74 74 74 50 50 50 50 10 10 10 35 35 35 33 10 10 11 1 1 
310 310 310 310 310 310 307 307 307 307 304 304 288 288 288 288 254 254 254 254 235 235 235 243 243 231 231 231 177 177 177 177 185 185 201 185 185 185 161 161 125 125 125 125 125 125 100 100 118 118 118 118 118 118 118 114 100 100 100 75 75 74 74 74 74 50 50 50 51 10 10 35 35 35 33 11 11 11 11 2 
310 310 310 310 310 310 307 307 307 307 304 304 288 294 288 288 254 254 254 269 235 235 235 235 244 231 231 231 177 216 216 177 177 185 201 185 191 175 175 161 174 161 161 125 125 125 100 100 100 132 132 132 114 114 114 114 100 75 75 75 75 75 75 75 75 50 50 50 51 51 19 19 19 19 33 11 11 11 11 2 
310 310 310 310 310 310 310 307 307 307 304 304 288 294 269 269 271 271 271 269 235 235 235 235 216 216 216 216 216 216 177 177 177 185 185 185 191 175 175 161 161 161 161 161 100 100 100 100 100 132 132 133 100 100 100 100 100 75 75 75 87 75 75 75 50 50 50 50 19 19 19 44 38 19 19 19 19 2 2 2 
310 310 310 310 310 310 310 307 315 288 288 288 288 269 269 269 269 269 269 269 235 235 235 216 216 216 216 216 216 216 177 177 177 185 185 191 191 175 175 175 161 161 167 149 149 100 100 100 100 100 100 100 100 119 80 80 105 75 75 75 87 75 75 75 50 67 61 61 19 52 19 19 38 36 3 3 20 2 2 2 
310 310 310 333 333 288 288 288 315 288 288 288 288 269 269 269 269 272 272 235 235 235 235 216 216 216 216 216 224 221 177 177 177 177 177 177 177 186 175 175 167 167 167 149 149 155 149 126 126 126 126 100 100 119 119 80 105 105 75 75 87 87 75 75 50 67 61 61 19 19 19 19 36 36 3 3 20 2 2 2 
328 310 310 333 333 288 288 288 288 288 288 288 288 269 269 269 269 269 273 235 235 235 235 235 235 235 235 221 221 221 177 177 177 177 194 194 177 186 175 175 167 167 167 149 149 155 149 126 142 142 126 126 126 80 80 80 75 75 75 75 75 75 75 50 50 67 67 46 46 46 46 19 36 3 3 3 21 12 12 2 
328 328 328 328 328 328 288 288 288 308 308 269 269 269 291 269 269 269 273 235 235 235 235 247 221 221 221 221 221 221 177 177 177 177 195 195 177 177 177 175 175 167 167 149 149 149 149 126 142 142 126 126 126 80 80 115 75 75 75 75 75 75 79 50 62 62 62 46 46 46 46 19 3 3 27 3 3 12 2 2 
335 335 335 335 288 288 288 319 288 288 288 269 269 291 291 269 273 273 273 259 259 247 247 247 221 225 225 225 225 195 195 195 208 195 195 196 177 177 177 176 176 149 149 149 120 120 120 126 142 142 126 134 126 126 80 80 80 80 80 88 88 88 79 50 62 62 62 62 19 19 19 19 3 3 27 27 3 3 2 2 
335 335 335 335 288 288 288 319 288 288 288 295 269 291 291 269 273 273 259 259 260 247 247 247 245 225 225 225 225 195 195 195 195 195 196 196 177 177 177 177 177 149 149 149 120 156 120 120 120 126 126 134 126 80 80 80 80 80 80 88 88 89 79 79 76 62 62 62 19 19 47 39 39 3 3 3 22 3 13 2 
335 335 335 335 288 288 288 288 288 295 295 295 269 269 269 269 273 273 259 259 260 255 236 236 245 217 217 217 217 222 195 195 195 195 149 149 149 149 149 177 177 149 149 149 120 156 127 127 120 126 126 126 126 80 80 80 106 106 80 88 88 85 85 80 76 62 62 53 53 19 19 39 40 3 3 3 3 13 13 2 
335 335 335 335 288 288 288 288 288 295 305 305 269 269 292 259 259 259 259 259 260 255 236 236 245 217 217 217 217 217 217 195 195 195 149 149 187 187 149 149 149 149 149 149 120 156 127 127 120 120 120 135 102 102 102 102 101 107 80 80 80 80 80 80 76 62 62 63 53 53 19 39 40 3 3 14 3 3 2 2 
348 336 336 336 329 329 288 288 288 295 295 295 295 295 259 259 281 236 236 236 236 255 236 236 236 236 236 217 217 217 217 195 195 149 149 149 187 159 159 149 149 149 149 162 159 156 127 127 127 127 120 135 102 102 102 102 101 101 80 80 80 80 86 76 76 68 68 19 19 19 19 39 39 24 24 14 23 3 3 3 
336 336 340 329 329 330 288 288 288 300 300 236 236 236 236 236 281 236 236 236 236 236 236 232 232 236 236 232 217 217 217 195 195 149 149 149 187 159 159 159 162 162 162 162 159 156 127 127 127 127 120 120 120 120 120 102 111 101 101 98 76 76 76 76 77 68 19 19 59 19 19 39 39 24 24 14 14 14 3 3 
336 336 329 329 330 330 288 288 288 300 300 300 300 293 293 236 236 236 250 250 250 250 250 232 232 232 232 232 217 217 213 213 197 197 197 149 149 159 159 159 162 162 162 163 159 156 127 127 127 136 136 136 120 120 121 102 111 101 101 98 76 76 76 76 54 68 19 54 54 19 19 39 37 37 24 24 24 14 14 4 
296 296 341 296 296 296 296 300 300 300 296 296 301 293 293 236 236 279 250 250 261 232 232 232 241 237 237 213 213 213 213 197 197 197 197 197 149 149 159 159 159 159 159 163 159 156 137 137 127 136 136 136 120 120 121 102 102 102 102 98 94 56 56 81 54 54 19 54 54 54 37 37 37 4 4 4 4 4 15 4 
296 296 296 296 296 296 296 296 296 296 296 296 296 296 279 279 282 279 274 232 232 232 232 232 241 237 237 213 213 213 213 197 197 197 202 149 149 149 156 156 172 172 159 159 159 156 137 137 127 127 127 127 120 120 112 112 112 98 98 98 94 56 56 56 56 54 54 54 55 55 37 37 4 4 5 5 5 4 4 4 
296 296 296 270 270 270 320 296 296 302 302 302 302 279 279 279 279 279 274 232 232 232 232 232 241 241 213 213 213 218 218 207 207 207 149 149 94 94 156 156 156 156 156 156 156 156 137 137 137 137 137 127 127 127 112 112 112 98 98 94 94 56 64 64 56 56 56 56 55 55 37 37 4 4 4 28 5 5 5 5 
345 345 270 270 270 270 320 320 316 302 302 302 302 279 279 279 270 270 274 232 232 232 232 232 242 242 213 213 213 218 218 207 207 149 149 198 94 94 94 94 173 173 168 94 94 94 94 94 94 94 137 137 94 94 94 112 112 98 98 94 56 56 64 64 64 64 56 56 55 55 37 37 4 4 4 28 25 6 6 6 
270 270 270 270 270 270 270 270 316 309 309 302 302 279 279 270 270 270 274 232 232 232 232 232 242 242 213 213 213 213 207 207 207 149 149 149 94 94 94 94 168 168 168 94 94 94 138 138 138 94 94 94 94 108 94 112 112 98 98 94 56 90 64 64 64 64 56 56 56 56 48 37 41 25 25 25 25 6 6 6 
270 270 342 270 334 270 270 270 316 309 309 270 270 270 270 270 283 270 274 270 262 232 232 232 232 213 213 213 226 213 207 207 207 203 203 149 192 94 94 94 168 168 168 94 94 94 138 138 138 138 138 138 129 108 94 94 94 94 94 94 56 56 64 64 64 64 64 48 48 48 48 37 41 25 25 25 6 6 6 6 
349 270 270 270 334 323 323 270 270 311 270 270 280 280 280 280 280 270 270 270 262 232 232 232 232 213 213 213 213 213 203 203 203 203 203 149 192 94 94 94 94 94 169 94 94 94 138 138 143 143 129 129 129 108 108 116 94 94 94 94 95 56 69 69 69 69 64 48 48 37 37 37 25 25 25 25 6 6 6 6 
334 334 334 334 334 323 280 280 270 270 270 280 280 297 280 280 280 280 270 270 251 251 251 232 232 238 213 213 213 213 203 203 203 203 203 149 149 188 94 94 94 94 94 94 150 150 150 99 99 99 129 129 99 99 108 108 108 108 103 56 56 56 69 69 69 69 64 64 48 37 37 25 25 25 25 29 17 17 6 6 
334 334 334 337 323 323 280 280 270 270 280 280 303 284 284 289 284 275 275 251 251 251 251 193 193 238 238 213 213 213 203 203 209 204 204 149 149 182 182 182 94 150 150 150 150 150 150 99 130 99 99 99 99 99 108 108 109 109 103 56 56 69 69 69 69 69 69 48 48 57 25 25 42 25 17 17 17 18 6 6 
334 334 337 337 323 323 280 280 280 280 280 280 303 284 284 289 284 275 275 263 263 256 193 193 193 193 209 209 209 209 219 209 209 204 204 149 149 182 182 182 140 140 140 140 160 150 150 99 130 130 130 99 99 99 99 99 109 103 103 99 56 69 69 69 69 70 70 57 57 57 25 25 25 25 17 17 6 6 6 6 
350 321 321 321 331 323 280 317 317 280 280 280 284 284 284 284 284 275 275 263 263 256 193 193 193 193 209 193 193 209 209 209 193 193 193 149 149 182 182 140 140 170 170 140 140 140 140 99 99 99 130 130 130 99 99 99 99 103 99 99 56 91 69 69 69 70 70 57 57 58 25 25 43 34 34 6 6 6 6 6 
321 321 321 321 331 331 280 317 317 284 284 284 284 284 284 263 263 263 263 263 263 248 248 248 193 193 193 193 193 193 193 214 193 193 193 179 179 179 179 140 178 170 164 164 151 151 140 99 99 99 99 99 99 99 99 99 99 99 99 56 56 91 69 69 72 72 57 57 57 58 49 34 34 34 30 6 6 6 6 6 
321 321 321 321 321 321 280 280 280 284 284 284 284 284 257 263 263 263 263 263 264 248 252 193 193 193 193 193 193 193 193 193 193 193 193 179 179 179 179 140 140 170 164 164 151 151 140 140 140 144 99 99 131 99 99 99 99 99 56 56 82 82 82 82 72 72 57 57 57 49 49 34 34 34 30 30 6 6 6 6 
346 321 321 325 325 321 321 321 280 280 298 298 298 298 257 257 257 263 263 263 257 257 252 193 193 193 193 193 220 220 193 193 199 199 193 179 179 179 179 179 140 170 110 110 110 151 151 147 140 140 140 122 122 122 122 56 56 56 56 82 82 57 57 57 57 57 57 57 57 49 49 34 34 34 31 31 6 6 6 6 
346 346 325 325 325 318 318 318 318 280 298 298 276 276 276 276 257 257 257 257 257 252 252 193 193 193 193 227 220 220 193 193 199 199 193 179 179 179 183 140 140 170 110 110 110 110 110 147 140 140 141 122 122 123 123 56 71 71 71 71 96 57 57 57 57 73 71 60 60 49 49 34 34 34 31 31 6 6 16 7 
347 347 325 338 324 324 324 299 299 299 298 298 276 276 276 276 276 276 276 257 257 252 252 193 193 193 193 227 227 220 220 210 210 199 193 193 193 179 183 140 140 140 165 165 157 157 110 110 140 140 141 122 122 123 123 56 71 104 104 71 96 57 57 57 57 71 71 60 60 49 49 45 31 31 31 31 6 6 16 7 
347 347 325 338 324 332 299 299 299 299 299 299 299 258 276 276 277 277 277 210 210 210 210 210 210 239 239 227 227 223 210 210 211 199 171 171 171 179 183 183 179 140 140 140 157 140 140 110 110 141 141 122 128 128 56 56 71 71 71 71 96 57 57 83 71 71 9 9 9 49 49 45 31 31 31 31 26 7 7 7 
325 325 325 338 324 299 299 322 299 312 299 299 299 258 277 277 277 277 277 210 210 210 246 246 210 210 240 227 227 223 210 210 211 199 171 171 171 179 179 179 179 140 140 140 157 140 140 140 110 110 122 122 128 56 56 117 71 71 71 71 71 71 71 71 71 9 9 65 9 45 45 45 31 31 31 31 26 7 7 7 
325 343 343 324 324 299 299 299 299 312 299 299 299 258 258 258 285 258 258 265 265 210 246 246 246 210 210 228 228 223 210 210 211 199 171 171 171 171 171 180 180 140 140 140 140 140 152 140 140 110 122 122 122 56 117 117 71 71 71 9 9 9 9 78 78 9 65 65 9 45 45 45 9 9 26 26 26 8 8 8 
325 325 325 325 325 325 325 306 306 306 306 306 299 299 258 258 258 258 258 258 266 210 210 210 210 210 210 210 210 223 210 210 210 199 205 199 189 189 171 180 171 171 171 146 146 146 152 140 140 110 110 110 122 56 56 56 56 56 56 9 56 56 9 9 9 9 65 65 9 45 45 45 9 9 26 26 26 8 8 9 
351 325 325 339 325 325 326 306 306 306 306 306 299 299 258 258 258 278 278 258 258 258 210 210 210 210 233 233 210 210 210 210 210 199 199 199 189 189 171 171 171 171 171 146 146 146 146 146 146 110 110 110 110 110 110 110 110 110 56 56 56 56 56 9 9 65 65 65 9 9 9 9 9 9 9 9 9 9 9 9 
