326 326 326 326 317 317 317 291 291 291 291 291 291 261 261 261 261 264 264 261 232 232 212 212 212 212 231 219 219 197 197 197 197 197 197 197 181 181 181 147 147 147 147 147 147 147 147 101 101 101 101 101 101 101 113 101 101 88 88 88 88 76 76 67 67 72 32 32 32 32 32 32 36 32 27 27 1 1 1 1 
326 333 261 261 317 317 317 291 291 291 293 293 261 261 274 274 261 264 264 261 232 232 212 212 212 212 212 219 219 197 197 197 197 197 197 181 181 182 182 147 147 147 147 147 147 153 101 101 140 114 114 101 101 101 101 101 101 88 88 88 88 76 76 67 67 72 32 57 57 32 32 32 32 32 27 27 1 16 1 1 
327 327 330 261 317 261 261 261 261 304 293 293 261 261 261 261 261 261 261 261 232 232 234 234 240 234 212 212 212 216 211 197 197 197 197 181 181 182 182 147 147 147 147 147 147 101 101 101 101 114 114 114 114 114 101 101 101 88 88 88 88 76 76 76 67 67 32 32 58 32 32 37 33 33 30 1 1 16 2 2 
327 327 327 261 261 261 261 261 261 261 261 261 261 261 261 261 261 261 261 261 232 232 234 234 234 234 203 203 212 212 211 197 197 181 181 181 181 181 162 162 162 162 162 147 147 101 101 101 101 132 132 115 115 114 114 101 101 88 88 92 89 76 76 76 67 67 67 32 58 37 37 37 33 33 30 1 1 16 2 2 
327 327 327 327 261 261 261 261 294 294 294 241 279 279 279 262 262 265 265 232 232 232 234 234 234 235 203 203 220 212 212 203 203 181 181 181 181 181 162 162 162 166 163 147 147 101 101 142 101 132 132 115 115 115 115 101 101 89 89 89 89 67 67 67 67 67 67 32 32 37 37 37 37 30 30 28 1 16 2 2 
338 327 327 327 305 305 261 261 294 294 294 241 279 279 280 262 262 262 262 232 259 232 234 234 234 235 203 203 203 203 213 203 203 172 172 172 181 181 172 172 162 162 163 147 147 101 101 142 101 101 115 115 115 119 102 102 102 89 95 82 82 67 79 67 67 67 32 32 32 37 37 30 30 30 1 28 1 16 2 2 
313 313 313 327 305 305 310 310 294 294 294 241 241 241 262 262 262 262 262 232 232 232 234 234 234 234 203 203 203 203 203 203 203 172 172 172 172 172 172 172 172 162 162 101 101 101 101 101 102 102 115 125 115 102 102 102 102 89 82 82 82 67 67 67 67 73 32 32 30 30 30 30 38 1 1 28 1 2 2 2 
313 334 331 305 305 305 310 310 310 305 294 283 283 241 262 262 262 262 262 232 232 245 234 234 234 234 203 221 221 172 172 172 172 172 172 154 154 154 154 154 154 154 162 101 101 101 101 101 102 102 115 115 115 102 116 102 102 89 82 82 82 82 67 67 67 73 32 32 30 43 43 2 2 1 1 1 1 2 3 3 
313 331 331 305 305 305 305 305 305 305 294 283 283 241 281 262 262 262 232 232 232 245 245 245 234 234 203 203 172 172 214 172 172 200 200 154 154 154 154 154 154 154 154 154 154 154 101 101 102 102 102 102 102 102 103 103 103 89 89 80 80 80 80 30 30 30 30 30 30 43 43 2 2 2 2 2 2 2 3 3 
313 331 331 305 305 311 311 311 305 305 294 294 283 241 241 262 262 262 232 262 232 254 232 232 232 232 232 203 172 172 214 172 172 200 200 154 154 154 154 178 173 167 155 155 154 154 101 101 102 102 102 103 103 103 103 105 89 89 89 80 90 80 80 30 30 30 68 59 59 2 2 2 2 2 17 17 17 17 11 4 
313 311 311 311 311 311 312 312 284 284 284 284 283 283 241 262 262 262 262 262 232 232 232 232 232 232 232 203 172 172 214 172 172 200 200 183 183 183 183 173 173 167 155 155 155 155 101 101 102 102 102 103 103 103 105 105 89 89 96 80 83 83 30 30 30 30 68 59 60 2 2 41 17 17 17 11 11 11 11 4 
313 311 328 328 311 311 312 312 284 284 284 284 241 241 241 241 241 241 241 250 232 232 241 241 241 203 203 203 172 207 207 207 204 183 183 183 173 173 173 173 167 167 155 155 155 30 30 30 30 103 103 103 103 120 105 89 89 89 80 80 83 30 30 63 63 63 63 63 2 2 2 41 17 17 11 11 24 11 11 4 
313 311 311 311 311 318 318 284 284 284 284 284 241 241 282 241 257 257 241 250 250 250 241 241 242 203 203 172 172 207 204 204 204 183 183 173 173 173 173 173 167 167 155 155 155 30 30 30 30 103 103 103 103 120 105 89 89 89 80 83 83 30 30 30 63 63 44 44 2 11 11 11 17 17 11 24 24 4 4 4 
313 313 313 329 311 311 311 284 284 299 299 284 284 241 241 241 257 257 241 241 241 250 250 241 242 203 203 172 172 172 204 204 204 108 108 173 173 173 173 173 108 108 108 155 155 143 143 143 30 30 133 30 30 30 105 30 30 80 80 83 83 80 80 30 63 63 44 44 2 2 44 11 11 11 11 24 4 4 4 4 
339 335 313 313 313 313 313 313 284 299 299 284 284 284 257 257 257 257 241 241 241 241 241 241 242 203 203 203 203 172 172 108 108 108 108 108 108 108 108 108 108 168 108 108 108 143 143 134 134 30 30 30 106 30 30 30 30 80 80 83 83 80 30 30 34 34 44 44 44 44 44 4 4 4 4 24 4 4 4 4 
335 335 313 313 322 313 313 314 284 300 300 284 284 284 257 257 257 257 255 255 255 255 243 243 203 203 203 203 203 203 172 108 108 108 108 193 184 184 184 108 108 168 108 108 108 134 134 134 134 137 126 126 106 106 106 106 30 30 80 80 80 80 30 30 34 34 48 48 48 48 45 4 29 4 4 18 18 18 12 4 
335 332 332 284 284 284 284 284 284 300 251 251 251 251 257 257 257 257 255 256 256 256 243 243 243 203 203 227 203 203 172 205 205 108 108 193 189 189 179 179 174 108 108 108 108 134 134 134 134 126 126 107 107 107 97 97 97 30 84 84 84 84 30 30 34 34 48 48 48 45 45 4 29 4 4 18 4 4 12 4 
335 332 332 284 320 320 284 284 284 251 251 251 251 251 251 251 257 257 255 255 255 257 215 215 215 215 203 203 203 172 172 205 205 193 193 193 189 189 179 179 174 108 108 108 108 134 134 134 134 138 107 107 107 107 97 97 97 30 30 30 30 30 30 77 34 34 34 64 45 45 45 4 29 29 4 4 4 4 4 4 
335 335 332 284 284 284 284 251 251 251 251 251 251 251 251 251 251 257 257 257 257 257 215 215 215 215 222 222 222 172 215 206 206 193 193 193 193 174 174 174 174 169 158 158 108 108 134 134 134 138 107 107 107 107 97 97 97 97 97 77 77 77 77 77 34 34 34 64 45 45 45 4 4 29 29 4 4 4 4 5 
340 332 332 319 319 319 319 251 251 251 251 295 251 251 251 275 251 257 257 257 257 215 215 215 215 215 233 172 172 172 215 206 164 164 164 164 164 174 174 180 169 169 158 158 108 108 108 108 134 134 134 107 107 107 107 107 74 74 98 77 77 77 77 77 34 34 34 34 49 49 39 39 4 4 29 29 4 4 4 5 
340 332 319 319 323 285 285 285 285 285 285 285 285 285 275 275 251 263 263 263 215 215 251 215 215 215 215 215 215 217 215 206 164 164 174 174 174 174 174 180 169 169 158 158 108 108 108 108 108 135 135 108 108 108 117 108 74 74 74 77 77 65 65 65 34 34 34 34 34 34 39 39 39 4 4 4 4 4 4 5 
332 332 319 319 285 285 306 306 306 306 285 285 286 286 275 275 251 263 251 251 251 251 251 215 215 215 215 228 215 215 215 206 206 164 174 174 174 174 174 169 169 169 158 158 144 144 148 144 108 135 135 108 122 108 108 108 74 74 74 74 74 65 65 65 65 65 69 34 34 34 19 19 19 19 19 19 19 4 4 5 
332 319 319 319 285 306 306 296 296 296 296 296 273 273 273 273 251 251 251 260 260 236 236 246 215 215 228 228 206 206 206 206 206 164 164 164 194 174 174 169 169 169 144 144 144 144 144 144 108 108 108 108 122 109 109 109 74 74 93 93 74 65 65 65 65 65 34 34 50 50 19 42 20 20 20 20 19 19 5 5 
285 319 319 319 285 270 270 270 270 307 273 273 273 273 273 273 251 251 260 260 236 236 236 236 236 236 228 228 206 206 206 206 206 164 164 164 194 190 169 169 169 144 144 144 144 144 127 127 127 127 127 127 109 109 109 109 74 74 93 94 74 65 65 65 65 65 34 34 34 34 34 42 20 20 20 20 19 19 5 5 
285 319 319 319 285 270 270 270 270 307 273 273 273 287 273 273 273 270 236 236 236 258 236 236 237 237 228 228 186 186 186 206 206 164 190 190 190 190 169 169 169 144 144 144 144 144 127 127 127 127 127 128 109 109 109 25 25 93 93 94 74 74 74 74 74 65 34 34 51 51 34 34 34 34 20 20 20 20 5 5 
285 285 285 285 285 270 270 270 270 270 270 270 273 273 273 270 270 270 236 236 236 252 252 237 237 238 228 228 186 186 186 186 186 164 164 164 164 164 185 164 164 164 164 159 144 144 127 127 127 25 25 25 25 25 25 25 25 25 25 25 25 25 25 25 25 65 65 65 51 52 46 31 31 31 31 20 20 21 5 6 
285 285 316 285 285 270 270 270 270 270 301 270 270 270 270 270 270 270 236 236 236 252 253 237 237 238 223 223 223 186 186 186 186 164 164 186 186 164 185 164 164 170 156 159 144 144 149 25 25 25 118 110 110 110 110 110 25 25 81 81 81 81 25 25 25 25 25 25 51 46 46 31 31 25 25 25 25 6 6 6 
285 285 316 321 321 321 302 302 302 308 288 288 288 288 276 276 236 236 236 236 236 252 237 237 237 208 208 208 208 208 208 186 186 186 186 186 186 164 164 164 164 156 156 156 156 156 25 25 118 118 118 110 110 110 110 110 25 25 81 6 6 6 25 25 75 54 54 25 51 46 46 25 25 25 6 6 6 6 13 7 
285 285 316 321 321 271 302 315 302 308 288 297 288 288 276 276 236 236 236 236 208 208 237 208 208 208 131 131 131 131 208 208 195 198 198 198 186 191 164 164 175 156 156 156 25 25 25 145 118 118 118 118 123 110 110 110 25 25 81 6 6 6 6 75 75 54 54 25 25 25 46 25 6 6 6 6 6 7 7 7 
336 336 316 321 321 271 302 302 302 308 288 288 288 288 276 276 266 266 266 208 208 208 208 208 131 239 131 229 224 131 131 131 195 195 195 195 186 186 164 164 175 156 156 160 25 150 150 118 118 118 118 118 118 118 118 104 104 81 81 85 85 85 6 75 75 54 54 61 61 25 25 25 6 35 26 26 26 7 7 8 
336 336 316 321 321 271 302 302 302 302 302 271 271 271 271 277 266 266 266 208 247 247 247 247 131 131 131 224 224 218 131 131 131 131 131 195 195 186 186 131 131 131 160 160 25 25 151 118 118 118 118 118 118 121 104 104 81 81 81 81 91 86 6 70 70 70 54 54 53 53 40 40 6 6 26 26 22 22 7 7 
336 336 316 316 324 271 302 302 302 302 303 271 289 289 271 277 271 271 267 208 208 248 248 248 131 131 131 224 218 218 131 209 131 201 131 196 196 131 131 131 176 131 131 146 146 25 25 25 25 25 25 121 121 121 104 104 81 81 81 81 81 86 6 70 70 70 70 54 54 54 40 40 40 6 26 26 22 7 7 7 
337 337 316 316 324 271 302 302 271 271 271 271 278 278 271 271 271 267 267 208 208 248 248 248 131 131 131 224 218 210 131 131 131 201 131 131 131 131 171 171 171 171 131 146 146 146 146 146 139 139 111 111 111 111 111 104 104 87 87 87 81 81 6 6 70 6 6 6 6 6 6 6 6 6 14 14 22 7 7 7 
337 337 316 316 324 271 271 271 271 271 271 271 278 278 267 267 267 267 267 208 248 248 249 249 131 131 218 218 218 210 210 131 131 201 171 171 171 171 171 177 177 131 131 146 146 146 146 146 139 139 111 111 124 111 111 104 104 87 99 87 87 81 6 6 6 6 6 6 62 6 6 6 6 14 14 14 14 23 7 7 
337 337 316 316 324 316 316 271 271 271 271 271 278 278 267 267 267 272 267 208 248 248 249 249 131 131 218 218 187 187 210 210 171 171 171 171 171 192 177 177 177 131 131 131 131 146 146 130 130 130 111 111 124 111 111 111 87 87 87 87 87 81 6 6 6 6 6 14 14 14 14 14 14 14 9 9 14 14 14 9 
337 337 316 316 316 316 316 316 309 309 271 271 292 278 278 278 267 267 267 208 248 248 249 249 187 187 187 187 187 187 187 187 171 171 171 171 171 192 177 177 177 161 161 161 131 131 152 130 130 130 111 129 111 111 111 111 87 87 87 87 87 81 81 6 6 6 6 14 55 55 14 14 14 14 9 9 14 14 15 9 
341 298 298 298 325 309 309 309 309 298 298 298 290 290 268 268 268 208 208 208 187 187 249 249 187 225 225 230 225 187 187 187 171 171 171 171 171 187 187 165 165 165 157 157 157 131 130 130 130 130 111 111 111 112 112 100 100 87 87 87 87 87 78 78 66 71 71 14 55 55 14 9 9 9 9 9 9 9 15 9 
341 298 298 298 325 309 309 309 298 298 298 298 290 290 268 268 268 208 208 208 187 187 187 187 187 187 225 225 225 187 187 187 171 171 171 171 171 187 188 165 165 165 157 157 157 131 130 141 141 130 136 130 112 112 112 100 100 100 87 87 78 78 78 78 66 71 71 14 14 56 14 9 9 9 9 9 9 9 9 9 
298 298 298 298 325 309 309 309 298 298 298 298 268 268 268 268 268 268 268 208 208 208 208 187 244 187 226 225 225 187 187 187 202 202 187 187 187 187 165 165 165 165 165 131 131 131 130 131 131 130 130 130 112 112 112 112 78 78 78 78 78 78 78 78 66 66 66 66 14 14 14 9 9 9 9 9 9 10 10 10 
298 298 298 298 298 298 298 298 298 298 298 298 268 268 268 268 268 268 269 208 208 208 208 187 187 187 226 226 226 187 187 187 187 187 187 199 187 187 165 165 165 165 165 131 131 131 131 131 131 131 131 131 112 112 112 112 78 78 78 78 78 78 78 78 66 66 66 66 14 14 47 9 9 9 9 9 9 10 10 10 
