309 309 309 309 309 309 297 297 297 284 284 284 268 268 268 268 268 260 202 202 202 202 202 202 202 202 202 202 202 202 202 202 167 167 175 175 175 175 175 167 167 132 132 132 132 132 139 139 139 132 90 90 90 90 90 90 90 90 90 90 81 81 55 55 67 22 51 51 51 1 1 1 1 1 1 1 1 1 1 1 
309 309 309 282 310 310 297 297 297 284 284 284 268 268 268 260 260 260 202 202 202 202 202 202 210 210 210 210 210 210 210 167 167 167 167 167 167 167 167 167 168 132 132 132 132 132 132 132 132 132 90 90 90 90 105 105 105 91 91 91 81 81 55 55 22 22 1 1 1 1 29 29 29 29 29 1 1 1 1 1 
309 309 309 282 282 282 282 282 282 282 282 282 282 260 260 260 260 202 202 202 202 202 202 202 210 210 210 210 210 210 211 167 200 167 167 190 176 176 176 132 132 132 132 132 132 133 132 132 90 90 90 90 90 90 91 91 91 91 96 81 81 81 55 55 22 22 45 45 49 49 29 29 35 35 1 1 1 1 1 1 
309 309 309 290 290 290 282 282 298 282 282 282 282 260 260 260 260 202 202 202 202 202 202 210 210 210 211 211 211 211 211 167 200 167 167 176 176 176 132 132 149 149 149 132 132 133 145 145 90 91 91 91 91 91 91 91 106 96 96 81 83 55 55 55 55 22 22 45 45 45 45 29 35 35 1 1 1 16 1 1 
309 309 309 290 290 290 298 298 298 282 282 261 261 261 259 259 259 202 202 246 246 246 204 204 210 210 210 226 211 211 211 167 167 167 167 176 176 176 132 132 149 149 149 132 132 133 133 133 90 90 90 90 90 91 91 91 106 96 81 81 55 55 55 55 55 55 22 22 22 45 45 29 29 29 30 1 1 16 1 1 
327 327 290 290 290 290 290 299 299 282 282 261 261 261 259 259 259 259 259 246 246 246 204 204 210 210 210 226 211 211 211 167 167 167 167 176 176 132 132 132 149 149 149 149 149 149 149 133 133 133 90 90 90 90 90 96 96 96 81 81 55 55 55 55 55 55 55 55 22 22 22 29 29 29 22 22 22 2 2 2 
327 327 290 311 311 311 290 299 299 261 261 261 261 261 273 259 259 259 259 246 246 246 204 204 212 212 212 212 212 212 212 167 167 167 167 132 132 132 132 172 162 162 158 155 155 134 134 146 134 134 90 90 90 90 113 96 97 97 97 81 55 55 57 57 52 52 52 56 22 22 22 29 29 29 22 25 2 2 2 2 
321 321 321 311 311 290 290 299 299 261 289 261 261 261 261 261 261 261 246 246 204 204 204 204 212 212 230 213 213 213 213 167 167 132 132 132 132 132 132 172 169 158 158 155 155 134 134 134 134 96 96 96 96 96 96 96 97 97 97 81 81 82 57 57 52 52 52 52 22 22 29 29 38 22 22 25 2 10 2 2 
321 321 321 321 311 290 261 261 261 261 261 261 269 269 269 269 261 261 246 246 204 204 204 204 213 213 213 213 223 203 203 203 132 132 132 132 186 163 163 163 169 158 158 134 134 134 150 140 140 96 96 96 96 96 96 96 92 92 92 92 81 81 57 57 68 52 52 52 52 22 22 22 22 22 31 25 2 10 10 3 
321 321 322 311 311 290 261 261 261 261 261 285 269 269 269 269 269 262 246 246 204 247 204 204 204 204 204 204 223 203 204 204 132 132 132 132 186 163 163 163 163 158 158 134 134 134 140 140 108 108 108 108 108 108 108 96 92 100 81 81 81 81 57 57 52 52 52 52 52 43 43 25 25 25 25 25 2 2 11 3 
321 321 311 311 317 290 290 290 262 262 262 269 269 274 274 269 269 262 256 256 204 247 204 204 204 204 204 204 204 204 204 132 132 132 132 132 132 132 163 163 163 158 158 134 140 140 140 108 108 92 92 92 108 108 108 96 92 81 81 93 81 81 57 57 52 52 52 52 52 43 43 25 25 25 25 11 11 11 11 3 
321 321 311 311 312 312 290 290 262 262 262 269 269 269 269 269 269 262 256 256 204 247 234 234 234 234 204 132 132 132 132 132 132 132 132 132 132 132 177 163 163 163 159 134 140 140 140 108 92 92 92 92 108 108 108 92 92 81 81 74 74 74 74 57 52 65 61 43 43 43 43 43 11 11 25 11 3 3 12 3 
321 311 311 311 312 313 290 290 262 262 262 262 262 278 269 269 269 262 241 241 204 247 234 234 234 204 204 132 214 214 214 187 187 196 187 187 187 180 159 159 159 159 159 134 108 108 108 108 92 120 92 92 92 92 108 92 92 81 81 74 84 75 75 57 69 61 61 43 43 26 26 26 11 11 11 11 3 3 3 3 
311 311 311 311 312 312 290 290 262 262 263 263 262 262 262 262 262 262 241 241 204 204 204 204 204 204 231 132 214 214 214 187 187 187 187 180 180 180 159 159 159 159 159 134 108 108 92 92 92 120 120 120 120 92 108 108 92 75 75 75 84 75 75 57 69 61 61 43 43 26 26 26 11 11 11 11 11 3 3 4 
311 312 312 312 312 312 290 302 290 290 263 263 279 279 275 270 270 263 241 241 251 204 204 204 215 215 215 227 215 215 215 187 187 187 193 180 180 159 159 159 159 159 134 134 92 92 92 92 92 131 131 120 120 92 92 92 92 75 75 75 75 75 75 57 57 57 61 43 43 26 26 26 26 26 26 26 11 11 4 4 
311 311 311 311 312 312 290 302 290 290 263 263 279 279 275 270 270 263 241 241 251 204 204 204 215 215 215 227 215 205 205 205 187 187 159 159 159 159 159 159 159 159 134 134 92 92 92 92 92 131 131 101 101 101 101 101 101 101 75 75 85 57 57 57 57 57 39 39 39 39 39 39 39 17 17 17 17 4 4 5 
303 303 311 311 312 312 290 290 290 290 263 263 263 263 275 263 263 263 241 241 241 241 241 215 215 215 215 227 215 205 205 187 187 159 159 181 181 181 159 173 159 164 134 134 151 151 92 92 121 121 121 121 121 102 102 102 102 102 75 75 85 57 57 57 57 57 39 39 39 39 46 39 39 17 17 17 17 4 4 5 
303 303 303 303 314 314 290 290 300 263 263 263 263 263 263 263 264 264 241 241 241 242 242 215 215 215 215 215 215 205 205 187 159 159 194 181 181 181 159 173 159 134 134 152 152 152 147 147 121 121 121 121 122 102 102 102 102 94 94 85 85 76 76 57 57 57 57 57 39 39 46 4 4 4 32 17 17 17 4 5 
303 323 323 303 314 314 303 303 263 263 280 280 280 280 239 239 264 264 241 241 241 224 224 224 224 224 187 187 187 187 216 187 159 194 194 181 181 181 159 159 159 134 134 134 134 147 147 110 110 110 110 110 110 102 102 109 94 94 94 85 85 76 77 57 57 47 47 47 39 39 46 4 4 4 4 27 17 17 4 4 
303 323 323 303 303 303 303 303 263 280 280 286 239 239 239 239 239 264 252 252 252 224 224 224 224 224 187 187 187 187 187 187 159 194 194 181 188 160 160 160 160 134 134 134 134 147 110 110 110 110 123 110 110 102 102 109 94 94 94 94 76 76 77 70 70 47 62 47 47 39 39 39 4 4 4 4 4 4 4 4 
303 323 323 303 303 315 303 303 263 263 239 239 239 239 239 239 239 264 252 252 252 224 224 224 224 187 187 187 206 159 159 159 159 159 188 188 188 160 160 160 160 160 160 147 147 147 110 148 124 124 123 110 110 33 33 33 33 33 86 86 86 63 63 70 47 47 47 47 47 47 47 39 39 4 4 4 4 4 4 4 
303 303 303 303 303 303 303 304 263 263 239 239 239 239 239 239 239 239 239 239 239 248 224 224 224 187 187 187 206 159 159 159 159 159 191 191 170 170 170 160 160 160 110 147 147 147 110 148 124 124 123 126 110 33 33 110 33 33 86 63 63 63 63 70 47 47 47 47 47 47 36 39 39 4 4 4 4 4 4 4 
303 303 303 303 304 304 304 304 263 291 239 239 239 239 239 207 239 239 253 253 239 239 239 239 224 224 224 228 206 159 159 206 191 191 191 191 170 170 170 160 160 160 110 110 110 110 110 124 124 124 123 123 110 110 110 110 33 86 86 63 63 63 63 63 63 63 63 47 47 47 36 36 4 4 4 4 13 13 13 6 
303 303 303 303 304 304 304 304 263 263 263 239 239 239 239 207 239 239 253 253 253 207 207 207 207 207 224 224 206 206 206 206 191 191 191 191 170 170 174 174 160 160 117 117 117 110 110 124 124 124 124 123 123 33 33 111 33 86 86 86 63 63 63 63 37 37 37 37 47 47 48 36 4 4 4 13 13 18 6 6 
292 292 292 292 292 292 292 292 292 292 263 239 239 239 239 207 271 207 207 207 207 207 207 207 238 207 207 224 224 170 170 170 170 170 170 170 170 170 170 170 160 160 117 117 117 141 141 141 141 135 124 127 124 33 33 33 33 86 86 86 63 63 63 63 37 58 58 58 47 48 48 36 36 36 4 13 13 4 6 7 
292 292 292 293 292 292 292 292 293 293 263 263 281 281 207 207 271 207 257 257 207 207 207 232 232 232 207 207 225 170 170 170 170 170 170 170 170 182 117 170 170 117 117 117 141 141 117 117 117 135 124 124 124 33 33 33 33 33 33 33 33 33 33 33 37 37 37 37 47 37 37 40 40 37 4 4 4 4 6 7 
292 292 292 293 292 292 292 292 293 294 263 263 244 244 207 207 207 207 257 257 207 249 207 217 217 232 232 207 207 207 207 207 170 170 170 170 117 117 117 117 117 117 161 117 117 117 117 117 117 117 117 117 117 117 72 72 33 33 98 78 78 78 78 33 71 59 59 37 37 37 37 37 37 37 19 19 19 19 6 7 
292 292 318 293 293 293 293 293 293 294 263 266 244 244 265 265 265 265 257 257 207 207 207 217 217 235 217 217 222 222 207 207 170 170 195 170 117 117 117 117 153 153 161 153 153 153 117 117 117 117 72 72 72 72 72 72 72 72 72 78 33 33 33 33 59 59 59 59 37 37 37 41 41 33 33 9 19 19 6 7 
292 292 318 318 293 293 295 295 263 263 263 266 266 244 265 265 257 257 257 244 244 217 217 217 217 235 217 217 222 170 170 170 170 170 170 170 117 117 153 153 153 153 153 153 154 154 117 117 117 72 72 72 72 118 114 72 72 72 72 78 33 33 33 59 59 60 60 60 37 50 37 37 37 33 9 9 20 20 6 6 
292 292 324 318 293 293 295 295 263 287 287 287 266 244 244 244 257 257 257 244 244 217 217 217 217 217 217 217 217 217 217 208 170 170 192 192 189 153 153 165 165 165 153 153 136 136 136 136 142 72 118 118 118 118 114 72 107 72 72 72 87 33 33 59 59 60 33 33 37 37 37 37 37 33 9 20 20 14 14 6 
329 319 319 318 318 306 306 295 263 287 287 266 266 244 244 244 244 244 244 244 244 217 243 236 236 236 233 217 217 189 189 208 170 170 192 189 189 153 178 153 153 153 153 153 136 142 142 142 142 72 72 128 99 99 114 72 72 72 72 72 79 33 33 33 33 33 33 33 33 33 42 42 42 33 9 9 14 14 14 6 
319 319 319 319 319 306 307 295 263 263 287 266 283 266 266 244 244 266 244 244 244 217 217 236 217 217 233 189 189 189 189 189 189 197 189 189 171 153 153 153 153 157 157 157 136 136 136 136 136 136 72 128 99 99 99 99 103 103 72 95 79 33 33 72 72 28 28 33 33 33 33 33 33 33 34 9 14 14 14 6 
319 328 319 319 306 306 307 295 295 263 263 266 266 266 266 266 266 266 258 258 244 244 217 236 217 217 233 189 189 189 189 189 189 189 189 171 171 183 153 153 153 153 156 156 143 143 143 143 143 72 72 128 99 99 99 99 103 103 72 72 79 79 79 72 28 28 28 33 33 33 33 44 9 9 9 9 9 9 6 6 
319 319 319 306 306 316 301 301 295 295 263 263 272 272 276 266 266 267 258 258 254 244 217 217 217 217 189 189 189 218 218 189 198 198 171 171 171 171 171 153 153 153 156 156 143 143 137 137 144 72 115 115 115 115 115 99 99 99 99 72 72 72 72 72 64 64 28 53 53 44 44 44 9 9 9 9 9 9 6 8 
306 319 319 306 320 301 301 301 301 263 263 263 272 272 276 272 245 245 245 245 254 244 244 240 189 189 189 229 189 218 189 189 198 198 171 171 171 184 171 171 171 156 156 156 156 137 137 137 137 72 115 115 115 115 116 99 99 72 72 72 72 72 72 73 64 64 28 28 44 44 44 44 9 9 9 9 23 9 6 6 
306 325 325 306 301 301 305 305 263 263 263 263 272 272 272 272 245 245 245 245 245 245 245 240 189 237 229 229 189 189 189 209 201 166 166 179 179 179 179 156 156 156 156 156 156 137 137 137 137 137 115 129 115 115 112 112 72 72 72 72 72 64 64 73 64 64 64 28 44 21 24 24 9 9 9 9 9 9 15 6 
306 306 306 306 301 209 209 209 263 296 263 263 272 272 209 209 209 209 209 209 209 209 209 240 189 237 229 229 189 189 219 209 201 166 166 179 179 185 156 156 156 156 156 156 156 125 125 137 137 137 115 129 115 119 112 112 72 72 72 88 88 64 64 64 64 64 28 28 44 21 24 24 9 9 9 9 9 9 9 6 
306 306 326 301 301 209 209 209 288 288 288 288 277 277 209 209 255 209 209 250 250 250 209 189 189 209 209 209 209 209 209 209 166 166 166 166 156 156 156 156 156 156 156 138 138 125 125 125 125 137 115 115 115 112 112 112 72 72 88 88 64 64 80 64 64 64 28 44 44 21 24 24 24 24 24 24 24 9 9 6 
306 306 306 301 301 301 308 209 288 288 209 209 277 277 277 209 255 255 255 250 250 209 209 189 189 209 209 220 220 220 220 199 199 199 166 166 156 156 156 156 156 156 138 138 138 125 125 125 125 125 125 130 125 64 64 64 104 104 64 64 64 80 80 64 64 66 28 54 54 21 21 21 21 21 21 21 21 9 9 6 
306 306 306 301 301 301 308 209 209 209 209 209 209 209 209 209 255 255 255 255 255 209 209 209 209 209 209 220 220 220 221 199 199 199 166 166 166 166 166 166 166 166 138 138 138 138 138 138 138 138 125 125 125 64 64 64 64 64 64 89 89 80 80 64 64 66 28 28 28 28 28 28 28 28 28 28 21 21 9 9 
