307 307 307 307 307 307 307 307 307 307 279 279 279 279 298 298 298 279 279 279 279 225 225 259 259 225 225 225 225 225 210 210 224 210 210 210 210 205 188 188 139 139 177 177 160 170 160 160 152 152 152 139 139 98 128 98 98 98 98 98 98 93 85 85 73 73 47 60 47 47 1 1 1 1 1 22 1 1 1 1 
307 307 329 329 307 307 329 329 329 307 279 279 279 279 279 279 279 279 221 221 221 225 225 225 225 225 253 230 230 225 225 210 210 210 210 210 205 205 188 188 188 139 139 139 160 160 160 161 152 152 139 139 140 98 98 98 93 93 102 102 93 93 85 86 73 73 47 47 47 47 1 1 18 1 1 22 1 1 1 1 
307 307 329 329 329 329 329 307 307 307 319 306 306 306 293 293 293 293 221 221 221 221 221 221 221 221 230 230 230 230 225 225 225 188 188 188 205 188 188 184 184 184 183 139 161 161 161 161 152 152 139 140 140 98 98 98 93 93 102 103 93 85 85 86 66 66 66 52 52 47 47 1 18 1 22 22 1 1 1 1 
307 329 329 329 329 329 329 307 326 326 306 306 306 306 293 293 293 293 221 221 221 221 272 262 221 221 230 230 230 230 225 225 226 188 188 188 188 188 197 184 184 184 183 139 161 161 161 152 152 139 139 140 140 98 98 98 93 93 108 93 93 85 87 87 66 66 66 52 52 52 1 1 18 1 1 23 1 1 1 1 
307 329 329 329 329 329 329 307 326 326 306 306 306 306 306 293 293 293 285 285 280 262 262 262 221 256 230 230 230 230 230 178 178 178 188 188 188 188 197 197 184 184 183 139 161 139 139 152 152 139 146 140 140 134 93 93 93 93 93 93 85 85 87 87 66 66 52 52 54 46 46 46 18 1 1 23 1 1 9 1 
307 355 343 343 329 329 330 307 307 307 320 306 306 307 307 280 294 294 285 285 280 262 263 263 221 230 230 230 230 230 230 178 178 178 178 178 178 189 189 189 189 183 183 139 139 139 139 139 139 139 146 146 141 134 93 93 85 85 93 93 85 87 87 87 67 67 52 52 46 46 18 18 18 1 1 23 1 1 9 1 
307 307 343 343 343 343 330 330 330 307 307 307 307 307 308 280 294 294 280 280 280 262 262 264 221 230 230 230 230 230 230 230 178 178 178 178 178 178 178 178 178 183 183 139 139 153 153 153 153 153 135 135 141 135 93 93 85 85 85 85 85 87 87 87 67 67 67 52 46 46 18 17 17 17 1 1 1 1 1 1 
307 307 343 344 344 327 327 330 330 321 321 307 307 308 308 280 280 280 280 286 262 262 262 221 221 235 235 235 235 241 235 231 178 178 178 178 178 178 178 178 178 185 153 153 153 153 153 153 158 135 135 135 141 135 93 93 85 85 85 99 99 87 87 87 52 52 52 52 18 18 18 17 35 17 17 17 1 1 1 1 
307 343 343 344 327 327 327 327 327 321 321 308 308 308 308 280 280 262 262 262 262 273 273 221 260 235 235 235 235 241 235 231 178 178 178 178 178 178 178 178 178 178 153 153 153 153 135 135 135 135 135 135 135 135 93 93 113 113 85 99 99 52 52 52 52 52 52 61 18 17 17 17 35 17 17 17 17 1 1 1 
307 307 327 344 327 331 331 331 327 327 308 308 308 308 308 280 280 262 262 262 262 265 265 221 221 254 254 235 235 235 235 231 178 178 220 190 190 190 198 198 190 178 153 153 153 153 135 135 135 135 135 142 142 129 129 69 113 85 85 100 100 52 52 52 52 52 52 18 18 53 17 17 35 35 18 18 18 1 1 1 
307 307 327 327 327 331 331 331 327 327 308 295 295 295 295 295 295 295 262 262 262 265 265 265 221 221 221 242 235 235 231 231 178 220 220 190 190 190 190 190 190 178 178 178 153 153 164 135 154 154 114 114 114 129 129 69 69 85 85 85 68 68 68 68 52 52 52 18 18 18 17 17 18 18 18 19 19 2 2 2 
307 307 327 327 345 332 332 331 331 308 308 295 295 295 295 295 295 295 262 262 262 265 265 265 221 221 221 242 242 242 231 231 178 178 178 178 190 190 202 171 171 171 171 171 171 171 135 135 154 154 147 147 114 114 114 114 69 69 69 85 68 89 89 68 68 68 62 62 18 18 48 18 18 29 29 2 2 2 2 2 
345 345 345 345 345 332 332 332 332 308 322 295 295 295 295 295 295 295 262 262 262 265 265 265 221 221 221 221 221 243 221 221 221 221 221 178 190 190 202 171 172 172 175 171 171 172 135 147 147 147 147 120 120 114 114 114 114 114 69 69 68 68 68 68 68 68 62 62 18 18 18 18 29 29 2 2 2 2 2 2 
345 345 345 345 345 339 339 332 332 308 322 296 296 296 296 266 266 266 266 287 281 265 265 265 172 172 172 172 221 221 221 232 221 221 178 178 190 190 202 171 172 172 175 175 175 172 135 147 147 147 147 120 120 120 120 122 120 94 94 69 69 69 68 68 79 68 68 36 36 36 36 29 29 29 2 2 2 2 2 2 
345 345 345 345 345 339 339 332 332 308 308 296 296 296 296 266 266 266 266 266 281 265 265 266 172 172 172 172 232 232 232 232 178 178 178 172 172 172 172 171 172 172 172 172 172 172 135 135 131 131 131 131 131 136 120 120 120 94 94 69 69 69 69 69 69 69 69 36 36 36 36 29 40 29 30 2 2 10 10 3 
345 345 352 308 308 339 339 339 308 308 308 308 296 296 296 296 296 266 266 266 266 266 266 266 172 172 172 172 172 172 172 172 178 172 172 172 179 179 172 172 172 172 172 172 173 173 135 135 131 148 148 148 131 136 91 91 91 115 94 94 94 94 74 74 74 74 36 36 36 36 36 29 40 29 2 2 2 10 3 3 
308 308 308 308 308 308 308 308 308 308 308 308 296 296 266 266 296 296 266 267 267 267 267 267 257 257 172 172 172 236 236 172 172 172 214 214 179 179 203 172 172 172 172 172 131 131 135 135 131 148 148 148 131 91 91 123 91 91 91 101 101 74 74 36 36 36 36 36 36 36 36 29 29 29 2 2 3 3 3 4 
308 308 353 308 308 308 333 257 257 257 257 257 296 296 266 266 299 266 266 267 267 267 267 268 257 257 172 172 172 236 236 211 211 211 211 211 211 179 179 179 179 179 131 131 131 131 131 131 131 148 148 148 131 91 130 116 116 91 91 74 74 74 36 36 80 70 70 36 36 36 36 36 36 36 11 2 3 3 3 4 
356 308 308 308 308 308 333 333 333 323 323 257 296 296 266 266 266 266 267 267 267 267 267 257 257 257 236 236 236 244 236 211 227 149 149 149 149 149 149 149 149 179 179 179 149 149 149 149 149 149 149 149 131 91 91 116 116 91 74 74 95 95 36 75 75 70 70 36 36 31 31 41 41 37 11 2 2 3 3 3 
356 356 308 340 340 340 340 340 334 323 257 257 309 309 266 266 257 257 257 274 274 274 274 257 257 257 236 236 236 236 236 227 227 149 149 149 149 149 149 149 149 149 149 149 149 162 162 162 149 149 150 150 131 131 91 124 116 91 91 95 95 36 36 75 75 75 63 63 31 31 31 31 31 37 11 11 2 3 3 3 
308 308 308 340 340 340 323 323 334 323 257 257 257 309 309 266 257 257 257 274 274 274 274 257 227 227 227 227 227 245 227 227 149 149 149 149 206 206 199 199 149 149 162 162 162 162 162 162 155 155 131 131 131 131 91 91 116 116 91 36 36 36 90 75 75 76 63 36 31 31 31 31 31 31 31 11 2 2 2 5 
323 323 323 323 323 323 323 323 323 323 257 257 257 309 309 266 266 257 257 257 257 257 257 257 227 227 227 227 227 227 227 233 149 223 206 206 206 199 199 155 155 186 162 162 174 174 162 162 155 155 131 131 131 131 131 91 91 91 91 36 36 63 63 63 75 63 63 36 31 31 31 31 24 24 32 11 11 13 2 5 
323 323 323 323 346 323 323 323 323 316 316 316 257 310 310 257 257 257 257 257 257 222 222 222 261 227 227 227 227 227 227 227 149 223 206 207 207 199 199 155 155 186 174 174 174 155 155 155 155 155 131 143 143 131 91 91 91 91 104 104 36 36 36 63 63 63 63 36 49 49 49 24 24 24 24 24 11 11 11 5 
357 323 317 317 317 323 323 335 335 316 316 316 257 310 257 257 257 257 288 288 257 222 222 222 261 227 227 227 227 227 227 227 149 223 206 207 207 199 199 155 155 155 174 174 174 155 155 156 155 155 131 131 131 131 91 91 91 91 104 104 91 91 36 36 63 63 63 36 49 49 49 24 24 24 33 11 11 11 12 5 
323 323 317 317 317 317 317 317 317 317 317 317 257 257 257 283 283 257 257 257 257 222 222 222 246 246 248 248 248 227 227 149 149 206 206 207 207 207 155 155 191 155 180 180 155 155 155 156 144 144 144 144 144 91 91 91 91 91 105 105 91 91 91 36 36 63 63 36 55 50 50 24 24 24 33 11 20 11 12 5 
323 323 317 317 337 337 317 317 317 303 303 303 311 311 311 283 283 257 257 282 282 222 222 222 246 246 246 246 246 246 149 149 228 155 155 207 207 155 155 191 191 155 180 180 155 155 155 156 144 132 132 132 132 91 91 91 117 117 91 91 91 64 64 64 36 77 36 36 55 50 50 24 24 25 25 11 11 11 5 5 
323 323 317 317 337 337 317 317 317 303 303 303 311 311 311 283 283 291 275 275 275 275 222 222 249 249 249 249 249 155 155 155 155 155 155 215 155 155 163 163 192 155 155 155 155 165 165 156 156 132 132 132 132 91 91 91 91 91 91 106 64 64 92 64 36 36 36 42 42 50 50 42 42 25 25 25 5 5 5 6 
323 323 350 350 337 337 337 336 336 303 303 303 303 303 303 303 283 291 291 275 275 222 222 249 249 222 222 250 250 155 155 155 201 201 155 155 155 163 163 163 163 155 155 181 163 163 163 156 156 156 132 132 132 132 132 109 109 91 91 106 64 81 81 64 64 78 71 42 42 42 42 42 43 25 25 25 5 5 5 5 
358 323 323 323 337 337 337 336 336 303 303 303 303 303 303 303 283 283 283 283 283 222 249 249 222 222 222 222 222 155 237 155 201 201 201 155 155 163 163 193 163 163 181 181 163 163 163 156 156 156 132 132 145 109 109 109 109 109 109 64 64 81 81 64 64 78 71 42 56 42 43 43 43 25 25 26 5 5 5 5 
341 341 341 323 347 337 337 300 300 300 300 300 300 300 304 304 283 283 283 283 283 222 222 222 222 252 252 252 222 155 155 155 201 201 201 155 155 204 204 193 163 163 181 181 163 163 166 156 156 137 137 137 137 109 109 125 109 109 64 64 96 81 81 64 64 14 71 42 42 42 43 43 44 25 25 26 5 5 5 5 
341 341 341 341 341 337 337 300 300 300 300 305 305 300 300 300 283 283 283 289 269 269 269 222 222 238 238 238 222 222 222 222 222 222 201 201 212 208 193 193 163 163 163 163 163 163 163 163 159 137 137 137 137 137 109 109 109 109 64 64 96 96 81 88 64 14 14 51 51 51 51 14 14 14 14 14 14 14 5 5 
341 341 351 351 341 337 342 300 300 300 300 305 305 305 305 300 300 283 283 269 269 276 269 269 238 238 255 238 247 247 222 222 229 222 222 201 201 208 193 200 193 187 159 159 159 159 167 159 159 137 137 137 138 121 121 109 109 109 64 64 97 97 81 81 64 64 14 14 14 14 14 14 14 14 27 27 14 14 5 5 
351 351 351 341 341 337 337 337 337 300 300 305 305 305 305 305 297 269 269 269 276 276 238 238 238 255 255 238 247 238 238 218 218 218 216 216 201 208 193 200 193 187 159 159 159 159 159 159 118 118 137 137 138 121 64 64 64 64 64 107 57 57 57 81 81 64 64 64 15 15 15 15 38 38 27 27 15 15 7 7 
351 351 341 341 341 341 341 341 305 305 305 305 314 314 312 297 297 269 269 276 276 277 238 270 238 238 238 238 238 238 239 218 218 218 216 216 201 208 193 193 193 187 159 159 176 118 118 118 118 118 118 118 138 121 126 126 110 110 110 57 57 82 57 57 57 57 65 65 15 15 15 15 15 15 34 15 15 16 7 7 
351 351 341 341 341 302 302 302 305 305 305 318 312 312 312 297 297 297 269 269 284 277 238 270 238 238 238 238 238 239 239 218 216 216 216 216 201 201 201 201 187 187 159 159 118 118 118 118 118 118 118 118 138 121 121 127 110 110 111 57 82 82 82 82 82 57 57 57 15 15 15 15 15 15 34 15 7 7 7 7 
351 351 348 348 348 302 302 302 302 328 312 312 312 313 301 301 258 258 258 290 277 277 270 270 238 238 251 251 251 239 218 218 216 216 216 216 201 201 201 187 187 159 159 182 118 118 118 118 118 118 118 118 138 138 121 121 121 110 110 57 82 82 82 58 58 58 58 57 57 15 15 15 15 15 15 15 7 7 7 8 
349 349 348 348 348 302 302 312 312 312 312 313 313 313 301 301 258 292 258 277 277 278 270 270 213 213 251 213 213 239 218 218 218 217 217 217 201 209 201 187 194 159 159 159 118 118 168 118 118 118 118 118 118 118 118 118 118 118 110 83 83 83 83 58 58 58 58 58 58 15 15 15 39 39 15 28 7 7 7 8 
349 349 349 348 348 302 302 302 338 324 324 313 313 313 313 301 258 292 258 277 270 270 270 270 213 213 213 213 213 213 213 234 218 217 218 218 201 201 201 187 187 187 159 159 159 159 159 118 118 118 118 118 133 118 118 112 112 119 110 83 83 83 83 83 83 58 58 58 59 15 15 15 15 15 15 28 7 7 7 7 
349 349 349 349 349 302 302 302 338 324 325 302 302 302 302 301 301 292 258 258 270 258 258 258 258 258 240 240 240 240 213 213 218 218 218 219 213 195 195 195 195 169 159 159 159 159 159 118 118 118 151 151 133 118 118 112 112 112 110 84 84 84 84 72 72 72 72 59 59 15 15 15 45 15 15 15 21 7 7 7 
349 349 354 349 349 302 302 302 302 302 302 302 315 315 302 302 302 292 292 258 258 258 271 271 258 258 240 240 240 240 240 213 213 213 213 213 213 195 195 196 196 169 169 169 169 169 169 118 118 157 151 151 133 133 133 112 112 112 112 84 84 84 84 84 84 72 72 59 59 15 15 15 45 15 15 15 21 7 7 7 
