336 336 343 336 271 271 271 271 311 271 271 271 271 271 271 271 271 271 261 261 237 237 242 242 236 148 148 148 193 193 212 193 193 200 193 143 143 173 173 173 143 143 143 143 143 139 139 139 115 115 115 115 115 115 115 109 109 86 86 86 86 67 67 67 67 62 62 47 47 47 20 20 20 20 20 20 20 11 11 1 
336 336 336 336 271 271 271 271 271 271 261 261 271 271 271 271 272 272 261 262 237 237 236 236 236 148 229 148 193 193 193 193 193 193 193 143 143 143 143 143 143 143 143 143 143 147 115 115 115 86 86 119 119 119 115 109 86 86 90 90 67 67 79 67 67 62 47 47 20 20 20 20 20 35 1 1 1 11 1 1 
336 336 325 325 271 271 261 261 261 261 261 261 285 285 285 261 261 273 261 237 237 236 236 236 236 148 229 148 193 193 193 208 194 194 194 143 143 143 143 143 164 164 164 143 143 147 115 115 115 86 86 86 86 86 115 115 86 48 48 48 48 48 48 70 62 62 47 47 47 15 15 21 21 21 1 1 1 1 1 1 
325 325 325 325 325 330 261 318 305 305 305 261 261 288 261 261 261 261 261 237 259 236 249 236 236 148 229 148 148 208 208 208 194 194 194 143 143 143 143 143 164 143 143 143 143 143 143 115 115 86 86 86 86 86 86 86 86 48 48 48 48 80 48 48 62 48 48 55 47 15 15 15 15 21 21 21 21 1 1 1 
325 325 337 337 325 330 261 261 305 305 305 299 261 261 261 264 264 263 263 237 237 236 236 236 236 148 148 148 148 148 148 148 204 148 148 148 148 174 174 143 143 143 115 115 115 115 115 115 136 86 86 86 86 86 86 48 48 105 48 48 87 80 80 48 48 48 48 47 47 15 15 15 15 25 25 25 1 1 1 1 
348 325 337 337 325 325 325 261 299 299 299 299 261 261 264 264 264 263 263 263 237 236 236 243 148 148 230 148 213 213 213 148 148 148 148 148 148 148 174 174 143 143 115 156 156 115 115 115 115 86 86 86 86 48 48 48 48 48 48 48 87 15 15 48 48 63 48 47 47 47 47 15 15 15 15 26 1 14 1 1 
325 325 308 337 325 325 326 261 299 289 289 289 289 289 264 264 264 264 264 264 237 237 237 237 237 148 148 148 213 213 213 201 201 201 175 175 186 148 148 148 148 148 148 156 156 115 115 115 115 115 115 110 110 48 15 15 15 15 15 15 15 15 15 15 15 63 48 48 48 48 48 15 36 36 15 15 1 1 1 2 
325 325 308 308 308 308 308 261 261 289 289 219 294 219 219 264 264 219 219 219 219 219 219 219 219 219 148 148 214 213 213 201 201 175 175 175 175 175 175 175 148 148 148 148 148 148 115 115 115 115 115 110 110 15 15 110 110 92 92 91 28 28 71 71 15 15 15 15 15 15 15 15 36 27 27 15 15 1 1 2 
325 325 308 308 308 308 308 308 261 261 261 219 219 219 219 219 219 219 267 244 244 244 244 244 238 219 148 148 214 214 214 201 201 175 175 175 182 182 167 167 128 128 128 149 149 149 115 115 115 115 115 110 110 117 117 110 92 92 91 91 28 28 28 72 15 15 15 56 28 28 43 43 36 36 27 27 15 1 1 2 
306 306 306 306 327 327 327 308 308 308 261 219 219 290 278 278 244 244 244 244 238 238 244 244 238 219 219 219 219 219 209 209 195 195 195 175 183 183 167 167 128 167 128 128 128 128 128 128 133 133 110 110 110 110 110 110 92 92 102 92 28 28 28 72 15 15 15 56 28 28 43 43 28 28 28 28 15 1 1 2 
306 344 344 306 327 306 306 319 261 261 261 290 290 290 278 278 244 244 244 253 238 238 238 238 238 219 219 209 209 209 209 210 195 195 195 175 183 183 167 167 167 167 150 150 150 150 144 128 133 133 110 110 110 110 111 111 111 92 92 92 28 28 28 28 28 28 28 28 28 28 28 28 28 37 22 22 15 15 2 2 
306 344 344 306 306 306 306 306 306 306 306 290 291 291 278 278 278 253 253 253 238 239 239 239 239 209 209 209 215 215 215 210 195 195 196 175 187 167 167 176 150 150 150 144 144 144 144 128 128 133 110 110 110 110 111 111 112 92 92 93 64 64 64 64 28 28 28 28 44 44 28 28 40 22 22 22 22 16 2 3 
306 306 344 335 335 312 312 312 312 306 306 290 290 245 245 245 245 253 265 265 238 238 189 189 189 209 209 209 215 210 210 210 195 195 175 175 187 167 167 167 150 150 150 144 137 137 140 140 128 128 110 110 110 110 111 111 111 103 103 64 64 81 81 64 64 64 28 28 44 44 28 28 40 22 23 23 23 16 2 3 
306 306 306 335 312 312 290 290 313 309 300 300 290 245 245 245 245 253 253 253 238 238 189 189 189 209 209 209 215 210 210 210 195 195 175 175 187 167 167 167 150 150 144 144 137 137 137 137 137 128 128 110 110 110 111 111 111 103 64 64 64 64 64 64 64 64 28 28 44 44 44 44 40 22 16 16 16 16 2 2 
306 306 306 312 312 331 290 290 309 309 300 290 290 245 245 245 245 274 245 253 238 238 238 189 240 234 209 209 215 210 210 210 175 175 175 175 187 144 144 144 144 144 144 160 137 137 137 137 123 123 129 118 118 118 118 94 94 103 64 64 64 73 73 73 64 64 57 57 40 40 40 40 40 22 4 4 4 2 2 2 
349 306 306 312 312 312 290 290 309 300 300 290 295 245 245 281 245 245 245 253 253 253 189 189 240 234 209 211 211 211 211 211 175 202 177 177 177 144 144 144 144 144 144 160 137 137 137 123 123 123 129 118 118 118 118 94 94 103 103 94 40 40 40 74 64 64 57 57 40 41 41 41 41 22 4 4 4 2 2 2 
349 338 338 312 312 312 290 290 290 300 290 290 286 292 245 281 245 245 250 250 189 189 189 231 231 234 209 211 211 211 175 175 175 177 177 177 177 177 177 177 144 144 144 137 137 151 137 123 123 123 123 123 118 118 118 94 94 94 103 94 40 75 40 40 40 40 40 40 40 41 22 22 22 22 4 4 4 4 4 4 
349 338 314 314 332 332 290 290 290 290 290 301 286 286 245 245 245 245 250 250 189 189 189 189 231 231 231 211 211 211 175 175 175 177 177 177 184 177 177 178 144 144 144 137 137 137 137 123 123 134 123 124 113 118 118 113 113 94 94 94 40 75 75 75 40 40 58 58 22 22 22 45 22 22 4 4 4 12 12 5 
338 338 314 314 332 314 314 314 290 290 286 286 286 286 245 245 245 245 250 250 250 250 250 189 189 189 189 222 220 220 175 203 203 184 184 184 184 184 138 138 138 138 144 144 144 145 145 141 123 123 123 124 113 113 113 113 95 95 95 95 40 85 75 75 58 58 58 22 22 22 22 4 4 4 4 4 4 5 5 5 
338 347 314 314 332 314 328 314 314 286 286 286 286 286 245 245 245 245 268 260 260 245 245 245 189 189 189 189 220 220 175 203 203 184 184 184 184 184 138 171 171 138 144 144 144 145 141 141 138 116 116 116 116 116 116 116 95 95 96 96 40 85 65 65 65 65 22 22 38 38 38 4 4 4 4 6 6 6 6 6 
338 314 314 314 314 314 328 320 315 286 286 286 296 286 279 279 279 245 245 260 245 245 246 246 223 223 232 189 189 220 175 203 203 203 138 184 184 138 138 171 171 138 138 161 138 138 141 141 138 116 130 125 95 95 95 95 95 95 97 97 40 40 65 65 22 22 22 38 38 50 38 4 4 4 4 6 6 6 6 6 
338 314 314 314 314 321 320 320 315 286 286 286 286 286 279 279 279 269 245 245 245 246 246 247 223 223 223 223 189 220 175 203 175 175 138 138 138 138 181 168 168 168 138 161 138 138 138 138 138 116 95 125 95 95 95 95 95 95 97 40 40 40 22 22 22 59 59 38 38 50 38 38 38 4 4 6 6 6 6 6 
338 314 314 338 314 321 321 321 315 286 286 286 286 286 286 279 279 269 269 245 245 246 246 247 223 223 223 224 189 221 175 175 175 175 197 138 138 181 181 168 168 168 138 138 138 152 116 116 116 116 95 95 95 95 95 95 88 88 88 40 40 40 22 22 22 22 59 59 38 38 29 29 38 38 17 17 17 17 6 6 
338 338 338 338 314 314 314 314 315 286 286 302 286 286 275 275 275 275 247 247 247 247 247 247 224 224 224 224 189 221 205 205 205 175 197 138 138 181 181 168 168 168 153 153 157 116 116 116 116 126 126 126 95 95 95 88 88 106 88 88 88 76 76 22 22 22 38 38 38 38 29 29 38 38 17 17 17 18 7 7 
345 345 345 339 333 333 314 314 286 286 286 302 297 286 275 282 275 275 247 247 247 254 224 224 224 225 225 225 189 221 205 205 205 175 175 175 188 168 168 168 153 153 153 153 153 116 116 116 126 126 95 95 95 95 95 88 114 76 76 76 76 76 76 60 60 60 38 38 38 38 46 29 29 29 29 29 17 18 7 8 
345 345 346 339 333 333 314 314 286 286 286 297 297 286 275 275 275 275 247 247 247 254 224 226 226 225 225 226 189 189 189 205 205 175 175 175 175 168 179 179 153 146 146 146 153 153 116 116 126 126 95 95 95 95 95 88 114 76 76 76 76 76 76 60 60 60 60 60 51 51 46 46 32 32 32 17 17 18 7 7 
350 339 339 339 314 314 314 314 316 286 286 297 297 286 276 276 276 276 247 247 224 224 224 226 226 226 226 226 189 189 189 189 189 189 189 189 189 168 179 179 153 146 165 146 153 153 116 126 126 126 95 95 95 95 95 88 98 98 98 76 76 76 76 76 60 60 60 60 51 51 32 32 32 39 33 17 17 7 7 7 
339 339 339 339 314 334 314 314 316 286 286 297 297 286 286 283 247 247 247 247 224 251 251 226 226 226 226 226 189 189 216 206 206 168 168 168 168 168 179 179 146 146 165 146 146 146 116 126 126 126 126 88 88 88 88 88 98 98 98 98 76 76 82 32 32 32 32 32 32 32 32 33 33 33 33 30 7 7 7 7 
314 314 314 314 314 310 310 316 316 286 286 286 286 286 286 283 247 247 224 224 224 251 251 226 226 216 216 216 216 216 216 206 168 168 168 168 168 146 146 146 146 165 165 162 158 146 146 121 121 121 88 88 120 120 78 78 78 78 78 78 78 78 82 32 61 61 61 61 32 32 49 33 33 33 30 30 7 7 7 7 
314 314 314 314 314 310 310 310 317 286 286 286 298 224 224 283 247 247 224 251 251 255 251 226 226 216 216 216 206 206 206 206 168 168 168 192 168 146 146 146 146 146 146 162 158 154 121 121 121 121 88 88 78 78 78 78 78 104 104 99 78 78 32 32 32 32 32 32 32 32 49 33 33 33 30 30 7 7 7 7 
314 314 314 314 314 310 329 310 310 286 286 293 293 224 224 283 247 247 224 224 251 251 251 226 226 216 227 227 206 206 206 206 180 180 168 168 168 146 146 146 146 146 146 162 158 154 121 142 121 121 78 78 78 78 78 78 78 104 104 99 78 83 83 77 32 32 32 32 32 32 33 33 33 30 30 30 7 7 7 7 
314 314 314 314 314 310 310 322 310 286 286 293 293 224 224 224 224 247 224 224 256 256 252 216 216 216 227 216 216 206 206 206 180 180 180 190 190 180 180 180 154 154 154 154 158 154 121 78 78 78 78 78 78 78 78 78 99 99 99 99 78 83 68 77 32 32 32 32 53 32 33 33 33 30 30 24 24 7 7 9 
314 314 314 314 310 310 310 310 310 310 307 293 293 224 224 284 224 224 224 252 252 252 252 216 216 216 216 216 216 216 217 206 180 180 180 180 180 180 154 154 154 169 166 154 154 154 121 78 78 78 78 78 78 78 78 78 99 107 100 100 78 83 68 68 68 32 32 32 53 32 33 33 30 30 30 24 7 7 7 9 
340 314 314 310 310 310 310 310 303 303 307 293 293 293 224 266 266 266 252 252 252 257 241 241 233 233 216 216 216 216 206 206 207 180 180 180 180 180 154 154 154 163 166 154 154 155 121 78 78 78 78 78 78 89 78 78 99 107 100 100 78 78 78 78 69 52 52 32 32 32 30 30 30 24 24 24 7 10 13 9 
340 340 314 310 310 323 323 323 303 303 303 303 224 224 224 266 266 266 252 252 252 241 241 241 241 233 233 216 216 206 206 207 207 180 180 180 191 185 154 154 154 163 166 154 154 155 121 121 131 78 78 89 89 89 99 99 99 107 84 84 84 7 7 7 69 52 52 52 52 52 30 24 24 24 34 7 7 10 13 9 
340 340 314 314 310 310 310 324 303 303 303 224 224 224 224 280 280 266 270 252 252 241 241 241 241 235 206 206 206 206 218 198 198 180 180 185 185 185 154 154 172 163 163 163 135 135 135 121 131 131 131 89 89 31 31 31 31 84 84 101 84 7 7 7 66 52 52 52 30 30 30 24 24 7 7 7 10 10 9 9 
340 340 340 340 310 310 310 324 303 303 303 224 224 224 224 277 277 266 266 266 235 235 235 248 235 235 206 228 198 198 198 198 198 198 180 180 180 180 170 170 170 159 159 159 135 135 135 121 121 121 132 127 89 89 89 89 31 84 31 31 84 84 84 7 66 66 7 7 30 30 30 30 7 7 7 7 10 19 9 9 
341 341 340 340 310 310 310 310 224 224 224 224 224 224 224 277 277 266 266 235 235 258 235 235 235 206 206 228 198 198 198 198 198 198 198 180 180 180 170 170 170 159 159 159 159 135 135 121 121 121 121 127 121 89 89 89 31 31 31 31 31 31 31 7 7 7 7 7 54 7 7 7 7 31 31 31 10 10 9 9 
341 341 341 341 310 310 310 310 224 224 224 304 287 287 287 277 277 277 235 235 206 206 206 206 206 206 228 228 198 198 198 198 198 198 198 180 180 180 170 170 170 170 159 159 159 135 135 135 135 135 121 121 121 89 89 89 108 108 89 89 89 31 31 31 31 7 7 7 7 7 31 31 42 31 31 31 10 10 9 9 
341 341 342 342 310 310 310 310 224 224 224 224 287 287 287 277 277 277 235 235 206 206 206 206 206 206 228 228 198 198 198 199 199 199 199 180 180 180 170 170 170 170 159 159 159 135 135 135 135 135 121 121 122 89 89 89 89 89 89 89 89 31 31 31 31 31 31 31 31 31 31 31 31 31 31 31 10 10 10 10 
