334 334 334 292 292 292 292 292 292 270 270 270 270 270 278 273 273 270 248 248 248 248 248 221 221 221 230 195 195 195 195 195 197 183 183 183 169 169 169 169 134 134 134 154 134 134 134 134 125 125 125 105 105 95 95 95 79 79 69 69 69 69 69 36 36 36 36 36 36 36 36 36 1 1 1 1 1 1 1 1 
334 334 334 292 292 292 292 292 292 270 270 270 285 270 270 273 270 270 248 248 248 222 222 221 221 221 221 195 212 212 205 195 197 183 183 183 169 169 169 134 134 134 134 134 134 134 125 125 125 125 125 105 105 95 95 95 79 79 69 84 69 69 69 36 36 36 50 50 29 29 29 1 1 25 25 1 1 1 2 2 
334 334 310 310 310 310 310 292 292 303 299 270 285 285 270 270 270 248 248 222 222 222 222 221 221 236 221 195 195 205 205 195 195 195 159 159 169 169 169 134 164 134 134 134 134 134 125 125 125 125 125 105 105 105 95 95 79 79 69 69 69 69 69 46 46 46 46 51 29 42 29 1 1 25 1 1 1 1 2 2 
338 338 310 317 317 317 306 306 292 292 299 270 270 270 270 248 248 248 222 222 222 222 222 246 221 221 221 221 195 205 195 195 195 159 159 159 169 169 169 134 134 134 134 134 134 135 125 125 125 125 126 105 105 105 105 95 79 79 79 79 79 46 46 46 52 52 46 46 29 29 29 1 1 25 1 1 1 2 2 2 
310 310 310 317 317 317 306 306 306 292 292 292 292 286 248 248 248 248 222 222 222 231 231 231 221 221 221 221 195 205 195 195 195 159 159 159 169 169 169 170 132 132 132 132 151 135 135 135 132 125 87 87 105 105 105 95 95 87 87 46 46 46 46 46 52 52 52 46 46 29 29 1 1 1 1 1 20 2 2 2 
310 310 310 310 310 317 317 310 248 248 248 248 248 286 248 271 248 248 222 222 222 222 249 231 231 231 221 221 195 195 195 198 198 159 159 159 169 169 169 170 132 132 132 132 132 132 132 132 132 125 87 87 106 106 106 87 87 87 88 46 46 77 46 46 46 58 52 52 43 43 29 34 34 1 1 1 2 2 2 2 
310 310 329 329 310 310 310 310 248 248 300 248 248 286 248 271 271 271 222 222 258 222 249 231 231 231 231 222 195 195 195 195 159 159 188 159 159 159 159 159 159 159 132 132 136 136 136 136 125 125 87 87 87 87 87 87 87 87 88 46 46 77 46 46 46 46 53 53 43 43 29 29 29 29 2 2 2 3 3 3 
339 329 329 329 310 310 307 307 307 248 248 248 248 248 248 224 224 253 253 222 222 222 222 231 231 222 222 222 215 195 195 195 159 159 159 184 159 159 159 171 165 132 132 132 136 136 136 136 125 127 87 87 87 87 87 87 88 88 88 46 70 70 70 46 46 46 53 47 47 29 29 29 30 30 2 2 2 3 3 3 
339 329 328 328 321 321 307 311 248 248 248 224 224 224 224 224 224 253 253 253 222 222 222 241 241 222 215 215 215 195 195 195 176 176 159 159 159 159 159 159 165 132 132 132 132 118 118 118 118 127 127 118 87 87 87 87 88 88 89 46 70 70 71 46 46 46 53 47 47 29 29 29 30 30 2 2 2 3 3 3 
339 329 328 328 321 322 287 287 248 248 248 224 224 279 279 224 224 253 253 253 222 222 222 222 222 222 215 215 216 195 195 195 176 176 176 176 176 159 174 159 132 132 132 132 132 118 118 137 118 118 118 118 87 87 99 99 46 46 46 46 46 46 71 46 46 46 53 47 47 29 29 2 2 30 2 2 2 3 3 4 
339 329 328 328 328 287 287 287 294 294 224 224 224 279 279 224 238 238 238 253 253 253 222 222 222 222 232 190 216 195 195 195 176 176 176 172 172 159 159 159 132 92 92 92 92 92 92 92 118 118 119 119 67 67 67 100 46 46 46 80 80 46 46 66 46 46 53 47 47 44 2 2 2 2 2 16 16 3 3 4 
339 329 329 329 329 287 287 287 294 294 224 224 224 224 280 224 238 238 238 238 254 254 233 233 242 190 190 190 216 195 195 176 176 196 189 172 172 172 132 132 132 92 145 145 92 92 92 92 128 128 67 67 67 110 67 67 96 46 46 46 46 46 46 48 48 48 44 44 44 44 2 26 26 26 26 16 16 3 3 4 
323 323 335 329 329 287 287 287 294 294 294 294 224 224 280 224 238 238 238 238 254 254 233 233 190 190 216 216 216 195 195 176 176 176 189 172 172 172 132 132 160 92 92 145 145 145 92 92 92 128 67 67 97 97 97 67 96 46 46 46 72 72 72 48 48 48 44 44 44 2 2 26 26 27 27 16 16 16 4 4 
323 323 323 329 329 287 287 304 304 304 287 287 224 287 224 224 238 238 238 238 238 254 233 233 190 237 216 216 217 190 190 190 190 176 176 176 176 172 175 132 160 160 92 145 145 92 92 138 92 128 128 67 97 97 97 67 67 73 73 85 72 72 72 48 48 48 44 44 44 2 2 26 26 27 16 16 16 16 4 4 
323 323 323 323 323 323 287 304 287 287 287 287 287 287 224 224 224 224 265 265 238 238 233 233 190 190 223 223 190 190 206 202 190 190 190 185 176 172 175 172 146 146 92 92 92 92 92 92 92 131 67 67 97 97 101 101 67 67 73 73 73 73 73 48 48 48 57 48 48 2 2 26 26 27 16 16 16 17 4 4 
323 323 323 323 312 312 287 287 287 295 295 295 288 288 224 224 274 224 224 224 259 238 233 233 233 190 190 190 190 202 202 202 173 173 185 185 176 172 172 172 146 146 146 146 92 92 92 92 92 92 120 120 97 97 97 97 97 67 90 74 74 74 48 48 48 48 48 48 2 2 39 37 17 17 17 21 21 17 5 5 
323 323 323 323 312 312 312 312 267 267 267 267 288 289 267 267 267 267 267 224 259 238 238 243 233 233 233 190 190 190 190 173 173 173 185 176 176 178 172 172 146 161 146 146 146 146 121 121 121 92 97 97 97 111 97 67 67 67 90 74 74 74 48 48 48 48 48 54 2 37 37 37 17 17 17 17 17 17 5 6 
325 325 336 312 312 324 313 313 267 267 301 267 288 267 267 267 267 267 267 224 224 224 238 243 243 233 233 190 190 190 190 173 173 173 185 176 176 178 176 146 146 161 146 146 146 147 121 121 121 92 97 97 97 97 97 67 67 67 67 74 74 74 2 2 54 54 54 54 2 37 37 5 5 5 5 5 5 5 5 6 
325 325 325 312 312 312 313 267 267 267 301 267 288 267 267 275 275 268 268 224 224 224 238 238 238 238 218 218 218 213 173 173 173 185 185 186 176 176 176 146 161 161 146 146 146 147 139 139 121 92 92 92 92 92 92 92 92 92 67 74 74 74 74 2 2 54 54 2 2 5 5 5 13 22 22 22 18 18 13 6 
325 325 325 312 312 312 313 267 267 301 301 267 267 267 267 255 255 268 255 255 260 224 224 239 239 239 218 219 213 213 173 203 173 173 173 173 173 173 173 173 152 152 146 146 146 140 140 140 121 121 121 121 115 5 5 93 93 93 67 67 67 67 67 67 2 2 2 2 5 5 5 5 13 13 13 13 13 13 13 6 
325 325 325 325 325 325 313 313 267 267 267 267 267 267 255 255 255 268 255 255 255 255 224 239 239 239 218 219 219 173 173 187 187 191 191 152 152 152 152 152 152 152 152 146 146 140 141 141 129 129 129 115 115 5 5 5 5 5 67 67 81 63 63 63 2 2 55 55 5 6 6 6 6 6 6 6 13 13 14 6 
325 325 325 325 325 325 313 313 267 267 267 267 267 267 255 261 255 268 255 256 256 256 224 224 244 180 218 180 180 173 173 187 187 187 192 152 152 152 152 140 140 140 152 152 152 140 140 122 122 122 5 115 5 5 98 98 98 5 67 67 81 63 63 63 2 2 55 55 5 6 6 7 7 7 28 6 6 6 14 6 
325 325 337 325 325 325 318 305 305 305 267 267 293 281 281 261 255 268 255 256 256 224 224 224 244 180 180 180 180 180 173 187 187 187 192 187 152 152 152 162 162 140 140 140 140 140 140 122 122 122 5 5 5 112 98 98 98 5 5 5 5 5 63 63 63 5 5 5 5 45 6 7 7 7 7 7 7 6 6 6 
325 325 325 325 325 325 318 305 305 305 267 267 293 281 281 261 255 255 255 266 256 224 224 224 224 224 224 224 180 180 207 187 187 187 187 187 152 152 162 162 162 162 140 140 140 140 140 140 122 122 122 122 82 82 82 82 82 82 82 82 82 5 5 5 5 5 5 49 49 6 6 38 7 19 19 7 7 7 7 7 
325 325 325 325 325 325 318 305 305 305 267 267 293 227 227 261 255 255 255 255 256 247 247 247 224 224 224 180 180 180 180 180 181 181 181 181 181 162 162 163 163 163 140 140 140 140 140 140 82 82 82 82 82 107 107 102 83 83 83 83 83 5 5 68 5 5 5 31 31 7 7 7 7 19 19 7 7 7 8 8 
314 314 331 331 314 314 318 296 296 296 296 296 227 227 227 261 255 255 255 255 225 225 225 225 224 224 224 180 180 180 208 180 181 181 181 162 162 162 163 163 166 148 148 148 140 140 143 102 102 123 107 107 107 107 102 102 83 75 75 75 64 64 64 64 64 5 5 31 31 7 40 7 7 7 19 19 19 19 8 9 
314 314 314 314 314 314 314 296 296 296 296 297 227 227 227 261 261 261 255 255 225 225 225 225 225 224 224 180 180 204 180 180 181 181 181 162 162 149 149 166 166 148 148 148 148 148 102 102 102 123 123 123 102 102 102 83 83 75 91 75 64 64 64 64 59 59 31 31 31 7 7 7 35 7 8 8 8 8 8 9 
314 314 314 314 330 326 314 296 296 296 296 297 227 227 227 227 227 261 255 255 225 225 225 225 225 234 234 204 204 204 180 180 181 181 181 149 149 179 149 166 149 149 148 148 148 148 102 102 102 102 102 124 102 113 83 83 75 75 91 75 75 75 75 59 59 60 31 31 31 31 31 35 35 7 8 8 8 8 9 9 
314 314 314 314 330 326 314 296 296 296 296 297 290 290 227 227 227 261 261 261 261 225 250 225 225 225 235 204 204 204 204 180 180 149 149 149 149 179 149 166 149 149 157 149 149 149 102 102 102 102 102 102 102 113 83 103 75 75 75 75 75 78 12 59 59 60 56 56 31 31 31 35 35 7 8 8 8 8 9 9 
314 314 283 283 283 326 314 314 308 296 296 297 290 290 227 227 227 227 227 227 262 225 225 225 226 225 225 225 204 204 204 204 180 149 182 182 149 149 149 149 149 149 149 149 149 149 102 102 102 102 130 102 102 113 83 94 94 94 75 75 75 75 12 59 59 60 56 56 12 12 31 35 35 7 7 7 7 9 9 9 
283 283 283 332 283 283 315 315 308 282 282 282 282 282 282 201 201 201 201 227 227 257 225 225 226 226 226 226 204 204 209 180 180 149 182 182 182 149 149 149 155 155 155 155 142 142 142 102 102 102 130 102 102 113 83 94 94 94 75 75 75 75 12 12 12 12 12 12 12 12 31 31 31 31 7 7 7 7 7 7 
283 283 283 283 283 283 283 283 308 282 302 291 291 291 201 201 272 272 201 263 227 227 227 227 226 226 227 227 209 209 209 180 199 149 149 149 149 149 149 149 155 155 155 155 142 142 142 142 130 130 130 113 113 113 83 83 83 83 83 33 33 33 33 12 12 61 12 12 12 12 23 23 32 32 7 7 7 7 7 7 
283 283 283 283 283 327 283 283 282 282 291 291 201 201 201 276 272 272 201 263 263 227 227 227 245 227 227 209 209 210 210 180 180 180 180 180 150 150 150 150 150 155 155 144 144 144 144 130 130 113 113 113 86 86 86 86 83 83 83 33 33 33 33 33 33 12 12 12 12 23 23 23 23 7 7 7 7 7 7 10 
283 283 283 283 283 327 283 283 283 283 291 291 201 201 264 264 264 201 201 251 251 251 251 227 227 227 209 209 220 210 210 180 180 193 193 180 150 177 150 150 150 150 144 144 144 144 130 130 133 113 113 113 86 114 108 86 83 83 83 33 33 33 33 33 33 12 12 12 23 23 12 12 23 7 7 7 7 7 10 10 
283 283 284 284 284 284 319 283 283 283 283 291 291 201 201 201 264 201 251 251 251 251 252 227 227 228 228 228 200 200 200 180 180 193 193 180 150 177 177 150 150 150 144 144 144 144 130 130 86 86 86 86 86 86 108 86 83 83 83 83 33 33 33 33 33 12 12 12 12 12 12 12 23 23 7 7 10 10 10 10 
320 320 284 284 284 284 284 316 309 283 283 283 283 283 283 201 264 201 251 251 251 251 201 201 228 228 228 229 200 211 211 180 180 193 193 180 150 168 168 150 150 150 150 156 153 130 130 130 86 86 86 86 116 86 108 86 83 83 83 83 33 76 76 65 65 62 12 12 41 12 12 12 12 23 23 23 10 10 10 10 
320 320 320 320 320 320 284 284 309 283 283 283 283 283 201 201 264 201 201 201 201 201 201 201 228 228 228 229 200 200 200 180 180 194 194 180 168 168 168 150 150 150 150 153 153 130 130 130 130 86 86 86 116 86 86 86 83 83 83 83 33 33 65 65 62 62 12 12 41 41 41 12 12 23 23 10 10 10 11 11 
320 320 320 320 320 320 320 284 284 284 284 284 284 201 201 277 264 269 269 201 201 201 201 201 201 228 228 229 200 200 200 200 200 194 194 180 168 168 168 150 167 150 150 153 153 130 130 130 130 86 117 86 86 86 86 86 86 86 86 86 33 33 65 65 62 62 12 12 12 12 12 12 12 12 12 10 10 10 11 11 
320 320 320 320 298 298 298 298 298 298 298 298 284 201 284 264 264 264 264 201 201 201 201 201 201 201 201 229 201 201 201 200 200 194 194 180 168 168 168 150 150 150 158 150 150 130 130 130 130 86 117 86 86 109 109 104 86 86 86 33 33 33 33 65 62 62 12 12 12 12 12 33 33 33 12 24 10 10 15 12 
340 320 320 333 298 298 298 298 298 298 298 298 284 284 284 264 264 264 264 264 264 201 201 201 240 240 201 201 201 214 201 201 201 194 194 180 180 180 168 168 168 150 150 150 150 150 86 86 86 86 117 117 117 109 109 104 86 86 86 33 33 33 33 33 33 33 33 33 33 33 33 33 33 33 12 12 12 12 12 12 
