330 330 330 330 295 295 295 317 317 295 295 295 277 277 277 201 201 201 260 201 201 216 216 216 216 216 216 216 216 206 206 206 125 125 125 125 125 125 125 125 152 152 152 152 152 152 125 125 125 125 125 55 55 55 55 55 55 55 55 55 55 55 55 72 55 55 59 55 32 32 32 32 32 1 1 1 1 1 1 1 
319 319 319 330 295 295 295 295 295 295 289 296 277 277 277 201 201 201 201 201 201 216 216 216 216 216 216 216 216 206 206 206 125 187 187 187 187 125 125 125 125 125 125 125 125 125 125 129 129 129 55 55 108 108 108 80 80 80 89 89 80 80 55 55 55 55 55 55 32 32 32 32 32 1 1 1 1 1 1 1 
319 319 319 330 330 295 295 295 311 311 289 296 277 277 277 201 201 267 249 249 201 201 201 201 201 201 201 201 201 201 125 125 125 187 187 187 175 175 175 175 146 146 146 146 146 146 146 129 129 129 80 80 80 80 80 80 94 80 80 80 80 32 32 32 32 32 55 55 32 32 33 33 33 1 1 1 1 1 1 1 
319 319 319 319 319 319 303 303 303 303 289 289 277 277 277 277 255 255 249 249 249 249 242 242 230 230 201 201 201 201 125 187 187 187 188 188 175 175 146 146 146 154 154 154 147 147 147 129 129 129 80 94 94 94 94 94 94 80 80 84 84 32 32 32 32 32 32 32 32 32 32 37 1 1 1 1 1 1 1 2 
319 319 272 272 331 319 303 303 303 303 303 289 289 277 277 277 255 255 255 255 242 242 242 243 230 217 217 217 201 209 125 125 187 187 188 188 188 175 146 146 146 146 146 154 147 147 147 80 80 80 80 94 103 103 103 94 94 80 80 32 32 32 32 73 42 42 42 42 32 32 32 1 1 1 1 9 9 9 9 2 
341 341 272 272 272 319 319 319 303 303 304 277 277 277 277 277 255 255 255 255 242 242 242 243 230 217 217 217 201 209 209 125 125 125 125 125 125 175 175 175 146 146 146 154 147 147 147 80 118 118 126 94 103 103 103 103 103 90 90 32 32 32 32 73 42 42 42 42 48 48 1 1 34 1 9 9 2 2 2 2 
341 341 272 272 272 272 272 272 272 272 272 277 277 277 277 278 255 255 243 243 243 243 243 243 230 230 217 217 201 212 125 125 125 125 125 125 125 179 175 175 146 146 146 154 147 147 147 80 118 118 126 94 103 103 103 103 90 90 90 90 32 73 73 73 42 42 42 42 42 42 1 1 34 1 1 2 2 15 2 2 
341 341 272 272 272 272 285 285 272 272 272 272 290 272 272 272 272 268 243 243 243 243 243 243 217 217 217 217 201 201 125 125 125 125 191 125 125 179 179 163 163 163 163 154 80 80 80 80 118 118 126 94 103 90 90 90 90 90 90 91 32 32 32 32 42 42 42 42 42 42 42 1 1 1 1 2 2 2 2 2 
342 342 272 272 272 272 285 285 272 272 305 272 290 272 272 272 273 268 253 253 243 243 243 243 217 217 217 217 217 201 201 201 201 125 125 125 125 125 180 163 154 154 164 154 80 141 141 141 118 118 94 94 90 90 109 90 90 90 93 91 32 32 32 32 63 63 56 56 38 38 22 22 22 22 22 2 2 2 2 2 
342 342 272 334 272 272 285 285 285 285 285 272 272 272 281 250 250 268 253 253 253 231 231 231 235 218 218 218 218 184 184 184 184 184 184 184 184 125 125 163 154 154 154 154 80 141 141 118 118 94 94 90 90 109 109 90 90 90 91 91 32 32 32 63 63 64 56 56 38 38 22 22 22 22 22 22 2 2 2 3 
343 343 272 272 272 312 312 312 312 312 285 297 285 285 274 274 250 268 253 218 218 231 231 231 231 218 218 218 219 184 184 184 192 192 184 184 184 184 125 154 154 168 80 80 80 141 141 118 130 94 94 90 90 90 90 90 90 90 91 91 32 32 32 63 63 38 38 38 38 38 38 22 22 22 22 22 2 2 2 3 
343 343 320 320 320 312 312 313 313 313 285 285 285 274 274 274 250 250 253 218 218 218 218 218 231 231 218 218 219 184 184 184 192 192 192 181 181 181 181 154 172 80 80 158 118 118 118 118 130 130 94 94 94 112 98 98 98 98 32 32 32 60 60 60 60 38 38 38 43 43 22 22 35 22 3 3 18 3 3 3 
299 299 320 320 320 323 323 313 313 291 291 291 291 274 274 274 274 250 253 218 218 218 218 218 218 218 218 224 219 184 184 184 181 181 181 181 181 181 182 154 154 158 158 158 118 118 118 118 130 130 118 118 94 94 98 98 98 98 32 32 32 60 60 60 60 60 60 38 38 43 22 22 22 22 3 3 3 3 4 4 
299 299 299 320 320 320 320 320 291 291 298 279 279 279 279 279 250 250 250 250 250 250 218 244 225 225 225 219 219 184 184 184 181 197 181 181 181 181 176 176 154 154 154 154 154 118 118 118 118 131 118 118 118 94 94 98 94 94 32 32 60 60 74 74 60 60 52 52 38 43 43 38 27 27 3 3 3 16 4 4 
299 299 299 299 299 299 299 291 291 314 298 279 292 261 261 261 250 250 250 256 250 250 225 225 225 219 219 219 181 181 207 207 181 181 181 181 176 176 176 169 169 154 154 154 142 148 148 142 118 118 118 122 113 113 94 94 94 94 94 32 60 60 69 69 65 65 52 52 38 38 38 38 27 27 23 23 4 4 4 4 
338 299 335 335 299 299 299 291 291 314 298 279 279 261 261 261 275 250 250 256 236 236 225 225 225 225 181 181 181 181 181 181 181 181 181 181 176 169 169 169 169 154 154 154 142 142 142 142 106 106 106 106 106 114 94 94 99 99 32 32 85 69 69 69 65 65 52 52 52 39 39 39 23 23 23 4 4 4 4 5 
338 299 299 299 299 299 299 299 299 314 298 298 279 279 257 261 261 261 261 236 236 236 236 236 236 181 181 176 176 176 181 181 198 198 176 176 176 169 169 169 169 169 165 159 106 142 142 106 106 132 106 106 106 106 106 106 99 99 32 32 32 69 76 69 69 65 52 52 53 39 40 40 23 23 4 4 4 4 4 5 
338 338 338 299 299 299 299 299 299 293 293 293 293 257 257 280 237 237 237 236 236 236 236 236 236 181 176 176 210 176 176 176 176 176 176 189 165 165 165 165 165 165 165 159 106 153 106 106 137 132 106 106 115 115 99 99 99 99 32 32 86 69 69 69 65 65 61 45 45 39 40 40 23 23 4 4 4 10 10 5 
344 344 324 324 332 326 299 299 299 293 293 293 293 257 276 276 237 237 237 237 237 247 247 236 236 181 176 176 210 210 210 202 202 173 173 173 165 173 173 165 165 159 159 159 106 106 106 143 132 132 106 106 115 99 99 86 86 86 86 86 86 69 69 69 65 66 61 45 45 39 39 40 23 23 19 19 19 10 10 5 
324 324 324 324 324 326 299 315 315 315 293 293 293 257 276 276 276 237 237 237 237 237 237 237 237 181 226 176 176 210 210 202 173 173 193 173 173 173 173 173 173 159 160 160 106 106 132 132 132 133 115 115 115 99 99 86 86 86 86 77 77 69 69 69 69 61 61 45 39 39 39 39 23 23 19 19 19 5 5 5 
324 324 324 324 324 326 299 299 299 299 306 257 257 257 276 276 276 237 237 237 254 237 237 238 238 181 226 176 176 213 202 202 173 193 193 173 173 177 177 159 159 159 160 132 132 132 132 134 110 110 115 115 110 110 99 99 100 100 77 77 77 69 69 69 69 57 57 45 45 39 44 39 19 19 19 19 20 5 5 5 
345 324 324 324 324 324 324 299 299 299 299 257 257 286 276 276 254 254 254 254 254 228 228 228 228 228 190 190 190 190 202 202 202 190 190 190 177 177 177 159 159 159 159 132 132 132 149 134 110 110 127 115 110 110 110 99 100 100 77 77 77 69 69 57 57 57 57 57 45 39 39 39 19 19 19 19 5 5 5 5 
345 345 308 324 324 324 300 300 300 300 299 299 257 257 257 257 254 254 254 254 254 228 228 228 228 190 190 214 214 190 190 190 190 190 177 177 177 132 177 177 159 159 159 132 132 132 149 134 110 110 110 115 110 110 110 99 104 95 95 77 77 69 69 57 57 57 28 28 45 45 45 28 28 28 24 5 5 11 11 6 
308 308 308 324 333 324 300 300 300 300 307 300 282 282 282 257 257 257 257 257 228 228 228 227 227 190 190 190 214 190 190 203 203 194 194 132 132 132 159 159 159 159 159 132 132 132 149 134 110 110 110 110 110 110 110 99 95 95 96 77 77 28 28 57 57 57 28 28 28 28 28 28 24 24 24 5 5 11 11 6 
308 308 308 324 324 324 300 300 300 300 300 300 282 282 283 257 257 257 257 258 228 232 232 227 227 227 227 190 214 190 190 190 190 194 195 132 132 132 159 159 159 159 159 132 132 132 134 134 110 110 110 110 54 54 54 99 95 95 92 92 77 81 28 28 67 67 28 58 49 49 28 28 24 24 5 5 5 11 11 6 
308 308 339 308 308 308 300 300 300 316 308 282 282 282 283 269 269 269 258 258 228 232 232 227 227 227 227 190 214 190 190 190 190 194 194 132 132 132 159 159 159 132 132 132 132 132 134 134 110 110 110 123 54 54 54 99 95 95 92 92 77 77 77 28 28 68 28 28 49 28 28 28 28 5 5 12 12 12 12 6 
340 308 308 308 321 308 300 300 316 316 308 282 282 282 269 269 258 258 258 259 228 232 232 232 232 232 228 190 214 214 190 204 194 194 194 132 132 132 132 132 132 132 166 161 132 132 150 134 138 119 119 119 119 54 54 82 82 82 82 82 77 77 75 75 28 28 28 28 49 28 28 28 28 5 5 12 12 12 13 6 
340 340 308 308 321 308 308 308 308 308 308 282 282 282 269 269 270 270 228 228 228 248 248 228 228 228 228 190 190 190 190 204 194 199 185 185 185 185 183 132 132 161 161 161 150 150 150 134 138 119 119 54 120 54 54 82 82 82 82 82 82 82 75 54 54 46 46 46 46 46 46 28 28 29 5 12 6 6 6 6 
347 340 340 321 321 325 325 308 308 282 282 282 284 284 284 262 262 262 228 228 228 228 228 228 239 233 220 220 215 215 204 204 194 194 185 185 185 186 183 174 174 161 161 150 150 140 140 134 134 134 54 54 120 54 54 82 82 82 82 83 83 83 78 54 54 54 54 46 46 46 46 29 29 29 5 12 6 6 6 6 
347 336 336 321 321 321 321 321 282 282 284 284 284 287 262 262 262 262 262 170 170 245 228 228 239 233 220 220 215 215 204 204 204 194 170 170 170 183 183 174 150 150 150 150 155 140 140 139 139 54 54 54 54 54 54 54 54 82 82 78 78 78 78 54 54 54 54 54 54 46 46 29 29 29 5 12 6 6 6 6 
347 336 336 336 282 282 282 282 282 284 284 301 264 264 262 262 262 263 170 170 170 245 245 245 233 233 220 220 220 215 205 205 205 194 170 170 170 183 183 174 150 150 150 150 155 140 140 144 140 54 54 54 101 101 107 107 54 54 54 78 78 79 79 54 54 25 25 25 25 25 25 25 25 25 5 5 21 6 6 7 
347 336 336 282 282 327 282 282 264 264 264 264 264 264 264 264 264 263 170 170 170 251 245 245 233 233 229 220 220 215 205 205 205 194 170 170 170 170 170 174 174 150 150 150 150 140 140 140 140 54 54 101 101 101 87 87 87 87 54 54 78 54 54 54 54 25 62 25 25 50 25 25 25 25 25 5 21 17 14 7 
347 336 336 282 327 327 322 322 264 264 264 264 264 264 264 264 264 263 170 170 170 170 170 170 170 229 229 170 170 215 194 194 194 194 170 170 156 156 170 170 170 170 150 150 150 140 140 128 128 128 128 101 116 116 87 105 105 87 87 54 54 54 70 70 70 25 62 50 50 50 25 25 25 26 26 5 5 17 14 7 
347 282 282 282 327 327 322 322 264 264 309 264 264 264 264 264 264 263 263 240 240 170 170 246 170 229 229 170 170 170 194 194 194 194 194 170 156 156 170 170 170 170 150 150 151 140 140 128 128 97 97 101 101 101 87 87 87 87 87 87 87 25 25 25 25 25 62 50 51 51 41 41 36 26 26 5 5 14 14 7 
347 282 282 282 328 328 322 322 318 294 294 294 294 288 265 265 264 271 240 240 240 240 240 246 170 170 170 170 221 170 170 194 194 194 194 170 156 156 156 156 156 156 156 162 151 151 151 128 128 97 97 97 121 101 101 87 87 101 87 87 88 25 25 25 50 50 50 50 25 25 41 36 36 26 26 5 14 14 7 7 
347 282 282 282 282 329 294 294 318 294 310 288 288 288 265 264 264 271 240 240 208 208 240 240 240 208 208 208 208 208 170 170 170 170 170 170 156 178 178 178 156 156 156 156 156 135 135 145 97 97 97 97 97 111 101 101 101 101 88 88 88 25 25 25 25 25 25 25 25 25 25 36 26 26 5 5 14 14 7 7 
347 346 282 282 282 282 294 294 318 294 294 288 288 265 265 264 271 271 264 208 208 208 208 241 241 208 222 222 222 208 170 170 170 170 196 156 156 178 156 156 156 156 156 156 135 135 135 145 97 97 97 124 97 111 111 97 97 102 88 88 25 25 25 25 71 25 25 25 25 25 25 36 26 30 7 7 7 7 7 7 
346 346 282 337 282 282 294 294 294 294 294 288 288 265 265 264 264 264 264 208 252 252 208 241 208 208 211 211 211 208 208 208 156 156 156 156 178 178 156 156 171 171 167 156 135 135 135 145 97 97 117 117 97 111 111 97 97 97 88 88 25 25 25 25 25 25 25 25 25 25 26 26 26 26 7 7 7 7 7 7 
346 282 282 337 282 282 282 282 302 302 302 288 288 288 265 264 264 265 265 208 208 208 208 208 208 234 211 211 211 211 211 156 156 200 156 156 156 156 156 156 156 156 167 156 157 135 135 135 135 135 117 117 97 97 97 97 97 97 97 25 25 25 47 47 25 25 26 26 26 26 26 26 26 26 7 7 7 7 8 8 
346 282 282 282 282 282 282 282 302 302 302 302 288 288 265 265 265 265 266 208 208 208 208 208 234 234 211 211 223 211 211 156 156 156 156 156 156 156 156 156 156 156 156 156 157 135 135 135 135 136 117 117 117 117 97 97 97 97 97 25 25 25 47 47 47 47 47 47 47 47 47 26 26 31 7 7 7 7 8 8 
