339 315 315 315 315 315 315 315 300 300 300 300 280 280 273 273 273 217 217 217 217 217 217 217 217 217 217 207 207 207 207 170 170 170 185 170 170 170 170 170 134 134 134 134 134 134 134 134 125 125 113 113 113 86 86 86 86 86 86 86 67 67 67 67 67 67 53 53 53 38 38 38 18 18 18 18 18 1 1 1 
339 315 315 315 315 315 315 315 300 280 280 280 280 280 280 280 217 217 254 217 217 217 217 217 217 217 217 207 207 207 207 170 170 170 170 170 170 170 134 134 134 134 140 134 134 125 125 135 125 126 113 113 113 86 101 86 86 87 86 86 67 67 67 67 68 68 53 53 53 38 38 38 18 31 18 18 18 1 1 2 
339 315 315 315 315 315 315 315 300 280 280 280 217 217 217 217 217 254 254 244 244 244 244 235 235 217 225 207 207 213 170 170 170 186 186 134 134 134 134 134 134 134 140 140 140 125 125 125 125 113 113 113 113 86 101 86 86 87 87 87 67 67 67 67 68 65 53 53 53 38 38 38 18 18 18 18 18 18 1 1 
337 337 317 317 315 315 316 316 300 300 217 217 217 262 262 274 274 254 254 254 254 244 244 235 235 217 217 217 217 170 170 134 134 186 186 134 122 134 134 134 134 162 140 140 140 125 125 125 125 113 86 86 86 86 101 101 95 95 95 67 67 67 67 67 68 65 65 58 39 39 39 18 18 18 18 18 24 13 13 1 
337 337 317 317 315 315 300 300 300 300 217 217 262 262 262 262 262 262 262 262 245 245 245 226 226 226 226 199 199 199 134 134 134 134 134 134 122 134 134 134 134 162 155 155 140 140 140 86 86 113 86 105 105 105 101 101 95 96 96 67 67 67 76 58 58 58 58 58 39 39 39 18 18 32 18 18 13 13 1 1 
340 337 317 317 317 317 300 300 300 300 293 293 262 262 286 267 267 262 262 263 245 250 221 221 221 221 227 199 199 199 134 134 197 134 134 177 122 122 122 122 155 155 155 86 140 140 86 86 86 113 86 105 114 105 105 95 95 58 58 58 58 80 58 58 71 36 36 36 36 50 39 39 18 18 18 18 13 13 1 1 
340 337 317 317 317 317 317 317 300 300 293 293 293 262 286 267 267 271 267 263 245 250 221 236 236 221 227 199 199 134 134 134 187 187 187 177 177 122 122 122 155 155 155 86 86 86 86 86 86 86 86 105 105 95 95 95 100 58 88 88 58 58 58 71 71 36 36 36 36 36 36 36 36 1 1 1 1 1 1 1 
340 337 317 317 262 262 262 262 300 262 262 262 262 262 267 267 267 267 267 263 245 250 221 236 236 221 221 199 199 134 208 187 187 188 188 177 177 122 122 122 155 163 122 122 152 86 86 86 86 86 122 95 95 95 95 95 100 58 58 89 58 58 77 71 71 36 36 36 36 36 36 36 1 1 19 19 19 1 1 1 
337 337 317 317 262 262 262 262 262 262 303 262 262 267 267 281 267 267 263 263 245 245 221 221 221 221 221 221 199 134 187 187 188 188 178 178 178 122 122 122 155 122 122 122 122 141 141 136 122 122 122 95 95 95 100 100 100 74 74 77 77 77 77 71 71 36 36 54 36 36 36 36 1 1 14 14 19 1 1 1 
337 262 262 262 262 262 262 304 304 294 294 294 294 267 281 281 267 263 263 243 243 245 242 242 199 199 199 199 199 134 187 187 187 171 171 171 171 171 171 122 122 122 142 142 122 141 141 136 122 127 115 115 115 95 100 100 74 74 74 77 77 66 66 71 66 66 66 54 54 1 1 1 1 1 29 14 19 19 1 1 
337 262 332 262 262 262 304 304 304 304 304 282 282 267 267 267 267 263 263 243 243 243 242 242 199 199 199 199 134 134 187 187 187 171 171 171 171 171 171 171 142 142 142 122 122 122 122 122 122 127 115 115 115 95 95 95 95 74 74 90 66 66 66 66 66 59 59 1 1 1 43 1 1 29 29 14 14 14 14 3 
262 262 332 262 304 304 304 318 304 304 305 282 282 267 267 255 255 255 255 255 255 243 242 242 199 199 199 199 134 134 198 198 198 171 171 171 171 171 171 171 142 142 142 122 122 122 122 122 127 127 61 61 61 112 61 61 74 74 90 90 66 66 66 66 59 59 59 1 1 51 1 1 1 29 29 3 3 3 3 3 
262 262 262 262 304 314 314 305 305 305 305 282 282 282 282 255 255 255 255 256 256 243 243 243 199 231 199 199 218 134 134 160 160 160 189 171 171 175 143 143 143 143 142 142 142 146 142 92 127 127 61 61 61 61 61 61 74 74 74 74 74 66 66 66 59 59 59 59 1 51 1 1 1 29 29 3 3 4 4 4 
262 262 333 326 304 314 314 314 314 282 282 282 289 289 282 282 255 255 255 256 237 237 237 237 199 199 199 199 199 199 209 160 160 160 189 143 143 143 143 143 143 143 143 143 142 142 142 92 92 92 119 85 85 85 61 61 81 81 81 81 74 78 66 66 59 59 60 60 1 1 1 1 3 3 3 3 3 4 4 4 
326 326 326 326 304 314 314 264 264 282 289 289 289 289 282 283 256 256 256 256 237 246 246 237 237 199 199 199 199 199 209 160 160 160 160 143 179 143 143 164 164 158 158 143 143 143 143 130 130 92 119 85 85 85 61 61 81 81 81 74 74 78 78 74 59 59 60 60 1 1 44 3 3 3 3 3 3 4 15 5 
326 327 327 327 304 314 314 314 264 282 282 289 289 289 282 283 256 256 237 237 237 246 246 205 205 205 205 205 219 199 199 199 199 160 160 143 143 143 164 164 164 164 130 130 130 130 130 130 130 92 119 119 85 85 106 61 81 81 81 74 74 74 74 74 61 61 61 61 1 3 3 3 3 3 3 4 4 4 5 5 
326 327 327 327 304 314 314 314 264 264 282 282 282 282 282 283 256 256 237 237 257 246 246 205 238 205 205 205 205 205 205 205 200 160 160 160 160 143 164 164 159 159 130 130 130 130 130 130 130 92 92 85 85 85 106 61 81 81 81 81 81 74 74 74 61 69 61 61 1 3 3 3 3 33 3 4 4 5 5 6 
326 326 327 327 304 304 304 304 308 264 264 282 282 282 282 282 272 272 237 237 247 247 247 205 205 205 205 210 210 210 210 200 200 160 160 160 160 143 174 159 159 159 159 147 147 130 130 130 131 92 92 85 85 85 61 61 61 61 91 91 81 74 74 74 61 69 61 61 45 45 45 3 3 3 3 4 4 5 5 6 
338 326 326 328 304 304 304 304 308 308 264 295 295 282 282 282 272 272 237 237 247 205 205 205 205 205 205 210 210 210 190 190 190 190 190 160 160 160 148 159 159 148 148 147 147 147 131 131 131 92 123 85 85 85 61 61 61 61 91 91 81 81 74 74 61 62 62 62 45 45 45 3 3 3 3 27 6 6 6 6 
338 338 326 311 311 323 304 304 309 309 264 264 264 264 264 264 275 264 264 237 205 205 205 205 205 205 228 210 210 214 190 191 191 191 191 180 180 160 148 159 159 148 148 148 148 148 131 131 92 92 123 85 85 85 102 102 61 61 61 61 61 61 61 61 61 62 3 3 3 3 3 3 3 3 3 27 6 6 6 6 
326 326 326 311 311 309 309 309 309 309 276 276 276 264 264 264 264 264 264 264 205 251 205 205 239 232 190 190 214 214 190 191 192 192 192 169 169 160 148 148 148 148 160 149 149 149 131 131 92 92 92 116 116 85 102 102 61 61 61 85 85 61 61 61 61 3 3 63 20 20 20 20 20 20 30 20 20 20 6 6 
334 326 326 311 311 309 309 309 309 309 276 301 276 287 287 268 268 268 251 251 251 251 190 190 232 232 190 190 214 190 190 191 192 192 193 169 169 160 160 148 148 165 160 149 149 149 131 131 92 92 92 92 117 85 85 85 85 61 61 85 85 61 61 72 72 3 20 20 20 46 46 20 20 20 30 20 25 16 16 7 
334 334 334 311 311 311 311 310 310 310 276 276 276 276 276 268 268 268 251 251 258 190 190 190 232 232 190 190 214 190 169 169 169 169 169 169 169 169 160 165 165 165 160 131 131 131 131 131 132 107 107 92 92 92 92 92 85 85 85 85 85 61 61 64 64 70 20 20 20 20 20 20 20 20 20 20 25 16 16 7 
329 335 335 311 311 311 311 310 310 310 276 302 276 276 276 284 268 268 268 251 251 190 190 190 190 190 190 190 190 190 169 169 201 169 169 169 169 169 160 160 160 160 160 131 131 131 132 132 132 107 107 107 107 107 107 92 97 97 64 64 64 64 64 64 64 64 64 20 55 20 20 20 20 25 25 25 25 7 7 7 
329 329 329 329 311 311 321 311 311 311 276 302 276 276 276 276 265 265 265 265 251 251 190 190 190 190 190 190 190 169 169 169 201 169 169 169 166 166 166 172 144 144 144 144 131 131 132 132 132 120 120 107 107 107 107 92 97 97 64 64 82 82 64 64 64 64 64 20 20 20 7 7 37 25 25 7 7 7 8 8 
329 329 311 311 311 311 311 311 312 312 276 276 296 276 288 276 265 265 266 266 251 251 190 190 190 229 229 190 190 169 169 169 194 194 169 169 166 166 166 151 144 144 144 144 144 150 132 132 120 120 120 108 108 108 108 92 97 97 97 64 64 64 64 64 64 64 64 64 40 40 7 7 7 25 25 7 8 8 8 8 
329 329 311 322 322 322 322 319 312 313 276 276 296 276 276 276 276 265 190 190 190 190 190 190 190 190 220 220 220 169 169 194 194 169 169 169 169 166 166 151 151 151 151 156 144 144 144 137 120 120 120 108 108 108 108 92 97 97 97 64 64 64 64 64 64 64 40 40 40 40 47 40 7 7 7 7 8 8 8 8 
311 311 311 311 311 324 319 319 312 313 276 276 276 276 276 276 276 265 190 190 259 190 190 190 240 190 220 215 215 215 169 169 202 169 184 184 169 169 166 166 166 166 151 156 144 144 145 137 120 120 120 120 108 108 109 92 97 97 98 83 83 64 64 52 52 52 40 40 40 40 40 40 9 9 9 9 9 9 9 9 
311 311 311 311 311 324 319 319 312 312 297 297 297 260 260 277 277 265 265 190 190 190 190 190 190 190 220 215 195 195 195 169 169 169 181 181 181 169 169 169 166 166 151 151 151 151 137 137 120 120 120 120 109 109 109 92 98 98 98 83 83 64 64 75 52 52 40 40 40 40 40 9 9 10 10 9 9 21 9 9 
311 311 311 311 311 319 319 319 312 312 297 297 297 260 260 260 260 260 265 265 190 190 190 190 190 215 215 215 195 195 195 195 169 169 181 181 181 169 169 169 169 157 157 157 133 133 137 138 110 110 110 121 109 109 109 92 92 92 92 83 83 64 64 75 52 40 40 40 40 40 9 9 10 10 10 10 10 21 10 10 
311 311 311 330 319 319 319 319 312 260 260 260 260 260 285 285 278 260 260 260 260 248 248 215 215 215 195 195 195 195 195 195 169 169 173 173 173 173 173 173 157 157 157 157 133 133 137 110 110 128 110 110 110 109 109 92 92 92 92 92 83 83 79 52 52 40 40 40 56 9 9 12 10 10 28 28 10 10 10 11 
311 311 311 330 319 319 319 319 312 312 298 285 285 285 285 278 278 260 260 260 260 248 248 215 241 195 195 195 195 195 195 195 195 195 173 173 157 157 157 157 157 167 133 133 133 133 133 110 110 110 103 103 110 110 110 92 92 92 79 79 79 79 79 52 56 56 56 56 56 9 48 12 12 34 17 17 17 17 17 11 
336 336 336 325 325 325 319 319 290 290 298 298 298 285 285 278 279 260 260 260 260 248 248 215 195 195 230 195 195 211 211 206 195 195 173 173 157 157 157 157 168 133 133 153 153 133 133 110 110 110 103 103 103 103 103 103 79 79 79 93 79 79 52 52 52 52 52 52 52 9 9 41 12 34 17 17 26 11 11 11 
336 336 336 325 291 291 306 306 290 290 290 290 299 290 278 278 269 269 269 249 249 252 215 215 195 222 222 222 195 211 211 206 173 173 173 176 176 157 157 157 168 133 133 153 154 133 139 139 110 110 103 103 103 103 103 104 79 79 79 42 42 42 52 52 52 52 52 52 52 52 9 41 12 17 17 17 11 11 11 11 
336 336 336 325 291 291 306 306 290 290 290 290 290 290 278 278 269 270 270 249 249 215 215 215 195 195 195 223 195 216 206 206 173 173 173 176 176 157 157 157 168 168 133 153 133 133 133 133 133 99 99 99 103 103 103 104 79 79 79 42 42 42 9 9 9 57 57 52 52 52 9 12 12 17 17 17 11 11 11 11 
325 325 325 325 291 291 306 306 306 306 306 290 290 278 278 278 269 249 249 249 249 215 215 215 233 233 195 195 195 216 206 206 173 173 173 176 176 157 157 157 157 153 153 153 133 133 133 133 133 99 99 99 99 111 111 42 42 42 42 42 42 84 9 9 9 57 57 57 57 9 9 12 35 17 17 17 11 11 11 11 
325 325 331 331 291 291 291 291 291 307 307 290 290 291 278 278 269 249 249 249 249 253 249 203 203 203 203 224 203 203 203 203 203 196 173 182 176 176 157 157 157 153 153 153 129 129 129 129 129 129 124 94 99 111 111 42 99 99 99 94 42 9 9 9 9 9 9 57 57 9 12 12 35 35 12 12 12 12 12 12 
325 325 331 331 291 291 291 291 291 307 307 291 291 291 261 261 269 249 249 249 249 249 249 203 234 234 203 203 203 212 212 196 196 196 173 182 182 157 157 157 157 153 153 153 129 129 129 129 129 129 124 94 99 99 99 99 99 94 94 94 42 9 73 73 73 9 9 57 57 9 12 12 12 12 12 22 22 22 12 12 
325 325 291 291 291 291 291 291 291 307 307 291 291 291 261 261 261 261 261 261 261 203 203 203 234 234 203 203 203 203 196 196 204 196 173 183 183 157 157 157 157 157 161 124 124 124 124 129 129 129 124 94 118 94 94 94 94 94 42 42 42 9 9 9 9 9 9 9 9 9 49 42 22 22 22 22 23 23 12 12 
325 325 291 291 291 291 291 320 291 291 291 291 292 292 261 261 261 261 261 261 261 203 203 203 203 203 203 203 203 203 196 196 196 196 173 173 173 173 157 157 157 157 161 124 124 124 124 124 124 124 124 94 94 94 94 94 94 94 42 42 42 42 42 42 42 42 42 42 42 42 42 42 22 22 22 22 23 23 12 12 
