317 317 317 279 279 279 279 279 283 283 283 267 267 267 228 228 260 228 228 228 228 228 228 228 197 197 197 197 197 197 197 197 197 197 189 189 176 176 176 160 160 160 160 160 160 147 147 114 114 114 114 114 114 114 114 72 72 72 72 72 72 72 72 72 72 1 1 1 1 1 1 1 1 1 22 22 22 1 1 1 
317 317 317 279 297 279 279 279 279 289 267 267 267 267 228 228 228 228 229 229 228 228 228 228 197 197 197 197 197 197 197 198 198 198 189 176 176 176 176 160 160 160 160 160 160 147 148 114 114 114 114 114 114 114 72 72 100 100 48 48 48 48 48 72 72 1 1 59 59 56 1 1 1 1 22 1 1 1 2 2 
279 279 317 279 297 297 297 279 279 289 267 267 267 267 228 228 229 229 229 229 229 229 228 228 197 197 197 197 197 197 197 189 189 189 189 176 176 176 176 176 176 172 160 160 160 147 147 88 136 136 114 114 125 119 72 72 48 48 48 48 48 86 48 48 48 48 1 56 56 56 1 1 1 1 1 1 17 17 2 2 
279 279 279 279 297 297 279 279 279 279 284 267 267 267 267 267 229 229 229 229 229 229 229 228 228 228 197 197 208 208 208 189 189 189 183 183 183 172 172 172 172 172 163 163 147 147 147 88 132 132 132 125 125 119 72 72 48 48 48 48 86 86 48 48 48 48 1 56 56 34 34 34 34 34 1 1 17 3 3 3 
279 279 279 279 279 279 279 279 279 279 284 241 241 241 241 241 241 241 241 241 241 241 229 229 228 228 197 197 208 208 208 189 189 189 183 190 183 172 172 172 172 172 163 164 147 147 147 88 132 132 125 125 119 119 72 109 72 72 93 48 86 87 1 1 1 1 1 17 17 34 17 17 17 17 17 17 17 3 4 4 
279 279 318 279 279 279 291 291 291 279 284 241 241 241 241 241 241 241 241 251 183 183 239 229 229 229 197 197 208 183 183 183 183 183 183 190 183 183 183 163 163 163 163 163 147 147 147 88 132 132 125 119 119 120 72 72 72 72 48 48 86 87 1 73 73 1 1 17 17 34 17 17 17 17 17 3 3 3 4 5 
318 318 318 306 306 279 279 279 279 279 284 241 241 241 241 241 241 241 241 183 183 183 239 183 183 183 183 183 183 183 209 183 183 195 195 185 185 153 153 163 163 163 163 163 149 149 149 88 88 88 125 119 119 120 72 72 72 72 48 48 86 1 1 73 73 17 17 17 17 34 17 17 35 35 17 3 18 18 4 5 
318 306 306 306 279 279 279 279 279 279 279 279 241 241 241 241 241 241 241 183 242 183 183 183 220 220 220 220 183 183 185 185 185 195 195 185 186 153 153 153 153 153 153 153 149 149 149 88 88 88 88 88 88 120 72 72 72 48 48 48 90 1 1 1 73 17 17 17 17 17 17 17 35 17 17 3 3 5 5 5 
318 306 306 306 279 279 279 279 279 276 276 280 241 241 241 261 261 241 241 183 242 242 183 183 220 220 220 214 214 185 185 191 185 185 185 185 186 153 139 139 139 153 153 153 153 153 145 145 128 128 128 128 88 88 88 88 88 48 94 48 48 48 48 48 48 62 62 17 17 45 45 45 35 17 17 3 3 5 5 5 
318 318 298 298 298 298 298 279 279 276 276 280 241 241 241 241 241 241 183 183 243 243 183 183 230 230 214 214 185 185 199 191 191 191 191 95 95 153 139 181 139 173 139 139 139 139 145 145 128 128 129 129 110 110 88 88 88 48 48 48 63 63 63 63 48 48 62 62 17 45 45 45 35 35 17 3 23 3 3 5 
318 318 298 298 303 303 276 276 276 276 276 276 276 276 241 241 241 241 183 252 243 244 183 183 230 214 214 221 185 199 199 205 199 199 191 95 95 139 139 181 139 139 139 95 95 139 139 139 139 128 128 110 110 110 88 88 88 101 63 63 63 63 63 63 74 48 48 48 17 17 17 17 42 17 17 3 3 3 3 5 
318 310 310 298 298 304 276 276 276 281 281 281 278 241 241 241 247 247 252 252 243 230 230 235 230 214 221 221 185 199 199 205 199 200 191 191 95 95 95 95 95 95 95 95 95 95 95 95 140 128 128 110 110 110 110 110 88 101 63 63 63 63 63 63 63 63 63 48 48 48 48 17 17 17 24 24 24 3 3 5 
310 310 309 309 298 304 276 276 276 281 262 262 278 241 241 241 247 247 252 243 243 230 230 230 230 214 221 185 185 199 199 205 199 187 187 187 187 95 95 95 95 146 146 146 146 154 150 95 95 128 128 110 110 121 110 110 88 88 88 88 88 88 63 63 63 69 63 26 26 26 49 26 26 36 24 24 24 3 5 5 
310 310 310 310 298 298 299 281 281 281 262 262 262 262 241 241 247 247 252 247 247 230 230 233 233 214 214 185 185 199 210 199 199 187 188 188 188 177 177 177 177 146 146 146 146 146 150 146 95 95 128 110 110 121 110 110 95 95 95 92 69 69 69 69 69 69 63 26 26 26 49 26 26 26 24 24 24 3 3 6 
311 311 311 311 298 298 281 281 285 285 262 262 262 262 241 241 247 247 247 247 247 230 230 233 214 214 214 222 185 199 199 199 203 187 187 192 177 177 177 177 178 146 146 146 161 146 150 146 95 95 128 121 121 121 111 111 95 102 92 92 69 69 46 46 46 46 63 26 26 49 49 26 29 26 26 26 3 3 3 6 
311 311 312 312 298 298 298 285 285 285 285 262 271 271 271 247 247 254 247 247 247 230 230 230 214 226 226 222 187 187 187 187 187 187 187 187 177 177 177 177 178 146 146 146 161 146 146 146 95 95 95 121 121 121 111 95 95 102 92 92 69 69 46 76 75 46 63 63 26 49 26 26 29 29 26 26 3 6 6 6 
312 311 312 312 298 298 298 285 262 262 262 262 271 271 272 247 254 254 247 247 247 230 230 230 214 214 222 222 187 187 187 187 187 187 187 187 177 177 177 177 137 146 146 146 161 146 146 137 137 137 95 95 95 95 111 95 95 92 92 92 80 80 46 46 75 46 46 46 26 26 26 43 43 29 29 3 3 6 7 7 
312 312 312 312 298 298 298 285 262 262 262 262 262 262 262 247 247 255 247 247 247 245 234 234 234 214 222 222 187 187 187 187 187 201 177 177 177 177 177 137 137 174 165 165 151 151 151 137 95 95 95 95 95 95 95 95 95 92 80 80 80 80 80 46 46 46 46 46 60 50 50 3 3 3 3 3 6 6 7 8 
312 312 312 298 298 298 285 285 285 285 262 262 262 262 262 268 247 247 247 247 247 245 234 234 214 214 222 222 214 214 187 187 187 201 177 177 177 177 137 137 137 137 165 166 151 151 151 137 95 95 95 95 95 95 95 92 92 92 80 80 80 80 80 46 46 46 46 46 60 50 51 3 3 37 6 6 6 8 8 8 
312 312 312 298 298 298 285 285 285 285 273 273 273 273 262 262 262 234 234 234 234 245 234 234 214 214 214 214 214 215 211 206 187 201 177 177 177 177 137 137 137 137 165 137 137 137 137 137 141 92 92 92 92 92 92 92 96 96 80 80 80 80 80 46 50 50 50 50 50 50 51 46 3 37 6 6 8 8 14 9 
319 319 319 290 290 290 290 290 290 273 273 273 273 273 273 262 262 234 234 234 234 245 234 223 223 231 214 214 184 184 211 206 184 184 193 193 177 177 137 137 137 137 137 137 155 155 141 141 141 92 126 126 126 92 92 107 96 96 96 66 66 46 46 46 50 50 46 46 51 51 51 46 3 30 6 6 6 19 9 9 
313 313 313 313 307 292 292 290 290 273 273 273 277 269 269 269 234 234 234 234 234 234 234 223 223 223 223 223 184 184 184 206 184 184 193 193 177 177 137 137 137 137 137 155 155 141 141 142 142 92 92 103 103 122 115 107 96 96 96 66 66 46 46 46 46 46 46 46 46 46 46 46 3 30 6 6 6 19 9 10 
313 313 307 307 307 292 292 290 290 290 286 277 277 269 269 234 234 234 234 234 234 234 234 223 223 224 224 224 184 216 184 184 184 184 184 193 167 167 167 167 167 167 167 155 155 141 141 142 92 92 92 103 122 122 115 107 107 96 96 66 66 66 66 66 66 70 61 61 61 46 46 47 3 30 30 27 19 19 9 9 
307 307 307 292 292 292 292 292 292 286 286 277 277 277 269 234 234 234 234 248 248 234 234 234 223 224 224 225 184 184 184 204 204 184 184 193 167 167 167 167 167 167 167 167 155 155 141 142 92 92 92 103 103 103 115 112 103 103 66 66 66 66 71 71 66 66 61 61 44 44 52 47 3 3 27 27 19 19 11 11 
307 307 307 292 292 292 295 295 286 286 263 263 263 263 269 234 234 256 234 234 234 234 234 234 223 223 225 225 184 184 184 204 184 184 193 193 167 167 167 167 167 167 141 141 155 155 141 141 92 92 92 130 103 103 115 112 103 103 66 66 66 71 71 71 71 66 66 61 44 44 44 47 3 3 27 3 3 19 11 11 
292 292 292 292 292 292 295 296 286 286 263 263 263 263 269 263 263 256 236 236 236 236 236 236 225 225 225 184 184 184 184 204 184 184 193 193 167 167 167 167 141 141 141 141 141 141 141 141 143 92 92 103 103 112 112 112 103 103 66 66 71 71 81 77 71 61 61 61 44 44 44 44 3 27 27 3 3 3 3 11 
292 292 292 292 292 292 295 293 293 286 286 263 263 263 263 263 264 256 236 236 236 236 236 236 225 232 184 184 218 184 184 204 204 184 184 184 184 184 141 141 141 169 169 131 131 143 143 143 143 133 133 103 103 103 103 103 103 104 66 66 71 71 71 77 71 61 61 44 44 44 53 44 3 3 3 3 20 3 3 11 
292 292 320 263 300 293 293 293 263 263 286 263 256 256 274 256 256 256 236 236 249 236 236 236 225 232 184 184 184 184 184 184 184 184 184 184 184 184 141 141 141 169 169 131 131 131 152 97 97 133 97 97 123 123 97 97 97 97 97 71 71 71 71 71 71 32 32 64 44 44 53 44 44 20 20 20 20 3 11 11 
292 292 263 263 300 293 293 263 263 263 263 263 256 256 256 256 257 257 225 225 249 236 236 236 225 232 170 170 184 184 207 207 184 184 184 184 184 184 141 170 170 170 170 131 162 131 131 97 97 97 97 123 123 97 97 97 97 98 98 71 82 82 82 32 32 32 32 64 31 31 31 31 31 20 20 20 20 3 3 3 
292 292 263 263 300 305 293 263 263 263 256 256 256 225 225 270 225 225 225 225 225 225 236 236 225 232 170 170 170 170 170 194 194 194 194 194 141 141 141 170 179 131 131 131 131 156 131 97 144 97 97 123 123 97 98 98 108 98 71 71 82 82 83 57 57 57 32 32 31 38 38 38 31 31 31 20 20 3 3 3 
263 263 263 263 300 300 293 293 263 263 256 256 225 225 225 225 225 225 225 225 225 225 236 236 225 225 170 170 170 217 194 194 196 196 196 141 141 141 170 170 179 131 131 131 131 156 131 97 97 97 97 123 123 97 98 98 108 98 71 91 91 83 83 57 57 57 57 32 32 32 32 38 38 38 32 20 20 20 3 3 
263 263 263 263 263 300 300 293 263 263 263 263 225 225 225 225 225 225 225 225 225 225 225 225 225 225 170 194 194 194 194 196 196 196 196 141 141 141 170 179 179 131 171 131 131 131 131 134 134 138 97 97 97 97 98 98 98 98 71 71 83 83 84 78 67 67 57 57 57 57 32 32 32 32 32 20 20 3 3 12 
263 263 314 314 263 263 263 293 293 263 263 263 225 225 238 238 238 238 238 238 238 238 240 225 225 225 170 194 170 170 170 170 170 170 170 170 141 141 170 179 179 131 131 131 131 131 131 134 134 134 134 131 116 116 116 105 105 105 71 71 83 83 78 78 67 67 67 54 54 54 54 12 12 39 12 12 15 15 15 12 
301 301 301 301 263 263 263 263 263 263 263 263 238 238 238 250 250 258 238 238 238 238 240 225 225 225 170 170 170 212 212 170 170 170 170 170 141 141 170 182 131 131 131 131 131 157 131 131 131 131 131 131 116 116 116 105 105 105 71 78 78 78 78 79 67 67 54 54 55 55 55 12 12 12 12 12 15 15 12 12 
301 301 301 301 301 301 301 263 263 282 282 238 238 238 238 250 250 258 238 238 238 238 168 168 168 168 168 168 219 212 212 170 170 170 170 170 170 170 170 182 131 131 131 157 157 157 131 131 135 135 113 113 113 113 113 113 105 105 71 78 78 78 78 54 54 54 54 55 55 55 55 12 12 12 33 12 15 15 12 13 
301 301 301 315 302 302 302 282 282 282 265 265 265 265 275 250 250 250 250 250 250 238 168 237 168 227 227 168 212 212 212 170 170 170 170 170 170 170 170 131 131 157 157 157 158 158 117 117 135 135 113 113 113 124 117 71 71 71 71 71 71 71 71 54 54 54 68 55 55 55 55 12 12 12 33 12 12 21 12 12 
301 321 301 301 302 302 302 282 287 287 265 265 265 265 265 265 265 259 253 250 250 238 168 168 168 227 227 168 212 212 212 170 170 168 168 170 170 170 170 180 180 157 157 157 157 159 117 117 135 135 135 117 117 117 117 71 106 106 99 71 89 89 71 54 54 71 25 25 25 25 25 25 40 40 33 28 12 16 16 12 
301 301 301 301 308 302 302 282 282 287 287 246 265 265 246 246 246 259 253 250 250 238 238 238 213 213 227 168 168 168 168 170 170 168 168 168 168 168 168 168 168 168 157 157 157 157 117 117 135 135 135 117 117 117 118 71 71 71 99 71 89 71 71 71 71 71 25 65 25 25 25 25 25 25 33 28 12 16 12 12 
301 301 316 316 294 294 294 294 282 282 288 246 246 265 246 246 246 246 253 250 250 246 213 213 213 213 213 213 213 213 168 168 168 168 168 168 168 168 168 168 175 168 168 168 117 117 117 117 117 117 117 117 127 117 117 71 71 71 71 71 89 71 71 71 25 25 25 65 25 58 25 41 41 25 25 28 12 12 12 12 
301 301 316 316 294 294 294 294 294 282 282 282 246 246 246 246 266 246 246 246 246 246 213 213 213 213 213 213 213 213 213 168 168 202 168 168 168 168 168 168 175 175 168 168 117 117 117 117 117 117 117 117 117 117 117 71 71 71 71 85 85 85 85 25 25 65 65 65 25 25 25 41 41 41 25 25 25 12 12 12 
