322 322 322 290 290 290 290 290 290 294 294 282 282 264 264 264 264 264 264 264 219 219 219 229 229 229 229 229 229 219 219 219 211 211 148 148 148 148 148 148 148 165 165 165 165 148 148 148 50 50 50 50 127 50 50 95 95 95 104 95 95 65 65 65 65 65 65 65 23 23 23 23 23 35 23 23 1 1 1 1 
322 322 322 290 290 290 290 290 290 294 294 282 282 264 264 264 264 264 264 264 219 219 219 229 229 219 219 219 219 219 148 148 211 148 148 148 148 148 148 148 148 148 148 148 148 148 144 50 50 135 135 50 127 50 50 50 50 95 95 95 96 65 65 65 65 65 50 50 23 23 23 23 23 23 23 1 1 18 2 2 
322 323 323 290 290 290 290 290 290 290 290 290 282 282 278 264 264 264 264 264 219 219 219 229 229 219 220 220 219 219 148 148 148 148 205 187 187 148 148 148 148 148 166 156 156 156 144 50 50 135 136 50 50 50 117 117 50 50 50 50 50 50 50 65 65 65 50 50 57 57 50 23 23 18 18 18 18 18 2 2 
322 290 290 290 290 290 290 290 290 295 283 283 282 282 278 264 264 264 219 219 219 219 219 219 219 219 220 220 220 220 148 220 148 148 205 187 187 187 187 148 148 166 166 156 156 156 144 50 50 135 69 69 69 123 69 69 69 69 69 69 97 89 50 50 50 50 50 50 50 50 50 23 23 18 27 18 18 18 2 2 
322 290 290 290 290 290 290 290 290 283 283 283 283 283 278 264 264 264 219 219 258 219 219 219 194 194 220 220 230 220 148 220 205 205 205 187 187 187 187 148 148 166 166 166 166 157 144 149 144 133 133 133 69 69 69 69 69 69 105 69 89 89 69 69 69 69 69 37 37 50 50 23 23 18 18 18 18 18 2 2 
317 317 317 317 306 306 306 303 303 283 283 219 219 219 278 219 219 219 219 219 258 249 249 249 194 194 236 220 220 220 148 220 205 205 205 157 157 157 157 157 157 166 166 157 157 157 144 144 144 133 118 118 118 69 69 69 113 69 69 69 89 69 69 51 51 51 70 37 37 37 37 23 23 36 28 3 3 3 3 3 
317 317 317 318 306 306 306 306 296 296 283 219 219 219 219 219 219 219 219 259 249 249 249 249 194 194 194 220 220 220 220 220 205 205 157 157 157 157 154 154 157 157 157 157 158 158 133 133 133 133 118 118 118 69 69 69 113 69 69 100 69 69 85 51 51 51 51 37 37 37 37 28 28 28 28 3 3 4 4 4 
317 317 317 318 306 306 306 306 296 283 283 219 219 219 219 219 219 219 219 259 249 249 249 249 194 194 194 194 220 220 221 205 205 205 157 157 157 157 154 154 154 158 158 158 158 159 133 133 107 107 137 134 118 118 69 69 113 69 69 69 69 85 85 51 51 51 51 51 58 58 37 28 28 28 29 24 3 4 5 5 
311 311 324 318 306 306 306 306 296 283 283 219 219 219 219 219 267 267 259 259 259 234 234 234 194 194 224 194 194 194 221 221 194 194 194 194 157 157 154 154 154 158 158 154 154 159 154 107 107 134 134 134 118 118 69 69 69 69 69 69 82 82 82 51 51 51 51 51 51 51 37 37 43 37 24 24 3 4 5 5 
311 311 318 318 311 311 306 306 296 296 283 283 219 219 279 274 267 267 259 259 259 234 234 234 240 240 224 194 194 194 194 194 194 194 194 194 194 192 154 154 183 154 154 154 154 154 154 107 134 134 138 118 118 118 118 69 69 90 90 90 82 82 82 82 51 66 51 51 51 51 51 37 37 37 24 25 3 4 4 6 
311 311 318 311 311 312 306 306 296 296 283 283 284 284 274 274 267 267 267 252 252 255 252 234 240 240 224 194 194 194 194 194 206 206 206 194 194 192 154 154 154 154 160 160 160 160 107 107 134 134 138 118 128 118 118 69 69 90 90 90 82 82 83 83 51 66 66 66 51 52 52 24 24 24 24 3 3 6 6 6 
311 311 311 311 283 283 283 283 304 283 283 270 270 270 274 274 267 267 252 252 252 255 252 234 234 224 224 194 194 194 194 194 174 174 174 174 174 192 154 154 154 177 160 160 160 160 107 134 134 134 138 118 118 118 118 118 106 106 106 90 90 90 83 83 51 51 51 51 51 24 24 24 38 38 3 3 20 6 6 6 
311 311 319 319 283 308 308 283 283 283 270 270 288 270 274 274 267 267 252 252 252 252 252 234 234 224 224 224 224 224 224 174 174 199 199 199 174 174 174 174 174 177 160 160 160 160 107 134 134 124 124 124 124 124 118 118 106 106 106 90 90 71 71 71 71 71 71 51 51 59 38 38 38 39 3 3 6 6 6 6 
311 311 319 283 283 308 308 270 270 270 270 270 270 270 274 274 270 252 252 252 244 244 234 234 231 231 231 231 224 224 225 174 199 199 188 188 188 188 188 174 174 177 160 160 160 160 107 107 107 124 124 124 125 125 118 118 106 106 106 71 71 71 38 38 38 38 38 38 38 38 38 44 44 30 30 3 6 6 14 7 
331 283 283 283 309 309 309 270 285 270 270 270 270 270 274 274 270 252 268 244 244 244 234 250 231 231 231 231 231 225 225 174 174 212 188 188 188 188 189 174 174 174 160 160 160 160 107 107 107 124 124 124 107 107 118 118 107 107 107 71 98 91 38 38 38 38 38 38 53 53 53 44 45 30 30 3 6 6 14 7 
331 283 283 283 270 270 270 270 285 285 285 270 270 270 275 275 270 252 268 244 244 244 234 250 231 231 231 231 231 225 225 174 174 170 170 170 170 170 170 174 174 174 174 160 160 150 150 150 107 124 124 107 107 107 107 119 107 108 108 71 71 91 38 38 38 38 38 38 53 53 53 44 45 30 30 3 3 3 14 7 
331 283 283 283 270 270 270 270 270 297 285 285 285 270 270 270 270 252 252 252 244 244 234 234 234 234 237 234 174 174 174 174 214 170 170 195 170 170 170 170 178 178 170 170 150 150 150 150 107 139 139 107 114 114 107 107 107 108 108 71 71 86 86 38 38 76 44 44 44 44 53 44 44 3 3 3 3 3 7 7 
331 283 283 270 270 270 270 270 270 276 276 276 285 285 276 276 244 244 244 244 244 244 244 244 244 234 234 234 174 227 214 214 214 170 170 195 195 193 170 170 178 178 170 170 150 150 151 151 107 107 107 107 114 114 114 114 114 108 108 71 71 86 61 61 61 44 44 44 44 44 44 44 44 3 31 26 3 3 15 8 
325 325 325 316 316 270 270 270 270 276 276 276 276 276 276 277 244 244 244 244 238 238 238 238 238 238 234 234 174 174 214 214 214 170 207 184 184 193 170 170 170 170 170 170 150 150 151 151 114 114 114 114 114 114 114 115 115 101 101 101 71 71 61 61 61 44 44 44 60 60 44 44 44 3 3 26 3 3 15 8 
325 326 326 316 270 270 270 270 270 298 276 276 277 277 277 277 271 238 238 238 238 256 238 238 238 238 235 235 174 174 222 222 207 207 207 184 184 184 184 184 170 170 150 150 150 114 114 114 114 140 140 114 114 126 120 101 101 101 101 101 71 71 87 61 61 72 72 44 44 44 44 47 3 3 3 8 8 15 15 8 
325 305 305 316 270 270 270 270 270 276 276 276 277 277 271 271 271 238 245 245 245 245 245 251 238 238 235 235 174 207 207 207 207 208 208 184 184 184 184 184 150 150 150 161 161 114 114 114 114 140 140 114 114 114 120 101 101 101 102 102 87 87 87 61 61 61 61 61 61 61 3 3 3 3 3 8 8 15 15 8 
325 305 305 316 270 270 307 307 276 276 276 276 277 277 271 271 238 238 245 245 245 245 245 245 245 238 238 235 174 207 207 207 207 208 208 184 184 184 184 184 150 161 161 161 161 161 145 145 145 140 140 114 114 114 79 101 101 101 102 87 87 87 61 61 61 61 3 3 3 3 3 3 3 3 3 8 8 15 15 8 
325 305 305 316 276 276 307 307 276 299 291 291 238 238 238 238 238 246 245 245 245 245 235 235 235 235 235 235 174 184 184 184 184 184 184 184 196 184 184 150 150 121 121 171 167 145 145 152 140 140 140 114 114 79 79 101 101 101 102 87 87 87 61 61 61 61 48 48 62 48 48 3 3 40 3 8 8 8 8 8 
305 305 305 276 276 276 276 276 276 299 291 238 238 280 280 238 238 246 246 246 246 253 235 235 235 235 239 174 174 184 184 184 184 184 184 200 196 190 190 150 175 121 121 167 167 145 152 152 140 140 140 129 129 79 79 79 101 101 102 87 87 87 61 61 61 61 48 48 48 48 48 48 3 3 3 8 8 8 8 8 
305 329 305 276 276 276 276 291 291 291 291 232 232 280 257 257 257 257 257 246 246 253 253 235 235 235 184 184 184 184 184 184 184 184 184 196 196 190 150 150 175 121 121 167 145 145 152 129 129 129 129 129 130 79 79 79 101 101 102 87 87 87 61 61 77 77 48 48 48 48 9 9 9 9 9 9 9 9 9 9 
305 329 305 276 276 305 305 291 291 232 232 232 232 280 257 257 257 257 257 246 246 246 246 246 246 184 184 184 184 184 184 215 215 184 201 196 196 190 150 185 175 179 121 121 145 145 145 129 129 129 129 129 130 79 79 79 102 102 102 87 87 79 79 79 67 67 67 67 48 48 9 9 9 9 9 21 21 9 9 10 
305 329 305 305 305 305 305 305 305 232 232 232 232 232 232 257 257 257 257 260 260 257 232 232 232 184 184 184 184 184 184 184 184 184 201 201 196 150 150 175 175 175 175 121 121 121 145 129 129 129 141 116 116 79 79 79 79 79 79 79 79 79 88 79 67 67 67 67 48 48 13 13 13 13 13 13 13 16 10 10 
305 305 313 313 313 313 286 286 286 286 286 232 286 286 232 257 257 257 257 257 257 257 232 232 232 232 232 232 232 184 184 216 216 202 202 202 196 150 191 175 175 175 150 150 168 121 121 129 129 142 141 116 116 79 79 79 79 109 109 79 79 92 88 79 79 13 13 13 13 13 13 13 13 13 22 13 13 16 10 10 
305 305 289 289 289 289 286 286 286 286 286 286 286 287 232 232 232 232 232 232 261 232 232 232 241 241 209 209 209 209 209 209 209 202 202 196 196 150 150 150 150 150 150 150 162 162 121 141 129 141 141 116 116 79 79 103 103 103 103 80 80 80 80 80 80 13 13 13 63 13 13 13 13 13 22 22 22 16 10 10 
305 305 289 289 289 289 286 286 286 286 286 292 287 287 232 232 272 232 232 232 232 232 247 247 241 241 209 209 209 209 209 217 209 202 202 196 196 172 172 172 180 150 150 150 162 163 121 141 141 141 121 121 116 116 116 103 103 103 103 80 80 93 84 84 68 68 73 13 63 13 13 13 13 13 22 22 16 16 10 10 
332 289 289 289 289 289 286 286 286 300 286 292 287 269 269 269 269 232 232 232 232 226 226 247 247 241 209 209 217 217 217 217 209 209 209 196 196 172 176 172 180 180 172 172 162 121 121 121 121 121 121 121 116 116 116 116 116 103 103 103 80 80 84 68 68 68 68 13 41 41 54 13 13 13 32 16 16 16 16 11 
332 289 327 289 310 310 310 289 289 300 286 289 289 269 269 269 269 269 269 226 226 226 226 226 226 241 209 209 217 217 217 217 217 196 196 196 197 172 176 172 172 172 172 162 162 121 155 121 146 121 121 121 121 121 94 94 94 111 94 94 80 80 68 68 68 68 68 13 41 41 41 41 41 41 32 16 16 16 17 11 
333 289 327 289 289 289 289 289 289 289 289 289 269 269 281 269 262 262 262 226 226 226 226 226 226 226 226 226 233 196 196 196 196 196 196 196 196 172 176 176 176 181 162 162 162 121 121 121 146 121 121 121 121 121 94 94 94 111 94 94 80 80 68 68 68 68 68 13 13 49 49 49 41 41 32 17 17 17 17 11 
333 289 289 289 314 302 302 301 301 289 289 289 269 269 269 269 262 262 262 226 226 242 226 226 226 226 226 226 233 196 196 196 210 210 196 196 196 172 172 176 176 181 162 162 162 153 153 153 131 131 131 131 131 121 94 94 94 94 94 94 99 56 56 68 68 68 68 68 13 13 13 13 32 32 32 17 19 19 11 11 
330 330 320 320 314 302 302 301 301 289 289 289 269 269 269 273 273 262 262 265 262 242 226 226 226 242 226 226 233 172 196 196 210 210 196 196 172 172 172 176 176 181 176 162 162 153 153 153 131 131 131 131 121 121 94 94 110 94 94 94 56 56 56 68 68 68 74 55 55 55 55 13 32 32 33 17 17 17 11 12 
330 330 320 321 314 314 302 302 301 301 266 266 266 266 269 266 266 262 262 262 262 242 242 242 248 242 226 226 233 172 172 223 218 210 210 172 172 186 186 186 176 176 176 164 164 153 153 122 122 131 131 131 121 121 121 94 110 110 110 56 56 56 56 68 81 68 68 55 55 55 55 13 42 42 17 17 17 17 11 11 
320 320 320 320 266 266 266 302 302 302 266 263 263 266 266 266 266 266 266 266 263 242 242 242 242 242 226 226 226 228 172 172 218 172 172 172 186 186 186 186 164 164 164 164 164 164 122 122 122 122 122 132 132 121 121 94 94 94 94 56 56 56 56 68 68 68 68 64 64 46 46 13 13 13 17 17 17 17 11 11 
320 320 320 320 266 315 266 302 302 266 266 293 263 266 266 263 263 263 263 263 263 254 254 242 242 243 226 226 226 226 226 172 172 172 203 203 186 186 164 164 164 182 169 169 164 164 122 122 143 143 122 122 122 122 122 112 112 112 94 56 56 94 56 56 56 56 75 64 64 46 46 46 46 13 17 17 17 17 11 11 
320 320 320 266 266 266 266 302 302 266 293 293 263 263 263 263 263 263 263 254 254 254 243 243 243 243 226 226 226 226 198 198 198 198 198 204 198 164 164 164 164 164 169 173 169 147 147 122 122 122 122 122 122 122 112 112 112 112 94 56 56 94 78 78 78 56 56 64 64 46 46 46 46 13 13 13 17 17 11 11 
320 320 328 266 266 266 266 266 266 266 293 293 263 263 263 263 263 263 263 254 254 254 243 243 243 243 226 226 226 226 198 198 198 213 198 198 198 164 164 164 164 164 169 169 169 147 147 147 147 122 122 122 122 122 112 112 112 112 94 94 94 94 78 78 78 78 56 56 56 56 56 46 46 34 34 13 13 13 13 13 
