331 331 246 246 246 315 315 287 287 287 287 287 287 254 254 254 254 254 254 254 167 167 167 213 213 213 213 213 213 213 167 167 167 167 167 185 167 167 167 167 152 152 152 141 141 141 112 112 112 81 81 81 81 81 81 81 81 81 81 81 81 66 66 66 55 55 55 34 34 34 34 34 26 26 24 1 1 1 1 1 
331 331 246 246 246 287 287 287 287 287 295 288 288 254 277 254 254 255 255 255 167 167 167 213 213 213 213 213 213 213 167 167 167 167 167 167 167 181 167 167 152 152 152 141 141 141 112 112 112 81 81 81 81 81 81 81 81 81 89 81 81 66 66 55 55 56 56 34 48 26 26 26 26 27 24 1 1 1 1 1 
331 331 246 246 246 287 287 287 287 287 287 288 288 254 277 254 260 255 255 215 215 215 167 167 167 167 213 213 220 167 167 167 167 167 186 186 163 163 163 163 163 141 141 141 112 112 112 112 112 120 81 81 81 81 81 81 81 81 89 67 67 73 73 55 55 50 50 34 34 26 26 26 26 26 1 1 1 1 1 1 
331 337 323 323 246 246 246 307 287 287 287 254 254 254 254 254 260 255 255 215 215 215 215 233 233 167 167 167 167 167 167 167 196 196 141 141 163 163 163 141 141 141 149 149 112 112 112 112 112 112 81 81 81 81 81 81 81 81 89 67 67 67 67 67 55 50 50 50 34 26 26 26 26 26 1 1 1 1 8 2 
331 323 323 323 323 323 246 246 302 287 287 254 254 254 254 254 260 255 255 256 215 249 215 215 215 215 174 174 174 203 208 141 141 141 141 141 141 141 141 141 141 141 149 149 112 112 136 121 121 112 112 112 81 81 81 81 89 89 89 67 67 67 50 50 55 50 50 34 34 26 26 26 26 26 1 1 12 12 2 2 
331 323 323 308 308 308 316 246 246 287 287 246 246 254 254 254 260 260 260 215 215 234 234 234 234 215 174 174 174 203 203 141 197 197 183 183 183 141 141 168 150 150 153 136 136 136 136 121 121 121 115 112 112 81 81 50 89 89 89 67 67 67 50 50 50 50 50 34 34 26 26 26 21 21 21 21 12 13 2 3 
331 338 308 308 309 308 308 308 246 246 246 246 246 246 246 246 246 246 215 215 250 234 234 234 215 215 174 174 174 214 203 203 197 197 183 150 150 150 150 150 150 150 153 136 136 136 136 121 121 122 115 105 105 81 81 50 89 89 50 50 50 50 50 26 26 26 57 26 26 26 26 21 21 21 21 2 12 13 2 3 
331 331 331 331 309 309 309 309 246 246 273 273 246 246 246 246 246 246 215 257 234 234 234 234 215 230 174 174 174 174 174 174 198 183 183 150 150 150 150 122 122 150 150 150 136 136 136 121 121 122 115 105 105 105 105 50 50 50 50 77 77 77 26 26 26 26 57 26 26 26 26 21 28 28 2 2 12 2 2 3 
310 310 310 310 310 310 309 309 300 300 273 273 273 273 273 273 246 246 246 246 246 235 235 242 215 215 215 215 215 215 174 174 198 183 190 122 122 122 122 122 122 122 122 136 136 142 137 122 122 122 115 105 105 105 105 74 74 90 90 77 77 77 26 68 26 26 26 26 41 41 41 21 28 28 2 12 12 2 3 3 
310 310 333 310 310 310 317 300 300 300 289 289 289 278 278 246 246 246 246 246 246 235 235 235 235 216 216 216 174 174 174 198 198 183 183 122 156 156 156 156 156 156 122 136 142 142 137 122 123 123 115 105 105 74 74 74 74 74 77 77 77 26 26 26 26 26 26 41 41 42 42 21 31 28 2 12 12 2 2 2 
341 310 325 325 325 310 300 300 303 300 289 289 289 278 278 246 246 246 246 246 246 216 216 216 216 216 216 216 174 174 209 198 198 198 183 122 122 156 156 156 156 157 122 137 137 137 137 122 123 123 115 108 108 74 106 77 77 77 77 77 77 26 26 26 26 26 41 41 41 21 21 21 31 28 2 22 2 2 2 2 
310 310 325 325 325 310 300 300 300 300 278 278 289 278 278 251 268 251 251 251 246 246 246 210 210 210 216 216 216 174 174 204 183 183 183 122 122 128 128 128 128 128 122 122 122 122 122 122 123 123 115 108 108 74 106 77 77 77 77 77 64 64 64 64 64 26 41 41 41 21 21 28 28 28 2 2 2 2 2 2 
310 310 310 325 325 310 310 310 304 278 278 278 289 278 279 251 251 251 261 251 251 210 210 210 236 210 210 210 216 216 174 174 183 174 174 122 184 128 128 128 128 128 122 122 122 122 122 122 128 115 115 108 108 74 74 74 74 74 77 77 64 64 64 26 26 26 58 41 41 21 21 28 28 28 2 2 14 2 2 2 
310 310 310 304 304 304 304 304 304 278 278 278 278 278 279 261 261 261 261 237 237 210 210 222 222 222 222 210 210 210 210 174 174 174 174 184 184 174 174 128 128 128 128 128 128 128 128 128 128 115 115 108 108 108 97 97 97 74 74 74 74 78 74 26 58 58 58 51 21 21 43 21 21 21 14 14 14 9 9 4 
310 310 304 304 318 304 304 278 278 278 278 278 278 261 261 261 261 261 237 237 247 247 247 222 222 222 222 221 221 199 199 205 174 174 174 174 174 174 175 128 158 128 128 133 133 133 133 133 129 109 109 109 109 109 97 97 97 97 82 82 74 74 74 26 35 35 35 51 21 43 43 21 21 21 21 9 9 9 4 4 
310 310 304 318 318 318 318 278 278 278 278 261 261 261 252 252 262 262 237 237 247 247 247 237 237 222 222 222 222 199 199 199 199 199 128 128 128 128 128 128 158 158 154 129 129 129 129 129 129 109 109 109 109 91 91 98 98 98 82 82 82 59 59 59 35 62 35 35 21 21 21 21 21 21 21 9 9 4 4 4 
304 304 304 318 318 318 319 278 278 296 296 261 261 252 252 252 262 262 262 237 237 237 237 237 238 128 128 128 128 199 199 199 128 128 128 129 129 129 164 164 164 154 154 129 144 126 126 125 125 124 109 109 109 91 91 91 91 91 82 82 83 59 59 59 35 35 35 35 21 21 44 21 21 21 21 9 9 4 4 4 
304 304 304 278 278 278 278 278 296 296 297 252 252 252 252 252 252 262 262 252 252 238 238 243 238 128 128 128 128 199 199 199 128 128 129 129 129 129 154 154 154 154 129 129 144 126 126 125 125 124 91 91 91 91 92 92 91 91 91 63 63 59 59 59 35 35 35 35 45 45 44 21 21 21 21 9 9 4 4 5 
304 304 304 278 326 320 320 283 283 283 283 252 252 252 252 274 252 263 263 252 238 238 238 238 238 229 229 128 223 199 211 199 128 128 129 129 129 129 154 169 165 129 129 126 126 126 126 125 125 125 91 91 93 93 92 92 91 91 91 63 63 59 59 59 59 59 59 35 35 35 44 35 10 10 10 9 9 4 4 5 
304 304 278 278 320 320 283 283 283 283 283 266 290 280 280 252 252 252 252 252 238 229 229 229 229 229 128 128 223 199 199 199 128 128 129 129 129 129 154 154 165 129 151 126 126 126 126 125 125 125 91 91 93 93 92 92 92 92 92 63 63 63 63 59 59 59 59 35 35 35 35 35 10 29 10 10 10 10 10 5 
321 321 278 278 320 278 283 283 283 283 283 266 290 280 280 252 252 252 258 258 253 229 248 229 229 229 128 128 199 199 199 128 128 128 129 129 129 129 154 154 165 129 151 126 126 126 126 126 130 126 91 93 93 93 93 93 93 92 92 79 79 79 63 63 63 63 15 15 15 15 15 15 10 10 25 10 10 10 10 5 
321 321 334 278 278 278 311 311 283 283 283 266 266 266 266 266 252 252 258 253 253 229 229 229 128 128 128 128 199 199 199 128 200 200 191 159 159 129 129 129 129 129 151 151 145 79 79 126 126 126 91 91 93 93 93 102 93 93 93 79 80 80 69 69 32 32 32 32 32 32 36 15 15 10 10 10 10 10 10 5 
339 321 321 321 321 324 292 292 292 292 283 283 283 283 281 266 266 266 258 253 229 229 229 229 128 128 128 128 128 217 128 128 191 191 191 159 159 159 159 170 159 159 145 145 145 79 79 79 79 79 91 91 93 93 93 79 79 79 79 79 80 69 69 32 32 38 38 32 32 32 36 36 15 15 15 15 10 10 10 5 
339 339 321 321 321 324 292 292 305 292 292 292 283 283 281 258 258 258 258 253 229 229 229 229 239 206 206 206 128 128 128 206 191 192 192 159 182 182 159 159 159 160 145 145 146 79 116 116 116 79 79 79 93 93 103 79 79 79 94 80 80 69 32 32 38 38 38 38 38 32 32 37 23 23 23 15 15 5 5 5 
327 327 332 332 321 321 321 292 232 298 298 267 267 267 267 267 225 225 225 253 253 224 224 224 224 206 206 206 206 206 206 206 191 192 159 159 182 176 176 159 159 145 145 145 146 79 116 116 116 116 116 79 79 110 103 103 101 79 80 80 69 69 32 32 32 39 39 52 38 38 32 32 23 23 23 15 15 5 5 5 
327 327 327 327 327 321 321 292 232 267 267 267 282 282 282 267 267 267 225 231 231 224 224 224 224 224 206 218 218 218 206 206 191 192 159 182 182 176 177 145 145 145 146 146 146 79 138 116 116 116 117 113 79 79 79 79 101 79 80 80 69 69 32 32 32 39 39 39 39 38 38 32 32 23 23 23 16 5 5 5 
327 327 327 327 327 292 292 292 232 267 267 267 282 284 269 269 269 225 225 231 231 231 231 231 231 224 206 191 191 191 191 191 191 192 193 176 176 176 177 145 145 145 146 146 147 79 116 116 116 116 111 113 79 79 107 79 79 79 80 80 69 69 70 70 32 39 39 39 39 46 38 38 23 23 16 16 16 5 6 6 
342 327 327 327 327 292 292 292 232 232 267 267 282 282 269 269 269 225 264 231 231 231 231 244 231 224 224 191 191 191 191 191 191 201 176 176 178 178 145 145 161 161 147 147 147 79 116 116 116 116 111 111 111 111 107 79 79 80 80 84 84 47 47 47 32 32 32 53 39 39 39 39 23 16 16 17 17 5 6 6 
327 327 327 327 328 292 292 292 232 232 282 282 291 282 270 270 270 225 231 231 231 231 231 244 231 231 224 224 191 191 176 176 176 176 176 187 178 178 145 145 145 145 147 147 147 79 134 134 131 107 107 107 111 111 107 54 54 54 54 84 85 47 75 47 65 32 32 47 47 47 16 23 23 16 18 17 17 5 11 6 
327 335 335 292 292 292 312 312 232 282 282 282 282 282 270 270 270 225 231 231 231 231 231 225 225 225 225 176 176 191 176 202 202 176 176 176 179 178 178 171 145 145 155 79 79 79 134 131 131 107 107 107 107 107 107 54 99 99 54 54 47 47 75 47 65 32 60 47 16 16 16 23 16 16 18 18 18 5 6 6 
327 327 327 292 292 292 312 312 232 282 282 282 282 270 270 270 270 225 225 225 225 225 225 225 240 225 225 176 176 176 176 202 202 176 176 176 179 79 79 171 145 79 79 79 79 79 131 131 114 114 107 107 107 107 107 54 54 54 54 54 47 47 47 47 47 47 47 47 16 16 16 16 16 19 19 19 19 5 6 6 
327 327 327 327 327 292 292 232 232 282 282 293 282 270 270 270 270 225 225 245 245 245 245 240 240 225 225 225 176 176 176 176 176 176 176 176 179 79 79 79 145 79 143 143 79 79 131 135 114 114 114 114 95 95 95 95 95 100 54 54 71 71 71 47 47 49 49 16 16 16 16 16 16 19 19 19 19 5 6 6 
336 336 336 292 292 292 292 232 232 232 282 293 282 275 275 275 225 225 225 245 245 245 245 240 240 225 225 226 176 176 176 176 176 194 194 176 179 79 79 79 79 79 143 143 143 143 131 135 114 114 114 95 95 95 95 95 95 100 54 54 71 71 71 71 49 49 49 16 16 16 16 16 16 5 5 5 5 5 6 6 
336 336 313 313 313 313 313 313 232 232 282 293 282 275 275 275 225 225 225 245 245 245 245 240 240 232 226 226 176 176 176 176 176 176 176 176 179 179 179 172 79 79 143 143 118 118 131 131 114 114 114 95 95 95 95 95 95 95 95 54 54 54 76 72 49 49 49 49 49 16 16 40 33 5 6 6 6 6 6 6 
313 313 313 329 313 313 313 313 232 232 282 282 282 285 232 232 232 232 232 245 245 245 245 245 232 232 226 227 176 176 212 176 195 195 188 188 166 166 166 172 79 79 143 143 118 118 131 131 114 114 114 114 95 95 95 104 96 96 96 54 54 54 76 72 49 49 61 5 5 5 5 33 33 5 6 6 6 7 7 7 
313 313 313 329 329 301 301 301 306 232 294 294 232 232 232 276 232 232 232 232 232 232 232 232 232 176 176 176 176 176 212 176 195 195 188 189 166 180 166 166 79 79 143 143 118 118 118 118 127 114 114 114 95 95 87 87 96 88 88 88 86 54 72 72 54 54 54 5 5 5 5 33 33 5 6 6 7 7 7 7 
313 313 313 330 330 301 322 301 301 232 294 294 232 286 259 259 271 232 232 232 232 232 241 232 232 176 176 176 176 176 176 176 195 195 195 166 166 180 180 166 166 118 118 118 118 139 139 118 127 127 118 87 87 87 87 87 88 88 86 86 86 54 72 72 54 54 54 54 5 5 5 5 5 5 6 6 7 7 7 7 
340 301 301 330 330 301 314 314 301 232 299 294 232 286 259 259 259 232 232 232 232 232 241 232 232 219 228 228 207 207 176 176 195 166 166 166 173 173 173 173 148 162 139 139 139 139 118 118 132 118 118 87 87 87 87 87 88 88 88 88 54 54 54 54 54 54 5 5 5 30 30 30 30 30 6 6 20 7 7 7 
340 301 301 301 301 301 314 301 301 232 232 294 232 232 259 259 259 259 265 259 232 232 241 232 232 219 228 228 207 207 207 207 166 166 166 166 173 173 173 173 148 162 139 139 139 140 118 118 132 118 119 87 87 87 87 87 87 88 88 88 54 54 54 54 5 5 5 6 6 30 30 30 30 6 6 6 20 7 7 7 
340 340 301 301 314 314 314 301 301 301 232 232 232 232 259 259 272 259 259 259 232 232 241 241 241 219 219 219 219 219 207 207 166 166 166 166 173 173 173 173 148 148 148 148 148 140 140 118 118 118 119 87 87 87 87 87 87 87 87 87 87 54 54 54 5 5 6 6 6 6 6 6 6 6 20 20 20 7 7 7 
