354 354 354 301 301 333 333 333 311 311 311 311 311 300 300 276 276 276 276 276 276 276 256 256 256 256 256 229 229 229 238 202 223 223 189 189 189 189 189 194 189 189 170 170 170 170 86 158 158 142 142 142 133 133 133 110 110 110 95 95 95 95 95 86 73 73 66 66 48 48 48 48 1 1 1 1 1 12 12 1 
354 359 301 301 301 301 301 301 311 311 311 311 311 300 276 276 294 294 276 276 256 256 256 264 256 256 256 229 239 229 202 202 202 202 189 189 189 202 189 189 189 170 170 179 170 170 86 158 142 142 142 142 133 133 133 110 110 110 110 110 86 86 86 86 73 73 48 48 48 49 49 49 1 1 1 1 1 1 1 1 
354 301 301 348 336 336 336 301 301 301 321 318 312 300 276 284 284 284 290 284 256 256 256 264 264 264 256 229 239 239 202 202 202 202 202 202 202 202 189 189 170 170 170 170 170 170 86 158 142 142 142 142 142 133 133 110 110 110 110 111 86 96 96 87 73 73 48 48 48 48 48 37 37 1 1 21 21 2 2 2 
301 301 336 336 336 336 336 324 324 301 301 318 312 300 300 284 284 284 284 284 256 256 256 256 256 256 256 229 229 239 239 202 202 224 202 202 208 173 173 173 170 170 170 170 170 170 86 86 159 86 86 86 86 86 86 110 110 86 86 86 86 87 87 87 67 73 73 48 48 48 48 37 37 37 37 21 21 21 2 2 
336 336 336 336 345 337 337 324 324 324 301 312 312 300 300 300 268 268 285 285 268 268 268 268 268 256 256 256 229 229 229 229 229 213 213 213 173 173 197 173 173 170 170 170 170 152 152 86 86 86 136 136 136 136 86 126 86 86 113 87 87 87 67 67 67 77 21 21 21 21 21 50 21 21 21 21 5 5 5 3 
336 336 336 336 337 337 338 324 324 324 301 312 300 300 300 300 268 268 285 285 268 277 233 233 233 233 233 233 230 230 230 230 230 213 214 214 173 173 173 173 173 173 180 180 173 152 152 152 86 86 136 136 136 136 86 126 86 87 87 87 74 74 67 82 82 77 21 21 21 21 21 21 21 41 38 5 5 22 3 3 
363 355 355 337 337 338 338 324 324 324 301 312 300 308 300 300 268 268 268 268 268 277 233 235 235 233 233 233 230 230 230 230 231 213 214 198 198 198 198 173 173 173 173 173 173 152 152 152 152 152 128 128 137 137 86 126 86 86 74 74 74 74 67 67 67 78 21 21 21 21 21 21 38 38 38 5 22 22 3 4 
363 355 355 337 313 313 339 313 313 313 301 301 300 300 300 300 268 268 268 268 268 277 233 235 235 258 258 233 213 213 213 213 213 213 214 198 198 198 160 160 160 160 181 181 164 164 164 128 128 153 128 128 137 137 86 86 86 86 74 74 74 74 74 74 67 67 67 67 21 21 21 21 21 38 38 5 5 23 4 4 
356 356 356 337 313 313 313 313 330 313 313 301 301 301 300 300 268 286 286 286 233 233 233 235 235 235 259 233 213 213 213 213 213 225 214 198 198 160 160 160 160 160 181 160 160 160 128 128 128 128 128 128 74 74 74 74 124 74 74 104 104 97 97 74 74 79 67 67 21 21 21 21 21 25 25 25 5 23 4 4 
356 357 357 337 313 313 313 334 314 314 313 313 313 301 301 301 268 268 291 233 233 233 233 235 235 235 259 233 249 213 213 213 162 162 214 160 198 160 184 160 160 160 160 160 174 160 160 160 160 128 128 128 74 74 74 74 74 74 114 104 105 97 98 88 74 79 63 63 63 59 21 44 44 25 25 25 5 5 4 4 
356 357 337 337 313 313 313 334 314 314 322 296 296 296 296 296 296 268 291 233 257 257 235 235 269 235 233 233 249 213 213 213 162 162 214 160 160 160 184 184 190 160 160 174 174 160 160 145 145 145 128 128 74 74 74 74 74 74 104 104 97 97 88 88 74 55 59 59 59 59 21 21 21 25 25 25 25 5 5 5 
356 337 337 349 313 313 313 314 314 314 314 314 314 296 296 296 296 268 257 257 257 257 235 235 235 235 233 233 233 233 233 233 162 162 203 203 160 160 184 184 190 190 165 165 165 165 165 145 145 145 128 128 128 127 127 127 74 74 104 104 97 97 88 89 74 55 59 59 54 54 54 21 21 25 25 6 6 6 6 6 
356 337 337 349 313 313 313 314 314 314 314 315 315 302 302 296 296 268 257 257 281 235 235 272 232 232 232 232 250 232 232 234 162 162 203 203 209 203 184 192 192 165 165 175 175 162 162 162 145 145 145 145 128 127 127 128 74 74 115 104 106 88 88 89 74 55 55 59 54 54 54 21 39 39 39 6 26 13 13 7 
337 360 337 331 331 331 331 314 314 315 315 315 316 302 302 302 268 268 292 257 257 235 272 272 232 260 260 232 232 232 232 232 162 162 162 203 203 203 184 184 165 165 165 162 162 162 163 163 84 84 145 145 128 128 128 128 125 104 104 104 106 88 99 89 74 74 55 55 60 60 54 21 39 39 39 6 13 13 14 7 
337 360 337 331 331 331 331 331 331 315 315 273 273 302 302 302 268 268 257 257 257 235 272 272 232 232 232 232 232 245 232 232 162 162 162 204 204 204 184 184 165 165 165 162 162 162 163 163 84 84 84 84 84 84 84 84 125 104 104 88 88 88 88 89 83 74 74 55 55 61 55 21 6 6 6 6 13 13 14 7 
337 337 337 331 331 331 331 331 273 273 315 273 273 268 268 268 297 268 257 257 257 235 235 272 232 232 232 232 232 232 232 232 232 162 162 162 205 205 184 184 184 184 184 162 162 162 154 154 84 84 150 129 129 84 84 84 84 84 88 88 88 88 88 88 83 29 56 56 55 55 55 21 6 13 13 13 27 13 7 7 
337 337 350 331 331 331 331 273 273 273 273 273 273 268 268 268 268 268 287 287 257 257 235 235 232 232 232 232 251 232 240 235 162 162 218 162 162 162 195 195 162 162 162 162 162 162 154 154 84 84 150 129 129 129 134 84 84 84 88 88 90 88 88 88 29 29 56 56 56 56 56 21 6 13 13 13 13 13 7 7 
337 337 350 331 331 331 331 273 319 319 273 273 273 309 268 268 268 268 268 268 268 257 257 235 235 235 261 232 232 232 240 235 162 226 199 199 210 162 162 162 162 162 162 166 166 171 154 154 84 129 129 129 143 129 134 84 84 84 88 88 90 90 90 90 29 51 51 51 51 51 51 51 6 6 13 13 13 15 15 8 
337 337 350 350 331 331 273 273 319 319 273 273 273 309 268 268 298 288 288 288 268 278 257 235 235 235 232 232 246 246 235 235 219 219 199 199 199 199 199 172 172 162 162 166 166 166 166 154 154 129 129 146 129 129 129 129 84 84 88 107 107 90 90 91 29 51 51 51 51 51 57 6 6 6 28 28 28 15 15 8 
337 337 273 273 273 273 273 319 319 325 273 273 273 273 273 273 273 288 288 282 282 257 257 235 235 235 235 235 235 235 235 219 219 219 199 199 211 172 172 172 172 172 185 166 166 166 146 146 154 154 146 146 129 129 129 84 84 116 88 88 88 90 90 91 29 51 51 51 51 51 29 29 29 29 28 28 16 16 8 8 
326 326 326 326 326 273 273 319 319 319 319 319 273 273 273 273 273 273 273 282 282 257 257 257 257 257 257 257 228 228 228 219 219 219 219 199 211 172 196 196 172 172 172 172 172 172 146 146 154 154 146 144 144 129 129 84 84 116 116 88 88 90 90 91 29 29 29 51 51 29 29 30 30 29 29 16 16 16 8 8 
326 326 326 326 326 326 326 326 326 326 273 273 273 273 303 303 262 262 273 273 273 273 273 257 257 265 228 228 228 247 228 236 219 219 220 199 199 172 196 196 172 172 172 176 176 146 146 146 146 146 146 144 144 84 84 84 84 116 116 88 108 90 90 84 84 29 29 29 29 29 30 30 30 30 29 29 29 16 16 8 
326 326 346 346 326 326 326 326 326 326 273 317 317 273 273 262 262 262 262 262 262 262 262 262 262 265 228 247 247 247 228 227 227 227 199 199 199 172 182 182 182 182 182 182 146 146 155 155 155 155 84 84 84 84 117 117 117 116 116 101 101 101 84 84 29 29 75 29 29 29 29 45 45 30 30 30 30 8 8 8 
326 361 346 346 326 326 323 323 323 273 273 317 273 273 273 262 262 262 262 262 274 274 274 262 262 262 262 247 247 247 228 228 228 228 199 200 200 200 182 182 182 182 146 146 146 147 147 147 147 156 84 84 84 84 117 117 117 117 117 101 101 101 84 92 29 75 75 29 29 29 29 45 40 40 40 30 30 8 8 8 
326 346 346 346 346 342 323 323 323 273 273 317 273 273 273 304 262 262 242 242 242 274 274 262 262 262 252 252 247 247 241 228 228 199 199 200 200 200 200 182 182 146 146 146 146 146 147 147 147 147 147 84 84 138 84 84 117 117 84 84 84 84 84 92 29 29 29 29 29 29 58 40 40 24 24 24 24 24 8 8 
346 346 346 342 342 342 323 323 323 327 273 317 273 273 273 283 283 242 242 242 242 242 242 242 242 266 252 252 252 199 241 199 199 199 221 200 200 186 186 182 182 146 146 146 177 146 167 151 151 151 147 147 84 84 84 84 84 120 84 112 92 92 92 92 80 80 29 29 29 29 40 40 46 24 24 34 24 24 8 9 
346 346 346 342 342 342 323 323 323 327 273 273 273 306 306 283 283 242 242 242 242 242 242 242 242 242 242 252 252 199 199 199 199 199 221 186 186 186 186 191 146 146 146 146 146 146 167 151 151 151 147 147 139 139 121 121 84 84 84 92 92 93 93 93 80 80 68 68 29 29 40 40 42 42 24 24 24 24 8 8 
364 346 346 351 320 320 320 320 323 323 323 320 306 306 307 283 242 242 242 242 242 242 242 242 248 248 242 253 253 199 199 221 221 221 221 186 206 206 186 191 191 191 146 146 167 167 167 151 151 151 151 135 135 140 121 121 121 121 68 92 92 92 93 93 80 80 68 64 64 62 40 40 42 35 35 24 24 8 8 8 
358 358 358 351 320 320 320 320 320 320 320 320 306 306 307 283 242 293 293 242 242 242 248 248 248 248 242 242 242 242 242 221 221 221 222 186 186 186 186 191 191 186 186 183 157 157 168 157 157 130 130 135 135 135 135 121 121 68 68 68 68 92 68 68 80 80 68 64 64 62 40 40 35 35 35 17 17 17 17 10 
358 358 351 351 343 343 320 328 328 320 320 320 306 306 307 283 293 293 275 275 275 279 248 248 270 248 248 248 254 186 186 186 186 186 186 186 186 186 186 186 186 186 183 183 157 157 157 157 157 130 130 135 135 135 102 102 68 68 68 68 68 92 68 68 68 68 68 69 64 62 40 40 35 35 35 17 17 17 17 10 
351 351 351 352 343 344 320 328 328 320 320 320 306 306 307 283 283 295 275 275 275 275 275 248 248 248 248 248 254 186 243 215 215 215 215 215 207 207 148 148 186 186 183 183 157 157 157 157 157 130 130 130 141 141 102 102 68 68 68 109 68 68 68 68 68 68 65 65 65 62 40 40 19 19 35 35 17 17 17 10 
351 351 343 343 343 320 320 328 328 328 299 299 310 306 283 283 283 295 275 275 275 275 243 243 267 267 248 248 248 248 243 215 215 207 216 216 207 207 148 148 193 178 178 178 157 157 157 157 157 130 130 130 141 141 102 102 102 118 118 109 72 72 100 68 68 68 65 70 19 19 19 19 19 19 18 18 18 17 17 10 
343 343 343 353 347 320 320 328 328 299 299 299 310 310 283 289 289 289 275 275 243 243 243 243 243 243 263 243 243 243 243 215 215 207 207 207 207 207 148 148 193 178 178 178 157 157 157 157 157 157 130 130 141 141 130 130 102 118 118 109 109 72 72 81 81 81 65 52 52 52 52 52 19 19 18 18 18 18 18 10 
343 353 353 353 347 320 320 332 332 299 299 299 299 283 283 289 289 289 289 289 243 243 271 271 271 243 243 243 244 244 244 215 215 212 212 207 207 148 148 148 148 178 178 178 178 157 157 157 157 157 130 130 130 130 130 131 102 102 102 102 102 102 72 65 65 65 65 52 52 52 53 53 19 31 31 31 31 19 19 10 
343 343 347 347 347 320 320 320 320 329 299 299 299 283 283 283 283 283 283 283 243 243 271 255 255 244 244 244 244 212 212 212 212 212 212 212 212 148 148 148 148 178 187 148 148 148 148 148 148 148 130 130 119 119 131 131 72 72 72 102 102 72 72 65 65 65 65 65 47 47 47 19 19 31 31 31 32 19 20 10 
343 343 347 340 340 340 340 320 320 329 299 299 299 299 299 299 299 271 271 283 283 280 271 255 255 244 244 244 255 212 237 237 212 212 148 148 148 148 148 148 148 178 187 148 169 169 161 161 161 148 148 148 119 119 131 131 72 122 72 72 72 72 76 65 65 65 65 65 47 47 47 19 19 19 32 32 32 19 11 11 
343 343 347 340 340 340 341 320 329 329 299 299 299 299 299 299 271 271 271 271 271 280 271 255 255 255 255 255 255 212 212 212 212 212 148 148 148 148 148 149 148 148 148 148 148 169 161 161 132 132 119 119 119 119 119 72 72 122 72 72 103 103 76 76 76 76 76 71 47 47 47 47 47 19 19 19 19 19 11 11 
343 343 347 340 340 335 341 320 329 320 320 299 299 299 299 299 271 271 271 271 271 280 271 255 255 255 255 255 212 212 212 212 212 212 148 148 148 148 148 149 149 149 148 148 148 169 169 132 132 132 119 119 119 119 119 72 72 72 72 72 72 72 85 85 85 71 71 71 47 47 47 47 43 43 36 36 11 11 11 11 
343 343 340 340 340 335 341 320 320 320 320 305 305 305 299 299 271 271 271 271 271 280 271 271 255 255 255 255 212 217 212 212 212 212 148 148 148 148 201 149 149 149 188 148 148 149 149 132 132 132 132 132 132 119 119 119 119 123 119 72 72 72 72 72 72 71 71 71 47 47 47 47 11 11 11 11 11 11 11 11 
362 362 340 340 340 335 335 335 320 320 320 305 305 305 305 305 271 271 271 271 271 271 271 271 255 255 255 212 212 217 217 217 217 217 217 217 148 148 201 149 149 149 149 149 149 149 149 149 149 149 149 149 132 132 132 132 119 119 119 72 72 72 72 94 72 72 72 72 47 47 47 47 11 11 11 11 33 11 11 11 
