339 294 294 294 323 323 294 294 310 306 294 294 294 255 255 255 276 261 261 261 248 248 248 220 220 220 220 220 220 220 168 168 202 168 168 168 168 168 168 168 168 152 152 152 157 152 133 133 133 93 93 93 116 116 116 93 93 93 93 93 64 64 64 64 64 64 35 35 50 50 37 37 10 10 10 16 16 16 9 1 
339 294 336 294 294 294 294 294 294 306 294 295 295 255 255 255 276 261 261 261 248 248 248 220 220 231 231 221 221 221 168 168 168 168 196 168 168 182 182 178 168 152 152 152 152 152 133 133 133 93 126 93 93 93 93 93 105 105 93 93 64 64 64 64 35 35 35 35 50 50 37 37 10 10 10 9 9 9 9 1 
294 294 294 294 307 307 307 307 294 294 294 255 255 255 255 255 255 270 261 261 248 248 248 220 220 231 231 221 221 221 168 203 203 191 191 191 191 178 178 178 168 168 152 152 152 153 133 133 133 133 93 93 93 93 93 93 94 94 94 94 64 64 76 76 35 61 61 35 35 35 37 37 10 10 17 17 17 17 10 1 
294 294 294 294 307 307 307 307 294 294 294 255 255 255 255 255 255 255 261 261 248 248 220 220 239 221 221 221 221 168 168 203 203 191 197 152 152 178 152 152 168 168 152 82 158 82 82 82 134 134 93 93 93 93 82 82 100 100 94 94 77 77 35 35 35 61 61 43 43 35 37 37 35 10 10 10 10 10 10 1 
294 294 294 294 328 307 307 307 294 294 294 255 255 255 255 255 277 255 255 255 255 255 220 236 221 221 221 221 221 168 215 210 203 191 191 152 152 152 152 152 152 152 152 82 82 82 82 82 82 135 93 93 93 93 82 82 100 100 100 77 77 77 35 35 35 65 32 43 43 35 42 35 35 11 11 10 10 1 1 1 
294 294 294 328 328 313 313 307 307 307 303 255 296 220 220 220 267 267 267 220 220 220 220 236 221 221 221 221 221 168 215 210 191 191 191 152 152 172 172 172 172 160 160 160 82 82 82 112 82 82 82 82 82 121 82 82 82 82 82 77 77 77 35 35 32 32 32 43 43 35 35 35 11 11 11 10 10 1 1 1 
328 294 294 328 328 313 313 313 307 307 303 255 255 291 220 220 267 267 268 220 220 220 220 236 221 221 221 221 221 168 168 210 191 191 191 152 152 172 172 172 160 160 160 160 82 82 82 112 138 136 117 117 82 82 82 82 82 82 82 82 82 77 35 35 32 32 32 43 43 43 35 35 11 11 11 11 22 1 1 2 
328 328 328 328 328 303 303 303 303 303 303 255 255 291 220 220 220 220 268 220 220 220 220 236 221 221 221 168 168 168 168 210 204 152 152 152 179 172 172 172 160 160 160 161 82 82 82 112 136 136 117 117 117 82 82 82 95 95 95 82 82 77 77 77 56 56 32 32 32 43 43 12 12 12 30 11 11 11 11 2 
328 328 303 303 303 303 319 303 303 297 297 255 255 255 278 278 278 220 220 220 255 249 249 236 236 236 168 168 216 216 216 204 204 152 152 152 179 179 179 179 160 160 160 160 82 82 82 112 136 136 117 117 117 117 117 112 95 95 95 82 82 82 62 62 56 56 56 56 32 32 12 12 12 12 30 12 12 18 12 2 
337 337 303 334 303 303 319 298 298 301 297 297 297 255 255 255 255 255 255 255 255 249 249 168 168 168 168 227 216 216 216 204 204 185 185 188 188 188 183 160 160 160 160 160 82 82 82 112 112 112 112 112 112 112 112 112 95 95 95 95 83 83 62 62 62 62 62 2 2 32 12 12 12 12 12 12 12 12 12 2 
337 338 303 334 303 303 303 298 311 301 301 301 298 255 255 282 250 250 250 250 250 168 168 168 216 216 216 216 216 222 185 185 204 185 185 188 188 188 183 160 160 160 162 162 159 139 139 145 112 112 127 101 118 118 118 101 101 101 101 83 83 84 62 62 62 66 2 2 32 32 44 12 12 12 12 2 2 2 2 2 
337 337 303 303 303 303 303 298 298 298 298 298 298 286 286 271 271 250 250 250 250 168 168 168 216 216 168 168 168 185 185 185 185 185 185 185 183 183 183 160 173 169 159 159 159 139 139 139 139 101 101 101 118 118 101 101 83 83 83 83 83 66 66 66 66 66 2 57 32 32 32 32 12 12 2 2 3 2 2 3 
337 337 303 303 303 299 299 299 299 299 298 298 286 286 287 271 259 259 259 250 250 250 250 168 168 168 168 228 168 185 185 185 185 185 198 185 183 183 183 173 173 169 159 159 159 139 139 139 140 101 128 101 101 101 101 113 83 106 83 83 83 66 66 78 66 66 2 2 45 45 45 32 32 32 2 2 3 3 13 3 
337 337 303 335 303 299 299 299 299 299 299 286 286 286 271 271 259 259 259 259 259 243 243 243 232 232 232 168 168 223 217 185 185 185 185 185 183 183 183 173 173 169 159 159 159 139 139 139 140 101 128 101 83 83 83 83 83 106 83 83 66 66 66 66 66 58 58 2 2 2 2 2 2 2 2 2 23 3 3 3 
337 337 303 303 303 314 299 299 299 299 299 286 286 286 271 271 271 259 259 259 243 243 244 244 232 168 168 168 199 199 217 211 185 189 189 189 184 184 184 159 159 169 159 159 139 139 139 139 140 101 101 101 83 83 96 96 96 96 96 96 66 66 81 66 66 58 58 2 2 51 19 19 19 19 2 2 19 19 3 3 
340 315 315 315 315 314 314 314 299 299 299 299 299 260 260 283 271 259 259 259 243 244 244 233 233 168 229 229 199 199 199 211 185 189 189 189 189 189 180 180 159 159 159 159 139 139 139 139 140 101 101 83 83 83 96 90 90 90 90 90 90 66 66 66 66 66 58 58 51 51 19 19 19 19 2 2 19 4 4 4 
340 315 315 315 315 315 320 315 299 302 302 302 260 260 260 283 271 271 259 259 243 244 244 233 168 168 229 229 199 199 199 211 185 185 185 185 185 185 180 180 163 163 159 159 83 83 148 83 83 83 83 83 96 96 96 90 90 90 90 91 91 79 79 79 51 51 51 51 51 52 19 19 19 19 19 19 19 4 4 4 
340 315 324 324 324 315 315 315 299 302 260 260 260 260 260 260 260 260 259 259 243 243 244 233 233 233 233 199 199 199 199 199 199 200 165 185 185 185 185 163 163 163 163 163 83 83 83 83 141 90 90 96 96 122 90 90 90 102 102 91 91 79 79 79 51 51 19 19 19 52 19 24 24 24 24 24 24 4 14 5 
340 315 324 324 324 324 299 299 299 260 260 260 260 260 260 260 262 260 259 259 260 243 244 244 199 199 199 199 199 199 199 199 199 200 165 165 163 163 163 163 174 163 163 83 83 154 90 90 90 90 90 90 122 122 90 90 90 91 91 91 91 79 79 79 19 19 19 19 19 19 19 24 24 24 25 25 25 4 4 5 
340 315 315 315 299 299 299 308 308 260 269 269 269 262 262 262 262 260 259 259 260 243 244 244 199 199 199 199 199 199 199 199 199 199 199 165 163 163 163 163 163 163 163 83 154 154 90 146 90 90 90 90 122 90 90 91 91 91 103 68 68 68 68 68 68 19 19 19 46 46 46 24 24 24 24 24 24 4 4 5 
315 315 315 315 299 299 299 308 308 260 269 269 269 262 262 262 279 260 260 260 260 244 244 234 234 199 199 199 199 165 165 201 201 201 165 165 192 163 163 163 163 170 163 83 83 83 90 90 90 90 90 90 90 90 114 114 91 91 80 80 85 85 68 68 69 19 19 19 46 38 38 38 24 24 24 24 24 4 5 5 
315 315 315 315 299 299 299 308 260 260 269 269 269 288 288 262 262 262 262 262 244 244 244 234 234 237 234 165 165 165 165 165 165 165 165 175 175 175 175 175 175 170 163 83 83 83 149 83 83 83 83 83 80 80 80 80 80 80 80 80 86 86 68 68 19 19 19 19 38 38 39 39 24 24 24 4 4 4 5 5 
341 315 315 315 299 316 316 308 308 269 269 269 269 288 288 284 272 272 262 262 244 244 244 245 234 234 234 165 165 165 175 175 175 175 175 175 165 165 170 170 170 170 163 123 123 83 83 83 142 83 83 83 80 104 104 104 104 104 104 80 80 80 80 80 19 19 19 59 38 39 39 40 24 24 24 4 4 4 4 4 
341 315 315 315 299 299 316 316 308 269 288 269 269 288 288 284 272 269 269 240 244 244 245 245 224 224 224 165 225 165 165 165 165 165 175 175 165 165 170 170 170 163 163 123 123 142 142 142 142 83 83 83 80 104 104 104 104 107 87 87 87 87 70 70 70 38 38 38 38 39 39 40 29 29 4 4 26 4 4 4 
315 315 315 315 325 299 299 317 308 269 288 288 288 288 285 285 269 269 240 240 256 256 245 245 224 224 224 165 165 165 205 205 205 165 165 165 165 165 170 170 170 163 163 163 123 142 142 142 143 123 123 123 104 104 104 104 107 107 87 70 70 88 70 71 71 38 38 38 38 38 38 40 29 29 4 4 26 4 4 4 
315 315 315 329 325 325 317 317 308 269 269 269 269 269 285 269 269 273 240 263 256 256 245 245 240 224 224 205 205 205 205 205 206 186 186 186 165 165 170 170 163 163 163 163 123 123 123 123 123 123 129 104 104 104 104 104 107 108 87 70 70 70 70 71 71 38 38 38 38 38 38 40 29 29 29 4 26 4 4 4 
342 330 330 329 329 317 317 308 308 253 253 289 289 269 269 269 273 273 240 240 240 240 251 240 240 224 205 205 205 205 218 205 205 186 186 186 165 165 165 163 163 163 163 164 150 150 150 147 123 123 129 104 109 109 119 107 107 87 87 70 70 70 72 72 72 55 55 47 47 38 38 33 33 33 29 4 26 4 4 6 
342 330 330 329 329 317 321 308 308 253 253 289 289 269 269 273 273 274 252 252 252 240 240 240 241 224 205 205 205 205 205 205 205 186 186 186 186 186 165 163 163 163 150 150 150 150 147 147 104 104 104 104 109 109 119 107 107 87 87 70 70 70 55 55 55 55 55 47 47 47 47 33 33 33 29 4 26 20 4 6 
330 330 330 330 330 317 317 317 308 253 253 289 289 289 289 273 252 252 252 252 252 252 252 246 224 224 235 209 209 209 209 193 193 193 187 187 187 186 165 165 165 165 150 150 150 150 147 104 104 130 130 109 109 109 109 115 107 107 87 97 55 55 55 55 55 67 55 55 47 47 48 31 31 31 29 4 4 20 4 6 
330 330 330 331 331 317 317 317 308 308 253 253 253 253 253 273 252 252 252 252 253 253 253 246 224 226 226 209 209 209 193 193 207 193 193 193 187 186 186 165 165 165 165 165 104 104 147 104 104 130 130 109 109 109 109 110 110 87 87 92 92 55 55 55 55 67 63 55 55 31 31 31 36 31 29 29 4 4 4 6 
331 331 331 331 332 317 317 317 266 266 304 290 290 253 253 273 253 253 253 253 253 257 246 246 224 226 226 226 226 209 193 193 193 193 193 193 187 187 104 104 104 166 166 166 104 104 104 104 104 67 67 109 109 109 109 110 110 87 98 92 67 67 67 67 67 67 63 31 31 31 36 36 36 31 31 27 27 4 4 6 
331 331 318 318 318 318 318 318 266 266 266 290 290 253 253 273 253 253 253 246 246 246 246 247 224 224 226 226 209 209 212 212 193 193 193 190 187 187 104 104 104 104 104 104 104 155 144 144 144 67 67 67 67 109 109 109 109 109 98 92 67 31 31 31 73 63 63 31 36 36 36 36 36 31 31 27 28 4 4 6 
331 331 318 333 333 322 322 266 266 309 266 290 290 290 253 253 253 253 253 246 246 254 254 242 242 224 224 209 209 212 212 213 193 193 193 190 187 187 187 104 104 104 155 155 155 155 144 144 67 67 67 67 67 67 67 67 109 109 98 98 67 74 74 31 31 63 31 31 36 36 36 36 27 27 27 27 28 4 4 4 
331 318 318 333 333 266 266 266 266 266 266 290 290 290 290 253 253 246 264 264 246 238 238 242 238 238 224 209 209 212 212 208 208 190 190 190 171 171 171 171 176 171 155 155 156 156 144 144 67 67 67 67 67 67 67 67 67 67 98 98 67 74 74 31 31 63 31 41 41 36 36 36 27 15 15 15 28 4 4 4 
331 318 318 318 326 326 266 266 266 266 292 292 292 292 266 266 266 246 246 265 246 238 238 238 238 224 224 230 209 212 212 208 208 190 190 190 171 171 171 171 171 171 144 144 144 144 144 131 131 131 131 124 67 67 67 67 67 67 67 67 67 74 74 31 31 31 31 41 41 36 36 36 27 15 15 15 15 15 15 7 
318 318 318 318 326 312 312 312 312 266 292 292 292 293 266 280 266 275 246 246 246 238 238 238 224 224 230 230 209 209 209 214 190 190 194 194 171 171 171 181 131 131 144 144 144 131 131 131 132 67 67 124 67 67 67 67 111 67 67 54 54 74 74 74 74 41 41 41 41 53 27 27 27 34 15 15 15 15 7 7 
318 318 318 318 318 312 312 312 266 266 292 292 292 293 266 280 266 266 266 266 258 258 224 224 224 224 230 219 219 219 209 209 190 194 194 195 131 131 131 131 131 131 131 131 131 131 132 132 132 67 124 124 67 67 120 67 99 99 99 54 54 54 54 54 75 41 41 41 41 53 27 27 21 21 15 15 15 15 7 8 
318 318 318 318 318 312 312 266 266 305 305 266 266 266 266 280 258 258 258 258 258 224 224 224 224 224 230 219 219 219 219 209 190 190 195 195 131 131 131 131 177 131 131 167 131 131 132 137 137 67 67 125 120 120 120 67 99 99 99 54 54 54 54 54 54 54 41 41 41 41 49 21 21 21 21 21 21 21 7 8 
318 318 318 327 327 327 266 266 305 305 266 266 300 281 281 280 280 258 258 258 258 224 230 230 230 230 230 219 219 224 209 209 209 190 195 195 131 131 131 131 131 167 167 167 151 151 132 132 137 137 67 67 120 120 67 67 99 99 99 99 54 54 54 54 54 54 54 54 54 41 41 21 21 21 21 7 7 7 7 8 
318 318 327 327 327 327 266 266 266 266 266 281 281 281 281 281 281 258 258 258 258 224 224 224 224 224 224 224 224 224 209 209 209 190 190 190 190 190 131 131 131 167 167 167 151 151 151 132 132 132 132 67 67 67 67 89 89 89 89 89 89 89 54 54 54 54 54 60 54 54 41 41 7 7 7 7 7 7 8 8 
