328 328 328 328 312 312 312 290 290 290 290 290 290 281 281 203 203 203 203 203 203 203 203 203 203 203 203 203 203 203 203 203 203 194 194 194 130 130 130 130 130 130 130 130 130 130 130 143 130 130 130 125 111 111 111 111 86 86 86 86 86 86 63 63 63 63 63 47 47 47 47 19 19 19 19 19 19 16 1 1 
290 290 290 290 312 312 312 290 290 290 290 290 290 281 282 203 203 203 255 255 255 255 203 203 203 203 203 203 214 214 194 194 204 194 195 195 130 130 130 130 130 130 130 130 130 130 130 130 130 125 125 125 111 111 111 111 86 86 86 95 91 63 63 47 47 63 63 47 47 47 47 19 29 29 1 1 1 16 1 1 
290 290 331 290 290 290 290 290 290 301 291 291 291 281 282 203 203 203 255 255 247 247 247 247 203 203 203 203 214 214 194 194 194 194 195 196 188 130 130 130 130 130 166 130 130 130 148 125 125 125 112 112 112 112 112 112 91 91 91 91 91 63 82 47 47 47 64 47 47 47 47 19 19 30 1 1 1 1 1 1 
304 290 290 290 322 291 291 291 291 301 291 281 281 281 203 203 255 255 255 255 247 256 237 237 237 203 203 203 214 214 194 194 194 199 195 188 188 130 130 178 130 130 130 130 153 153 148 125 135 135 112 112 112 91 91 91 91 92 92 96 63 63 82 47 47 47 47 47 52 52 31 31 19 19 1 1 1 1 2 2 
304 290 290 290 290 291 291 291 291 291 291 281 281 203 203 255 255 255 255 255 247 256 237 237 237 203 203 203 203 214 214 194 194 199 195 195 169 169 130 130 130 148 148 148 148 148 148 125 135 135 125 125 112 91 115 87 87 92 92 96 63 63 47 47 47 47 47 52 52 31 31 31 35 31 1 1 2 2 2 3 
304 329 329 329 290 291 291 291 291 291 291 293 281 203 203 255 255 255 255 255 247 247 247 237 237 237 203 203 203 203 194 194 205 199 199 169 169 169 169 130 130 148 148 138 138 138 138 125 125 125 125 112 112 91 91 87 87 87 92 92 63 63 47 60 60 60 31 31 31 31 31 31 31 31 1 1 2 2 2 3 
304 329 329 330 290 291 291 291 291 291 291 293 281 285 283 275 269 269 255 255 257 257 231 231 231 231 231 203 203 203 194 211 169 169 169 169 181 181 169 169 169 169 148 138 138 139 138 138 138 119 119 112 112 112 91 87 87 87 101 92 92 47 47 60 60 60 60 60 31 31 31 31 31 32 1 1 2 2 2 2 
304 304 304 304 323 291 291 291 291 291 291 291 281 283 283 275 269 269 221 221 221 221 231 231 231 231 221 221 221 194 194 211 169 201 181 181 181 181 169 169 169 148 148 163 138 139 139 139 139 119 119 119 112 112 91 87 87 87 87 87 87 47 47 47 47 47 61 61 31 31 36 36 36 4 4 2 2 2 2 2 
304 304 304 304 304 304 304 308 291 291 291 291 281 283 275 275 221 221 221 261 261 221 221 221 221 221 221 221 221 194 194 194 169 169 181 181 181 181 169 169 169 148 148 138 138 139 139 144 119 119 131 119 119 119 91 87 87 87 87 87 87 87 47 47 72 47 61 61 31 31 36 36 36 4 4 2 2 2 2 2 
304 336 304 304 304 316 304 304 304 275 275 275 281 275 275 221 221 261 261 261 191 191 242 242 242 238 194 194 194 194 194 194 169 169 189 189 189 181 181 148 148 170 148 138 119 139 139 144 119 126 126 126 120 120 91 87 87 87 87 87 87 87 47 47 72 69 4 4 4 4 4 4 4 4 4 2 2 4 4 4 
304 304 304 304 304 304 304 304 305 275 297 275 275 275 221 221 261 261 261 261 191 191 191 191 191 238 194 194 194 218 194 194 169 202 189 190 190 185 182 148 148 148 148 138 119 119 119 119 119 126 126 126 123 91 91 87 87 87 102 83 83 83 83 70 70 69 4 53 53 53 4 4 4 4 4 4 4 4 5 5 
309 304 304 304 304 304 305 305 305 275 297 275 275 286 221 276 261 261 221 221 221 221 191 191 191 191 232 194 194 194 194 194 169 169 189 185 185 185 182 148 148 148 148 138 119 119 119 119 140 123 123 123 123 91 91 91 91 91 102 91 91 55 55 70 70 70 4 4 4 4 4 4 4 4 4 4 4 4 5 6 
309 332 332 304 304 317 305 305 275 275 275 275 275 275 221 273 273 221 221 221 221 221 243 243 243 191 232 194 194 194 169 169 206 169 169 185 182 182 182 148 148 148 148 138 154 154 119 119 140 123 123 123 109 109 116 108 108 91 102 91 55 55 55 55 55 55 55 55 55 4 4 5 5 5 5 4 4 4 5 6 
309 309 309 309 309 309 309 309 275 294 275 275 275 275 221 273 273 221 263 221 221 221 227 227 227 191 191 191 222 215 215 169 169 169 169 167 167 167 167 167 173 148 148 155 154 154 119 119 140 123 123 123 109 109 109 109 109 91 102 91 55 55 55 65 65 65 65 48 48 48 48 5 5 5 5 5 5 5 5 6 
309 309 313 313 318 318 313 275 275 294 294 294 275 275 221 221 221 221 263 221 221 221 227 227 227 191 191 191 191 215 191 191 169 169 183 183 183 183 183 167 173 141 141 155 155 155 140 140 140 109 109 123 109 109 109 109 109 91 91 91 55 55 55 65 65 48 48 48 48 48 37 37 37 5 5 5 5 5 5 5 
313 313 313 313 318 318 313 275 275 275 275 275 275 275 275 221 221 270 263 263 251 251 251 227 227 227 227 227 191 191 191 191 191 191 183 183 183 183 183 167 167 167 141 141 141 141 140 140 140 109 109 109 109 109 109 109 109 97 97 97 55 55 55 65 65 66 48 48 56 37 37 37 37 5 5 12 12 12 12 5 
313 313 313 313 313 313 313 302 302 275 275 275 275 258 258 258 270 270 266 227 227 251 251 227 227 216 216 216 223 216 216 191 191 191 183 183 183 184 184 167 167 167 167 145 145 141 141 141 141 109 109 109 97 97 109 109 97 97 103 79 79 79 79 79 66 66 41 41 41 41 41 41 25 25 5 5 20 5 5 5 
313 313 313 313 313 313 313 302 302 302 258 258 258 258 266 266 266 266 266 227 227 227 227 227 227 216 216 216 216 216 207 207 207 191 191 197 191 184 184 145 145 145 145 145 145 145 145 145 97 97 97 97 97 97 97 97 97 103 103 79 79 84 84 80 66 66 41 41 41 41 41 25 25 25 25 5 20 5 5 5 
337 337 313 313 310 310 310 310 258 258 258 295 292 266 266 266 266 264 264 264 227 227 248 248 216 216 216 207 207 207 207 208 208 200 191 191 191 184 184 145 145 145 145 159 159 146 146 146 97 97 97 97 97 97 97 97 103 103 93 93 93 81 81 80 66 66 41 41 41 41 41 25 25 25 25 5 5 5 5 5 
333 333 333 310 310 319 310 310 258 292 292 292 292 266 277 264 264 264 264 264 233 233 248 216 216 239 233 207 224 208 208 208 208 200 192 192 192 179 179 179 145 145 145 159 146 146 146 146 97 97 97 97 97 97 98 98 98 98 93 93 93 81 81 81 66 66 66 33 33 42 41 25 25 25 25 17 17 17 13 7 
333 333 333 310 324 310 310 258 258 292 292 292 266 266 277 264 264 264 267 233 233 233 216 216 244 233 233 207 207 208 208 208 208 200 192 192 192 179 179 145 145 145 145 159 146 156 146 146 97 97 97 97 97 97 33 33 33 98 93 93 81 81 81 81 66 66 33 33 33 42 41 25 25 25 25 17 13 13 13 7 
333 333 333 310 324 310 258 258 266 266 298 292 266 287 277 264 264 264 267 233 262 233 233 233 233 233 228 228 207 207 207 208 208 200 200 192 192 179 179 145 145 145 145 159 146 146 136 136 136 136 97 97 97 97 33 104 104 98 98 98 81 81 81 33 33 33 33 33 33 42 42 42 25 25 25 17 13 13 13 7 
333 333 333 310 310 310 258 266 266 266 266 292 266 287 277 277 267 267 267 233 233 233 252 228 228 228 228 207 207 207 207 208 208 200 200 192 192 179 97 97 171 171 97 97 146 146 136 136 136 136 97 97 97 97 33 33 104 104 104 33 33 81 81 33 33 33 33 33 33 42 42 33 33 25 25 17 13 13 7 7 
303 303 303 303 303 303 258 266 266 266 266 266 266 267 267 267 267 271 228 228 228 228 228 228 245 207 207 207 207 207 217 209 209 200 200 192 192 179 179 97 171 171 97 97 97 97 97 97 97 97 97 97 97 97 117 33 33 33 33 33 33 33 33 33 33 33 33 43 33 33 33 33 33 33 17 17 7 7 7 8 
303 303 303 325 303 303 258 258 258 258 258 267 267 267 267 267 258 258 228 228 228 228 228 245 245 207 207 229 207 207 217 209 209 186 186 186 186 179 179 97 174 97 97 97 97 157 149 124 124 124 97 97 124 106 106 106 88 88 88 88 88 88 33 33 33 33 43 43 54 54 33 33 38 17 17 7 7 7 7 8 
303 303 303 325 303 303 303 303 303 303 258 258 258 258 258 258 258 258 225 225 225 228 228 225 225 234 207 207 207 207 207 209 209 186 186 186 186 179 179 97 97 97 149 149 149 149 149 124 124 124 127 127 124 106 106 106 88 88 99 85 85 85 85 73 73 43 43 43 43 43 43 43 17 17 7 7 21 7 7 7 
334 334 334 325 325 303 303 299 299 299 299 278 278 278 278 278 258 258 225 225 228 228 225 225 225 234 207 207 207 212 212 209 209 186 186 186 186 186 151 151 151 149 149 149 150 150 124 124 124 124 127 127 124 106 106 106 106 88 99 85 85 85 85 73 73 43 67 43 49 49 49 17 17 7 7 22 21 7 7 7 
334 338 326 326 326 320 272 299 299 299 299 278 278 278 278 278 258 258 268 225 225 225 225 249 225 234 207 230 207 212 212 212 209 186 186 198 151 151 151 180 151 149 149 149 150 150 124 124 124 124 124 124 124 106 106 106 106 88 99 99 85 85 85 71 71 43 67 43 34 34 50 17 17 7 7 7 21 7 7 7 
334 334 326 320 320 320 272 272 272 299 299 272 272 272 272 274 274 258 258 225 225 258 249 249 225 234 207 207 207 207 209 209 209 186 186 198 151 151 151 180 151 151 151 151 150 150 150 124 124 124 124 106 106 106 106 106 106 88 88 88 85 89 85 71 71 43 43 43 57 34 50 44 17 26 26 7 7 7 7 7 
334 334 326 320 320 306 306 306 272 272 300 272 272 272 272 274 272 272 258 258 258 258 249 249 225 234 234 207 207 207 210 210 210 180 180 198 151 151 151 180 175 151 151 151 151 151 151 124 124 124 124 106 106 106 106 113 106 106 105 88 85 85 85 71 71 71 10 57 57 34 44 44 17 17 27 7 7 18 9 9 
314 314 326 320 320 306 306 306 306 272 272 272 250 288 272 272 272 258 258 258 249 249 249 249 225 225 225 207 207 219 172 172 180 180 180 180 180 180 180 180 175 151 151 160 160 68 68 68 68 68 128 128 106 106 105 105 105 105 105 68 68 74 74 74 74 10 10 57 58 34 34 17 17 17 27 7 7 18 9 9 
314 314 326 314 314 314 314 307 307 280 280 280 250 250 250 272 272 258 258 258 249 259 220 220 246 240 225 225 225 219 172 172 180 180 180 180 172 172 172 175 175 151 151 68 68 68 68 68 68 68 68 68 121 121 105 105 105 68 68 68 68 74 74 74 74 10 57 57 58 34 34 45 9 9 9 9 9 9 14 9 
314 314 314 314 280 280 280 307 280 280 280 280 289 289 250 279 260 260 260 260 249 249 249 220 220 240 225 225 219 219 172 172 180 180 180 180 172 172 172 175 68 68 68 68 68 68 147 147 68 68 68 68 68 68 118 105 105 68 68 68 68 75 75 75 75 10 10 10 58 34 45 45 9 9 9 9 9 9 9 9 
314 314 314 280 280 321 280 280 280 280 280 296 250 250 250 279 260 260 260 260 260 260 220 220 220 235 235 172 172 172 172 172 172 172 172 172 172 172 68 68 68 164 164 164 161 110 110 132 132 132 132 114 114 68 68 68 68 68 68 68 68 68 68 68 68 68 68 10 10 34 34 34 39 23 23 15 15 15 10 10 
314 314 314 280 280 280 280 280 280 280 280 250 250 250 250 250 250 260 260 260 260 220 220 220 220 235 235 172 172 172 172 172 172 172 172 172 172 172 68 68 176 164 164 165 161 110 110 132 142 133 133 114 114 122 90 90 68 68 76 76 68 68 76 76 76 68 68 62 10 10 10 34 34 23 23 23 15 15 10 10 
339 314 314 327 327 280 280 280 280 280 280 250 250 250 250 250 250 250 250 265 220 220 253 220 220 235 235 172 172 172 172 172 172 172 172 172 172 172 68 68 158 158 158 165 161 110 152 132 133 133 114 114 114 114 90 90 68 68 76 76 94 76 76 62 62 62 62 62 10 10 10 46 34 34 28 24 15 15 15 10 
335 335 335 327 327 315 315 280 280 280 280 280 280 280 280 280 250 250 250 250 220 220 220 220 220 220 220 220 226 172 172 213 172 172 172 193 193 172 68 68 158 161 161 161 161 110 133 133 133 137 114 114 114 114 90 90 68 68 76 76 76 76 77 62 62 62 62 62 10 10 28 28 28 28 28 24 10 10 10 10 
335 335 315 315 315 315 311 311 280 280 280 280 280 280 284 250 250 250 250 250 220 220 254 220 220 236 236 220 220 220 172 172 172 187 187 187 187 172 172 177 158 158 168 162 162 110 133 110 110 110 110 129 114 114 90 90 90 107 76 100 76 78 77 77 77 59 59 59 59 10 10 10 40 24 24 24 10 10 10 10 
335 335 315 315 315 311 311 280 280 280 280 280 280 280 280 250 250 250 250 250 250 250 250 250 236 236 220 220 220 220 172 172 172 187 187 187 187 187 172 177 177 158 158 162 162 110 110 110 110 134 110 110 114 114 114 114 90 90 76 76 76 78 78 77 77 59 59 59 59 51 51 10 40 24 24 10 10 10 10 10 
335 315 315 315 315 311 311 280 280 280 280 280 280 280 280 250 250 250 250 250 250 236 236 236 236 241 220 220 220 220 172 172 172 187 187 187 187 187 172 172 172 172 158 158 158 158 110 110 110 134 134 110 110 110 110 110 110 90 90 90 90 90 78 78 78 59 59 59 59 51 51 10 10 10 10 10 10 10 11 11 
