318 318 318 318 318 318 318 313 289 289 289 289 289 289 270 270 270 270 251 251 255 232 232 232 232 232 238 232 232 188 188 188 188 188 188 188 188 188 188 187 164 164 164 164 164 141 141 145 145 130 130 130 89 89 89 89 89 89 89 89 89 61 61 61 61 61 61 61 2 2 47 47 43 1 1 1 15 15 15 1 
318 318 318 318 318 318 318 313 289 289 289 289 289 290 270 270 276 251 251 251 255 255 255 232 232 232 232 232 188 188 215 215 215 187 187 187 187 187 187 187 164 141 141 141 141 141 141 141 141 130 130 130 89 53 53 53 53 107 53 53 90 61 61 61 2 73 2 2 2 2 2 2 43 1 1 1 1 21 1 1 
340 318 318 313 313 313 313 313 289 289 289 289 289 285 285 270 270 251 251 251 263 258 188 188 244 236 236 236 188 188 188 216 216 187 187 187 191 187 187 187 164 141 170 170 141 141 152 152 141 141 130 130 89 53 116 116 53 53 53 53 53 85 2 2 2 73 2 52 44 44 44 2 2 2 2 2 1 1 1 1 
340 340 313 313 329 289 289 289 289 289 289 271 271 285 270 270 270 270 251 251 263 258 188 188 188 236 236 228 228 228 188 198 198 187 187 187 191 187 187 187 164 141 170 170 141 141 141 141 141 141 130 130 89 53 116 116 53 53 53 53 53 85 2 2 2 2 2 52 44 44 44 2 2 2 2 2 26 1 1 1 
341 341 313 329 329 289 308 308 271 271 271 271 271 270 270 270 270 270 251 251 258 258 251 251 188 236 236 228 228 229 188 198 198 198 187 187 191 177 177 177 164 141 141 141 141 141 146 141 141 141 89 89 89 53 53 53 53 53 53 53 91 69 69 69 2 2 69 52 44 44 44 2 2 33 33 2 16 16 1 1 
336 336 336 289 289 289 308 308 271 271 271 271 271 270 270 270 270 271 251 251 258 251 251 188 188 236 228 228 228 188 188 198 198 198 204 198 191 177 184 184 164 164 164 141 141 141 146 146 146 141 89 89 89 89 117 117 53 53 53 53 53 69 69 69 69 69 69 52 52 52 44 44 44 33 2 2 16 16 16 2 
336 336 336 289 289 319 308 308 308 271 271 271 271 270 270 271 271 271 251 251 251 251 256 188 188 188 228 228 188 188 224 198 198 198 198 198 191 177 184 184 184 164 164 165 141 141 153 153 141 141 89 89 89 89 117 53 53 53 53 53 53 86 69 69 53 53 53 53 53 53 33 33 33 33 2 2 2 17 17 2 
333 333 333 333 289 319 319 308 308 271 271 271 271 271 271 271 266 266 266 251 251 251 206 206 206 188 188 228 188 230 208 208 208 208 189 199 191 177 177 177 177 177 177 165 165 141 141 141 141 142 128 128 128 117 117 53 53 53 102 53 53 81 81 53 53 70 70 53 53 54 33 38 33 33 27 27 2 2 2 2 
333 342 289 289 289 319 319 314 266 266 266 266 266 266 266 266 266 267 267 251 251 251 206 206 206 206 188 188 188 208 208 205 205 205 189 199 191 191 189 177 177 177 177 165 165 141 141 154 142 142 128 117 117 117 87 87 87 87 87 97 53 81 53 53 62 62 62 33 33 33 33 38 38 38 27 27 27 18 18 3 
342 342 289 289 289 319 319 314 266 304 266 266 266 286 286 266 266 267 259 259 259 259 206 206 206 206 209 209 209 208 208 205 217 205 189 189 189 189 189 181 181 181 166 171 166 128 128 128 128 128 128 117 119 119 87 87 87 87 87 87 53 53 53 76 62 62 62 33 33 33 45 45 38 38 27 27 27 18 3 3 
342 342 289 289 289 314 314 314 266 304 266 266 266 267 267 267 267 267 259 259 260 260 206 241 241 241 209 209 209 209 205 205 217 205 205 189 189 192 181 181 181 181 166 166 166 128 128 128 128 143 133 117 117 119 119 112 112 87 87 87 87 87 62 62 62 62 62 33 33 33 33 45 45 33 33 4 4 18 3 3 
343 343 289 289 289 314 266 266 266 304 266 266 266 267 267 267 267 267 259 259 260 260 206 241 241 206 206 206 209 209 205 209 209 209 206 181 181 181 181 181 181 181 155 155 155 155 128 128 128 143 133 117 117 123 112 112 87 87 87 77 77 77 77 77 62 62 62 33 33 33 33 33 33 33 33 4 4 3 3 3 
289 289 289 266 266 266 266 304 304 304 266 266 266 266 281 281 267 267 259 259 261 261 206 241 241 206 206 206 209 209 209 209 206 206 206 181 181 193 181 181 182 182 155 172 155 155 128 128 128 128 133 117 123 123 112 112 87 108 87 77 77 77 77 62 62 33 33 33 57 33 33 33 34 34 4 4 4 3 3 3 
289 289 289 266 330 266 266 304 304 304 304 266 295 266 281 259 259 259 259 259 261 206 206 206 206 206 206 206 206 218 218 218 206 194 194 194 181 181 181 181 182 182 155 172 155 155 128 128 128 128 104 104 104 112 112 112 87 87 87 98 77 77 77 62 62 33 33 33 33 33 33 33 34 34 4 4 4 4 4 4 
289 266 266 266 266 320 320 309 309 291 291 266 295 266 259 259 277 261 261 261 261 206 206 206 219 219 219 219 206 218 218 206 206 194 194 194 194 181 181 181 182 182 155 155 155 155 128 128 128 104 104 109 104 112 112 112 113 35 35 35 92 77 77 78 62 71 71 33 33 55 35 35 34 34 34 4 4 4 4 4 
289 266 266 266 266 320 320 309 309 291 291 266 266 266 259 261 261 261 268 265 239 239 206 206 206 206 206 219 206 206 218 206 206 206 194 194 194 190 190 155 155 155 155 155 167 155 155 155 104 104 134 109 104 104 104 118 113 35 103 35 35 35 62 62 62 71 71 33 33 55 35 35 35 35 35 4 22 22 4 4 
289 266 324 324 324 324 291 291 291 291 291 291 291 291 259 261 268 268 268 265 239 239 206 206 206 206 206 219 233 206 206 206 206 206 194 194 194 190 190 155 155 155 155 155 104 104 156 156 104 134 134 109 104 104 104 113 113 35 99 99 35 35 62 79 62 62 62 62 35 35 35 48 36 36 36 4 4 4 4 5 
289 266 324 324 324 324 291 291 291 291 291 291 296 282 282 282 268 265 265 265 239 239 239 239 245 239 239 219 219 219 185 185 185 185 185 190 190 190 190 185 185 155 155 173 104 104 156 156 104 134 134 109 109 124 104 113 113 35 99 99 35 35 62 62 62 63 63 63 35 35 35 48 36 36 36 5 5 5 5 5 
289 266 324 324 291 291 291 291 291 291 291 291 282 282 282 268 268 265 265 239 239 239 239 239 239 239 240 219 219 219 225 219 185 185 185 190 190 190 190 185 185 173 173 173 104 104 104 156 104 104 135 109 109 124 104 113 113 35 99 99 35 35 62 62 63 63 35 35 35 35 35 48 36 36 36 5 5 5 5 6 
289 266 289 289 291 291 321 291 291 291 291 299 282 282 282 268 268 272 239 239 239 239 239 239 239 237 237 219 219 219 219 219 185 185 185 185 185 185 185 185 185 173 173 173 104 147 104 104 104 104 104 109 124 124 104 104 104 35 35 35 35 35 35 35 63 35 35 35 35 39 39 39 36 36 28 28 5 5 5 5 
289 289 289 289 291 291 321 291 268 268 305 268 268 283 283 283 268 272 239 239 239 239 246 246 246 237 237 237 211 211 211 211 211 185 185 185 185 185 185 159 159 159 159 159 104 147 147 147 104 104 104 109 109 109 109 109 104 104 104 35 35 82 82 35 35 35 58 58 58 39 39 39 39 39 28 28 28 5 5 5 
337 337 337 289 291 291 291 291 268 268 268 268 268 283 283 268 268 272 239 239 239 239 246 246 246 237 237 237 211 226 226 211 211 185 185 185 185 185 185 159 178 178 178 159 104 147 147 147 147 104 104 109 109 105 105 109 109 109 105 74 74 82 35 35 35 35 58 58 58 37 37 37 37 37 37 29 5 5 7 7 
297 297 338 289 291 291 291 291 268 268 268 300 268 268 283 268 268 239 239 239 239 211 211 252 211 211 211 211 211 226 226 211 210 210 185 185 185 185 159 159 178 178 178 159 104 158 158 104 104 136 136 105 105 105 105 109 109 105 105 74 74 74 35 35 35 35 64 64 49 49 50 37 37 29 29 29 5 5 7 7 
297 297 297 297 331 291 291 291 268 279 279 279 279 268 268 268 268 239 239 239 211 211 211 211 211 226 226 226 226 226 226 211 211 211 185 185 185 185 159 120 120 120 120 159 104 104 104 104 105 105 137 105 125 125 105 105 114 105 74 74 93 74 35 35 35 35 64 64 49 49 50 5 5 29 29 29 5 5 7 7 
297 297 297 297 297 325 291 291 268 279 279 279 279 268 268 278 273 273 211 211 211 211 211 211 226 226 226 226 226 201 201 201 200 200 200 200 185 185 159 120 120 120 120 159 159 104 104 105 105 105 105 105 120 120 120 105 114 105 74 74 74 74 74 74 74 74 64 64 49 49 49 5 5 5 5 5 5 23 7 7 
297 297 310 310 297 297 297 315 297 297 279 279 279 292 287 278 273 273 211 211 211 211 226 226 226 242 226 226 226 201 227 201 200 200 200 201 159 159 159 120 120 120 120 120 159 159 159 105 105 105 138 120 120 126 105 105 114 105 106 74 74 74 74 74 65 65 65 65 49 49 49 5 5 23 23 23 23 23 7 7 
297 297 310 310 326 326 297 297 297 297 279 279 279 279 287 278 278 248 248 248 248 248 226 226 247 234 234 234 227 227 227 201 212 212 201 201 159 179 179 179 179 179 179 120 120 120 160 105 105 105 138 120 120 120 105 105 105 105 106 74 74 74 74 74 65 65 65 65 49 49 49 49 5 8 8 8 8 8 8 8 
297 297 310 310 310 310 310 297 297 297 297 297 297 279 287 278 278 248 248 248 248 248 226 226 226 234 234 234 227 227 227 201 212 212 201 202 159 179 179 179 148 148 148 148 148 120 120 120 120 129 129 120 120 120 120 106 106 106 106 74 74 83 83 8 8 66 66 49 49 49 51 5 5 8 30 8 8 10 9 9 
327 327 327 327 327 327 310 310 310 294 294 298 298 279 279 279 279 248 248 248 264 248 226 226 226 234 234 234 234 231 195 201 201 201 201 202 159 159 148 148 148 148 148 174 148 148 148 157 120 120 129 129 129 120 120 106 110 110 74 74 74 8 8 8 8 66 66 49 49 49 8 8 8 8 30 30 10 10 9 9 
327 317 317 317 317 316 316 316 294 294 294 294 293 293 249 249 249 248 248 248 264 248 248 226 226 243 234 234 234 231 195 220 207 207 207 159 159 159 148 148 148 148 148 148 148 148 148 148 148 120 139 131 120 120 121 106 110 110 74 74 74 8 8 8 8 66 66 66 49 49 8 8 8 31 31 31 10 19 19 10 
317 317 317 317 317 322 322 317 294 294 294 294 269 269 249 249 249 274 248 248 248 248 248 253 221 221 234 234 234 231 195 220 207 207 207 159 159 159 148 148 148 148 148 148 148 148 148 148 149 120 120 131 120 127 111 111 111 111 8 8 94 8 8 8 8 67 67 67 8 8 8 8 8 31 20 20 10 10 10 10 
317 334 334 334 317 317 317 317 294 294 294 294 294 269 249 249 249 249 248 257 257 257 257 248 248 221 221 221 221 231 195 195 213 213 203 203 159 159 148 148 175 148 148 175 115 115 115 120 120 144 120 120 120 127 111 111 111 111 8 8 8 8 8 8 8 8 8 8 8 56 8 8 46 20 20 20 24 24 10 10 
344 334 334 332 332 311 311 311 311 307 294 294 294 269 269 269 249 249 248 248 248 248 248 248 221 221 221 235 221 221 195 195 213 213 195 195 195 180 180 148 175 175 175 175 115 115 115 120 120 120 120 120 120 122 122 115 115 59 59 59 59 80 80 80 59 59 59 59 59 56 8 8 46 20 20 20 24 20 20 11 
332 332 332 332 311 311 323 307 307 307 301 301 294 294 269 269 249 249 249 249 249 249 254 254 221 221 221 235 235 221 195 195 213 213 195 195 195 180 180 148 180 180 180 168 168 115 115 120 120 120 132 132 120 122 122 115 59 59 59 59 59 59 80 80 59 59 72 59 59 56 8 8 20 20 20 32 24 20 11 11 
332 332 311 311 311 323 323 307 312 301 301 302 294 294 269 269 269 275 250 250 250 249 249 221 221 221 221 235 235 221 221 195 195 195 195 196 196 180 180 180 180 168 168 168 169 115 115 150 150 120 120 120 120 122 122 115 59 59 59 59 95 59 59 59 59 59 68 68 56 56 20 20 20 40 20 20 20 20 11 12 
332 332 311 328 328 323 323 307 301 301 306 288 288 288 269 269 269 250 250 250 250 249 249 221 221 221 221 222 222 222 221 221 195 195 195 176 176 180 180 176 176 168 168 162 162 162 115 115 115 122 122 122 122 122 115 115 59 59 100 100 95 60 60 60 59 59 68 56 56 56 20 20 20 40 12 12 12 25 12 12 
335 328 328 328 328 328 323 307 301 303 303 288 288 288 288 284 269 250 250 250 262 249 249 249 249 221 221 222 222 222 222 222 195 195 195 176 176 176 176 176 176 168 168 162 115 115 115 115 115 115 122 122 115 115 115 88 88 95 95 95 95 60 84 60 60 60 60 56 56 56 20 20 41 12 12 12 12 12 12 13 
335 328 328 328 328 323 323 307 301 303 303 288 288 288 288 284 269 250 250 250 262 262 250 250 250 221 221 222 222 222 222 223 214 214 176 176 176 176 176 176 176 183 162 162 115 115 161 115 151 115 115 115 115 88 88 88 88 88 88 88 96 60 60 60 60 75 60 56 56 42 42 20 41 12 12 12 12 12 13 13 
335 335 339 335 301 301 301 307 301 301 303 284 284 284 284 284 269 269 269 250 262 262 250 250 250 221 221 222 222 223 223 223 214 214 176 197 197 176 186 186 176 176 162 162 162 115 115 115 140 140 140 88 88 88 88 88 88 88 88 88 88 88 60 60 60 75 60 56 56 42 42 20 41 41 12 12 12 12 12 14 
345 335 335 335 301 301 301 301 301 301 303 303 280 280 280 280 280 269 269 250 250 250 250 250 250 221 221 223 223 223 223 223 214 214 176 176 176 176 186 186 186 176 176 176 162 163 115 115 140 140 140 88 88 88 88 88 88 88 88 101 88 88 60 75 75 75 60 60 60 42 42 42 42 42 12 12 12 12 12 14 
