306 306 306 306 306 306 306 306 306 306 306 286 286 286 292 267 267 266 266 241 241 241 241 241 241 241 236 205 205 205 205 205 205 190 190 190 185 185 177 177 167 167 157 157 157 114 114 114 123 123 123 123 123 71 71 71 102 102 71 71 79 79 79 79 79 19 19 19 19 42 42 42 19 19 30 23 1 1 1 1 
306 306 306 306 306 324 307 307 307 306 306 286 286 286 286 267 267 266 266 241 241 241 236 236 236 236 236 205 199 199 199 199 199 190 190 190 185 186 177 167 167 168 157 157 114 114 134 114 114 114 114 124 124 71 71 71 71 71 71 71 67 67 67 67 67 19 19 19 19 19 19 19 19 19 19 23 1 1 1 1 
306 329 329 329 306 306 307 307 307 307 307 286 286 293 286 286 267 267 266 266 236 236 236 236 236 205 205 205 199 199 199 199 199 199 190 190 185 177 177 167 168 168 141 141 114 114 134 134 134 134 114 124 124 71 71 105 105 95 95 71 67 67 67 67 67 70 19 19 57 19 19 19 19 6 19 19 19 1 1 1 
306 306 306 306 306 306 308 308 307 307 308 286 286 293 293 278 278 267 267 267 236 236 236 236 236 242 222 222 199 199 199 199 185 185 185 185 185 177 167 167 141 141 141 141 141 114 114 114 114 114 114 71 71 71 105 105 95 95 95 71 71 67 67 67 67 67 67 57 57 19 19 6 6 6 19 19 1 1 2 2 
325 325 325 325 325 325 308 308 308 308 308 301 287 287 287 278 278 278 236 236 236 236 253 236 236 179 222 222 199 199 199 199 185 191 191 141 177 177 141 141 141 158 158 158 141 114 114 141 114 114 114 71 119 119 105 105 95 95 95 95 71 88 88 67 67 67 68 6 6 6 45 6 6 31 31 3 3 3 2 3 
325 330 325 325 319 319 319 319 301 301 301 301 287 287 287 287 278 278 236 236 236 236 236 236 179 179 222 222 199 199 216 185 185 191 191 141 177 177 141 158 158 158 158 158 141 114 114 141 114 114 114 71 119 119 103 103 103 95 95 95 71 71 71 71 71 71 68 6 6 6 45 6 6 31 31 3 3 3 3 3 
325 330 337 330 319 301 301 301 301 282 282 282 282 282 282 282 282 236 236 254 254 254 246 246 179 179 222 222 222 222 216 191 191 191 191 141 141 177 141 141 158 169 158 158 141 141 141 141 114 114 114 71 119 119 103 103 103 95 95 95 93 71 71 71 71 71 68 6 6 48 45 6 31 31 31 5 5 5 4 4 
325 330 330 330 319 301 301 301 282 282 282 282 263 263 263 263 263 236 236 254 254 254 246 246 246 179 216 216 216 216 216 191 191 191 191 191 141 141 141 141 158 158 158 135 135 135 135 135 135 135 114 114 114 114 114 103 103 103 93 93 93 71 71 71 69 69 69 6 6 6 45 6 20 20 32 5 5 5 4 5 
325 325 325 319 319 301 301 301 282 282 282 282 263 263 288 288 263 273 236 236 254 254 254 246 246 179 216 216 216 216 216 191 191 191 191 135 135 141 141 135 135 135 135 135 153 153 148 93 138 93 93 93 93 115 115 103 103 103 93 92 92 92 71 71 69 69 6 6 58 6 6 6 20 20 20 20 20 5 5 5 
325 325 325 319 301 301 301 301 282 282 282 282 300 263 288 288 263 273 273 236 243 243 243 243 179 179 237 206 206 206 206 206 206 135 135 135 135 135 135 135 139 139 135 135 135 135 148 93 93 93 93 93 93 111 111 111 103 103 93 92 92 92 80 80 80 69 6 6 6 49 6 6 20 20 20 20 20 5 5 6 
319 319 338 319 301 301 301 300 300 300 282 282 300 263 263 263 263 274 274 236 243 243 243 243 179 237 237 206 206 206 206 207 135 135 196 135 135 135 135 139 139 139 135 135 135 135 148 93 93 136 130 93 93 111 111 111 93 93 93 80 80 80 80 63 63 63 63 63 6 6 6 6 20 20 33 6 6 6 14 6 
319 319 319 319 301 301 321 300 300 300 300 300 300 263 263 263 236 236 236 236 236 243 255 250 179 237 237 206 206 206 206 207 135 196 196 135 135 135 135 139 139 139 154 154 154 154 139 139 130 130 130 93 120 93 93 93 93 93 93 80 80 80 89 63 63 63 63 63 40 40 40 6 6 6 6 6 6 6 6 6 
319 319 319 319 319 300 300 300 300 300 300 302 263 263 263 263 236 262 236 236 236 243 250 250 179 217 217 217 225 206 206 207 135 196 135 135 135 135 135 139 139 139 139 139 139 139 139 139 130 130 130 93 120 93 104 104 104 80 80 80 80 80 89 40 40 40 40 40 40 50 40 40 40 6 6 24 6 6 6 7 
319 319 319 319 319 300 300 300 300 302 302 302 263 263 263 263 283 262 262 262 262 243 250 250 179 217 217 217 217 217 217 207 135 135 135 135 135 135 135 170 170 170 139 139 139 139 139 139 130 130 130 93 120 93 93 104 104 80 80 80 80 40 40 40 81 40 40 40 40 43 43 43 34 34 34 6 6 6 6 7 
319 319 319 319 309 309 309 309 309 309 309 263 263 263 284 263 263 279 268 268 243 243 179 179 179 179 179 179 226 179 179 207 207 179 179 179 179 179 179 170 170 170 139 159 139 139 139 139 139 130 130 93 120 120 93 104 106 80 80 72 72 40 40 83 72 72 59 59 59 43 43 43 34 34 35 6 6 6 6 7 
319 319 319 319 309 310 310 309 309 310 310 263 263 263 284 289 263 263 268 243 243 258 179 179 179 179 229 179 179 179 179 179 179 179 197 179 179 179 180 170 170 170 139 139 139 139 139 139 139 130 130 93 93 93 93 104 104 104 72 72 72 72 72 72 72 73 59 59 59 43 43 36 36 34 34 7 7 7 7 7 
319 319 319 319 309 310 310 310 310 310 303 303 284 284 284 275 275 263 263 243 243 243 243 243 243 243 229 229 218 218 179 179 208 200 197 179 179 179 178 178 170 170 139 139 139 139 149 125 125 125 125 93 93 93 116 107 107 72 72 84 84 84 84 84 73 73 51 51 51 51 43 36 36 36 34 7 7 7 7 7 
309 309 331 331 309 310 310 310 310 310 303 303 284 275 275 275 275 275 263 263 263 243 243 247 247 230 230 230 218 218 179 179 200 200 197 187 187 187 178 178 170 170 139 139 139 139 125 125 125 125 125 93 93 93 107 107 108 72 97 84 73 73 73 73 73 51 51 51 51 43 43 37 37 37 34 7 7 7 7 7 
309 309 331 331 309 310 310 310 310 303 303 303 284 275 275 290 284 275 275 238 238 259 244 244 244 244 219 231 218 218 218 200 200 197 197 187 187 187 162 162 162 162 162 155 155 155 125 142 125 125 125 107 107 107 107 112 108 72 84 84 73 73 72 72 72 51 51 51 51 43 46 37 37 37 34 7 7 7 7 7 
309 309 309 309 309 326 303 303 303 303 303 303 284 284 284 284 284 264 264 269 238 238 244 238 238 238 219 219 219 219 219 200 209 197 187 187 187 187 162 162 162 162 162 155 156 156 125 142 125 125 125 107 107 109 109 108 108 72 84 84 84 73 72 85 72 72 43 43 43 43 38 38 38 38 34 25 8 8 8 8 
309 309 326 326 326 326 303 303 303 311 311 294 294 294 294 264 264 264 264 264 264 238 238 238 248 238 238 197 197 197 197 200 197 197 187 187 187 187 181 162 162 162 162 155 155 155 125 142 125 125 125 125 125 109 109 108 109 72 98 72 72 73 72 85 34 34 43 43 34 34 38 38 34 34 34 25 8 8 8 8 
309 309 326 326 326 327 303 303 303 294 294 294 298 298 264 264 264 264 276 238 238 238 238 238 238 238 238 197 201 201 197 197 197 201 187 187 181 181 181 171 171 163 163 155 155 155 125 125 125 131 131 34 34 34 109 109 109 72 72 72 72 72 72 34 34 34 34 34 34 34 34 34 34 39 25 25 8 8 8 8 
309 309 309 309 309 327 303 303 316 294 294 294 294 294 264 264 280 280 276 238 238 238 238 238 249 238 238 197 201 201 201 201 201 201 192 192 181 181 171 171 163 163 164 155 143 143 150 131 131 131 132 34 34 34 34 34 34 34 34 34 34 72 72 34 74 74 34 34 52 52 25 25 39 39 25 26 8 8 8 8 
309 309 339 309 309 304 304 303 316 294 294 270 270 294 294 264 280 280 276 238 238 256 256 238 238 238 239 197 201 201 201 201 201 201 192 160 160 181 171 171 163 155 155 155 143 143 150 131 131 129 129 129 34 34 34 34 34 34 34 34 34 72 72 34 25 25 25 25 25 25 25 25 25 25 25 26 8 8 8 8 
340 340 309 309 304 304 304 303 303 270 270 270 270 294 294 264 280 280 276 238 238 256 256 239 239 239 239 197 197 197 197 201 201 201 192 160 189 171 171 171 163 155 155 143 143 143 143 143 131 129 129 101 101 34 34 34 34 34 34 34 34 34 34 34 25 25 25 64 60 53 17 17 41 25 25 26 21 8 8 8 
340 340 309 332 304 304 304 304 303 270 270 270 270 295 295 264 264 264 276 221 221 260 239 239 240 240 240 197 197 220 197 210 188 188 192 160 160 171 171 171 163 163 137 137 137 137 144 144 131 131 129 101 101 101 99 99 99 99 99 34 34 34 34 34 25 25 25 25 60 53 17 17 17 25 25 26 21 8 8 8 
342 309 309 332 304 304 304 304 303 270 270 270 270 295 264 264 264 264 221 221 221 251 251 251 240 227 227 232 227 220 220 210 188 202 192 192 160 172 172 172 172 163 163 137 137 137 144 129 129 129 129 101 121 99 99 113 100 100 100 17 17 17 17 17 17 25 25 25 60 17 17 17 17 21 21 21 21 17 8 8 
309 309 322 322 328 328 304 304 304 304 304 304 270 295 264 291 221 221 221 221 221 251 221 221 240 233 227 227 227 220 220 210 188 188 188 188 160 172 172 172 173 160 160 137 137 137 137 129 129 129 129 101 121 99 99 99 100 17 17 17 17 17 17 17 17 25 25 25 17 17 47 17 21 21 17 17 17 17 9 9 
309 309 322 322 322 322 322 304 304 304 304 304 270 295 264 291 221 281 221 221 251 251 221 221 240 233 233 233 221 221 221 210 210 188 188 188 160 160 160 160 160 160 160 160 137 137 137 145 129 129 101 101 121 121 117 99 100 17 17 17 17 17 17 17 17 17 65 65 17 17 17 17 21 17 17 27 9 9 9 9 
343 309 309 309 309 322 322 304 304 304 312 270 270 295 291 291 221 221 221 221 221 221 221 221 221 221 221 221 221 223 213 213 175 175 175 188 188 188 160 160 161 161 165 140 140 140 137 137 137 137 101 126 126 117 117 99 100 61 61 61 86 86 86 86 82 17 17 17 17 17 17 17 17 17 27 27 9 9 15 9 
343 341 309 309 309 323 323 304 304 315 270 270 291 291 291 270 270 270 270 270 228 228 228 228 228 228 234 221 221 223 213 213 175 175 175 188 188 160 160 160 160 161 165 140 140 140 137 137 137 137 101 126 126 117 118 99 99 61 61 96 86 86 82 82 82 10 10 66 17 17 10 10 10 22 22 22 22 9 9 9 
343 341 309 309 309 313 313 313 313 315 270 305 270 270 270 270 285 228 228 271 228 228 228 228 228 228 234 234 213 223 213 213 175 175 160 160 160 160 160 160 160 161 161 140 140 140 140 146 137 137 101 101 101 117 118 99 99 99 61 61 86 86 82 61 61 61 10 10 54 54 10 10 10 10 10 10 10 10 10 10 
343 341 333 333 313 313 313 313 313 315 270 270 270 296 296 228 228 228 228 228 228 257 257 203 203 228 228 228 213 213 213 211 211 175 160 160 160 160 160 160 160 166 161 140 140 140 140 146 140 127 127 127 101 117 117 99 99 99 101 61 61 61 82 61 75 61 61 10 10 55 10 10 10 10 28 28 11 11 11 11 
343 341 333 333 313 313 313 313 313 313 313 270 270 270 270 228 228 228 228 228 261 203 203 203 203 245 228 228 211 211 211 211 212 175 175 175 182 182 182 174 174 166 161 161 140 140 140 140 140 127 127 127 101 101 101 101 101 101 101 61 61 61 61 61 75 75 61 10 10 55 10 10 10 10 28 11 11 11 16 12 
341 341 313 313 313 313 313 313 317 313 313 270 270 270 270 203 203 203 228 228 261 203 252 252 203 228 228 235 211 224 211 211 193 193 198 175 175 183 183 174 174 166 128 128 128 128 128 128 128 127 127 127 127 122 101 101 101 101 101 61 61 61 61 76 76 76 61 10 10 10 10 10 28 28 28 11 11 11 16 12 
341 334 313 313 313 313 313 313 313 313 313 270 270 270 270 203 203 203 277 261 261 203 252 252 203 228 211 211 211 211 214 214 193 193 198 193 175 175 175 175 166 166 128 128 128 128 128 147 128 133 133 128 128 122 101 101 101 101 101 61 61 90 90 18 18 18 61 61 61 10 10 44 28 28 28 11 11 12 12 12 
341 334 334 334 313 313 313 313 313 314 314 299 299 299 203 203 203 203 203 261 261 203 203 203 203 228 211 211 211 211 211 215 193 193 193 193 175 175 184 175 166 166 166 128 128 128 128 128 128 128 128 128 122 122 101 101 110 90 90 90 90 90 91 18 77 18 18 18 62 18 18 18 18 28 28 11 11 12 13 13 
335 335 335 335 318 318 318 320 318 314 314 299 299 203 203 203 203 203 203 272 261 261 203 203 203 228 211 211 211 211 211 215 203 203 194 194 175 175 184 175 175 151 151 128 128 128 151 128 128 128 128 128 122 110 110 110 110 90 90 90 18 18 91 18 77 77 18 18 62 18 29 18 18 28 28 11 11 12 12 12 
344 335 335 336 318 318 318 320 318 299 299 299 299 203 297 203 203 203 203 203 203 203 203 203 203 228 228 228 228 211 211 203 203 195 195 195 175 175 175 176 176 151 151 151 151 151 151 128 128 128 128 128 122 110 110 110 110 90 90 18 18 18 18 18 78 78 18 18 18 18 29 18 18 18 18 18 18 18 12 12 
344 335 335 336 318 318 318 318 318 299 299 299 299 203 203 203 203 203 203 203 265 203 203 203 203 203 203 203 203 203 203 203 204 204 195 195 175 175 175 176 176 151 151 151 151 152 152 128 128 128 128 128 122 122 110 110 110 90 90 18 94 18 18 87 78 78 18 18 56 56 29 29 29 29 29 29 18 18 12 12 
