306 302 302 302 302 302 271 271 271 271 271 275 275 203 203 203 203 217 217 217 217 217 217 227 227 227 125 125 125 125 125 125 125 125 125 125 125 125 125 125 125 161 125 125 147 147 127 127 127 127 127 127 104 104 104 104 108 104 94 94 61 61 61 61 61 67 43 43 43 43 43 27 27 27 1 1 1 1 1 1 
306 302 302 302 302 302 271 271 271 271 271 275 276 203 203 263 203 203 247 244 217 217 217 227 227 228 125 216 125 125 125 189 189 125 125 125 113 113 113 113 125 125 125 125 125 125 127 127 127 128 128 128 104 104 104 104 104 104 94 94 61 61 61 61 61 67 61 43 43 27 27 27 35 27 1 1 1 1 1 1 
306 302 302 308 253 253 253 271 271 271 271 275 271 271 259 259 259 203 203 244 217 217 217 217 217 217 125 125 125 208 202 189 189 125 125 125 113 113 172 113 113 125 125 158 152 125 127 127 127 127 129 129 125 104 104 68 68 68 68 68 68 78 78 78 61 61 61 43 43 27 31 31 27 27 1 1 1 1 8 1 
306 315 306 306 253 253 253 271 271 271 271 271 271 271 259 264 203 203 203 244 229 229 229 229 229 217 217 217 200 200 202 189 189 189 181 181 181 113 113 113 113 162 113 113 152 125 127 127 127 127 125 125 125 68 68 68 68 68 68 68 68 68 68 68 68 68 56 56 27 27 31 31 27 27 27 15 15 1 1 1 
306 315 306 306 253 253 253 271 271 271 271 271 271 271 259 264 203 203 203 229 229 229 229 229 229 229 217 217 200 200 200 200 189 189 181 181 181 113 113 113 113 113 113 113 152 125 125 125 125 125 125 126 126 68 68 68 68 68 68 68 90 79 79 79 69 69 56 56 31 31 31 31 31 31 15 15 15 15 1 1 
306 306 306 306 253 253 253 253 253 271 271 203 203 203 203 203 203 203 203 229 229 229 229 229 229 229 217 217 200 209 200 200 189 189 189 182 182 113 113 144 144 144 144 144 144 144 144 113 113 113 113 113 113 113 113 95 95 95 68 68 90 79 79 80 69 70 56 56 31 32 32 32 32 32 15 15 15 15 1 1 
319 306 306 306 306 253 253 296 253 287 287 203 203 203 203 203 260 203 203 229 229 235 235 235 218 218 218 218 200 200 203 189 189 189 182 182 173 175 113 144 144 144 144 144 144 145 145 113 113 138 113 113 113 113 113 95 95 95 95 95 79 79 79 45 69 70 56 56 31 32 32 32 9 9 15 15 9 9 9 2 
309 309 253 253 253 253 253 253 253 287 287 203 203 203 203 203 203 203 203 245 200 200 200 200 218 218 218 200 200 200 203 189 189 189 182 182 173 175 113 113 113 113 144 144 144 145 113 113 113 138 121 121 121 121 113 113 95 95 96 96 79 79 45 45 69 70 56 56 31 32 32 32 9 9 9 9 9 9 9 2 
309 309 253 253 253 280 280 280 280 280 280 280 248 248 248 248 203 203 203 203 200 200 200 200 200 200 200 200 200 200 203 196 196 182 182 182 173 175 173 154 154 113 113 113 113 113 113 121 121 121 121 130 105 105 105 105 105 105 96 45 45 45 45 45 69 31 31 31 31 32 32 32 9 9 9 9 20 9 2 2 
309 309 309 309 253 280 253 253 280 280 281 281 248 267 267 248 248 248 248 203 203 203 200 200 203 203 203 203 203 203 203 196 197 182 182 182 173 173 173 154 154 163 153 153 153 134 134 121 121 121 121 121 105 105 105 96 96 96 96 45 45 45 45 45 69 31 31 31 53 44 44 28 28 28 28 9 9 9 2 2 
309 309 309 309 253 253 253 253 280 280 253 253 248 248 248 248 261 253 241 241 241 203 203 203 203 219 219 219 203 203 203 196 197 193 182 182 173 173 174 154 154 154 153 153 134 134 134 121 121 121 121 131 105 105 105 96 96 96 96 96 45 45 45 45 76 31 31 31 44 44 28 28 10 10 10 10 10 16 10 2 
309 309 309 309 298 298 298 253 253 253 253 253 253 248 248 253 253 253 241 241 223 223 223 223 230 219 219 219 203 203 203 196 193 193 174 174 174 174 174 154 168 154 153 153 134 134 134 142 131 131 131 131 105 105 105 105 96 96 96 96 45 45 85 45 45 57 57 57 44 44 28 28 10 10 10 10 10 10 10 2 
309 316 309 309 298 298 298 253 253 282 282 282 253 253 253 253 254 254 241 241 223 223 223 223 223 223 223 220 196 196 196 196 193 193 174 174 174 174 174 135 168 154 154 154 154 134 134 134 131 131 131 131 105 105 105 105 96 96 96 96 45 45 45 45 45 57 54 54 54 44 23 23 23 10 17 17 21 17 2 2 
309 309 309 309 282 282 282 282 282 282 277 277 253 253 253 253 254 249 241 241 223 223 223 231 231 223 223 220 196 196 196 198 198 176 176 174 174 176 135 135 168 154 154 154 154 134 134 134 134 134 131 131 105 105 118 97 97 97 97 97 45 45 45 45 57 57 54 54 44 44 29 29 23 10 17 17 21 17 2 2 
310 310 309 309 282 303 299 277 277 277 277 277 253 253 253 253 254 249 249 241 223 223 223 231 231 187 187 220 196 196 196 176 176 176 176 176 176 176 135 135 135 135 135 154 154 105 105 105 105 134 134 105 105 105 118 97 97 97 97 58 58 45 45 45 45 62 62 44 44 49 29 23 23 10 10 17 17 17 2 2 
310 310 310 310 282 282 299 277 289 289 277 277 253 253 253 253 254 249 249 241 223 223 223 187 187 187 187 187 187 187 187 176 176 176 186 176 176 177 135 135 164 135 135 154 154 105 105 105 105 134 134 105 105 114 114 114 82 82 82 58 58 58 45 45 45 62 62 44 49 49 29 23 36 18 18 17 17 18 3 3 
310 310 310 282 282 282 299 277 277 277 277 277 253 253 253 253 241 241 241 241 223 223 223 187 187 187 187 210 210 210 187 176 176 176 186 186 177 177 164 164 164 135 135 155 155 105 105 105 105 105 105 105 105 105 114 114 82 82 82 82 91 58 81 81 45 63 63 44 49 49 29 23 23 18 18 22 22 18 3 4 
310 310 310 282 282 282 290 290 290 277 277 277 277 253 253 241 241 255 241 241 223 223 223 187 187 187 187 210 210 211 187 187 187 190 190 177 177 178 164 164 164 164 135 135 135 135 146 105 105 122 122 105 105 105 101 101 82 82 82 82 91 58 58 58 45 45 45 44 44 44 29 41 23 23 18 18 18 18 3 4 
310 310 311 282 282 282 290 292 290 290 277 272 272 241 241 241 241 241 250 223 223 223 223 187 187 187 187 187 210 201 201 201 187 187 191 177 179 159 159 159 159 160 160 148 148 135 135 135 135 122 122 122 122 122 101 101 82 82 82 82 82 58 58 58 58 58 45 45 44 44 29 37 37 23 23 23 23 3 3 4 
310 310 311 311 290 290 290 292 277 277 277 272 272 241 241 241 241 241 250 223 223 223 237 187 187 187 187 187 210 201 201 201 187 187 191 179 179 159 159 159 159 160 160 148 148 148 135 135 135 135 135 122 122 101 101 98 98 98 98 98 82 82 82 82 58 58 64 45 44 50 29 37 23 23 23 23 23 3 4 4 
317 317 311 311 290 304 292 292 277 277 272 272 272 241 241 241 241 241 250 223 223 223 223 187 187 187 187 187 187 212 201 201 187 191 191 179 183 179 159 159 159 159 159 159 115 115 115 115 115 135 135 122 122 101 101 101 101 101 101 38 38 38 38 58 58 71 45 45 50 50 29 37 23 23 23 24 24 3 3 3 
317 317 311 311 290 304 292 292 292 277 272 272 241 241 268 241 241 241 241 223 223 239 223 187 187 187 187 221 187 201 201 201 187 191 191 179 179 179 159 159 136 136 136 136 115 115 115 115 115 115 123 123 123 123 101 101 109 38 38 38 38 38 38 58 58 58 45 45 45 45 29 29 29 29 29 24 24 11 11 3 
273 273 273 273 290 304 297 297 277 277 288 272 241 241 268 241 241 241 241 239 239 239 223 187 187 187 187 187 187 201 201 201 187 187 187 187 179 179 159 159 136 136 136 136 115 115 115 115 115 115 123 123 115 115 115 115 38 38 38 38 38 38 86 38 38 58 58 58 45 45 45 13 13 25 25 25 11 11 12 3 
273 273 273 273 290 290 297 277 277 277 288 272 278 241 241 223 223 241 241 239 239 223 223 187 224 224 224 204 204 204 204 188 188 188 188 188 184 169 169 169 136 136 136 136 115 115 115 115 115 115 115 115 115 73 73 116 38 102 102 38 38 38 38 38 38 38 65 59 45 45 45 13 13 25 25 25 11 11 11 3 
273 273 273 273 290 290 297 277 277 277 288 272 272 272 241 223 223 223 223 223 223 223 187 187 224 224 204 204 170 170 205 188 188 184 184 184 184 169 136 136 136 136 136 149 149 149 115 115 115 115 115 115 115 115 73 73 38 38 38 38 38 38 38 38 38 72 59 59 46 46 46 13 13 13 13 11 11 11 11 3 
320 273 273 273 273 288 288 288 277 277 288 241 241 241 241 223 223 256 223 223 223 223 187 187 187 204 204 206 170 170 170 184 184 184 169 169 169 169 136 136 136 165 136 136 150 150 115 115 115 139 115 115 115 115 119 73 110 38 38 99 77 77 77 77 38 38 59 46 46 47 47 13 33 33 13 11 11 11 3 3 
320 273 273 312 273 288 300 288 288 288 288 241 241 241 241 241 223 223 223 223 223 223 236 236 187 204 206 206 170 170 170 184 184 169 169 169 169 169 169 169 136 136 136 136 150 150 115 115 115 115 115 115 115 115 115 73 110 38 38 99 73 73 87 77 77 38 38 46 42 42 42 13 33 33 13 13 11 11 3 5 
320 273 273 273 273 288 293 293 293 273 273 273 273 273 241 241 262 223 223 242 242 187 187 187 187 204 206 206 214 170 170 184 184 169 169 169 169 169 169 169 136 136 136 136 136 136 136 143 136 136 136 115 115 115 115 73 73 73 73 73 73 73 73 73 73 73 38 38 42 42 42 13 13 13 13 13 13 13 3 3 
273 273 273 273 288 288 293 293 273 273 283 283 279 241 241 257 257 257 204 204 204 204 204 204 204 204 225 206 214 170 170 170 170 170 170 170 169 169 169 169 136 136 136 156 156 136 136 136 136 124 124 132 73 73 73 73 73 106 92 92 92 74 74 74 74 74 38 38 38 38 42 42 13 13 13 13 13 13 13 3 
273 288 288 288 288 293 293 293 273 291 279 279 279 241 241 257 257 258 204 234 204 204 204 204 204 206 206 206 214 170 170 170 170 170 170 170 170 170 169 169 136 136 136 156 157 136 136 136 124 124 124 124 73 73 73 117 73 106 92 92 92 74 83 74 74 38 38 38 38 38 38 38 38 13 13 13 13 13 6 6 
273 288 288 288 288 273 273 273 273 279 279 279 279 265 265 265 257 258 234 234 204 204 204 204 204 206 213 213 213 213 170 170 170 170 170 170 170 170 170 136 136 136 136 156 157 136 136 124 124 137 137 124 73 73 73 117 73 73 92 92 92 74 83 83 38 38 38 38 39 39 39 39 39 13 13 13 13 13 6 6 
273 273 273 273 273 273 284 284 284 279 279 279 265 265 266 266 257 257 234 234 204 204 204 204 232 206 206 206 213 213 170 170 170 170 170 170 180 180 170 136 136 136 136 156 156 136 136 124 141 137 137 124 124 124 73 73 111 73 92 92 92 74 74 74 38 38 38 39 39 51 14 14 14 14 14 14 13 13 14 6 
313 313 313 313 295 295 284 284 284 284 284 284 265 265 243 243 257 257 251 234 204 204 206 206 206 206 206 206 213 213 170 170 170 170 170 170 180 180 170 170 136 151 151 151 156 151 124 124 39 39 137 107 107 107 107 73 73 73 74 74 74 88 88 74 39 39 39 39 55 14 14 14 14 26 26 14 14 14 14 6 
313 295 295 295 295 295 295 284 284 284 284 285 243 243 243 243 251 251 251 234 234 234 206 206 206 206 206 206 206 206 199 199 194 194 170 170 136 136 136 136 136 151 151 151 151 151 124 124 124 39 39 107 107 107 107 107 107 107 74 100 74 74 74 74 39 39 39 39 55 14 14 14 14 26 26 14 14 14 14 6 
295 295 295 295 295 295 295 284 284 284 284 243 243 274 269 243 251 243 243 234 234 234 238 206 233 206 206 222 206 206 199 199 194 194 170 170 185 136 136 171 166 166 151 151 124 124 124 124 124 140 39 39 39 120 120 74 74 74 74 74 74 74 39 39 39 39 48 48 48 48 48 14 14 26 26 26 19 19 14 6 
295 295 295 295 295 295 295 294 294 243 243 243 269 269 269 243 243 243 243 234 234 234 234 206 206 206 206 206 206 206 206 199 199 170 170 170 166 166 166 166 166 166 151 151 124 124 124 124 140 140 39 39 39 120 120 74 74 74 74 74 93 74 39 39 39 39 48 48 48 48 48 14 14 14 14 14 19 19 14 6 
314 295 305 305 307 305 294 294 243 243 243 243 243 243 243 243 243 243 243 234 234 240 234 226 226 206 206 207 207 207 207 199 199 170 170 170 166 166 166 166 166 166 124 124 124 124 140 140 140 133 133 39 39 39 39 74 74 74 74 74 74 74 39 39 75 39 66 60 40 40 40 40 40 14 14 14 14 14 14 6 
314 295 295 305 305 305 294 294 243 243 243 286 243 243 243 243 243 243 252 243 243 234 234 226 226 226 226 207 207 207 207 195 195 195 192 166 166 167 167 167 167 167 124 124 124 140 140 140 140 133 133 39 39 39 39 74 74 103 103 74 74 39 39 84 75 39 39 60 40 52 34 34 34 14 14 6 6 14 14 6 
314 318 295 295 295 295 301 294 294 243 243 270 270 270 270 243 243 243 243 243 234 234 234 234 234 215 215 215 215 192 207 195 195 195 192 166 166 166 167 167 167 167 124 124 124 124 140 140 140 133 133 133 39 39 39 39 39 39 39 39 39 39 39 39 75 75 39 34 34 34 34 34 34 34 30 6 6 6 6 6 
314 314 314 295 295 295 295 295 295 243 243 270 270 270 270 243 243 243 246 246 234 234 234 234 234 215 215 215 215 192 192 192 192 192 192 166 166 166 167 167 167 167 124 124 124 124 140 140 140 133 133 133 39 39 39 39 112 39 39 89 89 89 89 39 39 39 39 34 34 34 34 34 30 30 30 7 7 7 7 7 
