316 316 316 316 309 309 309 300 300 296 241 241 241 241 274 234 234 234 234 234 237 237 237 237 237 193 193 193 193 193 211 173 173 201 173 173 173 185 173 173 173 147 147 147 147 147 126 126 115 115 115 115 115 86 86 86 86 86 86 86 75 75 75 39 39 39 39 39 39 39 39 39 39 26 26 26 1 1 1 1 
316 316 316 316 309 309 309 300 296 296 241 251 251 274 274 234 234 234 234 237 237 244 244 244 238 193 193 193 193 193 173 173 173 201 173 191 173 173 173 174 174 147 147 148 147 147 126 115 115 115 115 115 115 86 86 86 86 86 86 86 75 75 75 39 39 39 39 39 39 40 40 40 40 26 26 26 1 1 1 2 
316 316 316 316 300 300 300 300 296 296 241 251 251 274 263 263 263 263 234 234 234 244 238 238 238 220 220 220 220 193 173 173 173 173 173 157 157 174 174 174 156 156 156 148 148 148 126 115 136 115 115 115 115 86 86 104 86 86 93 86 86 39 39 39 39 39 39 39 39 2 2 26 26 26 26 26 1 1 2 2 
316 316 316 316 300 301 301 296 296 296 241 251 251 274 274 274 264 264 257 257 234 234 238 238 225 220 220 220 220 193 173 173 202 202 157 157 157 168 168 168 168 168 156 162 148 148 126 115 115 115 115 115 115 86 86 86 86 86 39 39 39 39 39 70 70 39 62 2 2 2 2 26 26 26 26 26 1 1 2 2 
316 316 316 320 300 300 301 296 296 296 241 288 251 274 274 264 264 257 257 257 257 234 238 238 225 225 225 225 193 193 173 173 202 202 157 157 157 168 168 168 168 168 156 156 156 126 126 132 132 132 115 115 115 86 86 86 39 39 39 39 39 81 39 70 70 39 39 39 46 46 2 2 2 2 2 2 2 2 2 2 
316 316 316 316 316 300 301 301 301 296 241 288 251 251 278 264 268 257 257 257 257 234 234 239 239 234 225 225 193 193 193 202 202 202 192 192 157 186 157 157 168 168 156 156 157 126 143 132 132 132 115 115 116 86 86 105 39 66 66 66 66 39 39 39 39 39 39 39 46 46 2 2 41 2 2 2 3 3 13 3 
316 316 316 316 316 300 305 305 296 296 241 288 284 251 251 264 264 264 257 257 257 234 234 234 234 234 216 216 216 216 193 193 203 203 192 193 157 157 157 157 157 169 157 157 157 126 126 132 132 132 117 117 106 106 105 105 39 66 66 66 66 39 39 39 71 66 39 39 46 2 2 2 2 2 2 2 3 3 3 3 
316 316 316 316 316 300 305 305 296 296 241 288 284 279 251 269 269 251 251 251 251 234 234 234 216 216 216 226 221 212 212 193 193 193 193 193 157 157 157 157 157 157 157 149 149 149 126 126 126 132 117 117 106 106 105 105 39 99 66 66 87 39 39 71 71 66 53 53 46 2 2 2 2 33 2 2 3 4 4 4 
324 324 300 300 300 300 289 289 289 296 241 241 284 279 251 251 251 251 261 261 251 251 245 245 216 216 226 226 221 212 213 204 204 204 140 140 157 157 157 157 157 157 157 149 150 150 126 126 126 126 126 117 106 106 106 106 39 99 94 66 66 66 76 66 66 66 53 53 46 2 2 2 2 6 6 3 3 4 4 5 
324 324 300 300 300 300 289 289 289 289 294 241 279 279 251 251 261 261 261 261 251 251 245 226 226 226 226 221 221 212 204 204 183 183 140 140 157 157 140 140 157 157 157 149 150 133 133 133 137 133 127 117 106 106 106 106 39 39 94 66 66 66 66 66 66 53 53 53 46 46 46 46 6 6 3 3 21 4 4 4 
324 324 324 298 298 298 298 289 289 289 289 241 279 279 251 251 261 261 261 261 251 251 226 226 221 221 221 221 212 212 183 183 183 183 140 140 140 140 140 140 157 157 149 149 150 133 133 133 133 133 127 117 117 106 106 95 95 39 39 39 39 39 66 66 66 53 58 58 49 49 49 6 6 3 3 27 4 4 14 4 
324 324 298 298 317 298 298 306 289 289 289 241 241 279 265 265 265 265 252 252 252 252 226 226 221 221 231 212 212 183 183 183 183 183 163 163 163 140 140 140 140 140 149 149 133 133 133 133 119 119 127 118 118 106 106 95 95 95 95 39 39 39 39 39 39 53 53 53 49 49 49 6 3 3 3 27 4 4 4 4 
314 314 298 298 298 298 298 306 289 289 289 289 241 279 265 270 270 252 252 221 221 221 221 221 221 221 231 212 212 183 183 183 183 183 163 163 163 140 140 140 140 140 140 149 133 133 133 133 119 119 118 118 101 101 95 95 100 100 72 72 72 30 30 39 39 53 53 53 53 49 49 6 3 34 3 3 4 4 4 4 
314 314 298 298 314 314 298 306 289 297 290 290 241 241 265 270 270 252 221 221 221 221 221 221 227 227 231 227 212 217 183 163 163 183 163 163 188 140 140 163 163 163 140 149 140 140 140 140 119 119 118 118 101 101 95 95 72 72 72 72 72 30 30 30 30 53 53 53 53 6 6 6 3 3 3 3 4 4 4 4 
314 314 314 314 314 298 298 306 289 289 290 290 241 241 265 271 271 252 221 221 221 189 189 189 227 227 227 227 212 212 183 163 206 163 163 163 163 163 163 163 175 163 140 140 140 119 119 119 119 118 118 118 101 101 109 95 72 72 72 72 30 30 30 30 30 30 30 30 54 6 6 47 6 6 29 4 4 4 4 4 
314 314 325 321 253 298 298 298 298 289 289 290 241 241 265 241 241 252 241 241 221 221 246 189 189 189 189 189 222 212 183 163 163 163 194 194 163 163 179 179 163 163 140 140 158 119 119 119 119 118 128 119 119 101 101 95 95 72 72 72 30 30 30 30 63 63 63 30 30 30 6 6 6 6 29 4 4 4 4 4 
321 321 321 321 253 298 298 307 298 298 289 280 280 241 241 241 241 241 241 241 258 221 246 246 189 189 189 189 212 212 183 183 183 183 183 183 183 183 179 179 163 163 164 163 107 107 107 107 119 119 119 119 120 101 101 95 95 72 72 72 72 72 72 30 30 30 30 30 55 30 30 42 42 6 29 22 22 6 6 6 
321 321 253 253 253 253 253 302 302 291 291 280 280 241 241 241 241 241 241 241 241 221 246 246 189 189 189 189 189 189 183 183 183 183 183 183 189 183 183 163 163 163 164 163 107 141 141 141 119 119 119 119 119 101 101 101 101 72 72 82 82 82 72 72 72 60 60 30 30 30 30 30 43 6 6 6 6 6 7 7 
321 321 253 253 253 253 253 302 302 291 291 291 280 280 241 241 241 241 241 241 241 221 247 247 240 189 189 228 189 189 183 183 198 198 198 195 189 163 163 163 176 163 163 163 107 141 141 141 119 119 119 119 119 113 107 107 77 77 77 77 83 83 77 60 60 60 59 30 30 30 30 30 30 30 30 23 23 7 7 7 
322 322 322 322 253 253 253 253 253 291 291 291 281 281 241 241 241 241 241 241 241 221 221 221 240 189 189 228 189 195 195 198 198 195 195 195 189 163 176 176 176 163 163 163 107 144 144 107 107 134 113 113 113 113 107 108 77 77 77 77 77 77 77 60 67 67 59 59 51 51 30 30 30 23 23 23 7 7 15 7 
322 322 311 311 311 311 285 285 253 253 253 253 281 253 253 253 253 241 241 241 241 221 221 221 235 235 228 228 189 189 195 198 198 195 189 189 189 163 176 176 176 163 163 163 107 107 107 107 107 113 113 107 107 107 107 108 77 77 77 77 77 78 78 60 60 60 59 59 51 52 23 23 23 23 28 28 7 7 7 7 
322 322 311 311 311 311 285 285 285 253 253 253 281 253 275 275 253 241 241 241 241 221 221 221 235 235 228 228 189 189 195 195 195 195 189 189 189 163 176 176 176 163 142 142 142 142 142 142 107 113 113 107 107 107 108 108 77 77 77 78 78 78 73 73 73 60 60 60 51 23 23 35 35 35 20 20 8 8 8 8 
311 311 311 311 311 315 285 285 285 285 285 253 253 253 275 275 253 253 253 253 241 241 241 241 241 228 228 228 189 189 189 189 207 189 189 177 177 163 176 176 176 163 142 142 142 151 142 142 107 107 107 107 107 107 108 108 77 77 77 73 73 73 73 51 51 51 60 60 51 51 20 20 44 20 20 20 20 20 8 8 
311 311 311 318 318 293 293 293 285 285 285 292 253 253 275 275 272 259 259 253 253 253 196 196 196 228 228 228 189 189 189 189 189 189 177 177 177 163 163 163 163 163 159 159 142 142 142 142 138 107 107 121 121 108 108 108 77 77 96 73 88 84 79 51 68 51 51 51 51 51 20 20 20 20 31 20 20 20 8 8 
330 330 311 318 318 293 310 293 285 285 285 285 285 272 272 272 272 259 259 259 259 254 196 196 196 196 228 228 189 189 189 209 196 196 177 177 177 177 163 163 163 163 159 159 159 129 129 129 138 129 129 108 108 108 110 102 102 73 73 73 84 84 79 51 68 68 20 20 20 20 20 45 45 36 16 20 20 20 16 9 
330 331 311 311 311 293 293 293 293 299 293 293 272 272 259 259 259 259 254 254 254 254 196 196 196 196 196 196 196 196 196 209 196 196 196 177 177 177 177 177 177 165 165 159 159 129 145 129 138 129 129 108 108 108 110 102 103 73 73 73 84 84 79 51 51 51 51 51 36 36 36 36 36 36 16 16 16 16 16 9 
330 312 312 312 311 303 303 303 293 293 293 259 282 282 259 259 259 259 254 254 254 254 196 196 196 236 196 229 196 196 196 209 196 205 196 177 177 180 180 180 165 165 165 129 160 129 145 129 129 129 129 108 110 110 110 102 103 73 73 90 73 73 79 64 64 64 64 51 36 36 36 36 36 36 16 16 17 17 17 9 
330 312 312 312 311 303 303 303 303 283 283 259 259 259 259 259 259 259 219 219 255 255 196 196 242 196 196 229 223 218 196 196 196 205 196 177 177 180 180 165 165 165 165 129 129 129 139 139 129 129 130 108 110 110 110 102 73 73 73 73 73 73 79 64 64 64 51 51 36 36 36 36 36 36 17 17 17 17 9 9 
330 312 312 312 311 311 311 303 303 283 283 283 286 283 276 276 219 219 219 219 219 196 196 196 196 196 196 196 223 218 196 196 199 199 196 196 170 170 180 165 165 165 152 152 152 152 139 139 139 102 102 108 102 102 102 102 73 73 73 73 73 73 64 64 64 64 51 61 36 36 36 36 36 36 17 17 17 17 9 10 
312 312 326 308 308 308 308 308 283 283 283 283 283 283 276 277 219 219 248 248 219 219 219 219 196 196 196 196 223 219 199 199 199 199 199 170 170 170 180 180 170 170 152 152 152 152 135 135 102 102 102 102 102 102 111 73 73 73 73 85 85 85 64 64 64 64 51 61 36 36 36 36 36 36 17 17 24 9 9 10 
312 312 312 308 308 308 308 308 283 283 283 283 283 276 276 277 219 219 248 248 248 219 219 219 219 223 223 223 223 219 199 199 199 170 170 170 181 170 170 170 170 171 152 152 161 152 135 135 102 131 131 102 102 102 111 73 85 85 85 85 89 64 64 64 64 64 51 51 36 36 36 36 36 36 17 17 24 9 10 10 
312 312 312 312 308 308 308 308 283 283 283 283 276 276 277 277 219 266 248 248 248 248 248 248 219 219 219 219 219 219 199 199 199 170 170 170 181 181 181 181 178 166 166 152 152 152 135 135 102 102 102 102 102 102 111 85 85 85 85 89 89 64 80 64 64 69 51 51 51 51 32 32 32 37 17 17 17 9 10 10 
327 327 327 312 308 308 308 308 283 283 283 283 276 276 276 276 219 266 248 262 248 248 249 214 214 219 219 224 224 170 170 170 170 170 166 166 187 187 166 166 178 166 153 153 153 153 135 135 135 135 102 102 85 85 85 85 91 91 91 89 89 64 80 64 64 69 51 51 51 51 32 32 32 37 17 17 17 9 18 10 
327 327 328 312 312 312 312 283 283 283 283 283 287 276 276 276 219 266 248 248 248 249 249 214 214 214 232 214 214 170 170 170 170 170 200 166 187 187 166 166 166 166 153 153 153 154 135 135 135 135 122 122 85 85 112 91 91 91 91 91 64 64 80 64 64 69 50 50 51 51 32 32 32 37 17 17 17 18 18 10 
327 327 328 312 312 283 283 283 283 283 283 283 276 276 276 276 219 219 219 219 260 249 249 233 233 214 214 214 214 214 214 153 153 200 200 166 166 166 166 166 166 166 153 146 146 146 146 135 135 135 122 123 92 92 112 91 91 91 64 64 64 80 80 64 65 65 65 50 51 51 32 32 32 32 32 10 10 10 10 10 
327 327 327 319 319 283 283 283 283 295 295 276 276 276 276 276 219 219 219 219 243 243 243 233 233 233 233 215 215 215 215 153 208 200 200 166 166 166 166 166 153 153 153 146 155 155 125 125 125 122 122 122 122 92 92 97 97 97 64 64 80 80 80 64 65 65 65 50 56 48 48 48 10 10 10 10 10 10 10 10 
313 313 329 319 319 283 283 295 295 295 295 276 273 276 276 276 219 219 243 243 243 256 243 243 243 233 233 215 215 215 153 153 208 153 153 166 166 153 153 182 153 167 167 146 155 155 125 124 125 122 122 122 114 114 92 97 97 97 97 64 80 80 80 64 57 57 57 50 56 48 48 48 10 38 10 10 25 11 11 11 
313 313 313 313 313 283 283 295 295 295 295 276 273 273 273 273 273 230 230 230 230 230 230 230 230 230 215 215 153 153 153 210 153 153 153 197 153 153 153 153 153 167 167 146 146 125 125 124 124 124 124 124 114 92 92 97 97 97 98 64 64 64 64 64 57 57 57 50 50 48 48 48 10 10 10 11 11 11 19 12 
313 313 313 323 313 313 313 304 304 295 295 276 273 273 273 273 230 230 250 250 250 230 230 230 230 230 215 215 153 153 153 210 153 190 153 153 153 184 184 153 153 172 146 146 146 125 125 125 125 124 124 125 114 92 92 97 97 97 98 92 64 64 64 64 74 57 57 57 50 50 50 10 10 10 10 11 11 11 12 12 
332 332 313 313 313 313 313 304 304 295 295 276 276 276 276 230 230 267 250 250 250 250 250 230 230 230 230 230 153 153 153 153 153 190 190 190 190 184 184 153 153 172 146 146 146 146 125 125 125 125 125 125 114 114 92 92 92 92 92 92 64 64 64 64 74 57 57 57 57 50 50 10 10 10 11 11 11 11 12 12 
