336 336 318 318 318 322 304 304 308 308 304 271 271 271 271 271 271 203 203 253 253 203 203 203 203 203 203 203 203 203 203 203 203 175 175 175 175 175 154 154 158 134 134 134 134 134 134 134 123 123 89 89 89 89 89 89 89 74 73 73 73 58 58 58 58 58 45 45 45 45 1 1 26 26 26 1 1 1 1 1 
318 318 318 318 318 322 304 304 304 304 304 271 271 271 271 271 203 203 203 203 203 203 236 236 236 203 203 203 203 175 175 175 175 175 190 190 154 154 154 154 154 134 134 134 134 90 90 90 123 123 89 89 89 89 89 98 74 74 73 46 46 58 58 58 62 46 46 46 46 1 1 1 1 1 1 1 1 1 1 2 
318 318 318 318 318 318 304 304 304 305 305 292 292 271 271 271 203 245 245 245 245 245 236 236 236 230 175 175 175 175 175 175 190 190 190 191 154 154 164 164 154 154 154 134 134 90 135 90 90 90 90 89 89 98 98 98 74 73 73 76 46 46 46 46 62 46 46 46 46 1 1 38 23 23 23 23 1 1 1 2 
318 318 318 325 325 318 287 287 287 287 287 287 287 287 203 203 203 203 203 203 242 242 242 230 230 230 223 223 175 175 175 175 190 190 190 159 176 176 164 164 154 154 155 134 134 90 135 135 90 90 90 89 89 98 98 74 74 73 73 53 53 53 46 46 46 46 50 50 46 46 1 1 23 23 23 24 1 1 2 2 
318 318 318 325 318 318 287 287 287 287 287 287 288 288 203 203 203 203 203 203 242 242 230 230 230 230 223 223 175 213 213 175 190 190 190 159 176 177 164 164 154 154 155 90 90 90 135 135 90 109 109 89 89 104 98 74 53 53 53 53 53 53 46 46 46 50 50 50 50 17 17 1 23 23 23 24 1 1 2 2 
340 318 318 325 318 318 318 287 287 287 287 287 288 288 203 203 272 203 203 257 242 242 230 237 237 223 223 223 175 213 213 175 159 159 159 159 176 169 169 159 159 155 155 90 90 90 135 135 90 109 109 89 98 98 98 74 53 53 53 53 53 53 53 53 53 50 50 50 50 17 17 1 1 1 1 24 1 1 2 2 
340 337 319 319 319 319 319 287 287 287 287 299 282 282 282 203 203 247 247 246 254 246 230 185 185 223 223 223 175 213 213 175 159 159 159 176 176 178 159 159 155 155 155 90 90 90 136 136 90 90 109 89 89 89 89 74 74 74 82 77 53 53 53 53 53 50 50 50 50 17 17 17 17 1 1 24 14 14 14 3 
340 337 319 275 275 275 275 287 287 275 275 282 282 283 283 266 266 247 247 246 246 246 185 185 185 185 223 223 175 175 175 175 159 159 159 159 184 159 159 160 155 155 155 90 90 136 136 128 128 90 109 89 89 105 89 74 74 74 77 77 53 53 53 65 53 53 53 17 17 17 42 17 17 24 24 24 14 14 14 3 
337 337 319 275 326 275 275 311 311 275 275 282 282 282 284 266 266 266 247 247 247 247 185 185 224 185 185 185 185 185 185 185 193 193 193 159 159 159 148 160 160 148 148 148 90 136 128 128 90 90 109 109 109 90 90 74 74 77 77 78 53 53 53 65 53 53 53 17 17 17 42 17 33 24 24 24 14 14 14 3 
337 337 319 275 275 275 275 275 275 275 275 282 282 282 284 273 273 258 258 258 247 247 185 185 224 224 226 216 216 180 207 185 185 194 194 179 179 179 148 148 148 148 149 149 90 136 128 128 90 90 120 109 109 90 90 99 74 74 78 78 53 53 53 53 53 59 17 17 42 42 42 17 33 24 24 24 14 14 15 3 
319 319 319 330 275 275 309 309 309 309 275 275 275 275 275 273 273 258 185 185 185 185 185 224 224 224 226 216 180 180 207 207 185 185 185 179 179 179 148 148 157 157 145 145 90 90 90 90 124 90 90 110 110 90 90 90 90 74 78 78 74 17 17 17 17 59 17 42 42 43 43 17 17 27 27 14 14 14 15 3 
319 319 319 319 275 275 309 309 309 309 275 275 293 289 275 273 273 258 185 185 185 185 185 224 226 226 226 216 180 198 198 198 198 198 185 185 185 165 148 148 157 157 145 145 145 90 90 90 124 124 90 90 111 90 91 91 91 74 74 74 74 17 17 66 17 17 17 39 39 39 39 39 17 17 17 14 14 14 3 3 
294 294 294 319 319 294 294 294 294 294 300 300 289 289 275 275 258 258 185 185 248 248 185 224 224 226 226 216 180 180 180 180 180 199 180 180 180 165 165 165 145 145 145 145 145 90 90 54 54 112 112 90 90 90 91 91 91 54 54 54 54 54 54 54 54 60 54 39 39 39 29 29 29 29 17 14 14 17 3 4 
294 294 294 294 294 294 294 294 312 294 300 289 289 290 258 258 258 267 185 185 248 248 185 241 224 227 227 216 216 216 180 180 180 180 180 181 180 180 142 142 142 142 142 145 145 90 90 125 54 112 112 112 112 106 91 91 91 54 54 54 54 67 67 67 54 54 54 39 39 39 29 29 29 29 17 17 17 17 3 4 
294 294 294 294 327 314 314 314 294 294 289 289 294 290 258 258 185 185 185 249 249 249 185 224 224 227 227 195 195 195 195 208 180 180 182 181 181 142 142 146 146 146 142 145 145 142 125 125 54 54 54 54 54 106 92 92 92 54 54 54 54 67 67 67 51 51 51 39 39 39 29 29 29 29 17 17 19 3 3 4 
294 294 331 331 327 314 314 314 294 294 294 294 294 290 258 258 185 185 185 185 249 249 185 224 224 224 224 195 195 195 195 195 204 182 182 181 181 142 142 146 146 146 142 142 142 142 125 125 125 125 54 54 54 54 54 92 92 54 83 67 67 67 67 67 51 51 51 51 47 47 29 29 29 17 17 17 19 3 3 3 
323 323 331 331 323 323 314 314 294 294 295 295 295 290 250 250 185 185 238 185 185 185 185 224 224 228 224 224 195 195 195 195 204 182 182 181 181 181 142 142 142 146 142 142 142 142 129 129 129 54 54 113 113 54 54 54 54 54 83 67 67 67 67 63 63 51 55 40 40 40 40 40 17 17 17 17 19 3 3 3 
323 323 323 323 323 290 290 315 301 301 295 295 296 290 250 250 250 250 238 238 255 238 238 238 238 228 228 225 195 195 195 195 195 200 182 182 182 182 170 142 142 146 146 146 129 129 129 129 129 54 54 54 114 54 102 63 63 63 63 63 63 63 63 63 63 51 55 40 48 48 40 40 17 17 17 19 19 3 5 5 
323 338 290 290 290 290 290 290 301 301 301 301 290 290 250 250 250 250 238 238 238 238 238 238 239 231 225 225 195 195 195 209 195 195 195 170 170 170 170 142 146 146 146 146 129 129 129 129 129 118 118 54 54 54 102 63 93 79 79 79 64 64 63 63 63 51 55 40 30 30 30 34 34 3 3 19 19 3 3 3 
323 323 323 323 323 302 302 290 301 290 290 290 290 269 269 269 250 250 238 238 238 243 243 214 214 231 225 225 195 195 195 183 195 195 196 170 170 142 142 142 146 146 146 146 146 137 137 118 118 118 118 54 54 102 102 63 93 79 79 79 64 64 64 40 40 40 40 40 30 30 30 34 3 3 3 19 19 3 3 3 
341 323 323 323 323 302 302 290 290 290 290 290 269 269 269 269 250 268 250 250 256 214 214 214 214 214 214 214 214 217 214 183 196 196 196 170 170 137 137 137 137 137 137 137 137 137 137 118 118 118 118 54 54 102 102 63 94 79 79 80 64 70 64 40 40 40 40 52 30 30 30 30 30 30 3 19 19 3 3 3 
323 323 323 323 328 302 302 302 302 302 302 302 269 291 269 276 250 250 250 250 250 214 232 232 232 232 215 215 214 214 214 183 196 137 137 192 137 137 150 150 150 137 137 137 137 137 137 137 118 118 118 118 115 102 102 63 94 64 64 64 64 70 64 40 40 40 40 52 35 35 35 35 35 3 3 19 19 3 3 3 
323 323 316 316 316 316 316 316 269 269 269 269 269 291 269 269 269 269 259 259 250 250 232 232 232 232 215 215 215 215 215 183 183 183 137 137 137 171 150 150 150 150 150 137 137 137 137 137 118 118 63 63 115 63 63 63 63 64 84 81 64 64 68 40 40 52 52 52 35 35 35 6 6 3 3 3 3 3 6 6 
323 323 316 316 316 316 269 269 269 277 277 297 297 277 277 277 269 269 259 259 250 250 232 232 232 232 210 210 210 210 210 210 183 183 137 137 186 171 171 166 150 150 150 150 137 137 139 63 63 126 63 63 63 63 63 63 63 64 64 81 64 64 64 64 64 52 52 52 35 35 6 6 6 6 6 6 6 6 6 7 
323 323 323 323 323 316 269 269 269 269 277 277 277 277 285 259 259 259 259 259 250 250 232 232 232 210 210 211 211 211 211 183 183 186 186 186 186 161 161 166 161 143 143 143 137 137 139 63 63 63 63 63 63 63 63 63 63 87 64 64 64 71 69 64 64 52 52 52 35 35 6 6 6 6 6 6 6 7 7 7 
332 332 332 332 323 316 316 269 269 269 277 277 285 285 285 259 260 260 260 260 250 250 232 232 232 210 229 211 219 211 211 183 183 186 186 186 161 161 161 161 161 143 143 143 139 139 139 63 130 63 63 63 116 63 63 63 63 63 69 69 71 71 69 64 64 52 49 49 49 36 36 36 36 6 6 8 8 7 7 7 
332 269 269 269 323 323 269 269 263 263 263 303 285 285 285 259 260 234 234 234 233 233 233 240 240 210 229 211 211 211 211 211 183 183 183 183 161 161 161 161 161 143 143 139 139 140 140 63 63 63 63 63 63 63 63 63 63 63 69 69 69 69 69 21 21 52 49 49 49 36 6 6 6 6 6 8 8 8 8 8 
269 269 269 269 269 269 269 313 263 263 263 263 263 285 285 259 260 234 234 234 234 233 233 233 233 210 210 210 211 211 174 174 205 183 183 183 183 161 172 161 161 143 143 139 139 121 121 121 63 63 63 85 85 107 63 100 22 22 22 22 22 69 69 21 21 52 49 49 49 36 6 6 6 6 6 8 20 8 8 8 
269 269 269 333 269 269 269 313 313 263 263 263 263 263 263 263 260 270 234 234 234 233 233 233 233 233 210 210 174 174 174 174 205 183 183 183 183 161 161 161 162 143 139 139 139 121 121 121 127 127 85 85 85 85 63 100 22 72 72 72 22 21 21 21 21 52 49 49 36 36 6 6 28 28 28 8 8 8 8 8 
333 333 334 333 269 269 269 313 313 263 263 263 286 286 286 263 274 263 263 234 234 234 234 234 234 234 210 220 220 174 174 174 174 183 183 183 183 183 173 143 143 143 139 139 139 121 121 121 121 121 85 85 85 85 100 100 22 72 72 72 22 21 21 21 21 21 21 49 36 49 21 21 28 28 25 25 8 8 9 9 
333 333 333 333 269 269 320 313 313 263 218 251 251 251 251 263 263 263 264 261 244 244 244 235 235 235 210 220 212 212 212 212 174 174 174 187 187 173 173 143 143 143 139 139 143 143 122 122 131 121 85 85 95 95 22 22 22 88 72 72 22 22 22 21 21 21 21 49 49 49 21 21 21 21 25 25 21 9 9 9 
329 329 329 329 269 269 306 306 306 263 218 251 251 251 251 251 251 251 251 261 244 244 244 235 235 235 210 220 212 212 212 212 174 174 174 174 173 173 173 143 143 143 143 143 143 144 122 122 122 121 121 85 95 95 22 22 95 88 72 72 22 22 22 22 22 56 21 21 21 21 21 21 21 21 21 21 21 9 9 9 
329 339 335 329 329 306 306 306 306 263 218 251 298 218 218 218 218 218 251 251 244 244 244 235 235 235 210 220 220 212 201 201 174 174 197 174 173 173 173 163 163 151 151 151 122 122 122 122 122 122 122 85 85 95 95 95 95 88 72 72 72 72 22 22 22 56 21 21 21 31 31 31 31 31 22 22 22 16 16 10 
329 339 335 329 329 306 306 306 263 263 218 251 218 218 278 278 218 218 265 251 251 251 212 212 235 235 210 220 220 212 201 201 201 197 197 174 174 174 174 163 163 151 151 151 122 122 122 122 122 122 96 96 85 85 85 88 88 88 72 72 72 22 22 22 22 56 21 21 21 22 22 22 32 32 22 10 10 16 10 10 
329 329 335 329 329 324 281 306 263 263 218 251 218 279 278 278 218 265 265 252 252 252 212 212 212 210 210 212 212 212 201 201 201 201 156 156 156 156 156 156 152 152 152 152 122 122 122 138 132 96 96 96 96 108 85 88 85 85 85 57 57 22 22 22 22 56 56 21 21 22 44 22 32 32 22 10 10 10 10 11 
329 329 335 324 324 324 281 306 310 310 218 218 218 279 279 279 218 265 265 252 252 252 212 212 212 210 210 212 221 201 201 201 206 156 156 188 188 133 133 156 152 152 152 153 122 122 122 138 132 96 96 96 96 96 85 85 85 57 57 57 57 57 22 22 22 22 22 22 22 22 44 22 22 22 22 10 10 10 11 11 
321 321 335 324 324 324 281 306 306 306 306 218 218 218 218 280 218 218 252 252 252 252 212 212 212 212 212 212 201 201 201 201 201 156 156 156 189 133 133 156 156 152 152 147 147 122 122 132 132 96 96 96 117 96 103 85 85 57 57 57 57 57 57 57 57 61 37 37 22 22 44 37 37 22 22 12 12 18 11 11 
342 321 335 324 324 281 281 317 306 306 307 218 218 218 218 218 218 218 252 252 252 252 212 212 212 212 218 218 201 201 201 201 201 156 156 156 133 133 133 167 156 156 156 147 122 122 141 132 132 96 96 96 117 96 96 101 96 57 57 57 75 57 57 57 57 61 37 37 37 37 44 37 12 12 12 12 12 12 12 12 
321 321 335 321 321 281 281 281 307 307 307 281 281 281 281 218 218 218 218 262 252 252 212 212 218 218 218 218 222 218 201 201 202 202 156 156 133 133 133 133 133 133 133 147 133 133 141 132 132 119 119 96 96 96 96 96 96 57 86 57 57 57 61 61 61 61 37 37 37 37 37 37 12 12 12 13 13 13 13 13 
321 321 321 321 321 321 321 281 281 281 281 281 281 281 281 281 218 218 218 218 218 218 218 218 218 218 218 218 218 218 201 201 202 202 156 156 133 133 168 168 133 133 133 133 133 133 133 133 133 119 119 119 96 96 97 97 97 57 57 57 57 57 57 57 57 57 57 37 37 41 41 41 12 12 12 13 13 13 13 13 
