353 311 311 316 316 316 316 316 316 316 289 289 289 289 289 282 282 282 277 252 252 252 251 251 204 204 204 223 223 223 203 203 203 203 203 137 137 137 137 137 137 137 137 137 137 137 137 137 137 137 119 119 119 119 110 110 79 79 79 79 79 79 79 65 65 65 27 27 27 27 27 27 27 27 27 22 10 10 10 1 
311 311 311 311 311 326 326 326 316 316 289 289 289 289 289 282 282 282 277 252 252 252 251 251 204 204 204 223 223 223 203 203 203 204 204 137 137 137 137 179 137 137 137 137 160 110 110 110 110 110 119 119 119 119 110 110 79 79 79 79 79 83 65 65 27 66 27 27 27 27 42 30 30 30 22 22 10 10 10 1 
311 326 326 343 326 326 330 311 311 311 311 289 289 289 289 282 282 282 277 252 252 252 251 251 204 204 204 204 204 204 204 204 204 204 205 197 137 188 188 179 179 110 110 164 110 110 98 98 98 110 110 110 110 110 110 110 98 98 98 79 79 83 65 27 27 27 27 27 42 42 42 30 30 23 23 23 10 10 10 1 
311 311 326 326 326 330 330 311 311 312 312 277 277 289 289 289 277 277 277 252 252 252 252 252 204 204 204 204 197 197 197 197 197 197 197 197 137 180 180 180 180 110 110 164 110 156 98 150 98 98 98 110 110 98 98 111 98 99 99 80 80 65 65 27 27 27 27 27 42 49 30 30 30 23 28 11 11 11 11 1 
311 311 340 340 340 330 330 311 311 312 290 290 277 277 277 277 277 271 271 271 246 246 246 246 246 204 204 204 197 215 215 215 197 197 197 197 137 180 180 137 137 110 110 110 110 156 98 150 98 98 98 98 98 98 98 111 98 98 100 80 65 65 65 65 72 27 27 27 42 30 30 30 30 23 11 11 13 13 1 1 
311 311 311 311 341 311 311 311 323 290 290 290 290 277 277 277 286 271 278 246 246 259 246 246 246 204 204 204 197 215 169 216 197 197 197 197 137 137 137 137 137 110 110 156 156 156 98 130 130 130 130 130 98 98 98 98 98 98 100 80 65 65 65 65 72 27 27 27 42 30 30 30 36 23 11 11 11 14 1 1 
311 311 311 311 311 311 297 297 323 290 290 290 290 277 277 277 286 271 278 246 246 259 246 246 246 204 204 231 197 215 169 206 206 206 206 198 192 192 110 110 110 110 110 156 98 98 98 130 92 92 130 130 92 92 92 92 92 92 100 80 80 80 80 65 65 65 42 42 42 30 30 40 23 23 24 24 11 11 1 1 
311 311 311 297 297 297 297 297 297 317 297 297 290 296 296 271 271 271 242 242 246 246 246 246 246 204 204 231 215 215 169 206 206 169 169 198 192 192 110 110 110 110 110 110 157 157 92 92 92 92 92 92 92 93 93 93 107 92 92 92 88 74 74 74 65 65 42 43 43 30 30 23 23 24 24 2 2 11 1 1 
311 311 348 297 297 327 327 327 297 297 297 297 290 290 290 290 242 242 242 242 246 246 246 246 246 231 231 231 215 224 169 206 206 169 169 169 169 169 169 169 169 169 169 110 157 157 92 151 126 126 126 126 126 93 112 93 93 92 92 88 88 74 81 75 65 65 42 42 43 43 43 23 24 24 2 2 2 2 2 2 
311 311 344 344 297 297 318 318 297 297 297 297 290 290 290 290 242 242 242 242 266 242 242 247 247 231 231 215 215 224 169 169 169 169 199 169 169 161 161 169 169 170 170 110 110 110 151 151 126 126 120 120 120 93 112 112 93 105 101 88 88 74 65 75 65 65 42 42 50 50 23 23 24 24 2 2 2 15 2 2 
311 311 344 344 333 333 318 318 318 318 297 297 297 297 258 258 242 242 242 272 242 242 242 242 242 242 231 215 215 215 215 199 199 199 199 169 169 161 161 161 161 161 161 161 161 110 151 151 147 120 120 131 120 93 93 113 93 93 101 42 42 74 65 65 65 42 42 3 50 50 23 23 23 23 23 3 3 3 3 3 
318 318 318 318 333 333 318 319 319 319 313 258 258 258 258 258 283 283 242 242 242 240 240 240 231 231 231 231 215 215 215 199 207 207 207 199 161 161 181 181 181 161 161 161 161 110 110 110 147 120 120 120 120 120 93 93 93 93 101 42 42 42 42 42 42 42 3 3 3 3 44 3 3 23 23 3 3 12 12 4 
318 318 318 318 318 318 318 313 313 313 313 258 258 258 258 258 258 258 267 267 267 240 257 240 231 231 231 231 215 215 215 199 199 199 199 199 161 161 181 181 182 152 152 152 152 152 152 110 147 132 132 120 120 120 93 93 93 101 101 42 42 42 51 51 67 67 3 3 3 3 3 3 3 23 23 25 3 12 12 4 
318 318 318 345 318 318 331 313 313 313 314 258 258 258 258 258 258 258 267 240 240 240 257 240 240 225 225 225 225 215 215 189 189 211 195 195 195 161 161 181 152 152 171 110 110 110 110 110 147 132 132 132 120 120 93 108 93 101 101 42 42 84 51 51 51 51 51 51 51 51 41 41 3 3 25 25 3 3 3 4 
334 334 318 345 318 318 318 313 313 313 314 258 258 258 261 261 261 258 267 240 240 260 257 240 240 225 225 232 225 225 189 189 189 189 189 189 189 189 161 161 134 134 171 110 110 121 121 121 121 138 133 133 120 120 93 108 108 93 93 93 42 42 51 51 51 60 60 41 41 41 41 3 3 3 25 3 3 3 3 4 
334 334 318 318 318 318 332 313 313 313 258 258 303 298 261 261 261 258 240 240 240 240 257 240 243 243 225 225 225 189 189 189 189 189 189 189 189 189 189 161 134 134 134 134 134 121 121 121 121 133 133 121 121 121 93 93 93 93 102 42 42 42 42 42 73 60 60 41 41 41 3 3 3 3 3 3 16 16 4 4 
334 334 334 318 318 318 313 313 313 313 258 298 298 298 261 261 279 258 240 240 240 240 240 240 240 244 233 233 189 189 189 189 189 189 189 189 189 189 189 161 134 173 134 134 121 121 121 121 133 133 121 121 93 93 93 93 93 93 102 42 42 42 42 42 73 60 60 41 41 41 3 3 3 3 3 3 16 16 4 5 
352 352 334 318 318 328 313 313 320 320 258 298 298 298 261 261 279 258 258 258 240 240 240 240 240 233 233 234 189 189 189 189 189 189 189 200 161 161 161 161 134 134 134 134 134 134 134 121 121 139 121 134 93 93 93 93 93 93 102 42 89 42 42 76 17 17 17 54 54 41 41 3 3 31 3 3 4 4 4 5 
349 349 334 334 334 328 328 313 258 258 258 304 304 261 261 291 279 279 279 258 258 258 258 240 240 240 240 228 228 161 161 161 161 161 208 200 161 174 174 174 174 165 165 165 134 134 134 134 121 121 121 134 93 93 93 93 102 102 102 42 89 85 82 17 17 17 17 17 17 52 17 17 3 3 3 4 4 5 5 5 
349 349 349 334 334 334 328 313 258 258 258 304 261 261 261 261 287 261 261 273 261 261 253 253 228 228 228 228 161 161 161 161 161 161 208 200 161 174 174 174 174 165 165 165 153 153 153 134 134 134 134 134 93 93 117 93 102 102 103 42 42 85 82 17 57 17 17 17 17 17 17 17 17 29 29 4 4 4 6 6 
349 349 349 334 334 334 328 313 313 313 258 258 261 299 261 261 287 261 261 261 261 262 253 253 228 228 228 228 161 161 161 200 200 200 200 200 161 174 174 165 165 165 166 166 153 153 148 148 148 140 127 127 127 93 93 93 56 56 56 94 42 42 82 17 57 57 57 57 17 17 17 37 17 17 17 17 4 4 6 6 
349 349 313 313 313 335 328 328 313 313 258 258 261 261 261 261 261 261 280 274 253 253 253 253 241 241 241 161 161 161 161 161 212 201 201 201 161 174 174 165 183 165 165 167 140 140 148 140 140 140 127 127 127 122 114 114 56 56 56 90 90 42 82 17 17 17 17 17 17 17 17 37 37 17 17 17 4 4 4 6 
350 350 313 313 313 335 328 328 313 258 258 309 300 300 284 284 284 284 274 274 253 253 253 254 241 161 161 161 229 217 217 161 161 201 201 201 161 161 174 165 165 165 165 140 140 140 140 140 141 141 127 128 128 122 114 114 109 56 90 90 42 42 61 61 61 61 61 17 17 17 38 38 32 32 17 17 17 17 4 6 
350 350 350 313 313 313 313 313 313 258 258 258 300 300 284 284 284 274 274 275 263 263 254 254 241 241 241 217 229 217 217 217 161 161 161 161 161 161 174 174 174 174 140 140 122 122 140 140 127 127 127 128 128 122 86 86 109 56 56 56 42 42 61 61 61 68 62 17 55 17 38 38 32 33 17 17 17 18 4 6 
350 350 351 313 313 313 313 313 315 315 315 258 305 300 292 292 263 263 263 263 263 241 241 241 241 241 241 217 217 217 186 186 186 186 209 184 184 184 190 184 175 175 140 168 122 122 122 122 127 122 122 122 122 122 86 86 109 95 95 56 56 42 42 62 62 62 62 17 17 17 38 38 38 33 17 17 17 18 4 6 
350 350 336 336 342 336 313 313 300 300 258 258 305 300 292 292 263 263 263 268 268 241 241 241 241 186 186 226 226 226 186 218 213 186 186 186 186 184 184 184 175 122 122 122 122 142 142 122 122 122 129 129 129 123 86 86 86 95 95 95 56 56 56 56 56 56 56 17 17 26 26 26 26 33 17 17 17 18 4 6 
354 336 336 336 336 336 300 300 300 300 305 305 305 300 292 292 263 263 281 268 268 219 219 255 248 186 186 186 186 186 186 218 213 186 186 186 186 184 184 185 175 122 122 122 162 142 142 142 142 142 123 123 123 123 86 115 86 86 95 95 86 86 56 56 69 69 56 56 56 26 26 26 26 26 26 4 4 4 4 6 
354 336 336 336 336 300 300 300 300 300 300 305 305 300 263 263 288 263 281 219 219 219 219 248 248 186 186 186 227 227 213 213 213 193 193 186 186 186 175 175 175 172 172 122 162 142 142 123 123 123 123 135 123 123 86 86 86 86 86 86 86 77 77 77 63 63 63 53 53 53 45 26 39 26 26 4 4 4 4 6 
354 300 300 346 300 300 321 321 321 321 300 306 306 300 263 263 263 263 281 219 219 219 219 248 219 219 219 235 227 227 213 213 213 193 193 193 186 186 175 175 175 172 122 122 158 158 123 123 143 143 86 86 86 86 86 86 86 86 86 86 86 77 77 77 63 70 53 53 53 45 45 26 26 26 26 26 4 6 6 6 
300 300 300 300 300 337 321 329 269 269 300 300 300 300 263 293 263 281 281 219 219 219 219 219 219 245 219 219 219 210 213 213 213 193 193 193 186 186 186 186 172 172 122 158 158 159 123 91 91 91 91 91 91 86 86 86 86 104 104 87 87 77 77 77 63 70 53 58 53 45 45 26 26 6 6 4 4 6 6 6 
300 300 300 300 300 300 321 321 269 269 269 269 269 269 263 263 263 281 281 249 249 249 249 249 249 236 236 236 219 210 210 210 210 193 193 193 193 193 176 176 172 172 122 158 158 159 123 91 91 91 91 136 91 96 96 96 96 87 87 87 87 87 77 77 63 63 53 58 53 45 45 6 6 6 6 6 6 6 6 6 
300 300 300 300 300 300 321 321 269 269 269 307 307 269 269 269 269 269 269 249 249 256 256 256 236 236 237 237 219 219 219 219 210 210 193 193 194 194 176 176 172 172 122 154 154 159 123 123 91 91 91 78 91 91 91 91 96 96 96 96 6 6 6 6 6 63 53 53 53 46 46 6 34 34 6 6 6 6 6 6 
338 338 338 338 338 338 301 301 301 307 307 307 301 301 285 285 285 285 269 269 269 221 221 221 236 230 230 230 230 214 214 214 214 210 210 194 194 176 176 176 176 176 122 154 154 154 154 123 123 91 91 78 91 91 118 91 91 91 91 91 91 64 64 64 6 6 6 6 6 46 6 6 34 21 21 21 21 19 7 7 
301 301 301 301 301 301 301 301 301 307 301 301 301 285 285 294 221 221 270 270 270 221 221 221 236 230 230 230 230 214 214 214 214 177 177 194 194 176 176 176 122 122 122 154 163 154 154 123 123 91 91 78 78 78 78 116 91 91 91 91 34 64 64 64 64 64 64 59 6 6 6 34 34 35 19 19 19 19 7 8 
301 347 347 301 301 301 301 301 301 301 301 301 308 285 221 221 221 221 221 221 221 221 221 236 236 230 230 230 230 221 221 177 177 177 177 202 187 187 187 187 122 122 124 124 124 124 124 124 144 144 91 91 91 78 78 116 78 78 78 97 34 64 64 64 64 59 59 59 6 6 47 34 35 35 19 19 19 19 7 7 
301 347 347 301 301 301 301 324 324 301 301 301 308 285 221 221 221 221 221 264 264 264 221 221 221 221 221 221 221 221 222 177 177 177 177 202 187 187 177 177 177 177 124 124 124 155 155 124 144 124 124 91 91 78 78 116 78 106 78 97 34 34 34 59 59 59 34 34 34 47 47 34 35 35 19 19 19 19 7 7 
301 347 347 347 301 301 285 285 325 301 301 301 301 285 221 221 221 221 221 221 221 265 238 238 250 221 221 238 177 177 177 177 177 177 177 177 187 187 177 177 124 124 124 124 124 145 145 124 124 124 124 124 124 124 78 78 78 106 78 97 78 78 34 71 71 71 34 34 34 47 47 34 35 35 19 7 7 7 7 9 
301 301 301 301 339 339 285 285 325 301 301 301 301 285 221 221 221 276 276 276 221 221 221 238 238 221 221 238 177 177 177 177 177 177 177 177 177 191 191 177 124 124 124 124 145 145 145 149 149 145 125 125 125 125 106 106 106 106 78 78 78 78 34 34 34 34 34 34 34 34 34 34 34 19 19 7 7 7 7 7 
339 301 301 301 339 339 285 285 285 285 285 310 285 285 221 295 221 221 221 221 221 221 221 239 238 238 238 238 220 220 220 220 177 177 177 196 177 177 177 177 124 124 145 145 145 145 145 149 145 145 125 125 125 106 106 106 106 78 78 78 78 78 34 34 48 48 34 34 34 34 34 34 34 34 7 7 7 7 7 7 
339 339 339 339 339 339 285 285 285 322 285 285 285 302 221 221 221 221 221 221 221 221 221 239 239 239 239 239 220 220 220 220 177 177 177 196 196 177 177 178 178 178 145 145 145 145 145 145 145 146 125 125 125 106 106 106 106 78 78 78 78 78 78 78 48 48 48 48 48 48 48 34 34 34 7 7 7 20 7 7 
