352 250 250 250 250 250 250 328 250 250 250 250 250 250 250 250 254 254 254 254 254 254 254 250 228 228 228 228 228 228 207 207 207 207 207 134 134 134 134 134 134 134 134 134 134 134 134 134 134 132 132 93 93 93 93 93 93 93 93 93 67 67 67 67 67 67 2 2 2 45 19 19 19 19 19 1 1 1 1 1 
352 250 250 250 250 337 250 250 250 317 250 250 292 292 292 250 250 250 250 250 250 250 250 250 228 228 228 228 228 228 207 207 216 207 207 134 181 134 134 181 134 134 134 134 134 147 147 147 134 132 132 93 93 93 93 93 93 103 94 94 67 67 67 2 2 2 2 58 2 45 19 19 19 19 19 19 19 1 1 2 
352 250 250 343 322 322 322 322 322 303 303 303 292 293 293 265 265 265 265 265 265 228 228 228 228 229 229 228 228 228 207 207 207 207 207 134 181 181 181 181 134 134 134 134 134 134 134 134 134 93 93 93 93 93 93 94 94 94 94 67 67 2 2 2 73 2 2 58 2 45 45 45 19 19 19 19 20 2 2 2 
322 322 322 322 322 322 322 265 265 303 303 303 303 293 293 265 280 280 260 260 260 228 228 228 246 229 229 237 229 229 207 207 207 211 134 134 181 181 181 181 134 134 134 134 158 134 134 141 141 93 93 121 121 121 93 94 94 98 98 67 67 2 2 2 68 68 2 2 2 37 37 19 19 19 26 26 2 2 2 2 
322 265 265 265 265 265 265 265 265 303 303 303 303 293 293 265 274 274 260 260 260 260 255 228 246 229 237 237 229 212 212 212 217 134 134 202 182 182 182 182 176 176 148 148 148 148 134 134 134 134 93 93 93 93 93 94 94 98 98 95 67 67 67 2 68 68 2 2 2 37 37 19 19 19 26 27 2 3 3 3 
322 265 265 265 265 265 323 323 265 265 265 303 303 293 293 265 274 274 274 251 251 251 255 228 228 229 237 229 229 212 222 212 217 212 182 182 182 182 166 166 176 148 148 148 148 148 134 134 135 125 125 93 93 117 117 94 95 95 95 95 67 67 67 67 67 68 2 2 2 37 37 37 26 26 26 27 2 3 3 4 
322 322 344 344 265 265 323 323 323 318 265 308 265 265 294 265 265 265 251 251 266 251 255 251 228 229 229 229 212 212 222 212 212 212 182 182 182 182 166 166 176 148 148 148 148 148 148 148 135 135 125 125 51 51 51 51 51 104 69 69 90 67 67 67 67 68 2 2 2 37 37 37 26 26 2 2 2 4 4 4 
322 322 344 345 265 265 323 323 318 318 265 265 265 265 265 265 265 265 251 251 266 251 251 251 228 228 230 230 230 230 222 222 208 213 208 182 182 195 166 166 166 165 165 148 148 148 148 148 136 136 125 125 51 51 51 110 51 104 69 69 69 67 80 67 67 2 2 2 2 37 37 43 43 2 2 11 11 4 4 4 
322 344 344 338 338 318 318 318 318 295 295 265 265 265 251 251 251 251 251 251 251 228 228 228 228 228 230 230 223 223 223 223 208 208 208 182 182 166 166 166 166 165 165 148 148 148 149 149 136 137 125 125 51 51 51 110 51 104 69 69 69 67 80 67 67 2 2 2 2 2 37 43 43 2 2 11 11 11 11 4 
322 344 344 338 338 338 318 318 319 295 295 265 304 265 251 251 251 251 251 251 251 228 228 228 228 228 223 223 223 209 209 209 209 209 166 166 166 166 191 166 166 165 165 165 149 149 149 150 136 125 125 125 51 51 111 51 51 69 69 69 69 67 67 76 67 59 59 59 2 2 37 37 37 37 2 11 11 4 4 4 
322 322 322 338 322 322 322 322 319 319 295 265 265 265 295 251 251 251 251 251 251 251 228 228 228 228 223 223 223 209 209 209 209 209 166 179 179 179 179 179 166 166 166 166 149 149 136 136 136 125 125 125 125 51 111 51 69 69 69 69 69 85 67 67 67 59 55 55 2 2 2 2 2 2 2 21 21 4 5 5 
348 348 322 322 322 322 322 322 324 295 295 309 265 265 295 251 251 251 251 251 251 251 228 228 228 228 223 223 223 209 209 209 209 214 166 166 192 192 192 179 179 166 166 167 149 149 136 136 136 136 51 51 51 51 111 51 69 69 69 69 69 85 67 67 74 59 59 55 55 2 2 38 38 38 4 4 22 4 5 6 
348 348 322 322 314 314 322 322 324 295 295 295 295 295 295 251 251 281 251 261 261 261 228 228 238 238 238 223 223 209 209 224 183 183 192 192 192 183 183 183 138 138 138 138 149 149 149 149 136 136 51 51 122 122 111 51 69 69 69 69 69 69 69 69 69 69 59 59 38 38 38 38 38 38 4 4 4 4 5 6 
346 346 346 346 314 314 314 329 314 314 314 295 295 300 287 287 251 251 251 261 261 228 228 238 238 199 199 199 199 199 209 209 183 183 183 183 183 183 184 138 138 138 138 138 138 156 149 149 133 133 133 51 122 111 111 51 51 51 51 51 69 69 69 69 69 70 38 38 38 38 38 46 38 38 4 28 4 4 5 5 
346 347 347 347 314 314 314 314 314 295 295 295 295 287 287 287 251 251 270 270 261 228 228 238 238 199 199 199 199 199 209 209 183 209 209 183 183 196 184 138 138 138 138 168 138 156 142 151 133 133 122 122 122 111 111 111 99 99 99 51 69 69 69 69 69 70 38 38 38 38 38 38 38 38 4 4 4 4 5 5 
346 346 314 314 314 314 314 314 314 295 310 310 295 287 287 287 251 251 248 248 261 228 228 247 239 239 239 199 199 199 209 209 209 209 199 199 199 196 184 138 138 168 168 168 138 138 142 142 142 106 106 106 106 106 99 99 99 99 99 51 51 51 51 69 69 70 38 38 44 44 44 38 38 4 4 4 4 4 4 4 
346 346 314 314 314 314 314 314 314 295 295 295 295 287 287 282 282 282 248 248 248 262 247 247 239 239 239 199 199 199 199 199 199 199 199 199 196 196 184 184 180 140 140 140 159 138 152 142 142 106 106 106 106 106 99 99 99 99 99 51 51 86 51 77 51 51 60 60 44 44 44 44 44 39 4 4 4 15 4 4 
332 332 332 314 314 330 330 330 296 296 311 311 296 296 296 282 282 283 248 271 248 248 247 247 247 233 233 233 199 203 199 199 218 199 199 199 196 197 180 180 180 140 172 140 159 138 106 106 106 106 106 106 106 99 99 99 99 99 99 51 51 86 51 51 51 51 51 51 51 51 33 33 33 39 4 4 4 15 4 4 
332 332 332 314 314 330 330 330 325 296 296 296 296 282 282 282 282 283 248 248 267 248 248 252 248 233 233 233 199 203 203 199 199 199 199 199 200 197 180 185 140 140 172 140 159 138 106 106 106 106 106 106 106 99 99 99 99 105 91 91 91 81 81 56 56 51 51 61 33 33 33 47 33 39 4 4 4 4 4 4 
353 332 332 332 332 332 332 325 325 296 296 312 282 282 297 275 275 275 275 248 248 248 256 252 248 233 233 233 199 199 203 199 199 199 199 199 197 197 180 185 140 140 140 140 159 138 138 138 138 106 106 106 106 118 118 87 87 87 91 81 81 81 56 56 56 56 61 61 33 33 33 33 33 39 33 4 4 4 7 7 
353 332 332 332 332 325 325 325 312 312 315 312 282 282 288 288 276 276 276 248 248 248 252 252 248 233 233 233 233 199 203 203 199 199 199 201 201 186 186 140 140 140 140 140 140 157 138 138 138 106 106 106 106 118 87 87 108 87 87 81 81 81 81 56 56 56 56 56 56 33 33 33 33 33 33 4 23 4 4 8 
349 349 332 332 340 325 325 312 312 312 312 312 305 282 288 288 276 276 276 248 248 248 252 248 248 234 234 233 233 199 203 203 199 199 199 201 201 186 186 140 140 140 173 169 140 157 139 139 138 106 106 106 106 87 87 112 87 87 87 81 81 81 81 56 56 56 56 56 56 48 48 48 34 34 34 4 23 4 4 8 
349 340 340 340 340 325 325 326 326 282 282 282 305 282 276 276 276 276 276 235 235 248 248 248 234 234 231 231 231 231 203 219 219 199 199 203 129 129 186 186 169 169 169 169 140 157 139 139 138 138 106 106 106 87 87 87 87 87 87 96 87 87 71 71 56 56 48 48 48 48 48 48 34 34 34 4 23 4 4 4 
349 340 340 306 306 325 325 326 326 282 282 282 282 282 276 276 276 235 235 235 235 235 235 253 234 243 231 231 234 203 203 203 203 203 203 203 129 129 129 129 169 169 169 170 140 157 139 139 139 139 106 106 106 106 106 106 106 106 87 96 87 88 71 71 71 71 48 62 52 52 24 24 24 24 24 4 4 16 4 4 
349 340 340 306 306 306 306 331 282 282 282 282 282 282 276 276 285 235 277 235 235 235 235 253 234 234 234 234 234 203 203 203 204 204 203 203 129 129 129 187 169 169 169 170 140 140 140 140 143 140 106 106 126 119 119 113 106 106 87 87 87 71 71 78 71 71 48 48 52 24 24 24 24 40 24 24 4 4 4 9 
349 340 340 306 306 306 306 306 282 282 282 282 282 282 282 276 285 235 235 235 235 235 235 253 234 234 240 204 204 204 204 204 204 204 203 203 129 129 129 129 129 129 129 129 140 140 144 140 140 140 106 106 113 119 113 113 107 107 100 71 71 71 82 78 63 63 63 48 52 24 24 24 24 24 24 24 4 4 9 9 
349 340 340 306 306 306 333 306 282 282 282 282 282 301 282 276 276 276 235 272 235 235 257 235 235 240 240 204 232 232 204 204 204 204 210 188 188 129 129 129 171 171 171 129 140 140 144 140 140 129 129 129 113 113 113 114 107 107 100 71 63 63 82 63 63 64 64 48 52 24 24 30 30 24 24 29 24 17 9 10 
349 350 306 306 341 306 306 306 282 316 316 282 282 282 282 289 276 276 235 235 268 235 235 235 235 235 241 204 204 204 204 204 204 204 204 188 188 129 129 129 171 171 171 129 129 129 144 144 144 129 115 115 115 114 114 114 107 107 71 71 92 63 63 63 72 64 64 48 48 48 48 30 35 35 24 24 24 17 9 10 
349 306 306 320 320 320 306 306 282 282 282 282 282 282 289 289 286 235 235 235 268 235 235 249 249 235 235 235 204 204 226 204 204 205 204 188 188 129 129 160 160 160 171 171 160 129 129 129 129 129 115 130 115 120 120 71 107 107 71 71 64 64 64 79 72 72 64 53 53 53 48 30 30 35 35 12 12 17 9 9 
349 306 306 306 342 320 320 320 320 320 306 306 242 242 242 242 286 235 235 235 235 235 235 249 235 235 235 235 235 226 226 204 204 205 204 204 188 193 193 160 160 160 160 160 160 129 129 129 129 64 115 115 115 120 120 71 71 71 71 71 64 83 64 64 64 64 64 53 53 48 48 49 30 30 30 30 12 12 12 9 
349 327 327 306 306 306 306 306 306 306 306 306 242 298 298 242 242 284 242 242 263 263 235 235 235 235 235 236 236 226 226 204 204 205 205 205 188 193 188 188 160 177 160 160 161 129 153 129 129 64 64 115 115 115 115 115 64 64 71 71 64 83 83 25 25 64 64 53 53 41 41 49 41 41 25 25 25 12 12 9 
327 327 327 334 334 334 334 306 306 306 306 306 242 242 242 242 242 242 242 242 242 242 258 235 244 244 242 236 220 220 226 220 220 206 206 206 188 188 188 189 160 177 123 123 123 129 129 129 64 64 64 64 64 64 64 64 64 64 64 64 64 89 84 25 25 25 25 25 25 41 41 41 41 25 25 31 13 13 13 9 
327 351 327 327 327 335 335 306 306 306 306 306 306 302 299 242 242 242 278 242 242 242 242 235 235 235 242 236 220 220 220 220 221 206 160 160 160 160 160 160 160 160 123 162 162 146 146 146 64 64 64 64 127 102 102 101 101 64 64 25 25 25 84 25 65 65 25 25 25 25 25 25 25 25 31 31 13 13 13 9 
327 351 327 327 327 327 327 327 290 290 290 313 290 302 299 242 242 242 242 259 259 259 242 242 242 242 242 236 227 227 227 221 221 160 160 178 178 178 194 160 160 160 123 123 163 146 154 145 145 131 131 131 127 102 102 101 101 101 101 25 25 25 84 25 65 65 65 25 25 25 42 42 42 42 13 13 13 13 13 9 
327 351 327 327 327 327 327 327 290 290 290 290 290 302 299 269 269 242 242 259 259 259 259 236 236 236 236 236 227 227 227 221 221 160 178 178 178 178 178 178 178 178 174 123 163 146 146 146 146 131 131 127 127 102 102 116 101 101 102 25 25 25 25 25 65 65 65 25 25 25 42 42 42 42 13 13 13 13 14 9 
327 327 327 327 339 339 327 327 327 290 290 290 290 290 299 269 269 279 236 236 236 236 236 236 236 245 236 236 227 227 221 221 221 160 178 178 178 174 174 174 174 174 174 123 123 155 155 123 123 123 102 102 102 102 102 102 102 102 102 25 25 25 25 54 54 54 54 54 54 54 36 36 36 36 36 13 13 18 9 9 
321 321 321 327 336 336 336 327 327 290 290 307 307 290 290 290 269 279 279 236 236 160 236 236 236 245 236 236 221 221 221 160 160 160 178 178 174 174 123 123 123 123 123 123 123 155 155 123 124 123 102 102 102 102 102 102 109 54 54 54 54 54 54 54 54 54 54 54 54 36 36 36 36 18 18 18 18 18 9 9 
321 321 321 327 336 336 336 321 321 273 273 273 273 273 291 291 269 269 269 269 269 160 160 221 221 221 221 221 221 160 160 160 160 160 174 174 174 198 123 123 175 175 123 123 123 123 123 123 124 123 123 123 128 123 102 102 109 54 97 97 54 54 54 75 54 54 66 54 54 36 36 36 36 18 18 18 18 18 9 9 
321 321 321 327 336 336 336 321 321 273 273 273 273 273 291 291 273 273 269 269 264 264 160 221 221 221 160 160 160 160 160 160 215 215 174 174 174 190 190 123 123 175 175 123 123 123 123 123 124 123 123 123 123 123 102 102 54 54 97 97 54 54 54 75 75 54 57 57 57 36 36 50 32 32 18 18 18 18 9 9 
321 321 321 321 321 321 321 321 321 321 273 273 273 273 273 273 273 273 273 273 264 264 160 160 160 160 160 160 160 225 225 225 215 215 174 174 174 190 190 190 123 123 123 123 164 123 123 123 124 124 124 124 124 124 102 102 54 54 54 54 54 54 54 54 54 54 57 57 57 36 36 50 32 32 32 32 18 18 9 9 
