322 322 322 292 292 292 292 292 292 292 292 292 292 266 266 266 245 245 245 245 251 199 199 199 199 199 199 199 199 199 199 199 199 199 188 188 188 152 152 175 171 156 156 156 149 149 149 141 141 116 116 116 116 116 100 100 100 104 100 94 94 84 84 62 62 62 54 54 54 24 24 43 24 24 24 24 1 1 1 1 
266 266 266 292 292 292 299 299 299 299 266 266 266 266 280 266 245 245 245 245 251 199 199 242 199 199 199 199 199 199 199 194 194 194 188 188 152 152 152 152 171 156 156 156 149 149 149 141 141 116 116 116 117 117 100 110 100 100 100 94 94 84 84 62 62 62 54 54 55 24 24 24 24 1 1 1 1 2 2 2 
266 266 266 266 299 299 299 266 266 300 266 285 285 285 280 266 245 245 245 245 251 251 199 199 199 215 215 199 199 199 199 194 203 194 194 188 152 152 152 152 152 156 156 156 156 149 149 116 116 116 116 116 100 100 100 100 100 100 100 84 84 84 84 62 62 62 54 54 24 24 47 24 24 1 1 21 21 2 2 2 
266 266 323 266 266 315 266 266 266 266 266 285 286 286 280 266 266 245 245 245 245 245 245 215 215 215 215 215 215 209 209 194 194 194 194 188 152 152 152 164 152 152 152 157 157 149 149 116 116 118 118 118 100 100 100 100 89 89 89 89 76 76 76 76 73 62 62 58 24 24 47 1 1 1 1 21 3 3 2 2 
266 266 266 308 266 266 266 307 285 285 285 285 286 272 272 272 245 245 245 245 244 244 215 215 237 215 215 215 215 209 209 209 184 184 194 188 152 152 152 164 152 152 152 157 152 152 144 144 116 116 130 118 126 111 111 111 89 101 101 89 76 76 76 73 73 64 58 58 24 24 47 1 6 6 6 6 3 3 3 3 
308 308 308 308 266 266 266 266 285 266 266 286 286 272 272 245 245 245 245 244 244 244 215 243 215 215 215 215 215 215 215 184 184 184 184 188 188 184 152 164 152 152 152 152 152 153 119 119 119 119 119 118 126 111 111 111 89 101 101 89 89 89 76 77 64 64 58 24 24 47 47 1 6 6 6 6 4 4 3 3 
308 308 308 316 266 266 266 266 266 266 266 266 287 287 272 245 245 245 244 244 244 244 215 215 215 228 215 215 179 179 216 184 184 184 184 188 188 184 152 164 164 164 164 164 153 153 119 119 119 119 119 118 118 118 79 79 89 89 89 89 89 90 76 64 64 58 58 24 56 47 47 1 38 6 6 4 4 4 3 3 
324 324 308 316 316 316 266 266 266 266 266 266 272 272 272 273 245 245 244 244 244 244 244 215 215 228 215 215 179 179 179 210 184 184 184 184 184 184 152 152 170 170 164 164 153 153 119 119 119 119 131 118 118 119 79 79 79 79 79 79 89 76 76 64 64 58 58 24 56 39 39 1 1 6 6 4 4 4 4 4 
324 324 308 308 308 308 308 266 266 266 266 272 272 288 247 247 262 262 262 252 252 252 244 244 228 228 228 179 179 179 179 179 179 179 185 185 185 185 152 152 170 158 158 158 158 153 119 119 119 119 131 119 119 119 79 79 95 95 79 79 76 76 24 24 24 58 58 24 39 39 39 39 39 6 6 25 4 5 4 4 
324 324 324 308 308 308 308 266 266 266 266 272 272 272 247 247 247 252 252 252 246 246 246 228 228 228 228 179 179 179 204 204 204 179 179 179 185 185 152 152 158 158 153 153 153 153 145 145 119 119 119 119 120 120 79 79 95 95 79 79 76 76 24 78 24 24 24 24 39 40 40 39 39 6 30 4 4 5 5 5 
331 331 302 302 302 308 308 308 281 281 281 272 272 272 247 247 247 252 252 252 246 246 246 228 238 228 229 195 195 220 204 204 204 189 189 179 179 179 179 152 158 158 153 153 137 137 145 119 119 127 127 127 79 79 79 95 95 95 95 79 79 79 24 24 24 33 33 39 39 40 40 44 40 6 6 4 6 6 6 6 
331 331 302 319 302 302 281 281 281 301 281 281 281 247 247 247 267 247 247 252 246 246 246 228 228 228 228 195 195 195 195 195 195 195 189 189 180 180 152 152 137 137 137 137 137 145 145 119 119 119 119 127 79 121 112 95 95 95 95 95 95 79 24 24 24 24 33 39 39 40 40 40 40 33 6 4 6 6 6 7 
333 332 302 302 302 302 281 281 281 281 281 281 281 247 248 247 247 247 247 247 247 247 247 195 228 228 228 195 195 195 217 205 205 195 195 189 180 180 152 176 137 159 159 159 159 145 145 119 119 119 119 127 127 112 112 102 102 102 97 97 79 79 85 79 24 24 33 39 39 40 33 33 33 33 6 6 6 7 7 7 
333 332 302 302 311 311 311 281 281 281 281 281 281 281 248 248 268 248 248 256 256 253 195 195 195 195 230 195 195 195 217 205 205 195 195 189 180 180 152 176 137 137 137 137 137 146 146 146 119 119 132 127 127 112 112 102 102 102 97 97 79 79 79 79 24 59 33 33 33 33 33 34 34 34 6 6 17 7 7 8 
333 332 302 302 302 302 302 302 302 294 294 281 281 281 281 248 248 248 248 256 256 253 195 195 195 195 195 195 195 195 211 211 205 195 195 189 189 180 152 152 152 152 152 137 137 146 146 119 119 136 112 112 112 112 112 102 102 102 102 80 80 79 79 80 24 59 59 59 33 33 48 34 34 34 18 18 17 17 8 8 
332 332 302 302 302 302 302 302 302 294 294 264 264 264 264 264 264 264 248 248 248 253 248 233 233 233 195 195 195 195 211 205 205 165 165 190 190 180 180 152 152 152 152 137 160 119 119 119 136 136 112 112 113 113 113 102 102 102 102 80 80 80 80 80 24 59 59 48 48 48 48 34 34 34 18 18 18 18 8 8 
332 317 317 317 302 302 302 302 302 294 294 264 264 264 264 274 264 264 254 254 248 248 248 233 233 233 195 195 195 195 205 205 165 165 165 190 165 165 181 167 167 167 167 137 137 119 136 136 136 119 119 112 112 112 114 66 66 66 66 66 91 91 74 74 24 65 24 48 24 24 49 41 41 18 18 18 8 8 8 8 
317 317 317 317 302 302 302 302 304 294 294 294 275 275 264 264 264 264 254 248 248 248 239 239 239 195 195 224 224 195 205 212 165 165 165 165 165 165 181 167 167 165 165 165 137 119 119 119 119 119 119 112 112 112 114 66 66 66 66 66 74 74 74 74 24 24 24 24 24 24 49 41 41 18 18 18 8 8 8 8 
317 317 317 317 302 302 302 302 302 302 294 294 275 275 275 275 254 254 254 248 248 248 239 239 239 195 195 195 195 195 206 206 165 165 165 165 165 165 165 167 167 165 161 161 137 119 119 137 137 137 119 112 112 112 66 66 96 96 66 74 74 86 86 74 74 24 24 24 24 24 24 41 41 18 18 19 19 19 8 8 
317 317 325 317 302 302 302 302 302 303 275 275 275 276 276 254 254 254 254 254 254 254 239 240 240 195 195 225 195 195 206 206 165 165 165 161 161 161 165 165 165 165 161 161 137 137 137 137 137 137 119 128 128 66 66 96 96 96 66 66 66 66 87 66 66 66 24 24 24 52 24 19 19 19 19 19 9 9 15 9 
334 317 317 317 317 295 295 295 295 275 275 277 277 276 276 254 254 254 254 254 257 239 239 240 221 221 221 221 221 206 206 206 200 200 161 161 161 161 182 165 165 161 161 161 161 133 119 119 119 119 119 128 128 66 96 96 96 96 96 96 96 66 66 66 67 53 53 53 24 24 24 19 19 19 19 9 9 9 9 9 
334 317 317 317 317 295 295 295 295 275 275 277 277 276 276 276 254 254 259 259 239 239 240 240 221 234 221 221 221 206 213 213 200 161 161 161 161 182 182 161 161 161 161 161 161 133 119 142 142 138 106 106 106 122 96 96 96 105 69 69 69 88 88 67 67 53 53 53 53 53 45 45 19 19 19 9 9 10 10 10 
295 317 317 295 295 295 295 295 295 295 275 277 277 259 259 259 259 259 259 239 239 239 239 239 221 221 221 221 221 206 206 206 206 161 161 161 161 161 161 161 161 161 161 162 162 133 147 142 142 138 106 106 106 122 82 82 69 69 69 69 69 88 88 67 67 67 28 28 28 28 45 19 19 19 19 26 9 10 10 11 
295 317 317 295 295 295 312 295 295 295 275 275 277 259 263 263 263 263 263 239 239 239 239 239 221 221 221 221 206 206 206 214 173 173 163 163 163 163 163 163 172 162 162 162 133 133 147 147 138 138 106 106 106 122 82 82 69 69 69 69 69 69 69 67 67 68 28 28 28 28 45 19 19 19 19 10 10 10 10 11 
295 295 295 295 295 295 295 295 295 295 295 295 277 259 259 259 269 239 239 239 239 239 239 239 221 221 221 221 206 206 206 214 173 173 163 163 163 163 163 163 172 162 162 162 133 133 133 133 138 138 106 106 106 82 82 82 69 69 103 98 69 69 69 69 28 28 28 28 28 28 28 28 19 19 19 10 10 10 10 12 
320 320 326 320 295 295 295 295 295 295 295 296 277 277 277 259 259 239 239 258 258 239 231 231 231 231 231 221 221 221 187 187 173 173 173 173 191 163 163 163 163 162 162 163 163 135 135 133 106 106 106 106 82 82 82 82 82 82 82 98 81 81 81 69 28 28 28 28 28 28 28 28 28 28 27 27 10 20 10 12 
320 320 320 320 295 295 309 309 305 226 226 226 226 289 277 277 239 239 239 258 258 239 231 231 231 235 192 192 192 187 187 187 187 187 196 173 173 163 163 177 163 163 163 163 135 135 135 133 143 133 133 106 82 82 82 82 82 82 82 98 81 81 81 69 28 28 28 28 28 28 28 28 28 28 28 28 10 10 10 12 
320 327 327 305 305 305 309 305 305 226 226 226 226 226 226 226 239 239 239 239 239 239 231 235 235 235 192 192 192 187 187 187 187 187 187 187 173 163 163 163 163 163 163 135 135 154 135 133 143 133 134 106 106 106 106 82 82 82 82 98 81 81 81 69 69 69 28 28 28 28 28 28 28 28 28 28 10 10 12 12 
320 320 320 305 305 305 309 305 305 226 226 226 226 282 282 226 270 226 226 226 255 255 231 231 235 235 192 192 192 222 187 187 187 187 197 173 173 163 163 163 163 163 163 135 135 135 135 133 133 133 134 123 123 123 106 106 106 106 82 98 81 81 81 81 60 60 28 28 28 28 35 35 28 28 28 28 10 10 10 10 
320 320 320 305 305 313 305 305 305 226 226 226 226 282 283 226 226 226 260 226 226 231 231 231 192 192 192 192 192 192 192 192 207 187 173 173 186 186 163 163 163 163 163 135 135 135 135 135 139 139 134 123 123 123 106 106 106 106 82 82 82 92 81 81 60 60 63 60 42 42 35 35 35 35 28 28 10 10 10 10 
320 318 318 318 305 313 305 305 306 226 226 226 226 282 283 249 249 261 260 260 226 231 231 231 192 192 192 192 192 192 218 192 192 187 173 173 173 173 173 173 173 163 163 135 135 135 135 135 134 134 134 123 123 107 107 107 107 107 82 82 82 92 82 82 60 60 60 60 42 42 42 31 35 35 28 28 22 10 10 13 
320 318 328 305 305 313 313 305 305 271 271 226 226 282 249 249 249 261 261 261 226 226 226 226 236 236 192 192 192 192 192 192 192 187 187 187 187 187 115 174 174 166 166 166 135 135 135 135 134 134 134 123 123 107 107 107 107 107 82 82 82 82 82 60 60 70 51 51 42 50 42 31 31 31 31 22 22 13 13 13 
320 318 318 305 305 305 305 305 305 271 271 278 278 278 278 278 249 249 249 249 249 249 249 226 226 226 192 192 192 192 192 192 201 201 198 115 115 115 115 174 174 166 166 166 135 135 135 135 123 123 123 123 124 124 99 99 109 99 99 60 60 60 60 60 70 70 51 51 42 50 42 42 42 31 31 22 23 13 14 14 
320 329 318 305 305 314 314 271 271 271 271 271 271 290 284 265 265 265 249 249 250 250 250 226 226 226 226 226 192 192 192 192 201 198 198 115 115 115 115 115 150 150 150 150 150 150 150 135 123 123 123 123 124 124 99 99 99 99 99 60 60 60 60 60 51 51 51 51 51 50 50 13 13 13 13 22 13 13 14 14 
320 329 318 318 318 314 314 271 271 297 297 297 271 284 284 265 265 250 250 250 250 227 227 227 227 223 223 223 192 192 201 201 201 198 198 192 192 115 115 115 150 115 115 115 115 115 151 135 135 135 135 123 124 124 99 99 108 108 99 60 60 60 60 60 51 71 51 51 51 51 51 13 13 13 13 13 13 16 14 14 
329 329 329 310 310 271 271 271 271 271 298 298 271 284 284 279 265 250 250 250 250 227 227 227 227 223 232 223 223 192 192 192 208 198 198 192 193 115 115 115 115 115 168 115 115 115 115 115 115 140 123 123 99 99 99 99 108 108 99 99 72 72 83 83 51 51 51 51 51 46 46 46 13 13 32 13 13 16 14 14 
329 329 329 310 310 271 271 271 271 271 298 298 271 271 271 279 265 265 250 250 250 250 227 227 227 223 223 223 223 192 192 192 192 192 192 192 193 183 183 178 115 115 115 115 115 115 115 115 115 140 123 129 99 125 72 72 72 72 72 72 72 72 72 72 72 72 29 29 29 46 46 46 13 13 14 14 14 16 16 14 
321 321 330 310 310 293 293 271 271 293 293 293 293 291 271 271 271 250 250 250 250 250 241 241 227 223 223 223 223 223 219 192 192 202 192 192 193 183 183 178 115 115 115 115 115 115 148 148 115 125 125 125 125 125 72 93 93 93 72 72 75 75 75 29 29 29 29 61 29 46 36 36 36 36 14 14 14 14 14 14 
321 321 321 310 310 293 293 293 293 293 291 291 291 291 250 250 250 250 250 250 250 241 241 241 227 227 223 223 223 223 219 202 202 202 193 193 193 178 178 178 115 115 169 115 115 155 148 148 115 125 115 115 115 115 72 72 93 93 93 93 75 75 75 29 29 29 29 29 29 29 36 36 29 29 29 14 14 14 14 14 
321 321 321 321 310 310 310 310 293 293 291 291 291 291 250 250 250 250 250 250 250 241 241 241 241 227 227 227 223 223 219 202 202 202 193 193 193 178 178 178 115 115 115 115 148 148 148 148 115 115 115 115 115 115 115 72 93 93 93 93 93 93 75 75 75 29 29 57 57 29 29 29 29 37 29 29 14 14 14 14 
