334 334 334 334 334 334 334 312 312 325 312 312 297 297 297 285 285 245 245 245 245 245 245 245 245 245 228 228 228 228 190 190 190 190 190 190 190 190 190 190 174 174 174 174 158 158 158 158 134 134 134 134 125 125 100 100 100 100 100 100 100 83 83 83 55 55 55 55 55 55 34 34 34 34 34 15 15 15 1 1 
334 334 334 334 334 334 312 312 312 312 312 297 297 302 285 285 286 245 245 228 228 228 228 228 228 228 228 235 233 190 190 205 205 205 190 190 190 190 190 190 174 174 174 174 158 158 158 158 134 134 134 125 125 100 100 100 100 83 83 104 83 83 83 83 55 55 55 55 55 55 34 34 34 34 34 15 15 1 1 2 
353 334 334 334 334 334 312 312 312 312 315 302 302 302 285 285 228 228 228 228 267 228 228 248 248 228 228 233 233 190 205 205 205 205 190 190 190 190 190 190 174 174 174 174 174 158 158 158 153 125 125 125 128 100 100 100 100 83 83 104 83 93 83 83 55 55 64 64 64 55 55 42 42 29 29 16 16 1 1 1 
353 353 306 306 306 306 306 306 326 326 302 302 290 290 290 285 228 280 256 256 256 256 256 233 233 233 233 233 190 190 205 222 205 205 190 190 190 190 190 190 174 174 174 175 175 168 153 153 153 125 125 125 125 125 76 76 76 83 83 83 83 84 84 84 55 55 55 55 55 55 42 42 42 29 29 16 16 1 1 1 
353 353 306 306 306 335 335 306 302 302 302 290 290 303 285 285 228 228 256 233 233 233 233 233 233 233 233 233 190 190 205 205 205 205 205 205 191 191 190 190 174 174 174 175 176 168 153 153 153 135 135 135 76 76 76 116 116 83 106 83 83 84 84 84 55 55 55 61 61 61 42 42 42 29 29 29 16 16 1 1 
354 354 306 306 306 306 306 306 302 316 316 290 290 285 285 285 285 228 256 233 233 233 233 233 233 233 233 233 190 190 217 217 217 217 205 205 191 191 191 191 162 162 175 175 168 168 161 122 122 135 135 135 76 76 76 116 116 83 83 83 80 80 80 80 80 75 61 61 62 62 56 37 37 37 3 3 3 3 3 3 
354 354 306 306 306 306 327 327 290 290 290 290 290 285 298 285 285 228 228 233 233 252 252 252 240 240 190 190 190 190 190 190 190 190 209 192 192 192 191 191 162 162 175 168 168 161 161 122 122 122 136 136 76 76 76 80 80 80 83 83 80 90 75 75 75 75 26 26 56 56 56 37 37 3 3 3 3 3 3 3 
306 306 306 306 327 327 327 327 290 290 317 290 290 285 285 285 262 262 228 228 228 252 252 240 240 240 190 190 190 190 225 190 190 190 190 192 203 192 192 192 162 162 162 168 168 161 161 122 147 122 122 137 76 76 80 80 117 80 80 80 80 90 90 26 26 26 26 26 56 56 56 25 25 3 3 3 12 3 3 3 
306 350 350 306 306 327 327 327 331 290 290 313 290 290 299 290 262 262 228 228 228 228 228 240 240 240 240 236 190 190 190 190 190 218 190 192 203 192 192 193 162 162 162 162 168 168 122 122 147 147 122 122 122 76 76 109 109 80 80 80 80 76 76 26 26 26 26 26 26 26 48 48 25 25 25 25 12 12 12 4 
306 350 351 346 306 327 327 327 327 327 290 290 290 290 299 290 262 262 262 268 268 262 228 228 249 236 236 236 190 190 190 218 218 218 190 192 192 192 192 193 162 162 162 162 168 168 122 122 154 122 122 138 122 122 76 109 109 109 76 76 76 76 76 85 26 26 26 26 26 26 48 48 26 26 26 25 25 4 4 4 
306 350 351 346 306 327 327 327 327 318 318 306 306 290 290 290 262 262 262 262 262 262 228 228 249 236 236 236 204 204 204 204 206 206 206 206 192 192 192 193 162 162 162 162 162 162 162 122 154 122 122 122 122 122 76 76 109 109 76 76 76 94 76 76 76 76 26 65 65 26 26 26 26 26 26 26 26 4 4 4 
306 350 347 347 306 306 306 318 318 318 306 306 307 290 290 291 262 262 262 262 262 262 228 228 241 241 204 204 204 229 204 204 206 210 210 192 192 192 192 193 162 162 148 148 162 162 122 122 154 122 122 122 122 122 122 76 110 110 76 76 101 77 77 77 77 26 26 57 57 57 57 43 43 26 26 26 27 4 4 4 
306 350 347 347 306 306 306 318 318 318 306 291 291 291 291 291 262 262 262 262 262 228 228 228 241 241 204 204 229 229 204 204 206 204 204 192 192 192 192 186 186 186 148 148 169 169 122 122 122 122 122 122 81 122 122 76 110 76 76 76 76 77 77 77 77 26 26 57 43 43 43 43 44 26 26 13 13 17 4 4 
350 350 347 347 306 306 318 318 318 328 306 291 291 291 291 292 262 262 262 262 262 228 228 228 241 241 241 204 226 226 226 204 204 204 204 204 204 192 192 186 186 186 148 148 169 148 148 148 148 148 141 81 81 122 122 76 76 76 76 76 76 95 77 77 77 26 26 43 43 58 58 30 30 30 30 30 13 13 13 5 
350 350 350 300 300 306 318 318 318 306 306 291 291 292 292 292 272 272 272 262 262 228 228 228 228 228 228 204 226 226 226 211 211 211 211 204 204 183 183 194 183 183 183 148 148 148 141 141 141 141 141 81 129 122 122 81 81 107 107 102 102 91 91 86 77 26 26 45 45 45 45 30 30 30 5 5 18 13 13 5 
350 350 350 300 344 306 306 306 306 306 319 300 300 292 292 292 272 272 272 272 228 228 228 228 228 242 242 204 204 226 226 211 211 211 212 171 171 200 183 183 183 177 177 139 139 139 139 159 141 141 142 81 81 81 81 81 81 81 81 102 91 91 86 86 77 77 20 20 20 20 45 45 5 5 5 5 18 18 5 5 
355 300 300 300 344 340 319 319 319 319 319 300 300 300 300 269 269 269 269 228 228 228 228 228 228 242 243 204 204 226 226 211 211 211 171 171 171 171 171 187 187 177 177 139 139 170 139 139 141 141 142 81 81 120 120 120 96 96 81 81 81 86 86 81 81 20 20 20 20 20 20 45 5 5 35 5 19 19 5 5 
355 300 336 336 336 340 319 319 319 319 300 300 308 269 269 269 281 281 269 228 228 228 242 242 242 242 243 204 227 227 227 171 171 171 171 207 171 171 171 171 171 177 177 177 139 139 139 139 149 149 139 139 130 120 120 120 96 96 81 81 81 86 86 81 82 20 63 63 63 63 20 45 45 5 35 5 5 5 5 5 
355 300 300 336 336 336 336 300 300 300 300 308 308 269 269 269 281 281 269 273 253 253 242 242 204 204 243 204 227 171 171 171 188 188 188 188 188 188 188 195 171 171 171 177 177 171 139 149 149 150 139 139 130 120 120 120 96 96 81 81 81 81 81 81 20 20 63 63 63 63 20 49 20 20 20 20 20 20 5 5 
355 355 300 336 336 336 337 300 300 329 320 308 308 269 269 281 281 281 269 273 253 253 257 204 204 204 204 204 227 171 171 171 188 188 188 208 196 196 188 188 188 171 171 181 171 171 139 139 139 139 139 139 130 96 96 96 96 96 81 81 81 81 20 20 20 20 20 70 59 59 20 49 20 20 20 20 20 20 6 6 
358 356 300 336 336 300 300 300 300 329 320 269 269 269 269 281 281 281 269 273 253 253 253 204 204 237 237 237 188 188 223 223 188 188 188 196 196 196 196 196 171 171 181 181 171 171 155 155 155 143 143 130 130 96 96 96 96 96 105 105 96 96 20 20 20 20 20 20 59 59 20 20 46 20 20 20 20 6 6 7 
356 356 300 300 300 300 309 309 320 320 320 269 269 269 269 281 281 282 269 269 253 263 253 253 204 204 237 237 188 188 223 188 188 188 188 196 201 201 172 172 171 171 171 171 171 171 155 96 96 143 140 140 96 96 118 118 96 111 96 96 96 97 20 20 73 73 73 20 59 59 59 20 20 20 36 20 20 6 6 6 
356 348 348 348 309 309 309 309 321 321 321 269 269 269 269 293 263 263 276 269 269 263 253 253 204 204 188 188 188 188 188 188 196 188 188 196 172 172 172 172 172 172 184 171 171 155 155 96 96 96 140 96 96 112 112 118 96 96 96 96 97 97 20 20 73 73 73 20 20 20 50 50 20 20 36 20 28 6 6 6 
356 348 348 348 309 338 338 309 309 269 269 269 269 269 293 293 263 263 270 270 270 263 204 204 204 188 188 238 188 188 188 188 196 196 196 196 172 172 172 179 179 172 172 178 178 155 155 96 96 96 96 96 112 112 112 118 118 96 96 96 71 71 87 87 71 71 71 71 66 20 50 51 20 20 20 20 28 6 6 6 
356 294 294 294 309 338 338 309 309 269 269 269 269 269 263 263 263 263 270 263 263 263 204 204 188 188 219 219 188 188 188 188 196 196 213 172 172 179 179 179 179 179 172 172 172 155 155 96 96 151 112 112 112 126 112 112 112 112 71 71 71 71 71 71 71 71 39 39 66 20 50 38 38 21 21 21 28 6 6 6 
356 294 352 294 309 309 309 309 330 330 263 263 263 263 263 263 263 263 263 263 264 264 258 204 188 188 219 219 188 188 188 213 213 213 213 172 179 179 179 179 179 163 163 163 172 172 96 96 151 151 112 112 112 112 112 112 112 112 71 71 71 71 71 71 71 71 39 39 39 39 38 38 38 21 21 21 21 21 6 6 
294 294 352 294 294 341 309 309 309 309 309 263 263 263 263 263 263 263 263 274 258 258 258 204 250 188 188 219 188 188 188 213 213 172 172 172 179 202 179 179 179 163 185 163 172 172 96 160 96 96 112 112 131 123 123 112 113 113 71 71 71 71 71 78 78 78 39 39 39 39 38 38 38 38 21 31 22 22 6 6 
294 357 349 349 294 294 309 309 309 309 309 309 309 263 301 263 263 283 258 258 258 265 204 204 204 204 188 219 219 230 219 219 219 172 197 197 179 179 179 179 179 179 179 163 173 173 96 96 96 96 131 131 131 123 123 112 112 114 71 71 71 88 88 39 39 39 39 72 39 39 47 47 47 39 21 22 22 23 6 6 
294 294 349 294 294 294 294 294 294 294 294 309 309 263 263 263 287 258 258 265 265 265 204 204 204 204 188 239 219 219 219 220 220 172 197 197 197 179 179 157 157 157 179 163 163 163 163 96 96 96 124 124 124 123 123 112 112 71 71 89 89 88 88 39 72 72 72 72 39 39 47 39 39 39 21 22 22 8 8 8 
359 294 349 294 294 294 294 294 305 305 294 294 294 294 294 294 258 258 277 265 265 265 251 251 251 246 188 239 219 219 219 220 220 172 197 197 197 197 157 157 189 157 179 179 179 164 164 156 156 124 124 124 124 127 71 71 71 71 108 89 89 88 88 39 39 39 67 67 67 39 39 39 21 21 21 22 22 8 8 9 
294 294 349 294 294 294 294 294 305 305 310 310 310 258 258 258 258 277 277 265 266 266 251 251 251 246 188 239 219 219 219 220 220 172 172 172 197 197 157 157 189 157 164 164 164 164 165 156 156 124 124 124 127 127 124 119 119 108 108 89 89 89 88 88 39 39 67 67 67 21 21 21 21 21 21 32 8 8 8 9 
294 294 294 294 294 339 339 294 305 310 310 311 311 258 295 295 265 265 265 265 259 259 259 246 246 246 188 239 215 215 220 220 214 214 214 172 197 197 197 157 189 157 164 164 164 164 144 144 156 152 124 124 124 124 124 119 119 108 108 89 89 89 92 39 39 79 74 21 21 21 60 21 21 21 21 8 8 8 8 9 
339 339 339 339 345 339 294 294 305 310 310 258 258 258 295 295 265 265 265 265 259 246 246 246 188 188 188 215 215 215 215 215 215 215 215 172 172 198 198 157 157 157 182 182 144 144 144 144 144 152 124 124 121 121 121 121 108 108 108 89 89 89 92 39 39 74 74 21 68 52 52 52 40 40 8 8 8 8 8 8 
339 339 339 339 339 339 294 305 305 322 322 258 304 304 258 258 279 278 278 259 259 254 254 254 188 188 244 215 231 231 215 215 221 216 216 172 172 198 157 157 157 157 182 182 144 144 144 145 144 144 144 121 121 121 121 121 108 98 98 89 89 89 89 89 39 74 21 21 68 52 52 53 40 40 8 8 8 8 8 8 
339 339 339 339 339 294 294 305 305 305 323 258 258 258 258 296 279 278 278 259 259 254 260 255 188 188 215 215 231 232 221 221 221 216 172 172 198 198 157 157 157 157 157 157 144 144 144 145 145 145 145 121 132 121 121 121 108 108 98 98 98 98 21 39 39 74 21 52 52 52 52 53 10 10 10 8 8 24 10 10 
339 339 339 339 339 294 294 332 332 305 305 305 305 284 284 284 279 279 278 254 254 254 255 255 188 188 215 231 231 215 221 221 216 216 172 166 198 198 157 157 157 157 157 157 157 157 144 144 144 146 121 121 121 121 99 99 99 108 99 99 98 98 21 39 39 21 21 52 52 52 52 53 10 10 10 10 10 10 10 11 
343 343 339 339 339 342 294 294 333 324 324 314 305 284 284 284 288 279 279 254 271 261 261 247 247 247 215 215 215 215 221 221 216 166 166 166 199 199 166 166 166 157 157 157 157 157 144 144 157 146 121 121 121 121 99 99 99 99 99 99 98 98 21 39 39 21 21 53 53 53 53 53 10 10 33 33 10 10 14 11 
343 343 343 294 294 294 294 294 333 324 324 314 305 284 284 284 284 284 254 254 271 261 261 247 247 247 221 221 215 215 221 224 216 166 166 166 166 199 166 166 166 166 166 166 180 157 157 157 157 146 146 133 133 99 99 99 115 115 99 99 103 99 21 21 21 21 21 53 53 53 53 53 10 10 10 10 10 10 14 11 
343 343 343 294 294 294 314 314 314 324 324 314 305 305 289 289 289 254 254 275 254 254 247 247 247 221 221 221 221 221 221 221 216 216 166 166 166 199 199 166 166 166 166 166 166 166 166 133 133 133 133 133 133 99 99 99 99 99 99 99 99 99 69 69 69 69 69 69 69 54 54 54 41 41 10 10 10 10 10 11 
343 343 343 343 343 343 314 314 314 314 314 314 305 305 289 289 289 254 254 254 254 254 247 247 247 221 221 221 234 221 221 221 216 216 166 166 166 166 166 166 166 166 166 167 167 167 167 133 133 133 133 133 133 99 99 99 99 99 99 99 99 99 69 69 69 69 69 69 69 54 54 54 41 41 10 10 10 10 10 11 
