336 336 336 336 295 295 295 295 295 295 305 231 231 231 231 284 284 270 270 270 231 231 243 243 243 243 231 231 231 119 119 119 213 183 183 183 183 183 183 183 183 119 119 119 119 119 119 119 119 119 141 119 119 119 119 103 103 103 81 81 81 81 76 76 76 47 47 47 47 47 1 1 1 1 1 20 20 1 1 1 
295 295 295 295 295 326 295 295 312 295 231 231 231 231 231 231 231 270 270 270 231 231 231 231 231 244 231 233 119 119 119 119 213 183 183 183 183 198 119 119 119 119 174 174 154 154 154 154 148 119 119 119 103 103 103 103 81 81 81 81 81 81 76 76 76 47 47 47 47 47 1 1 1 32 1 1 1 1 2 2 
295 295 306 306 306 306 322 317 295 295 231 231 231 231 231 231 231 270 270 270 231 231 231 240 231 231 231 119 119 227 119 119 119 119 183 183 119 119 119 190 174 174 174 175 154 154 154 154 148 119 119 103 103 104 104 104 81 81 100 47 47 81 81 81 47 47 47 47 54 2 2 1 1 32 1 1 2 2 2 3 
295 295 306 306 306 306 322 317 295 309 277 277 231 231 286 286 231 231 271 271 231 231 231 240 240 240 240 119 227 227 119 119 214 119 119 119 119 148 148 148 174 174 148 148 167 148 148 148 148 103 103 103 130 104 104 104 81 81 47 47 47 82 82 82 47 54 54 59 54 2 2 2 32 32 27 2 2 12 12 3 
295 295 306 306 306 306 322 317 295 309 277 277 277 277 277 277 285 231 271 231 231 240 240 240 240 240 119 119 221 221 221 162 162 162 162 162 162 148 148 148 174 174 148 148 167 148 149 149 149 103 103 136 104 104 104 104 81 81 47 47 47 47 47 47 47 54 54 54 54 2 2 2 32 32 27 2 12 12 3 3 
295 295 306 306 331 306 306 317 295 295 301 301 277 277 277 277 285 231 231 231 265 240 240 240 240 240 119 221 221 222 222 162 162 162 162 162 162 148 148 148 174 148 148 148 148 148 149 149 103 103 103 136 104 104 112 104 104 81 81 47 47 47 47 47 66 66 55 55 55 2 2 2 2 2 27 2 12 3 3 4 
295 306 306 306 306 306 306 306 306 295 295 295 277 277 277 277 277 277 257 257 257 257 257 249 245 245 119 119 119 119 119 119 119 162 162 202 202 148 158 148 148 148 149 149 149 149 149 149 103 103 103 136 104 104 112 112 104 104 23 23 23 23 23 66 66 55 55 2 2 2 34 34 2 2 27 2 12 3 4 4 
295 295 295 295 318 318 318 318 306 306 306 295 295 295 277 277 278 278 257 257 257 257 258 249 245 223 223 223 223 223 119 119 119 162 162 162 162 148 158 148 148 149 149 176 149 149 103 103 103 104 104 104 104 122 112 112 23 23 23 23 23 88 23 66 55 55 66 2 2 2 2 34 2 2 27 2 2 3 4 4 
340 340 340 295 295 318 318 319 313 292 292 292 292 296 277 277 278 278 257 257 257 257 258 249 245 223 223 223 223 223 119 119 119 162 162 162 162 148 158 158 158 149 161 161 161 161 103 103 103 104 131 131 131 113 113 113 23 23 23 23 23 23 23 66 66 66 66 2 2 48 2 34 34 2 2 2 2 3 3 3 
340 295 295 295 295 327 313 313 313 292 292 292 292 292 292 287 272 272 272 272 245 245 258 249 245 223 234 234 223 223 119 119 119 209 162 162 162 162 162 191 158 149 161 161 158 158 103 103 103 104 104 137 132 113 113 113 89 89 94 94 94 23 23 71 71 71 67 35 35 35 2 2 2 2 2 2 3 3 3 3 
340 295 295 295 332 313 313 314 314 292 292 292 293 293 287 287 272 272 272 272 245 245 249 249 245 223 234 234 223 223 119 119 206 206 206 206 199 199 162 191 158 158 161 161 158 158 103 103 103 104 104 132 132 113 113 114 89 89 89 89 89 89 23 71 71 67 67 35 56 35 35 35 35 2 2 2 3 3 3 5 
340 295 313 313 313 313 323 279 279 292 292 292 293 287 287 279 279 279 272 272 245 261 249 249 245 223 223 223 223 223 223 119 119 206 206 199 199 200 162 162 184 158 158 158 158 158 158 150 150 142 142 132 113 113 113 114 89 89 89 89 95 23 23 71 71 67 67 35 49 49 35 35 36 2 2 2 2 5 5 5 
340 340 313 313 323 323 323 279 279 279 293 293 293 287 287 279 279 280 273 273 245 261 245 245 245 235 235 235 228 228 210 210 119 119 119 199 199 199 162 162 184 150 150 150 150 150 150 150 132 132 132 132 113 113 120 114 108 89 96 89 89 23 86 23 23 67 67 35 49 50 43 36 36 13 13 2 2 5 5 5 
340 340 315 315 323 323 323 279 279 279 293 293 293 287 287 288 279 279 273 273 245 245 245 246 246 235 235 235 228 228 210 210 210 210 119 199 199 199 162 162 162 150 150 150 150 150 155 155 132 132 132 132 113 113 114 114 108 89 96 96 89 23 86 23 23 23 23 23 49 43 43 36 37 13 2 2 21 5 5 6 
329 329 315 315 279 279 279 279 279 279 279 279 293 293 293 279 279 279 273 273 245 245 245 245 246 246 210 210 210 210 210 208 208 208 208 192 192 192 192 192 162 181 162 162 162 162 155 132 132 132 132 132 113 123 114 114 108 89 89 89 89 23 23 23 60 23 23 23 23 43 36 36 13 13 2 2 21 5 5 6 
329 329 315 315 315 315 315 315 315 250 250 279 293 293 279 279 273 273 273 273 245 245 245 245 246 246 210 210 210 210 210 208 211 211 192 192 203 163 163 163 162 162 162 155 155 155 155 132 132 132 143 113 113 123 108 108 108 69 69 69 61 61 23 23 60 60 60 60 23 36 36 13 13 13 13 13 13 13 13 6 
329 329 328 328 333 307 307 307 250 250 250 279 279 279 279 279 273 273 273 273 250 250 250 250 208 208 236 236 210 210 208 208 211 211 192 203 203 163 194 163 179 179 179 155 155 155 155 132 132 113 113 113 133 121 121 69 69 69 69 69 61 61 72 72 72 72 60 60 23 36 36 13 38 13 13 13 13 6 6 6 
329 329 329 328 328 328 307 307 250 250 250 250 289 279 279 279 250 250 250 250 250 251 251 208 208 208 208 208 208 208 208 208 211 211 192 203 163 163 194 163 163 179 179 163 163 163 155 155 113 113 133 133 133 121 121 69 69 69 69 61 61 61 61 61 61 61 61 61 23 23 23 13 38 13 13 6 6 6 7 7 
341 341 329 328 328 329 307 250 250 250 250 250 289 289 289 289 250 281 266 266 266 251 251 208 208 208 208 208 208 208 224 208 211 211 192 203 163 163 185 185 163 163 163 163 163 163 155 155 113 113 113 134 134 121 121 115 69 69 69 61 61 61 61 73 73 73 57 57 23 23 23 13 13 13 28 6 6 6 7 7 
341 341 329 334 334 329 307 250 250 250 250 302 250 250 250 250 250 250 266 251 251 251 251 251 208 208 215 215 208 208 208 208 192 192 192 163 163 163 185 185 185 113 113 177 113 113 113 113 113 146 113 134 124 124 115 115 69 69 69 97 77 77 77 73 73 57 57 57 42 42 23 23 23 28 28 6 6 6 14 8 
341 341 329 329 329 329 307 307 310 310 250 250 250 250 250 250 250 250 266 251 251 251 251 251 215 215 215 215 232 208 208 218 192 192 192 163 163 163 185 185 185 113 113 177 113 164 113 113 113 113 113 134 134 115 115 116 69 69 77 77 77 77 77 77 77 57 57 57 42 42 42 42 23 23 23 6 6 18 8 8 
341 341 329 329 330 330 324 307 307 307 307 282 282 250 250 266 266 266 266 267 267 248 248 251 215 215 215 237 192 192 192 192 192 192 192 163 204 185 185 113 113 113 113 113 113 113 113 113 151 115 115 115 134 115 116 116 109 69 77 77 77 77 77 77 68 68 57 57 42 42 42 42 23 23 23 23 6 18 8 8 
341 341 341 311 311 311 324 320 282 282 282 282 282 282 282 266 266 266 248 248 248 248 248 252 241 241 215 237 192 215 215 215 215 163 163 163 204 185 113 113 186 113 113 113 168 113 113 113 151 115 115 115 115 115 116 109 109 69 69 98 77 90 77 77 68 68 57 57 57 42 42 42 6 6 23 23 6 6 6 6 
311 311 311 311 335 311 311 320 282 282 282 299 299 282 282 282 282 282 248 248 248 248 248 252 241 241 215 215 192 215 215 216 163 163 204 204 204 185 186 186 186 113 113 178 168 113 151 151 151 115 115 126 126 109 109 109 101 101 69 98 77 77 77 83 78 68 57 57 6 6 6 6 6 6 6 6 6 6 6 6 
311 311 311 311 311 311 311 320 282 299 299 299 282 282 282 282 275 275 248 248 248 248 248 248 248 241 241 215 215 229 215 216 163 163 157 157 185 185 186 193 157 157 113 113 168 113 151 151 144 144 144 126 126 109 109 109 101 101 69 69 91 91 16 83 78 68 57 57 6 51 16 16 29 29 29 24 6 6 6 6 
342 311 311 311 311 320 320 320 282 282 300 300 282 282 282 282 275 275 248 248 248 259 259 238 238 238 238 238 215 229 215 216 216 157 157 157 157 157 186 157 157 157 180 113 113 113 156 156 144 144 126 126 126 109 109 109 101 101 101 69 91 91 16 16 78 68 68 6 6 16 16 16 16 30 30 24 6 6 6 6 
342 311 311 311 311 320 282 282 282 282 300 300 300 282 282 282 275 275 275 248 248 259 259 238 238 238 238 238 215 229 215 182 182 182 182 157 157 157 157 157 187 157 169 169 169 144 144 144 144 144 126 126 125 125 105 105 110 105 69 69 69 69 87 16 16 68 68 16 16 16 44 16 16 15 15 15 6 6 6 6 
342 311 311 337 311 320 282 282 282 275 275 275 275 275 275 275 275 275 275 239 239 239 239 239 238 238 238 238 215 229 215 182 182 182 182 182 195 195 157 157 157 157 169 159 159 144 144 144 144 106 145 126 126 126 105 105 105 105 69 69 69 69 69 84 16 16 16 16 52 52 16 16 39 15 15 15 6 19 6 6 
342 342 342 311 311 320 282 275 275 275 308 275 275 294 294 275 275 275 275 239 239 239 260 239 239 239 239 239 215 215 215 219 217 182 205 182 195 195 157 157 157 169 169 159 159 159 159 144 144 106 106 138 126 126 105 111 111 92 92 92 92 92 69 84 16 16 16 16 52 52 16 33 33 33 9 15 6 6 6 9 
342 342 311 311 282 282 282 275 275 275 308 275 275 275 275 275 275 262 262 239 239 253 253 253 239 239 239 239 215 215 217 217 217 182 205 182 182 195 157 157 157 169 159 159 159 159 159 144 144 144 106 106 106 106 106 111 111 92 92 92 92 92 69 69 79 69 69 62 16 16 16 33 9 9 9 15 15 6 6 9 
343 343 311 311 282 282 282 275 275 308 308 275 275 275 275 290 275 262 262 262 239 239 254 254 239 239 239 239 215 215 182 182 182 182 205 207 182 195 157 157 157 157 159 159 159 159 159 157 144 144 135 135 135 127 106 117 106 106 92 92 85 85 85 69 69 69 70 62 16 45 45 9 9 25 25 25 15 15 15 9 
343 344 311 311 282 282 282 303 303 303 303 303 275 275 275 275 275 262 276 262 262 239 239 239 239 201 201 201 201 230 182 182 182 182 205 182 182 195 195 157 157 157 157 157 157 157 157 157 144 144 135 139 127 127 106 106 106 99 99 99 85 93 85 85 74 74 62 62 16 45 45 9 9 9 31 9 9 9 9 9 
343 343 311 338 282 282 282 264 264 264 264 262 262 262 262 262 262 262 262 262 262 262 255 255 239 201 239 239 201 230 182 182 182 182 205 182 182 182 182 157 157 170 170 170 170 135 135 135 135 135 135 139 127 127 99 99 99 99 99 99 85 85 74 74 74 63 63 63 16 16 16 16 16 9 9 9 22 16 16 10 
343 343 311 282 282 282 282 321 311 311 264 262 262 262 262 291 262 262 262 262 262 262 255 255 239 239 239 201 201 220 220 220 182 182 205 205 205 182 182 188 188 170 170 171 171 135 160 135 135 147 127 127 127 127 99 99 99 107 85 85 85 85 74 74 80 64 64 64 58 40 40 40 16 16 26 26 16 16 10 10 
343 343 311 282 282 282 282 321 311 264 264 297 297 297 262 291 262 262 262 268 268 242 242 242 242 242 242 201 220 220 220 220 201 201 201 201 182 182 196 166 166 166 165 165 172 135 135 135 135 127 127 127 127 127 99 99 107 107 85 85 85 40 40 74 80 64 58 58 58 40 40 40 40 16 26 26 16 16 10 11 
339 339 311 311 311 282 282 311 311 264 264 264 269 269 262 262 262 274 274 268 269 242 242 242 242 242 201 201 220 220 220 220 201 212 201 201 182 182 182 166 189 166 165 165 165 165 135 135 135 127 140 127 128 128 99 99 107 107 85 85 85 40 74 74 80 64 58 40 40 40 40 41 16 16 16 16 16 16 10 11 
339 339 311 311 311 282 311 311 316 264 264 264 269 269 269 269 269 269 274 274 269 242 242 242 242 242 201 201 201 225 225 201 201 212 201 201 201 201 182 166 166 166 166 166 166 166 135 135 135 127 140 127 128 99 99 99 99 99 85 85 85 40 64 64 64 64 58 40 40 40 46 41 16 16 16 17 17 17 10 11 
339 339 339 311 311 282 311 311 316 264 264 264 264 264 264 269 269 269 269 269 269 263 242 242 242 247 201 201 201 201 201 201 201 212 201 201 201 201 182 182 182 182 166 166 173 152 152 152 152 127 140 127 127 99 99 99 99 99 85 85 40 40 64 64 64 40 40 40 40 40 46 41 41 16 16 17 17 17 10 10 
339 339 339 311 311 325 325 311 311 311 304 304 298 298 264 283 283 283 263 263 263 263 242 256 242 201 201 201 226 226 201 201 201 197 197 197 197 197 197 152 152 152 152 152 152 152 152 152 152 127 140 140 127 129 118 118 99 99 102 85 40 40 40 40 40 40 65 65 53 53 10 10 10 10 17 17 17 17 17 10 
339 339 339 339 311 311 311 311 311 311 304 304 298 298 264 264 264 264 264 264 264 264 242 242 242 201 201 201 226 226 226 201 201 197 197 197 197 197 197 152 152 152 152 152 152 152 152 153 153 127 127 127 127 129 118 118 99 99 102 85 85 85 40 40 75 75 65 65 53 53 10 10 10 10 10 10 10 10 10 10 
