323 300 300 300 300 300 300 274 274 274 274 274 274 274 228 228 228 228 228 228 228 228 228 228 228 228 228 215 215 215 206 206 191 191 177 177 177 177 177 160 160 160 160 122 122 122 122 122 108 108 116 116 116 116 54 54 54 54 54 54 54 54 54 54 54 54 54 54 54 47 3 3 3 3 8 8 8 8 8 1 
316 316 316 274 274 305 274 274 274 274 274 274 228 228 228 228 228 253 253 248 248 248 241 229 229 215 215 215 215 215 206 206 191 191 177 177 177 177 178 160 160 160 160 122 122 122 122 122 108 108 116 116 116 116 99 99 99 99 72 72 72 78 54 54 54 54 58 58 47 47 3 3 3 3 8 8 8 8 1 1 
316 316 316 274 274 274 274 274 274 228 228 280 228 272 272 254 254 253 253 249 249 241 241 229 215 215 217 217 217 207 207 206 191 191 191 177 177 177 155 155 160 161 161 122 122 122 122 108 108 108 130 99 99 99 99 99 99 100 72 85 72 72 74 66 54 54 47 47 47 47 3 3 3 3 8 25 8 8 1 1 
316 316 274 274 274 274 274 274 274 228 228 228 228 272 272 254 254 249 249 249 249 241 241 229 215 215 217 217 217 207 207 207 155 155 191 191 155 155 155 155 160 161 161 122 153 122 122 108 108 108 130 99 117 117 99 99 99 72 72 85 85 72 72 66 54 54 47 55 55 47 3 3 3 3 8 8 8 8 9 1 
316 316 274 274 274 306 274 274 274 287 228 228 254 254 254 254 254 249 212 212 249 249 241 229 229 229 229 218 218 212 212 208 155 155 155 155 155 155 155 155 160 160 160 122 122 122 122 131 131 108 130 99 99 99 99 104 104 72 72 72 79 79 72 66 66 63 47 55 55 47 3 3 3 3 3 8 8 8 9 1 
320 320 310 310 310 301 301 274 274 237 237 237 254 254 254 254 264 249 249 212 212 212 212 229 229 229 229 218 218 212 208 208 155 155 155 155 155 155 155 155 160 160 160 154 154 150 122 131 131 108 108 120 120 99 99 104 104 72 72 72 79 79 72 72 67 63 47 55 55 47 35 35 35 35 3 3 19 15 9 2 
320 320 310 301 301 301 302 237 237 237 283 237 237 254 254 264 264 249 249 212 212 212 212 212 212 212 212 212 212 212 212 155 155 155 155 155 155 155 155 155 160 160 162 133 133 150 122 131 131 131 108 108 121 99 99 101 101 72 72 79 79 79 67 67 67 63 47 47 47 47 35 35 35 35 30 3 15 15 9 2 
321 321 310 301 302 302 302 237 237 288 237 237 237 254 254 254 254 254 212 212 212 212 212 212 212 212 222 222 212 212 212 155 195 195 195 155 155 155 155 133 133 133 133 133 133 122 122 132 132 132 108 108 101 101 101 101 101 101 79 79 59 59 67 59 59 63 47 47 10 35 35 35 35 35 30 3 15 9 9 2 
307 307 310 301 302 302 302 237 237 288 237 237 237 254 254 254 265 254 212 212 212 237 237 237 219 219 222 222 219 155 155 155 195 195 196 155 155 155 155 133 133 133 133 133 133 122 136 132 132 132 108 118 101 101 101 79 79 79 79 59 59 59 67 59 59 59 59 59 10 35 35 35 35 36 30 3 3 9 2 2 
307 307 301 301 302 302 302 237 291 288 237 237 237 237 254 254 265 254 254 237 237 237 232 232 232 219 219 223 219 155 196 196 196 196 196 182 182 155 155 174 133 133 163 122 122 122 136 136 136 132 108 118 101 101 101 79 79 79 79 59 59 59 67 59 64 64 48 48 10 10 10 35 35 30 30 3 3 2 2 2 
307 307 301 301 301 302 302 237 237 288 266 266 237 237 254 254 265 237 237 237 232 232 232 232 232 219 219 223 219 155 196 196 196 196 196 182 182 182 155 155 155 133 163 122 122 145 145 122 122 132 108 118 118 118 101 79 79 79 79 90 59 59 59 59 64 64 48 48 48 48 10 35 35 30 31 3 20 2 2 2 
307 307 301 301 301 292 292 295 237 266 266 266 237 237 237 265 265 237 237 237 232 232 232 155 155 219 219 219 219 155 196 196 201 201 197 182 183 183 156 156 155 133 133 133 122 122 122 122 122 122 108 108 108 108 101 101 101 86 86 86 59 59 59 68 62 62 48 48 48 48 10 10 10 30 30 3 3 3 3 3 
324 307 307 307 292 292 292 292 292 266 266 266 279 237 237 265 237 237 237 237 232 233 233 233 155 155 155 155 155 155 197 197 197 197 197 182 183 184 156 155 155 164 164 133 133 133 137 137 137 122 122 122 122 108 108 108 101 101 94 86 59 59 59 68 62 62 62 48 48 48 42 42 10 10 10 10 3 3 4 4 
324 307 307 307 292 292 292 296 289 289 266 266 237 237 237 237 237 255 255 232 232 233 233 233 233 209 209 224 209 209 197 197 197 197 197 182 183 156 156 155 155 164 155 155 155 133 133 137 137 122 122 94 94 94 94 94 94 94 94 86 59 80 68 68 62 62 62 48 48 48 42 42 10 10 10 10 10 10 4 4 
324 307 307 307 307 307 292 292 289 266 266 266 237 237 237 237 237 255 255 232 233 233 233 234 234 209 209 209 209 209 197 203 203 197 197 182 183 156 170 170 155 155 155 144 144 144 133 133 127 127 127 94 105 105 112 94 94 94 94 86 59 59 68 68 68 4 4 4 4 4 4 4 10 10 10 10 10 10 10 4 
307 307 307 307 307 292 292 292 289 266 266 266 266 237 237 237 237 259 232 232 233 209 209 209 209 209 220 220 220 209 197 197 197 197 182 182 183 156 170 170 144 144 144 144 144 144 133 133 127 127 127 94 105 105 112 94 94 94 94 86 86 59 69 69 69 4 4 60 4 4 4 4 10 10 32 16 16 16 4 4 
307 307 307 307 307 292 289 289 289 266 266 266 266 237 237 269 237 259 232 232 209 209 209 209 209 209 209 209 209 209 213 197 197 197 182 179 179 156 170 170 144 144 144 144 144 144 133 133 133 133 127 94 105 105 105 105 105 94 87 87 87 59 69 69 4 4 4 60 4 4 4 43 4 4 4 16 16 16 4 4 
325 311 311 311 311 292 289 289 289 266 266 266 266 275 237 237 237 232 232 232 209 250 225 225 209 209 209 209 209 209 213 197 197 197 182 182 179 156 170 170 170 144 144 158 144 144 144 144 138 127 127 94 105 105 113 94 94 94 87 87 87 59 69 69 4 4 4 49 49 49 4 4 4 4 4 26 11 11 11 4 
325 311 311 311 292 292 289 289 289 266 266 266 266 275 266 266 266 232 209 209 209 250 225 225 225 209 209 225 209 209 209 209 197 197 179 179 179 156 156 175 156 156 144 144 144 138 138 138 138 127 127 94 94 94 94 94 102 102 59 59 59 59 69 69 4 4 4 49 50 50 45 4 4 4 4 26 11 11 4 4 
276 311 311 311 308 308 250 250 250 266 266 266 266 275 266 267 267 256 256 250 250 250 226 226 225 225 225 225 209 209 209 210 179 179 179 185 185 185 156 175 156 156 165 144 144 139 139 138 138 134 127 123 123 59 59 59 59 59 59 88 88 49 49 49 49 49 49 49 45 45 45 37 37 37 4 4 4 4 4 5 
276 311 311 311 308 308 250 297 256 256 256 256 266 266 266 267 256 256 250 250 226 226 226 226 226 226 225 225 209 209 209 210 179 159 159 185 185 185 156 156 156 156 165 156 156 139 139 139 139 134 127 123 124 59 59 109 59 59 91 88 88 49 75 49 49 49 49 49 45 45 38 38 38 38 17 17 17 17 5 5 
276 276 276 276 276 276 250 250 256 256 256 256 256 256 256 256 256 260 250 250 226 226 226 238 235 226 225 225 209 209 209 179 179 159 159 159 159 159 159 159 159 156 156 156 134 134 134 134 134 134 127 127 106 106 59 59 59 59 91 88 88 49 49 49 49 49 45 45 45 45 38 38 38 38 17 17 17 17 5 6 
322 322 276 276 312 276 276 250 290 290 256 256 256 256 256 250 250 260 250 250 226 226 226 235 235 226 226 209 209 209 179 179 204 159 159 159 159 159 159 159 159 159 159 159 134 146 134 134 140 81 81 81 106 106 106 59 59 95 91 91 76 76 76 40 40 40 45 45 45 45 38 38 39 39 17 17 21 5 5 6 
314 314 314 314 276 276 276 250 290 290 256 256 256 256 256 250 250 250 250 231 231 231 231 235 235 226 226 209 209 209 179 204 204 186 186 186 189 159 159 159 159 159 159 159 134 146 146 81 81 81 81 81 106 119 106 106 106 95 95 92 76 76 40 40 70 40 40 40 40 40 40 17 17 17 17 5 5 5 6 6 
314 314 314 276 276 309 303 250 293 250 250 250 250 250 250 250 250 250 250 231 231 231 231 231 231 226 226 226 179 179 179 204 204 186 186 186 189 159 159 171 171 168 134 134 134 146 146 81 81 81 81 125 106 106 92 92 92 92 92 92 76 76 40 61 61 61 61 61 40 40 40 40 40 40 5 5 6 6 6 7 
314 314 314 276 276 276 303 250 293 250 250 250 250 250 250 250 250 250 250 239 239 239 239 239 231 231 179 179 179 204 204 204 204 186 186 186 189 186 168 168 168 168 134 134 134 128 128 81 81 81 81 125 125 106 92 110 92 92 96 76 76 76 40 61 40 40 40 40 40 22 22 22 5 5 5 27 6 6 6 6 
314 314 317 276 276 276 303 250 250 250 276 276 276 276 250 250 243 243 257 239 239 239 239 239 231 231 179 227 190 190 190 190 190 190 190 186 186 186 168 168 168 168 134 134 134 128 141 141 81 81 81 106 106 106 92 92 92 96 96 76 76 76 40 40 40 46 46 40 40 22 22 22 5 5 5 22 22 6 6 6 
317 317 317 276 276 276 276 298 276 276 276 277 277 277 261 261 243 243 243 243 251 242 242 239 179 179 179 179 190 190 190 190 202 202 190 192 190 172 172 176 172 134 134 151 151 128 128 141 141 81 81 106 106 106 92 92 92 96 96 76 76 71 71 51 51 46 46 40 40 22 22 22 33 33 33 22 22 6 6 6 
317 317 276 276 276 276 276 276 276 284 284 277 277 277 261 261 243 243 258 243 243 243 243 239 179 179 179 179 190 190 190 190 193 193 190 190 190 172 172 172 172 134 134 151 151 151 128 128 128 81 81 81 81 81 92 92 92 81 81 81 81 71 71 51 51 46 46 46 46 22 22 22 33 33 33 22 22 6 6 6 
317 317 276 276 276 276 277 277 277 277 277 277 278 278 261 261 268 243 243 243 243 243 243 239 179 179 179 190 190 190 190 193 193 193 193 193 172 172 172 134 134 134 134 151 151 135 135 135 128 128 128 126 126 81 81 81 81 81 93 93 81 81 71 51 51 51 46 46 46 46 46 22 22 22 22 22 23 6 6 6 
318 318 276 276 276 276 277 281 281 281 281 281 278 278 261 261 252 252 243 243 243 239 239 239 179 216 216 190 190 214 214 193 193 193 193 193 172 187 172 134 173 151 151 151 151 135 147 135 135 135 128 126 126 81 81 111 82 82 82 82 81 81 71 65 65 51 56 56 56 51 28 28 28 28 28 28 12 12 12 6 
318 318 276 276 276 276 304 281 281 281 285 278 278 278 261 261 252 252 252 244 244 239 239 179 179 216 216 211 211 211 211 211 193 193 198 172 172 187 172 134 173 151 151 157 157 135 147 135 135 135 128 128 126 84 84 84 82 82 82 82 82 82 71 65 65 51 51 51 51 51 28 28 28 28 28 29 12 12 12 6 
318 315 315 315 276 276 304 281 281 285 285 278 278 278 261 261 261 261 252 244 244 239 239 179 179 179 216 211 216 216 179 179 179 179 179 172 172 172 172 134 134 134 134 134 134 135 147 135 135 135 128 128 126 84 114 84 97 97 97 82 82 83 71 65 65 65 57 57 57 6 6 6 6 13 13 13 13 12 12 6 
318 315 315 315 261 261 261 299 281 281 281 282 278 278 261 270 261 261 252 252 244 244 244 236 236 179 216 216 216 179 179 199 199 199 179 179 167 167 167 167 169 169 134 134 134 135 135 135 84 84 84 129 126 84 84 84 97 77 77 83 83 83 71 71 71 57 57 52 52 6 6 34 34 13 13 13 13 13 13 6 
318 318 315 315 261 261 261 261 261 261 261 261 261 261 261 240 240 240 240 240 245 245 245 236 236 179 230 216 216 179 199 199 194 199 199 179 167 188 179 167 167 166 166 134 134 152 84 84 84 84 84 84 84 84 84 84 84 77 83 83 77 77 77 71 71 57 57 52 52 52 6 34 34 34 34 13 13 13 14 6 
326 318 318 313 313 286 286 286 286 286 286 261 261 273 273 240 240 240 240 240 240 240 240 240 236 179 221 221 221 179 199 199 194 194 200 179 179 179 179 167 167 166 167 134 84 84 84 142 142 84 84 84 84 84 107 107 84 77 77 77 77 77 52 73 52 52 52 52 52 52 6 6 6 6 6 13 13 13 6 6 
319 319 319 313 313 286 286 286 286 286 286 262 262 273 273 240 262 262 240 240 240 246 246 181 236 179 221 221 221 179 179 205 205 194 194 180 180 180 180 167 166 166 167 134 84 84 84 84 84 84 84 84 107 107 107 107 84 84 98 77 77 77 52 73 52 52 52 53 53 53 6 6 6 6 6 6 13 13 6 6 
319 319 319 313 313 286 286 294 294 286 286 262 262 262 262 262 262 263 246 246 246 246 247 181 236 179 221 221 179 179 179 205 205 194 194 180 180 180 180 167 167 167 167 134 148 148 148 143 143 84 84 84 84 107 107 107 107 84 84 89 89 84 52 52 52 53 53 53 41 41 6 6 6 6 24 6 6 6 6 6 
319 319 286 286 286 286 286 286 286 262 262 262 262 262 262 262 263 263 246 246 246 246 246 181 236 179 179 179 179 179 179 181 181 194 194 194 180 180 180 134 134 134 134 134 84 84 149 143 143 84 84 84 84 115 115 107 107 103 84 89 89 84 52 52 52 53 41 41 41 41 41 44 41 24 24 24 24 18 6 6 
319 319 286 286 286 286 286 286 286 262 262 262 262 262 271 271 263 263 246 246 246 246 246 181 181 181 181 181 181 181 181 181 181 181 181 181 181 181 181 134 134 134 134 134 134 84 84 84 84 84 103 103 103 103 103 103 103 103 84 84 84 84 52 52 52 53 41 41 41 41 41 41 41 24 24 24 18 18 6 6 
