336 336 324 324 324 324 273 273 273 273 273 273 278 278 278 278 273 228 228 228 228 228 228 228 228 228 228 203 203 171 202 202 202 171 171 171 167 167 167 167 167 159 159 137 136 136 136 69 69 69 69 69 69 69 69 69 69 69 69 89 69 69 69 69 69 38 38 38 38 38 38 38 10 10 10 10 10 10 1 1 
336 273 324 324 324 273 273 309 309 294 294 273 273 284 273 273 273 228 228 254 254 254 228 228 228 203 203 203 203 171 202 171 171 171 171 171 167 167 167 159 159 159 137 137 136 136 136 69 69 69 69 69 69 69 69 69 69 97 69 69 69 83 69 69 70 38 38 38 46 38 38 38 10 10 10 10 10 10 1 1 
336 273 324 326 326 273 320 309 309 294 294 294 273 284 273 279 228 228 228 254 256 228 228 228 228 203 222 203 203 171 171 171 197 197 171 191 171 171 171 171 159 159 137 148 148 148 136 136 136 69 69 69 69 97 97 97 97 97 56 56 56 56 79 56 56 56 56 56 46 38 38 43 10 10 10 10 10 10 10 1 
273 273 324 273 273 273 320 294 294 294 295 295 273 284 273 279 254 254 254 254 256 228 228 228 237 203 222 222 222 192 192 192 192 192 171 171 171 172 172 162 162 162 137 148 148 148 118 118 118 118 118 118 118 97 97 110 97 97 72 72 72 56 56 56 22 22 56 56 46 51 38 43 10 10 27 1 1 1 1 1 
273 273 324 273 320 320 320 294 302 302 273 273 273 284 273 279 254 244 244 244 244 244 244 237 237 203 203 226 192 192 216 192 192 192 192 192 172 172 172 162 162 162 137 137 137 137 118 137 137 118 118 123 100 100 100 72 72 72 72 90 72 56 56 22 22 22 46 46 46 51 38 38 38 1 1 1 20 13 1 1 
338 273 273 273 320 320 316 316 302 302 273 273 273 273 273 279 254 254 244 244 244 245 245 237 237 203 203 192 192 192 192 203 203 192 192 172 172 172 172 162 162 162 124 124 124 137 137 137 124 124 124 100 100 100 100 95 95 95 95 90 72 72 80 22 71 22 46 46 46 46 46 2 2 1 13 13 13 13 1 1 
338 316 316 316 316 320 316 316 289 289 289 289 289 273 273 267 267 254 244 244 244 245 245 237 237 203 203 192 192 192 192 203 172 172 172 172 177 177 177 140 140 162 140 140 124 124 124 124 124 124 124 100 100 100 100 95 95 95 90 90 72 72 80 22 71 22 22 54 54 46 46 2 2 2 13 2 2 2 1 1 
338 316 310 310 316 316 316 316 289 289 289 289 290 280 280 280 267 267 244 244 245 245 245 237 237 203 203 192 192 217 217 203 172 172 172 172 177 177 177 140 140 140 140 140 140 140 140 140 138 124 124 124 100 100 100 95 95 90 90 72 72 72 72 22 22 22 22 54 54 2 2 2 2 2 13 2 2 2 2 2 
338 316 310 310 310 310 310 310 289 289 290 290 290 280 280 280 261 261 264 261 245 245 245 237 237 203 229 203 203 203 203 203 172 172 193 193 177 177 177 140 140 140 141 141 117 117 117 117 138 132 132 100 100 100 100 95 95 90 90 72 72 72 72 72 72 22 22 22 22 2 2 2 2 2 2 2 2 2 2 2 
338 316 310 327 327 310 310 310 289 289 290 290 290 285 280 280 261 264 264 261 245 246 246 237 203 203 203 203 223 203 203 208 172 182 182 182 186 182 140 140 140 140 141 141 117 117 117 117 138 132 132 100 100 100 100 95 95 98 66 66 66 66 81 72 72 22 22 22 22 2 2 2 14 14 14 21 21 2 2 2 
316 316 310 327 310 310 310 310 310 289 290 285 285 285 280 280 261 261 261 261 245 245 237 237 203 234 203 223 223 203 203 208 172 172 172 182 182 182 140 140 140 163 141 141 151 117 117 138 138 125 125 125 100 116 98 98 98 98 66 66 66 66 66 66 66 66 22 22 22 2 2 2 14 14 14 14 14 14 3 3 
316 316 310 310 310 310 310 310 289 289 285 285 291 274 274 274 274 265 265 245 245 245 237 242 203 234 203 203 208 208 208 208 172 172 172 182 182 163 163 163 163 163 141 141 117 117 117 138 138 125 133 126 100 98 98 99 98 98 66 66 66 66 66 66 66 57 57 57 22 22 22 22 22 14 14 14 14 14 3 3 
328 316 316 310 310 310 289 289 289 303 285 285 285 274 274 275 275 265 265 245 245 255 237 242 203 203 203 203 208 209 209 209 172 172 172 172 172 163 163 163 163 163 141 139 139 139 117 117 117 125 125 126 100 100 100 99 99 99 57 57 88 66 66 66 66 57 57 22 22 22 28 22 22 33 14 14 22 3 3 3 
328 289 289 332 289 289 289 303 303 303 285 285 286 286 274 268 268 265 265 245 245 237 237 242 203 203 230 208 208 209 209 209 172 172 172 172 172 172 178 172 141 141 141 139 152 139 139 139 117 125 125 117 117 117 100 100 100 100 57 57 57 57 57 57 57 57 57 22 22 22 28 22 33 33 14 14 22 3 3 3 
328 289 289 289 289 303 303 303 303 303 285 285 274 274 274 268 268 268 230 245 245 237 237 237 238 230 230 208 208 208 209 209 183 183 183 187 187 172 178 172 141 141 141 139 139 139 139 139 117 117 117 117 119 113 113 100 100 91 91 91 57 57 57 57 57 67 39 39 22 22 28 22 22 22 22 26 22 3 3 3 
328 289 289 317 317 303 303 303 283 283 274 274 274 274 274 268 230 230 230 257 257 237 237 237 230 230 231 208 208 208 183 183 183 183 183 183 183 172 172 172 141 141 141 141 139 139 139 139 134 134 134 113 113 113 113 100 100 91 91 91 58 58 57 57 57 39 39 39 39 39 28 28 34 34 22 22 22 3 4 4 
328 289 289 317 317 317 317 317 283 283 274 274 274 248 248 268 230 230 230 230 230 230 230 230 230 224 224 208 208 208 183 183 204 183 183 183 183 183 172 172 141 141 141 141 139 139 139 134 134 134 134 113 113 113 113 100 100 58 58 58 58 58 73 73 73 39 39 39 39 39 47 28 28 28 28 22 22 3 4 4 
328 289 289 317 317 325 317 317 283 283 283 248 248 248 248 230 230 230 230 230 258 230 230 239 239 224 224 224 224 208 183 183 204 183 195 173 173 173 179 173 141 153 153 153 153 139 139 134 134 134 127 127 58 58 58 58 58 58 58 58 77 58 58 58 74 39 39 39 39 39 39 39 39 23 23 23 23 3 3 5 
328 328 289 289 289 289 318 318 283 283 283 248 248 248 248 230 276 230 230 247 247 247 247 205 227 227 227 227 208 208 183 183 183 183 195 173 173 173 173 173 141 153 153 153 153 139 139 139 139 127 127 128 58 58 58 58 75 75 58 58 77 77 77 58 58 39 39 39 39 39 39 23 23 23 29 3 3 3 3 3 
339 328 328 328 328 289 318 318 283 300 300 248 248 248 248 230 230 230 230 247 247 247 247 205 227 227 227 208 208 205 205 205 205 173 173 173 173 184 174 174 141 141 141 141 154 141 141 141 127 127 128 128 58 58 58 58 75 75 58 58 84 84 77 77 58 58 58 58 44 44 44 23 23 23 23 3 15 3 11 3 
333 333 328 328 329 289 311 311 283 283 283 283 248 248 248 248 277 248 248 248 248 248 248 205 227 227 227 208 208 205 206 206 206 173 173 174 174 174 174 164 164 141 141 141 154 141 141 142 127 127 101 101 101 106 106 105 105 75 58 58 84 84 75 75 75 58 58 59 44 44 44 23 23 23 23 3 15 3 3 3 
333 333 333 289 289 289 311 311 311 301 301 283 283 283 283 248 248 248 259 259 259 205 205 205 240 205 205 205 205 205 206 206 198 198 173 164 164 164 164 164 164 141 141 141 141 141 141 142 96 96 101 101 101 106 106 106 106 75 75 75 75 75 75 68 68 52 52 52 52 52 44 44 40 23 3 3 15 15 3 3 
335 335 333 289 304 304 304 304 304 304 296 296 283 283 249 249 249 249 259 259 259 205 205 205 240 205 210 210 225 210 210 210 198 199 173 173 173 173 164 164 164 164 155 155 155 96 96 96 96 96 96 101 101 101 101 101 101 101 75 75 60 60 60 68 68 52 52 52 52 23 23 45 40 23 3 24 24 3 3 3 
335 335 333 289 289 289 289 289 312 296 296 287 287 249 249 249 249 249 249 249 249 249 249 205 240 205 210 210 210 210 210 210 198 199 173 173 173 173 160 160 160 160 155 155 155 96 96 96 96 96 96 96 96 102 102 102 102 102 75 75 60 85 60 60 68 68 62 35 35 53 23 23 40 23 3 24 24 3 3 3 
335 335 333 333 289 289 321 289 289 296 296 287 287 249 281 249 249 266 266 262 250 250 250 205 205 205 210 210 210 211 211 211 198 194 194 194 173 173 160 160 160 160 160 155 155 96 96 96 96 96 96 96 96 102 102 102 107 60 60 60 60 85 60 60 68 68 62 35 35 23 23 23 23 23 3 3 3 3 3 3 
335 335 335 321 321 321 321 319 289 305 296 297 287 287 281 281 232 232 232 262 250 250 250 232 232 232 198 198 198 211 211 212 198 194 188 188 188 173 160 160 160 165 160 155 155 96 96 143 96 120 120 120 120 102 102 102 107 60 60 60 85 85 60 78 62 62 62 35 35 23 23 23 23 25 25 25 25 3 3 3 
340 321 321 321 321 321 319 319 289 296 296 297 292 232 232 232 232 269 262 262 250 250 250 232 232 232 198 198 198 198 198 198 198 194 188 189 189 173 160 160 160 160 160 143 143 143 143 143 96 96 96 96 96 96 96 96 107 96 96 85 85 60 60 76 76 36 36 36 35 35 48 35 35 25 25 25 6 6 6 6 
340 321 321 321 321 321 319 319 289 296 292 292 292 232 232 262 262 262 262 232 232 232 232 232 232 235 232 198 213 213 200 200 188 194 188 188 190 173 173 175 115 115 115 143 156 143 143 144 96 96 129 121 121 96 96 96 96 96 85 85 85 60 60 76 76 36 36 36 36 35 35 35 35 35 25 25 6 6 6 6 
340 292 292 292 330 292 292 292 292 292 292 298 270 270 232 232 232 232 232 232 232 232 232 232 232 232 232 198 213 213 200 200 188 188 188 188 185 185 173 173 115 115 115 143 143 149 135 135 135 135 129 129 114 114 114 111 85 85 85 85 85 86 60 60 60 60 60 60 36 36 36 36 35 35 12 12 12 12 12 7 
340 292 292 292 292 292 322 260 260 270 270 298 270 270 270 270 270 270 232 232 232 232 251 233 233 233 233 198 213 213 213 200 200 200 196 185 185 169 169 173 115 115 115 143 143 135 135 114 114 114 114 114 114 103 103 111 85 85 85 85 86 86 63 63 63 63 63 49 49 49 49 36 36 36 12 16 16 16 7 7 
292 292 292 292 292 314 260 260 260 306 270 270 270 271 271 270 270 271 252 252 232 232 233 233 198 198 198 198 213 213 213 213 196 196 196 185 169 169 169 168 168 115 115 143 135 135 146 114 114 114 114 114 103 103 103 112 103 103 92 92 63 63 63 64 64 64 64 49 49 49 37 37 41 16 16 16 16 16 7 8 
292 292 292 292 292 314 260 260 260 260 260 260 271 271 271 271 271 271 252 252 252 252 233 243 233 233 198 198 213 213 213 213 196 185 185 185 169 169 169 169 169 115 161 143 143 143 143 114 114 114 114 114 103 103 103 103 103 104 92 93 63 63 63 64 64 61 65 37 37 37 37 37 16 16 16 16 17 17 7 8 
337 337 314 314 314 314 260 260 313 260 260 260 260 260 271 271 252 252 252 252 252 252 233 233 233 218 218 218 218 218 218 196 196 185 185 180 180 169 169 169 170 115 115 115 143 143 143 103 103 103 103 103 103 103 104 104 104 104 92 93 63 63 63 64 64 61 61 37 37 37 50 37 16 16 16 16 17 17 7 8 
314 314 314 293 293 293 293 307 307 307 293 293 293 260 282 252 252 252 252 252 252 252 252 241 241 218 218 218 196 196 219 196 196 185 185 180 180 169 169 169 170 115 115 115 115 115 147 103 103 103 103 122 122 103 104 92 92 92 92 93 82 82 82 37 37 37 61 37 37 50 50 37 37 16 16 17 17 17 7 7 
314 314 314 293 293 293 293 293 293 293 293 293 293 260 282 272 272 272 252 252 196 196 253 241 196 236 196 196 196 196 196 214 196 185 180 180 180 180 169 169 166 166 157 157 150 115 115 115 115 115 103 122 122 103 104 92 92 92 92 82 82 37 37 37 37 37 61 61 37 50 50 37 37 37 30 17 17 17 7 7 
314 314 323 293 293 293 323 293 293 308 260 260 260 260 282 272 272 272 196 196 196 196 196 241 196 196 196 196 196 220 196 196 196 201 180 180 180 180 180 157 157 157 157 150 150 150 115 115 115 115 103 103 103 103 104 108 108 92 92 82 82 37 37 37 37 37 37 37 37 50 50 37 37 37 30 18 18 18 7 9 
314 314 323 323 323 323 323 293 293 308 260 260 288 288 282 272 272 263 196 196 196 196 196 196 196 196 215 215 220 220 215 215 207 176 176 180 180 176 176 157 157 157 150 150 150 150 115 145 115 115 130 130 103 103 104 104 109 92 92 82 82 87 32 32 32 55 55 55 55 32 32 31 31 31 31 18 18 18 7 7 
314 331 331 334 331 314 314 314 314 260 260 260 288 288 282 282 263 263 196 196 196 196 196 196 196 196 215 215 215 215 215 207 207 176 176 176 176 176 176 176 150 150 150 158 150 150 115 130 130 130 130 115 115 115 115 104 92 92 92 92 32 32 32 32 32 32 32 32 32 32 32 31 42 32 32 18 19 19 7 7 
314 331 331 331 331 314 314 315 315 260 299 299 260 260 260 260 263 263 263 263 196 196 196 196 196 196 196 221 221 221 207 207 207 176 176 176 181 181 181 150 150 150 150 150 150 150 115 130 115 115 115 115 104 104 104 104 92 92 92 92 32 32 32 32 32 32 32 32 32 32 32 32 32 32 18 18 19 19 7 7 
314 314 314 314 314 314 314 315 315 260 260 260 260 260 260 260 260 260 260 260 260 196 196 196 196 196 196 221 221 221 207 207 207 176 176 181 181 181 181 150 150 150 150 150 150 150 115 115 115 115 115 131 104 104 104 104 92 92 92 94 32 32 32 32 32 32 32 32 32 32 32 32 18 18 18 19 19 19 7 7 
