334 334 334 325 325 309 309 319 309 309 309 254 254 254 254 254 254 254 270 270 254 254 257 257 215 215 215 237 219 219 219 219 219 219 196 196 196 196 188 188 188 153 153 158 158 158 158 153 115 115 115 115 135 115 115 115 115 103 103 103 36 36 36 36 36 73 73 10 10 10 10 34 34 34 1 28 1 1 1 1 
334 334 323 325 323 323 309 309 309 309 309 254 254 254 254 254 254 254 254 254 254 254 254 254 215 215 215 237 219 223 223 219 219 196 196 208 196 196 188 188 153 153 153 158 158 153 153 153 115 115 115 115 115 115 115 115 116 36 36 36 36 93 87 36 36 10 10 10 10 10 10 34 34 35 1 28 1 2 2 2 
336 336 323 323 323 324 302 302 302 309 309 254 254 254 254 254 254 254 254 266 266 254 254 254 254 215 215 219 219 223 223 223 223 196 214 196 196 196 196 153 153 182 153 153 153 153 159 115 115 115 115 125 125 131 125 116 116 36 36 104 36 36 87 36 36 10 10 10 10 45 45 45 45 1 1 28 1 2 2 2 
336 324 324 324 324 324 302 302 302 302 310 254 254 254 254 263 263 263 263 263 263 263 215 215 215 215 215 219 215 215 223 223 224 196 196 196 202 202 153 153 177 177 177 177 153 153 159 115 115 115 115 125 125 125 125 116 94 94 36 36 36 36 36 36 36 36 10 10 45 45 10 10 10 1 1 1 1 3 3 3 
326 326 326 326 302 302 302 302 315 302 302 302 254 254 254 263 263 263 271 263 263 264 215 248 248 248 215 215 215 215 224 224 224 196 196 209 202 153 153 177 177 177 177 116 116 116 116 116 145 145 125 125 116 116 116 116 94 94 36 36 97 94 36 36 82 36 74 10 10 10 10 46 10 10 1 1 21 3 3 3 
326 326 326 326 302 302 302 303 303 303 303 303 254 254 254 254 279 279 271 271 215 215 215 248 243 243 215 215 235 215 215 215 215 215 215 153 202 153 153 177 177 177 177 177 165 165 160 116 116 116 116 116 116 122 122 122 94 94 94 94 94 94 82 82 82 36 10 10 10 36 36 46 46 10 10 21 21 10 10 3 
326 326 326 326 326 302 302 303 303 303 304 254 254 254 254 254 272 272 271 271 215 215 215 243 243 243 230 230 230 178 178 178 178 178 178 153 153 153 153 178 178 183 165 165 165 160 160 116 116 136 136 136 99 99 99 99 94 94 94 94 94 82 82 36 36 36 10 10 10 36 36 36 36 36 10 10 10 10 10 3 
329 329 329 329 302 302 321 303 303 303 304 254 290 290 254 254 272 272 272 272 215 215 215 243 243 243 230 230 230 178 178 178 178 178 178 178 178 178 178 178 178 178 165 165 170 160 150 150 150 136 136 136 99 99 126 99 98 98 98 98 98 82 88 36 36 36 36 10 10 36 36 17 17 17 17 29 10 10 10 3 
329 329 302 302 302 321 321 311 311 311 304 254 254 254 254 272 272 280 215 215 215 243 243 243 243 230 230 230 230 178 178 178 178 178 160 160 204 178 178 178 189 178 178 165 170 160 150 150 150 99 99 136 136 99 126 99 98 98 98 105 82 82 36 36 36 75 36 36 36 36 36 17 17 17 17 17 10 10 11 3 
302 302 302 327 327 302 302 311 311 311 304 304 297 254 254 272 215 215 215 267 267 243 243 243 243 230 230 230 230 178 178 178 178 220 160 160 160 178 178 178 165 165 165 165 160 160 147 147 147 99 99 136 136 99 126 99 99 82 82 82 82 76 36 36 36 75 75 60 60 60 17 17 47 22 22 17 17 17 3 3 
302 302 302 302 302 302 302 311 311 254 254 254 297 254 272 272 215 273 273 267 267 243 243 243 243 249 230 230 230 178 178 229 178 220 160 210 160 160 160 160 165 179 179 160 160 166 147 147 151 99 99 99 99 99 99 99 99 99 99 99 99 76 76 77 77 77 76 60 60 60 17 37 22 22 22 22 3 3 3 4 
340 302 302 302 302 302 302 291 291 291 291 254 254 254 272 215 215 273 273 273 267 243 243 243 243 249 243 230 230 178 178 178 178 160 160 210 198 198 160 160 165 160 160 160 166 166 147 147 99 99 143 99 99 99 99 99 117 76 76 76 76 76 76 77 77 76 76 60 60 61 17 37 22 22 22 22 3 3 3 4 
340 302 302 302 302 291 291 291 292 292 291 291 291 291 272 215 267 267 267 267 267 243 243 243 243 243 243 230 230 178 178 178 160 160 198 198 198 160 160 160 160 160 180 147 147 147 147 154 99 146 99 99 99 99 117 117 117 76 76 76 100 76 76 76 77 76 17 60 60 17 17 37 37 37 22 22 3 3 3 4 
340 312 312 291 302 291 320 320 292 292 291 291 292 292 272 215 267 267 274 274 232 232 232 255 255 232 232 232 230 230 178 178 160 221 198 160 160 160 197 160 184 184 147 147 171 117 117 117 99 99 99 141 117 117 117 118 118 76 76 76 76 76 89 76 76 76 17 17 17 17 50 50 38 38 22 22 22 3 3 4 
312 312 312 291 291 291 320 320 292 292 292 292 292 272 272 215 215 275 274 274 232 232 232 232 232 232 232 232 230 230 178 178 160 221 198 160 197 197 197 160 160 185 147 167 167 117 117 117 99 99 117 117 117 127 127 95 95 95 95 95 95 95 76 76 76 63 63 17 17 50 50 51 38 6 6 23 23 4 4 4 
312 312 312 322 322 320 320 320 293 293 292 292 298 272 272 276 276 275 275 275 232 232 232 250 250 250 232 232 230 230 230 160 160 221 198 160 160 160 160 160 160 185 147 167 167 167 117 117 117 117 117 106 106 106 106 95 95 95 95 106 64 64 76 85 76 63 63 63 63 6 6 6 38 6 6 23 4 4 4 4 
312 312 312 322 322 320 320 320 293 293 292 292 272 272 272 272 276 276 276 276 232 232 232 232 232 232 232 232 230 230 231 160 221 221 198 198 198 198 198 168 168 185 147 147 147 147 117 117 117 117 117 106 106 106 106 106 95 95 95 106 64 64 76 76 76 63 63 63 64 6 55 6 6 6 6 6 4 4 4 5 
337 337 312 322 322 320 320 320 293 293 305 305 272 272 272 272 284 260 260 260 268 232 232 232 232 232 232 232 232 222 222 160 160 160 160 211 205 168 168 168 168 147 147 147 147 147 161 117 117 117 117 106 137 106 106 106 106 106 106 106 64 64 90 63 63 63 64 64 64 6 6 6 6 6 6 6 24 4 4 5 
337 337 312 322 322 322 322 316 316 293 305 305 272 272 272 272 284 260 277 260 260 260 260 236 236 236 236 238 232 232 222 222 222 222 160 211 205 168 168 168 168 147 147 147 147 147 147 147 147 117 117 106 137 106 106 106 106 107 107 64 64 64 64 64 64 64 64 64 64 6 6 6 39 39 6 6 6 4 4 4 
337 337 312 322 322 322 322 316 316 293 293 293 293 293 287 287 284 260 277 236 236 236 236 236 236 236 236 236 236 232 222 222 205 205 205 205 205 168 168 168 168 186 168 168 168 168 147 147 147 117 117 106 106 106 119 119 119 107 107 64 64 64 65 65 65 65 65 64 64 56 56 6 6 6 6 30 6 12 12 4 
312 312 312 330 316 316 316 316 316 299 299 293 293 294 287 284 284 260 277 236 236 236 236 236 244 244 244 236 236 232 232 205 205 206 206 206 206 168 168 168 168 168 168 172 172 147 147 155 106 106 106 106 138 106 106 106 106 106 107 64 64 83 65 65 78 78 65 65 65 40 40 52 6 6 18 18 6 6 13 4 
312 312 312 330 316 316 316 317 317 299 299 293 293 287 287 284 284 260 277 236 236 236 236 236 244 225 225 225 225 225 225 205 205 205 206 206 190 190 190 157 157 157 172 172 147 147 155 155 106 106 106 106 128 128 128 106 106 106 107 64 64 83 83 65 78 78 32 32 32 40 40 40 40 40 18 18 25 6 13 4 
341 312 312 330 316 316 312 312 312 312 299 299 299 287 260 260 260 260 260 260 260 236 236 236 244 225 239 239 225 225 225 225 225 205 205 205 190 190 190 157 157 157 157 157 147 169 147 147 147 147 106 106 128 128 106 106 106 106 107 107 84 84 83 65 65 65 32 32 32 40 40 41 41 41 18 25 25 6 6 6 
341 312 312 312 312 312 312 312 312 313 306 306 236 287 260 260 260 260 260 236 236 236 236 236 244 225 225 225 225 225 225 225 225 205 205 205 190 190 190 157 157 181 181 157 147 147 147 156 106 106 106 106 106 106 106 123 113 113 108 108 84 84 83 83 83 65 66 66 32 32 40 14 14 42 18 18 18 18 6 6 
306 306 306 306 306 306 306 306 306 306 306 307 236 287 287 236 236 236 236 236 251 251 251 251 244 244 225 225 225 225 225 226 226 205 212 212 190 190 190 190 181 181 157 157 147 147 147 156 106 106 106 132 132 132 123 123 113 113 108 109 84 84 84 84 84 65 66 66 66 32 40 14 14 14 14 31 14 14 14 7 
306 306 306 331 306 306 306 306 314 314 307 307 236 236 236 236 236 236 251 251 251 251 251 251 244 244 225 225 225 225 225 193 193 216 216 194 207 190 190 190 181 181 157 157 147 147 147 156 112 112 112 132 132 132 123 123 108 108 108 109 84 57 57 57 57 65 65 32 32 32 40 14 14 14 14 14 14 19 7 7 
306 306 306 306 306 306 306 306 314 314 307 307 288 288 236 236 285 251 251 251 251 251 261 256 256 240 240 193 193 193 193 193 193 216 217 194 191 191 190 190 190 157 157 157 157 147 147 156 112 112 112 139 139 108 108 108 108 57 57 57 84 57 91 57 57 65 65 32 32 32 32 32 32 32 15 15 7 7 7 7 
342 338 328 328 328 306 306 306 295 295 295 307 288 240 240 240 251 251 278 240 240 251 261 256 256 240 240 240 193 193 193 193 193 216 217 194 191 191 191 191 191 157 157 157 157 152 152 112 112 112 112 139 108 108 129 108 108 57 57 57 84 57 57 57 57 57 57 69 57 57 48 53 48 32 33 15 7 7 7 7 
338 338 328 328 306 306 306 306 295 295 295 288 288 240 288 240 251 251 240 240 240 251 261 256 256 240 240 240 193 193 193 216 216 216 218 194 191 203 194 194 157 157 173 173 173 152 152 112 152 112 112 108 108 133 108 108 108 108 57 57 57 96 57 57 57 79 57 57 57 57 48 48 48 32 32 15 20 20 7 7 
338 338 328 328 306 306 306 306 295 295 295 288 288 288 288 240 240 240 240 258 240 251 251 251 251 251 240 240 193 193 216 216 227 194 194 194 191 203 194 194 157 157 152 152 152 152 152 152 152 112 112 108 108 108 108 120 120 108 57 110 57 57 57 57 57 57 70 70 67 57 57 48 48 43 32 15 15 15 15 8 
338 338 328 328 306 306 295 295 295 296 295 295 295 295 258 258 258 258 258 258 240 240 252 252 252 252 240 240 193 193 216 216 187 194 194 194 199 199 199 194 157 157 162 162 162 162 162 144 144 148 112 112 108 108 130 108 108 108 57 57 101 92 92 57 80 57 57 67 67 43 43 54 43 43 32 26 26 16 16 8 
332 332 332 332 306 306 295 295 295 296 296 296 300 296 258 258 258 258 245 245 269 240 240 240 240 240 240 240 193 193 233 216 187 187 194 194 199 199 199 194 157 157 157 162 162 163 163 144 144 144 144 112 112 130 130 121 121 57 57 57 92 92 57 57 80 80 57 67 67 43 43 43 43 32 32 26 26 16 8 8 
332 332 332 295 295 295 295 295 295 296 296 296 296 296 289 258 258 258 245 245 269 240 240 245 245 245 245 241 193 193 233 216 216 187 194 194 194 194 194 194 157 157 157 174 174 163 163 144 144 142 142 142 112 130 111 111 111 111 57 57 43 43 57 57 57 57 57 71 67 43 58 9 9 32 32 32 26 16 8 8 
332 332 332 295 295 295 295 295 295 286 286 286 286 286 289 286 286 258 245 245 245 245 262 245 193 193 193 241 193 193 233 216 216 187 187 187 187 187 187 187 187 187 157 174 174 157 157 157 144 142 142 142 112 130 111 111 111 111 111 43 43 43 57 57 67 67 67 67 67 43 43 9 9 9 9 9 26 16 16 8 
332 332 332 332 295 295 295 295 295 286 286 286 301 286 286 286 286 258 245 245 245 245 262 245 193 213 193 193 193 193 233 216 216 216 213 213 187 187 195 195 157 157 157 174 174 157 157 157 144 149 134 134 112 112 111 111 111 114 111 43 43 43 57 57 67 67 67 67 62 62 43 9 44 44 9 9 16 16 16 8 
332 332 332 332 295 295 281 281 281 281 281 286 281 281 286 286 286 258 258 258 258 245 245 245 193 213 213 213 213 213 213 213 213 213 213 213 200 200 195 195 157 157 157 157 157 157 164 144 144 134 134 134 134 112 112 86 86 86 111 43 43 43 43 43 67 67 72 72 62 43 43 9 44 44 9 9 16 16 16 8 
335 332 332 295 295 295 281 281 281 281 281 281 281 281 281 281 281 281 258 258 258 258 258 258 193 246 246 213 213 193 193 193 228 213 213 213 200 200 200 192 192 175 175 157 157 164 164 144 134 134 134 134 134 134 112 86 86 86 111 111 102 86 86 43 43 81 43 43 43 43 59 9 9 9 9 9 27 9 9 8 
335 335 335 295 295 295 318 318 318 281 281 281 282 282 282 282 282 282 258 258 258 258 259 259 193 193 247 242 193 193 193 193 200 200 200 200 200 201 201 192 193 175 175 157 157 144 144 144 134 134 134 140 140 112 112 86 86 86 86 86 102 86 86 43 43 43 43 49 49 49 49 49 49 9 9 9 9 9 9 8 
335 335 318 333 318 318 318 318 318 308 308 308 282 282 282 282 282 259 259 265 265 265 259 253 253 193 193 242 193 234 193 193 200 200 193 193 192 192 192 192 193 175 175 175 175 144 144 134 134 134 134 140 140 112 112 112 112 112 112 86 86 86 86 43 43 43 49 49 68 49 49 49 49 9 9 9 9 9 9 9 
339 339 318 318 318 318 318 318 318 308 308 308 282 282 282 283 283 283 259 259 259 259 259 253 253 253 193 193 193 234 234 193 193 193 193 193 193 193 193 193 193 175 175 175 176 144 144 134 134 134 134 140 140 124 124 124 112 112 112 112 86 86 86 86 43 43 49 49 49 49 49 49 49 9 9 9 9 9 9 9 
