338 338 338 292 292 299 299 299 299 299 299 273 273 278 278 273 234 234 234 234 234 241 231 231 231 217 217 217 217 192 192 202 192 192 192 143 143 143 143 143 143 143 143 143 143 143 121 121 121 121 121 121 115 94 94 94 94 75 75 75 75 75 63 63 63 49 49 49 40 40 40 27 27 27 27 15 15 15 1 1 
338 339 339 292 292 292 292 308 308 299 299 273 273 278 273 273 234 234 248 248 234 241 231 231 231 217 220 220 192 192 192 192 192 192 192 143 143 143 143 143 143 143 143 143 143 143 121 121 121 121 121 115 115 94 93 93 93 75 75 75 75 75 63 49 49 49 49 49 40 40 40 27 27 27 27 15 15 15 1 1 
338 292 292 292 292 292 292 273 273 273 273 273 273 273 273 234 234 234 248 248 234 234 234 217 217 217 220 192 192 213 192 192 192 192 192 152 152 152 143 143 143 143 143 143 143 143 121 121 121 121 121 115 115 94 93 93 93 93 75 75 75 75 63 49 49 49 49 49 40 40 40 27 27 27 27 2 2 2 1 1 
292 292 340 292 292 292 292 273 273 304 287 287 273 273 234 234 249 249 248 248 248 179 179 217 217 217 192 192 192 192 192 192 192 192 192 152 152 152 158 158 158 158 158 152 115 115 115 115 115 115 115 115 115 94 63 63 63 63 63 83 63 63 63 49 49 49 49 49 49 40 40 28 28 28 28 2 2 2 2 2 
292 292 292 292 273 273 273 273 273 304 287 287 287 287 234 234 234 249 249 249 249 179 179 217 217 217 192 192 192 152 152 152 152 152 152 152 152 152 158 158 158 152 152 152 115 115 115 115 115 126 126 115 115 94 63 104 63 63 63 63 63 63 63 63 64 41 41 41 41 41 41 28 28 28 2 2 2 3 2 2 
292 292 292 292 273 320 273 273 273 300 300 279 279 288 234 234 234 234 234 234 234 179 179 179 179 192 192 192 214 152 152 152 152 152 193 152 152 152 152 152 152 152 115 115 115 115 115 115 115 115 122 122 94 94 63 63 63 79 79 79 79 63 63 63 64 41 50 50 50 41 41 28 28 28 2 2 2 3 3 3 
316 316 292 332 273 320 273 273 273 300 300 279 279 279 279 253 253 253 253 253 234 234 179 179 179 192 192 192 214 214 152 152 152 152 193 152 179 163 163 163 163 163 115 150 150 115 115 115 115 115 122 122 94 94 94 105 63 63 63 84 63 63 63 68 41 41 50 41 41 41 42 28 28 28 5 5 5 5 4 4 
316 292 292 292 292 320 292 292 292 292 292 279 279 279 279 253 253 253 234 234 250 234 179 179 179 226 179 179 179 179 152 203 152 152 152 152 179 163 163 163 163 163 115 122 122 122 122 122 122 122 122 122 109 109 94 94 94 94 63 63 63 63 63 41 41 41 41 41 51 41 41 28 28 28 5 5 5 5 4 5 
316 292 292 292 292 292 292 292 292 292 292 292 279 279 280 253 253 253 234 234 234 234 223 223 179 179 179 179 179 179 152 152 152 179 179 179 179 163 163 163 115 115 115 122 122 122 122 122 131 131 122 122 109 90 90 90 90 90 90 63 63 76 63 41 41 41 51 51 51 41 41 28 28 28 9 9 5 4 4 5 
316 316 316 316 327 292 292 292 292 292 279 279 279 279 280 264 264 264 234 242 242 242 223 223 227 227 179 179 179 179 206 179 179 179 194 180 180 163 163 163 115 115 115 115 122 122 122 122 131 131 127 123 109 90 90 90 90 90 90 85 63 63 63 65 65 51 51 51 51 41 9 9 9 9 9 9 5 4 4 5 
316 316 341 316 316 316 316 305 305 305 279 279 279 279 280 264 243 243 234 234 234 234 234 223 227 227 179 215 215 215 179 179 198 180 180 180 163 163 163 163 163 163 115 115 122 122 127 127 127 127 127 123 109 111 85 85 85 85 85 85 70 70 70 65 51 51 41 41 41 41 9 9 9 9 9 9 5 5 5 5 
316 316 341 333 316 316 316 305 305 305 279 279 280 280 280 264 269 243 254 254 243 243 234 223 223 228 179 179 179 179 179 180 180 180 181 181 163 176 163 115 115 115 115 153 151 122 127 127 127 116 128 123 109 109 85 85 85 85 85 85 70 70 65 65 51 41 41 44 44 44 9 9 9 9 9 9 9 5 5 6 
316 316 333 333 316 321 316 279 279 279 279 280 280 280 280 264 269 243 243 243 243 244 234 234 223 228 223 221 179 179 180 180 180 180 180 181 163 163 163 115 115 115 115 151 151 122 127 127 127 116 123 123 116 109 109 80 80 95 85 85 70 70 65 51 51 41 41 41 41 43 43 31 31 10 10 10 9 9 9 6 
316 316 333 333 316 321 316 279 279 279 301 280 281 281 281 264 251 251 251 251 251 238 238 235 223 223 223 221 207 207 180 180 180 180 180 181 181 170 170 170 115 159 159 151 151 122 122 135 116 116 123 116 116 109 109 80 80 95 85 85 80 65 65 51 51 51 37 37 41 43 43 31 31 10 10 10 19 9 9 6 
293 333 333 333 316 316 316 279 309 280 280 280 281 264 264 264 251 251 251 251 251 238 235 235 221 221 221 221 207 207 207 170 170 170 170 170 182 170 170 170 115 115 122 122 122 122 122 135 116 116 116 116 80 80 80 80 80 80 80 80 80 65 65 65 51 51 37 37 41 41 41 31 31 10 10 10 10 10 10 6 
293 293 293 293 293 322 293 293 293 280 280 280 281 264 264 264 264 238 238 251 251 238 235 235 221 221 208 208 208 195 195 199 199 195 195 170 170 170 170 170 115 115 122 122 122 122 122 135 135 132 80 80 80 91 91 91 91 91 91 81 81 60 60 60 60 60 37 37 37 41 41 31 31 31 10 10 10 10 10 6 
346 293 293 293 293 322 293 313 293 293 293 293 274 274 274 274 264 238 238 238 238 238 221 221 221 221 208 195 195 195 195 195 195 195 188 188 170 170 171 171 115 115 115 115 144 144 139 132 132 132 80 80 80 91 91 91 91 96 81 81 81 60 60 60 60 60 37 54 37 37 37 37 31 31 10 10 10 10 10 6 
346 293 293 293 293 322 293 294 294 294 294 294 274 264 264 275 264 238 238 238 238 221 221 221 221 208 208 195 218 195 195 188 188 188 188 183 183 165 165 165 165 154 154 154 144 139 139 132 132 132 80 80 80 112 91 96 96 96 81 81 81 77 20 20 20 20 37 37 37 37 37 37 37 29 29 10 10 16 11 6 
334 334 334 334 293 293 293 294 294 294 295 295 274 274 264 264 264 259 259 238 238 221 221 221 208 208 224 195 195 195 188 188 188 188 189 189 184 165 173 165 165 154 160 144 144 139 140 132 132 132 80 80 80 91 91 96 96 86 86 77 77 77 20 66 66 20 37 37 37 37 37 37 37 29 11 11 11 11 11 6 
335 335 335 335 317 317 317 294 259 259 295 295 259 259 259 259 259 259 221 221 221 221 239 221 208 208 208 222 195 195 188 188 188 189 189 184 184 165 165 165 154 154 144 144 139 139 132 132 132 132 80 91 91 91 91 106 96 86 86 77 77 77 20 20 20 20 37 37 37 20 20 20 20 29 11 11 11 11 11 6 
335 335 335 336 317 317 317 294 259 259 295 295 259 259 259 259 259 265 221 255 210 221 221 221 208 208 208 208 208 208 208 188 188 184 184 184 165 165 165 165 154 139 139 139 139 145 132 132 132 133 80 91 91 91 91 106 96 97 86 86 20 20 20 20 20 20 57 20 20 20 38 38 20 20 11 11 11 11 11 6 
335 335 335 335 317 317 317 294 294 259 259 259 259 266 266 266 270 221 221 255 210 221 221 221 188 188 188 209 209 209 209 188 200 166 166 166 165 165 165 165 154 139 139 139 133 133 133 133 133 133 80 124 91 91 107 107 20 20 20 20 20 20 20 20 20 20 57 20 38 38 38 32 32 20 20 13 13 12 12 6 
317 317 335 335 317 294 294 314 294 259 259 266 266 266 271 266 266 221 221 255 210 221 221 221 188 188 188 209 209 188 188 188 200 166 190 166 166 165 165 165 154 139 139 133 133 146 133 133 80 80 80 113 113 113 107 107 20 20 20 71 71 71 71 20 20 20 20 20 38 32 32 32 32 32 20 13 13 12 12 6 
317 317 317 317 317 294 294 294 294 306 266 266 266 266 271 276 266 266 221 210 210 245 221 221 188 188 188 188 188 188 188 188 200 166 190 166 166 165 172 172 154 154 139 133 133 120 120 120 80 80 80 113 113 113 107 107 20 20 20 71 71 71 71 67 67 38 38 38 38 32 32 32 32 32 20 20 13 13 6 6 
317 343 317 317 294 294 318 266 266 266 266 296 282 282 271 271 266 266 221 210 210 210 240 210 210 210 210 210 210 210 210 204 166 166 190 190 165 165 139 139 139 154 139 155 120 120 120 120 80 80 80 80 113 113 107 107 98 98 20 87 72 72 72 67 67 38 45 45 45 45 6 6 30 30 30 20 13 13 6 6 
317 317 317 328 294 294 266 266 307 307 289 289 282 282 282 271 271 221 221 252 252 210 210 210 210 210 204 204 204 204 204 204 166 191 191 191 165 165 139 139 139 139 139 155 120 141 120 120 80 80 80 80 98 98 98 98 98 20 20 87 73 73 73 67 67 38 45 46 46 46 6 6 30 30 30 20 13 13 13 6 
344 344 317 328 328 294 266 289 289 289 289 289 289 289 221 221 221 221 229 229 229 229 229 229 210 210 204 204 204 205 205 205 166 191 191 191 185 165 165 139 161 161 161 155 120 141 141 117 117 134 98 98 98 114 38 38 100 20 20 87 73 74 74 67 38 38 45 6 6 47 6 6 30 30 30 20 20 17 6 6 
317 317 317 329 329 294 266 289 289 289 289 291 291 221 221 272 221 221 229 229 229 229 229 229 210 210 204 204 204 205 205 205 166 197 185 185 185 139 139 139 161 161 155 155 120 142 142 117 117 134 98 98 98 98 38 38 38 73 20 73 73 67 67 67 38 45 45 55 6 6 6 6 23 33 23 23 17 17 6 7 
317 345 294 294 294 294 285 285 285 291 291 291 221 221 283 272 256 256 256 229 229 229 229 229 229 229 204 204 204 211 211 205 166 197 185 185 186 139 139 139 139 139 155 156 120 120 120 120 117 117 129 117 117 98 38 38 101 73 92 73 73 67 67 67 38 45 45 52 52 6 6 6 23 23 23 24 6 6 6 7 
317 294 294 323 323 323 285 315 285 285 297 297 221 290 272 272 256 256 256 256 232 232 232 232 232 204 204 204 204 205 205 205 166 166 196 185 185 166 166 166 166 139 155 137 137 137 137 120 120 117 129 117 118 98 98 38 38 73 73 73 73 67 67 67 38 58 52 52 34 34 34 6 6 23 23 6 6 6 6 7 
317 294 342 323 323 324 285 285 285 285 297 297 221 221 272 272 256 256 257 257 232 232 232 232 204 204 205 205 205 205 205 205 201 166 166 166 185 166 174 167 167 139 155 137 137 137 137 137 120 117 117 117 82 82 82 108 38 99 38 38 38 38 38 38 38 58 52 52 34 34 34 39 6 6 6 6 21 7 7 7 
317 331 330 330 330 310 310 285 285 285 221 221 221 221 284 272 272 267 257 257 232 232 232 232 204 204 205 205 219 216 201 201 201 166 166 166 166 166 174 167 168 139 139 136 136 147 138 138 120 82 82 82 82 102 82 108 38 38 38 88 82 52 52 52 52 58 58 52 34 34 34 34 34 34 6 6 21 7 14 8 
317 331 330 330 330 310 310 310 310 285 221 221 221 221 260 260 260 267 232 232 232 246 204 204 204 204 201 201 201 216 201 201 201 167 167 167 167 167 167 167 167 139 139 136 136 147 138 138 120 82 119 82 82 102 82 82 82 82 82 82 82 52 52 52 52 59 59 52 53 34 34 26 26 35 21 25 21 7 7 8 
317 331 331 331 331 325 310 310 311 285 302 298 260 260 260 277 260 267 232 232 232 232 204 236 204 204 201 201 201 201 201 201 201 167 167 167 177 177 167 167 167 139 136 136 147 147 138 138 120 82 119 82 82 102 102 61 61 61 89 89 52 52 52 52 52 59 52 52 26 26 26 26 35 35 21 21 21 18 7 8 
317 317 337 337 325 325 311 311 311 285 285 298 260 260 260 277 260 260 260 232 232 232 204 204 204 225 225 201 201 201 201 201 201 167 167 167 167 167 167 167 167 139 136 147 147 148 138 138 120 82 119 119 119 102 102 61 61 61 89 89 52 52 52 52 52 52 52 56 26 26 26 26 26 26 21 21 18 18 7 8 
347 317 337 325 325 326 311 312 285 285 285 263 277 277 277 277 261 261 261 232 232 232 232 232 204 204 204 204 201 201 201 201 201 178 178 178 178 178 139 139 139 139 136 136 136 148 138 138 120 82 125 119 119 102 102 102 61 61 61 61 61 61 61 52 52 52 52 52 36 36 36 36 36 26 26 26 18 18 7 8 
347 317 337 325 311 311 311 312 285 303 303 263 263 263 263 263 261 261 261 232 232 247 232 232 233 230 204 204 204 212 212 178 178 178 187 187 187 139 139 162 162 162 162 136 136 136 136 136 120 82 125 125 110 110 110 102 61 61 61 78 78 78 61 61 52 52 52 52 36 48 36 36 36 36 18 18 18 18 7 8 
317 317 325 325 325 311 311 312 285 285 285 285 285 285 285 263 263 268 258 258 232 232 232 237 230 230 204 204 204 178 178 178 178 178 139 139 139 139 175 162 162 162 136 136 149 136 136 136 120 120 130 120 120 102 102 102 102 61 61 78 62 62 69 61 61 61 7 7 7 7 7 7 36 36 18 18 18 18 7 8 
319 319 325 325 325 311 311 312 286 286 286 286 286 286 286 263 263 262 262 230 230 230 230 230 230 204 204 204 178 178 178 178 178 178 139 139 139 139 175 162 169 164 136 157 149 149 136 136 136 120 130 120 102 102 102 102 102 61 61 61 62 62 69 69 61 61 7 7 7 7 7 7 7 7 22 22 22 7 7 8 
319 319 319 319 319 319 319 312 312 286 286 286 286 286 286 263 263 263 263 230 230 230 230 230 230 204 204 204 178 178 178 178 178 178 139 139 139 139 175 162 162 164 136 136 136 136 136 136 136 120 120 120 102 102 102 103 103 61 61 61 62 62 62 62 62 62 7 7 7 7 7 7 7 7 7 7 7 7 8 8 
