334 334 334 280 280 280 316 280 280 280 280 280 280 280 280 280 226 226 226 226 226 226 250 250 230 230 230 230 230 226 201 201 201 201 201 201 176 176 134 134 134 134 153 153 153 134 134 134 134 134 113 113 113 113 113 76 76 76 76 57 57 57 57 57 57 63 57 57 51 51 32 32 32 32 32 28 14 14 14 1 
329 329 280 280 325 280 280 280 312 303 303 226 226 226 226 226 226 226 226 262 262 226 230 230 230 226 226 226 226 226 201 201 201 194 194 194 176 176 134 134 134 134 153 153 154 134 146 135 135 135 113 113 113 113 114 76 76 76 76 57 57 57 57 57 57 63 57 57 51 52 32 32 32 28 28 28 14 14 1 1 
329 329 329 329 325 280 280 226 226 303 303 226 291 291 226 226 272 257 257 257 257 226 230 230 230 226 226 226 226 227 201 201 201 194 206 194 194 176 134 134 134 134 134 134 134 134 135 135 126 126 126 113 113 113 76 76 76 76 76 57 57 57 57 57 57 57 57 57 28 28 28 28 28 28 1 1 1 1 1 2 
286 286 286 286 325 280 280 226 226 226 226 226 291 291 272 272 272 257 257 265 257 226 226 226 226 226 226 226 226 194 194 194 194 194 195 195 195 176 176 176 176 135 135 134 134 135 135 126 126 126 126 126 95 95 76 76 76 100 76 76 76 76 76 76 57 57 57 57 28 39 39 39 28 28 1 1 1 1 2 2 
286 286 286 286 325 280 280 226 226 226 226 226 226 272 272 273 273 271 257 257 257 194 194 194 194 194 194 194 194 194 194 194 194 195 195 202 135 135 135 135 135 135 135 135 135 135 135 126 126 126 126 126 95 95 95 95 76 76 90 90 90 76 76 77 57 57 28 28 28 39 39 39 39 36 1 1 1 1 2 2 
286 286 286 286 321 321 313 313 313 226 226 226 226 272 271 271 271 271 257 257 257 194 194 194 228 228 228 194 194 228 194 194 194 195 195 202 135 168 168 184 168 168 168 161 135 135 135 126 126 118 118 118 95 115 115 95 95 76 94 90 90 76 76 77 28 28 28 36 36 36 36 39 39 36 1 1 1 1 2 2 
340 286 286 321 321 322 313 313 313 226 226 226 271 271 271 281 257 257 257 242 242 242 242 194 194 194 228 228 228 228 194 218 195 195 195 202 135 168 168 168 168 135 135 161 155 135 135 135 118 118 118 118 95 95 95 95 95 76 76 76 76 76 76 28 28 61 61 36 36 36 36 36 36 36 1 1 1 1 2 2 
286 286 335 286 286 286 286 271 271 271 271 271 271 292 286 257 257 267 267 242 242 242 242 246 246 194 236 236 228 228 194 195 195 135 135 202 135 168 188 135 135 135 135 155 155 135 135 135 118 118 118 118 118 118 95 95 95 86 86 76 76 86 28 28 72 36 36 36 53 53 40 40 40 23 23 23 23 15 15 3 
286 335 335 286 286 286 286 271 271 300 300 300 286 286 286 257 257 267 242 242 242 242 242 246 246 194 194 194 231 194 194 195 135 135 135 135 135 168 135 135 177 172 135 155 149 149 118 118 118 118 131 118 118 119 95 95 95 86 86 86 86 86 28 72 72 36 36 36 53 53 40 41 41 23 23 29 24 15 15 3 
286 286 286 286 323 323 286 286 286 286 296 296 286 286 263 263 257 257 257 256 256 256 242 246 246 242 242 194 194 194 223 195 135 135 135 135 135 135 135 172 172 172 135 135 149 149 118 118 118 118 131 96 96 96 116 95 95 86 86 86 86 87 28 72 72 36 36 36 40 40 40 41 24 24 24 24 24 3 3 3 
286 286 286 286 323 293 293 286 286 286 296 296 296 286 263 263 257 257 257 256 256 242 242 246 242 242 194 194 194 223 223 195 195 207 207 135 135 135 135 172 169 169 169 135 142 142 147 142 118 118 131 96 96 96 95 95 109 86 86 87 87 87 28 62 62 62 62 40 40 33 33 33 33 33 33 20 20 3 3 3 
286 286 330 330 323 293 293 293 286 286 286 286 286 286 263 263 263 263 257 256 256 242 242 242 242 243 194 194 194 223 195 195 195 207 207 178 178 135 135 172 169 169 162 162 142 142 142 142 118 118 131 96 96 96 95 95 95 101 95 87 28 28 28 62 62 62 40 40 54 33 33 3 3 33 33 20 20 20 3 3 
337 323 323 323 323 293 293 293 286 286 286 297 297 263 263 263 263 263 257 257 257 257 243 243 243 243 194 194 207 207 216 216 216 207 207 178 178 178 178 162 162 162 162 163 142 142 142 142 118 118 125 125 125 96 95 95 95 95 95 87 88 88 81 33 33 33 40 33 33 33 33 3 20 20 20 20 20 20 3 4 
337 323 323 304 304 293 293 293 293 293 293 297 297 263 263 263 266 266 266 266 257 257 243 243 163 163 163 163 207 207 207 207 207 207 208 178 178 190 178 178 178 163 163 163 156 142 142 142 120 120 125 125 125 96 96 96 95 95 87 87 88 81 81 33 33 33 33 33 33 33 46 3 3 3 34 21 21 21 3 3 
337 276 276 304 304 293 293 293 293 307 293 297 297 263 263 263 266 266 266 266 252 252 252 163 163 237 237 163 163 163 163 163 163 212 163 163 178 178 178 178 178 163 163 156 156 120 120 120 120 120 125 125 125 96 96 96 102 102 87 87 81 81 82 33 33 64 33 33 33 33 46 42 42 3 3 21 21 21 3 3 
337 337 276 276 304 304 307 307 307 307 293 293 263 263 263 263 274 263 263 263 252 252 253 163 247 237 237 237 219 219 219 219 163 163 163 163 163 178 178 185 173 173 163 156 156 120 136 136 136 120 120 125 125 96 96 96 96 96 81 81 81 6 6 33 33 33 33 33 55 42 42 42 3 3 3 3 3 3 3 5 
276 276 276 276 326 304 304 304 304 304 304 293 263 263 263 263 263 263 268 263 263 252 253 163 163 237 237 237 219 219 197 197 213 213 203 203 163 178 178 185 173 173 163 156 156 120 136 136 136 136 120 127 117 117 117 91 91 96 81 81 81 6 6 6 65 33 33 55 55 42 42 42 3 3 3 3 3 3 3 3 
276 276 276 276 305 305 305 305 305 304 304 293 293 293 275 275 275 268 268 252 252 252 253 163 163 244 191 191 191 219 197 197 197 197 203 203 163 163 163 163 173 173 163 164 157 120 137 137 137 137 120 91 117 91 91 91 91 96 96 81 81 6 6 6 65 65 33 55 55 6 6 6 3 3 3 3 3 3 3 3 
276 276 336 331 305 305 305 305 305 305 305 293 293 275 275 275 275 268 268 252 252 238 238 238 238 238 238 238 191 219 197 197 197 197 174 174 196 179 179 163 163 163 163 157 157 120 137 137 137 138 120 91 91 91 91 91 91 103 97 81 81 6 6 6 65 65 33 6 6 6 47 6 6 3 3 3 3 16 3 3 
276 331 331 331 305 305 305 305 305 305 298 298 298 275 275 275 238 238 238 238 238 238 254 248 248 191 191 191 191 219 197 197 197 197 174 174 196 179 179 186 179 120 120 157 157 120 137 137 137 120 120 120 120 120 111 111 91 97 97 81 81 6 6 6 73 66 33 6 6 6 6 6 6 35 35 3 3 16 16 6 
276 331 305 305 305 305 305 314 314 298 298 294 294 294 275 275 238 238 238 238 258 258 248 248 191 191 232 232 232 219 219 219 197 197 174 174 174 174 179 179 179 120 120 120 120 120 140 139 139 120 120 120 120 120 111 111 91 97 91 91 91 89 6 6 73 66 33 33 6 6 6 6 6 6 6 6 6 6 6 6 
276 276 305 305 305 305 305 314 298 298 298 294 294 294 275 258 258 258 258 258 258 259 248 248 191 191 191 232 232 219 219 219 197 214 174 174 174 174 179 179 180 120 120 120 143 143 140 140 140 120 120 111 111 111 111 111 91 91 91 89 89 89 6 67 66 66 6 6 6 6 6 44 9 9 9 9 6 6 7 7 
338 276 305 305 317 305 305 314 298 298 298 301 275 275 275 258 258 258 258 258 233 233 233 245 245 245 191 191 191 191 220 220 197 197 197 197 197 174 180 180 180 158 158 158 143 143 143 143 120 120 120 111 92 92 92 92 92 104 98 89 89 6 6 67 67 67 6 48 48 48 48 9 9 37 9 9 25 7 7 8 
338 276 276 305 317 317 317 276 276 275 275 275 275 295 282 282 258 258 258 258 233 233 233 245 245 245 191 191 191 191 191 191 191 191 191 191 191 174 174 180 180 158 158 158 158 143 143 144 120 120 120 111 92 92 92 112 92 92 98 6 6 6 6 6 6 6 6 48 48 48 48 9 9 37 9 25 25 7 7 7 
338 338 276 305 305 305 318 276 276 306 306 282 282 282 282 283 258 258 258 258 229 229 233 233 233 233 233 239 191 191 191 221 198 198 198 198 191 191 174 187 150 150 150 165 150 150 92 92 92 92 92 111 111 92 92 105 105 92 92 6 6 6 6 68 68 68 48 48 48 38 38 43 9 9 9 25 25 7 7 7 
276 276 276 305 305 305 318 276 276 276 276 282 282 282 276 276 258 258 229 229 229 229 234 234 234 234 233 233 233 221 221 221 198 204 204 198 191 191 174 174 174 174 150 150 150 151 92 92 92 92 92 92 92 92 105 105 105 105 92 92 92 69 69 68 68 69 48 48 48 38 38 43 43 9 9 9 9 9 9 9 
276 305 305 305 305 305 318 276 308 308 276 276 276 276 276 276 276 229 229 229 229 229 234 234 234 234 234 234 234 221 221 221 198 204 204 198 198 166 166 166 166 166 166 166 92 92 92 92 128 128 128 128 121 121 105 106 106 106 70 70 69 69 69 69 69 69 48 48 38 38 38 38 38 9 9 30 26 10 10 10 
276 305 305 305 318 318 318 276 308 309 299 299 251 251 251 251 251 229 229 229 229 229 234 234 234 234 234 229 229 229 224 222 198 209 204 204 166 166 181 181 181 166 166 166 92 92 92 92 128 132 132 121 121 122 105 106 106 70 70 70 69 69 69 69 69 70 58 58 38 45 45 45 38 38 9 9 26 10 10 10 
276 276 276 276 318 318 318 276 308 309 299 299 299 251 251 284 251 269 269 229 229 229 234 234 229 229 229 229 222 222 224 222 198 209 209 166 166 192 166 166 166 166 166 166 92 92 92 92 128 128 133 121 121 122 105 105 105 70 99 70 70 70 70 70 70 70 58 58 38 38 38 38 22 22 22 9 9 9 9 9 
276 276 327 276 276 276 319 276 308 284 284 284 287 287 287 284 251 269 251 251 264 229 229 229 229 229 229 240 222 222 224 222 198 215 210 166 166 166 166 182 182 121 121 121 159 148 148 121 121 128 128 129 121 122 105 105 105 70 70 70 70 70 70 70 71 9 9 9 9 9 9 38 22 22 22 22 22 22 9 9 
339 339 327 327 327 276 276 276 284 284 284 284 287 284 284 284 251 251 251 251 251 251 251 251 222 222 222 222 222 222 224 222 198 215 210 205 199 183 183 182 182 121 121 121 121 148 121 121 121 128 128 129 121 105 105 105 105 105 70 70 70 70 83 70 71 9 59 9 9 9 9 38 38 22 22 31 9 9 9 11 
315 315 315 315 315 324 276 276 284 284 284 284 284 284 284 284 277 251 251 260 260 260 251 251 222 222 222 222 222 222 222 222 205 205 205 205 199 183 183 183 183 121 121 145 121 121 121 145 121 121 121 121 121 105 105 105 105 105 70 70 84 70 70 70 71 9 59 9 9 9 9 9 38 9 9 9 9 9 9 11 
315 315 315 315 315 315 315 315 310 310 302 302 285 285 285 285 277 251 251 260 261 261 235 235 235 235 205 205 205 205 205 205 205 211 211 199 199 183 183 183 170 170 170 145 145 145 145 145 141 121 121 130 105 105 105 105 105 107 93 93 84 84 84 78 71 9 59 59 49 49 49 9 9 9 17 17 17 17 17 11 
315 315 315 315 328 315 315 315 310 310 302 302 285 288 288 277 277 260 270 260 261 261 235 235 235 235 205 205 205 205 205 205 152 199 199 199 200 183 183 183 170 170 170 167 152 152 141 141 141 130 130 130 105 123 105 107 107 107 93 93 93 78 78 78 71 9 9 60 49 49 49 9 9 17 17 17 27 18 18 11 
315 315 315 315 328 315 315 315 310 310 302 302 285 288 277 277 278 260 270 260 260 261 235 235 241 241 152 152 152 152 205 205 152 199 199 193 193 193 183 183 170 170 170 167 152 152 141 130 130 130 130 130 105 105 105 107 110 85 85 85 85 85 85 79 71 71 9 56 56 49 49 11 11 17 17 17 18 18 18 11 
315 315 315 315 328 315 315 310 310 285 285 285 285 277 277 260 260 260 260 260 260 261 235 235 241 241 152 152 152 152 152 152 152 193 193 193 170 170 183 170 170 175 167 167 152 152 141 130 130 130 130 130 85 85 107 107 85 85 85 85 79 79 79 79 74 9 9 56 56 11 11 11 11 11 17 17 18 18 18 11 
315 315 315 332 277 277 277 277 277 285 285 285 277 277 279 260 260 260 260 249 249 255 255 235 241 241 152 152 152 152 225 152 152 193 193 193 170 170 170 170 170 170 167 167 152 141 141 130 130 124 124 124 85 85 107 107 85 108 80 80 80 79 79 80 74 50 50 56 56 11 11 11 11 11 19 19 19 19 19 11 
315 315 332 332 277 320 320 277 277 285 285 285 277 289 279 279 279 249 249 249 249 255 255 235 241 241 241 241 235 152 152 217 217 193 193 193 170 170 170 170 170 170 152 152 152 141 141 141 141 124 124 124 85 85 85 85 85 108 80 80 80 80 80 80 74 50 50 50 50 11 11 11 11 11 19 19 19 11 11 11 
315 315 332 332 277 320 277 277 277 277 277 277 277 289 289 279 279 249 249 249 249 249 249 235 235 235 235 235 235 152 152 152 152 152 152 193 170 170 189 152 152 152 152 160 160 141 141 141 141 124 124 124 85 85 85 85 85 108 74 74 74 74 74 74 74 50 50 50 50 11 11 11 11 11 11 11 11 11 12 12 
333 333 333 333 277 277 277 311 311 311 277 277 290 290 290 279 279 249 249 249 249 249 249 249 249 235 235 235 235 152 152 152 152 152 152 152 152 152 152 152 171 171 171 160 160 141 141 141 141 124 124 124 124 124 85 85 85 108 74 74 74 74 74 75 75 50 50 50 50 50 50 11 11 11 11 11 11 12 12 13 
