351 337 337 326 326 326 326 280 280 307 307 259 259 259 259 259 259 259 259 259 259 237 237 237 237 218 218 218 223 218 172 172 172 177 177 177 177 177 177 177 162 162 162 137 137 137 137 137 137 131 122 122 122 114 114 109 91 91 91 75 75 80 57 57 57 57 57 57 39 39 39 39 19 19 19 19 19 19 1 1 
337 337 337 326 326 326 280 280 280 307 307 259 259 259 259 279 260 260 266 266 260 237 237 237 237 218 218 218 218 218 172 172 172 172 172 187 187 162 162 162 162 162 162 137 137 137 142 131 131 131 122 34 34 114 109 109 91 91 91 75 75 80 57 57 57 64 57 57 39 39 39 39 19 19 19 19 20 20 1 2 
337 337 337 337 330 330 280 321 280 280 280 280 261 261 286 279 260 260 260 260 260 237 237 237 237 243 218 218 224 172 172 172 172 172 172 172 172 162 171 162 162 163 94 94 94 137 137 131 122 122 122 34 34 34 109 91 91 91 75 75 75 80 57 57 57 64 57 58 50 39 39 39 39 19 19 19 20 20 1 2 
343 343 343 338 330 331 280 321 280 280 280 280 261 261 261 279 260 260 260 260 260 237 237 237 237 237 218 218 224 172 213 210 172 172 172 172 172 172 171 171 171 94 94 94 94 146 137 131 122 122 34 34 123 34 34 91 91 91 91 91 75 75 75 57 57 64 57 50 50 39 39 41 1 1 19 19 21 21 1 2 
330 330 330 338 330 331 280 280 280 313 261 261 261 289 261 261 261 261 267 267 261 237 237 244 244 237 237 228 172 172 210 210 197 197 197 184 184 172 172 172 172 94 94 137 137 137 137 131 131 122 34 34 34 118 34 102 91 91 91 91 34 34 76 57 67 57 57 50 51 39 39 41 1 1 1 28 21 22 1 2 
330 330 330 330 330 290 290 290 280 313 261 261 261 261 261 261 261 261 267 267 261 237 237 244 244 244 228 228 172 210 210 210 197 200 184 184 188 173 173 173 173 164 94 137 137 137 137 131 131 122 122 118 118 118 34 102 102 102 34 34 34 34 34 57 57 57 50 50 51 34 34 34 34 34 1 28 21 1 1 2 
352 284 284 335 335 290 290 290 280 280 304 304 280 280 261 261 261 261 261 261 261 237 237 252 229 229 229 229 172 210 210 210 197 200 184 184 188 173 173 173 164 164 94 94 94 94 94 122 122 122 122 118 118 119 34 110 34 34 34 92 77 77 34 50 50 50 50 51 51 34 34 34 34 34 1 1 21 1 1 1 
284 284 284 284 284 332 290 290 290 280 280 280 280 280 280 280 262 262 262 261 261 237 237 252 229 245 229 229 172 219 210 210 197 192 198 184 184 173 173 173 158 158 94 94 143 143 94 122 94 94 118 118 118 119 34 34 34 92 92 92 77 77 34 50 50 50 34 34 34 34 34 34 34 34 1 1 21 1 1 1 
284 327 327 327 284 284 284 290 290 290 290 290 290 280 280 281 262 273 262 262 262 237 252 252 229 229 229 230 172 172 214 197 197 192 192 192 184 184 173 173 158 158 158 158 143 143 94 94 94 94 118 118 107 107 107 107 107 84 84 84 84 77 34 34 65 65 34 34 34 40 40 40 40 1 1 1 1 1 1 1 
284 284 327 327 318 318 284 290 290 290 297 297 290 290 281 281 262 262 262 262 262 237 249 249 229 229 230 230 225 172 214 197 197 197 148 148 148 148 148 148 148 148 148 148 148 143 143 94 94 94 94 94 107 107 107 107 84 84 94 85 85 77 77 34 34 34 34 34 34 40 45 40 40 1 1 1 3 3 3 3 
353 284 327 339 318 318 284 284 284 314 297 297 297 238 238 238 238 238 238 238 262 237 249 249 249 215 215 231 225 197 197 197 197 197 148 148 148 148 148 148 148 148 148 149 149 143 143 94 94 94 94 94 107 107 107 107 84 94 94 85 85 68 68 68 68 52 52 34 34 40 45 40 40 23 23 23 3 3 3 3 
284 284 327 327 327 318 318 318 284 284 298 298 298 238 238 238 238 274 238 238 262 237 249 249 250 215 215 215 225 197 197 197 148 148 148 189 189 148 148 148 148 144 149 149 138 138 138 94 94 94 94 94 94 94 94 94 94 94 85 85 85 68 52 52 52 52 52 52 52 40 40 40 40 23 23 23 3 3 13 4 
284 284 344 340 327 327 327 318 318 284 291 291 291 291 238 282 238 274 238 238 238 238 255 249 249 215 215 215 215 215 215 197 197 148 148 178 178 178 178 144 144 144 144 144 144 144 138 138 126 126 126 126 95 95 95 103 103 103 85 85 85 68 52 52 52 52 52 23 53 23 23 40 40 23 23 23 23 4 4 4 
328 284 284 340 327 327 284 284 284 284 291 284 284 284 238 238 238 274 238 238 238 238 238 238 249 215 215 215 215 134 134 134 197 148 148 178 178 178 178 144 144 144 144 159 150 144 144 138 126 126 126 126 95 95 95 95 95 95 95 86 86 47 47 47 66 66 52 23 23 23 23 23 23 23 24 24 24 4 5 5 
328 328 345 328 328 328 284 284 284 284 291 284 299 284 238 238 253 253 253 253 238 238 238 238 238 215 215 134 134 134 134 134 134 201 134 134 178 178 129 129 174 144 144 144 150 138 138 138 126 126 104 104 104 104 104 104 95 95 96 86 47 47 78 47 66 66 52 59 23 23 35 35 35 35 24 24 14 4 5 5 
328 328 328 328 310 328 328 284 284 284 284 284 299 284 283 283 253 253 253 253 263 238 238 253 238 238 238 134 220 220 134 134 134 134 134 134 185 178 178 129 129 144 144 144 150 138 132 132 132 132 104 104 104 104 115 104 104 104 86 86 47 47 78 47 66 66 62 46 46 46 35 35 35 35 14 14 14 4 5 5 
328 328 328 341 310 310 310 310 284 284 308 285 285 284 284 284 253 253 253 253 253 253 253 253 238 238 239 134 134 134 134 134 134 134 182 134 185 185 178 178 129 165 129 129 150 138 138 138 138 133 104 104 104 104 115 105 105 105 86 81 81 47 47 47 69 62 62 46 46 46 46 35 35 14 14 14 14 4 4 6 
333 333 333 310 310 310 310 310 284 284 308 285 285 285 285 285 253 268 268 268 253 253 253 239 239 239 239 202 202 216 216 202 202 202 182 134 134 186 129 129 129 129 129 129 129 129 129 129 129 133 104 104 104 120 105 105 105 105 86 81 47 47 47 47 47 47 46 46 46 46 46 9 9 14 14 14 14 14 4 4 
333 333 333 310 310 310 310 310 315 315 285 285 285 285 253 253 253 268 268 268 253 253 253 239 239 239 239 202 202 202 202 202 202 202 182 193 134 186 129 129 129 129 129 160 129 129 129 129 129 133 104 104 104 105 105 56 86 86 86 81 47 47 47 47 54 47 46 46 46 47 47 9 9 36 14 14 14 14 14 4 
333 333 333 310 310 310 310 285 285 285 285 285 285 285 268 268 268 268 253 253 253 253 253 254 240 240 240 202 211 211 211 211 194 194 182 182 134 186 129 129 129 166 129 140 140 140 140 140 129 129 129 104 104 105 116 56 86 86 86 81 47 47 47 47 54 47 47 47 47 47 9 9 9 9 14 29 14 14 15 4 
333 333 333 333 333 333 310 285 319 285 309 285 285 285 268 268 268 268 253 253 253 253 253 254 240 240 240 202 211 194 194 194 194 194 194 182 134 134 134 134 129 129 129 140 140 140 134 134 134 134 105 105 124 105 116 56 56 97 97 81 81 81 47 47 54 54 54 49 49 49 9 9 9 9 14 14 14 14 4 4 
346 346 336 336 336 310 310 285 285 285 285 285 300 268 268 268 268 268 269 256 256 256 256 240 240 202 202 202 211 194 194 203 203 203 194 182 182 182 182 134 134 134 134 134 134 134 134 134 135 135 105 105 105 105 116 56 56 97 55 55 55 55 55 55 55 55 54 49 49 49 9 9 9 9 14 14 14 14 4 7 
346 336 336 336 336 310 310 322 285 285 285 305 268 268 276 276 268 268 269 256 256 256 202 202 202 202 241 232 211 221 194 203 207 194 194 167 167 167 167 167 167 167 151 151 151 134 134 134 135 105 105 121 121 121 56 56 97 97 55 82 82 55 55 55 55 55 54 54 54 9 9 37 37 9 14 14 14 14 4 4 
346 336 336 336 268 268 310 310 310 310 310 268 268 292 276 276 276 269 269 256 256 256 202 202 232 232 232 232 211 221 194 203 207 194 194 167 167 167 167 167 121 121 151 121 121 121 121 121 121 121 121 121 56 56 56 97 97 97 55 82 82 82 55 55 55 55 54 54 54 9 37 37 37 9 9 30 9 9 16 4 
346 350 346 268 268 268 268 268 268 268 268 268 275 275 275 277 277 269 271 256 256 256 202 202 232 232 233 233 226 194 194 203 203 203 194 194 167 167 183 121 121 121 121 121 152 121 121 121 121 121 121 121 56 56 56 97 97 97 55 55 82 82 55 71 55 55 54 54 54 9 37 37 37 37 9 30 9 9 4 4 
346 346 346 268 268 311 311 311 293 293 293 293 275 275 275 277 277 269 269 256 256 226 226 232 232 232 226 226 226 194 217 195 195 195 195 195 167 167 121 121 175 161 161 161 121 121 121 121 121 121 127 127 56 56 56 56 56 56 56 55 55 55 55 71 55 55 55 9 9 9 37 37 9 9 9 9 9 9 9 8 
347 268 268 268 268 311 311 311 293 293 293 293 293 293 275 275 275 275 269 269 264 226 226 226 226 226 226 234 194 194 217 195 195 204 190 190 190 121 121 179 161 161 153 153 121 121 121 141 93 93 127 127 56 56 117 98 98 98 56 56 87 55 55 55 55 55 55 9 9 9 9 9 9 9 9 9 25 9 9 8 
347 268 317 317 323 323 323 311 311 311 311 293 293 294 275 275 264 264 264 264 264 226 226 226 226 226 242 195 195 217 217 195 195 190 190 196 121 121 161 161 161 153 153 153 121 121 141 141 93 93 111 128 111 111 117 98 98 98 98 56 87 55 79 55 55 55 55 55 55 32 32 32 32 32 9 9 9 9 17 8 
347 268 268 317 323 323 323 316 316 316 306 306 287 287 264 264 264 258 258 258 258 226 226 226 226 246 242 195 195 195 195 195 208 190 190 190 121 121 121 121 153 153 153 153 153 93 93 93 93 93 111 111 111 111 111 111 98 98 98 56 56 72 72 72 55 55 56 56 56 32 48 32 32 32 32 9 9 9 9 9 
347 334 334 317 317 317 323 316 317 317 306 306 287 287 264 264 264 258 258 258 258 226 226 226 226 242 242 195 222 222 195 195 208 190 190 190 121 121 180 180 153 168 153 154 154 93 139 139 139 93 111 111 93 93 93 93 106 106 93 93 56 56 56 56 56 56 56 56 56 32 32 32 33 33 33 9 9 9 9 10 
347 334 334 334 334 317 323 323 317 306 306 306 287 287 264 264 264 258 258 258 258 195 195 226 226 242 195 195 222 222 205 205 205 205 169 169 180 180 180 153 153 153 153 154 155 93 93 93 93 93 93 93 93 112 112 93 93 93 93 88 88 56 56 56 56 56 56 60 32 32 32 32 26 26 26 31 9 9 9 10 
347 342 342 342 334 317 317 317 317 306 306 306 287 287 264 264 264 264 258 258 258 195 195 195 195 195 195 235 205 205 205 205 169 169 169 169 180 180 180 153 153 153 154 154 155 147 145 93 93 136 93 93 112 112 112 112 93 93 89 89 89 56 56 56 56 56 56 60 32 32 32 42 26 38 26 31 26 9 9 10 
347 342 342 342 334 334 324 324 306 306 306 306 287 287 264 264 264 264 258 258 258 195 251 251 251 247 205 205 205 205 205 205 169 206 169 169 169 169 169 169 153 153 147 147 147 147 145 93 93 93 93 93 112 112 112 113 89 89 89 70 70 56 56 73 70 60 60 60 32 42 42 42 26 38 26 31 26 18 18 10 
347 342 342 342 324 324 324 325 306 295 295 295 301 287 287 258 258 258 258 258 258 195 195 195 195 247 205 227 169 169 169 169 169 206 169 169 169 170 170 169 169 169 147 147 147 147 145 93 93 93 93 93 112 112 112 112 89 99 99 70 70 70 70 70 70 60 63 32 32 42 42 42 26 38 26 26 26 18 18 10 
347 347 347 324 324 324 306 306 306 295 295 295 295 295 258 258 258 258 258 258 258 258 195 195 195 205 205 227 169 169 169 169 169 169 169 169 170 170 170 176 176 156 156 147 147 145 145 93 93 93 93 112 112 112 112 112 70 70 70 70 90 70 70 61 61 61 63 32 32 42 42 42 26 26 26 26 26 10 10 10 
348 348 348 324 324 324 306 306 306 295 295 302 302 296 258 258 258 270 270 258 258 195 195 195 248 205 205 227 169 169 212 212 169 169 169 169 156 156 170 176 176 156 156 156 147 145 145 125 125 125 125 70 70 70 112 112 70 70 70 70 70 70 70 61 61 61 63 61 32 32 32 43 26 26 26 27 26 10 10 10 
348 295 295 295 295 329 306 306 320 295 312 296 296 296 258 258 278 270 270 270 265 195 257 195 248 248 205 227 227 212 212 169 169 199 199 156 156 156 170 170 170 156 156 156 147 147 125 125 125 125 125 125 125 70 70 70 70 70 70 70 70 70 70 61 61 61 61 61 32 32 32 32 26 26 26 27 27 10 10 10 
295 295 349 295 295 329 329 306 295 295 312 296 303 272 272 272 278 270 270 270 265 195 257 195 169 169 205 169 169 212 212 169 209 169 169 156 191 156 170 170 170 170 156 156 147 147 125 125 125 125 125 125 70 70 70 70 70 100 100 70 70 70 70 61 61 61 61 61 32 32 32 32 32 26 26 10 10 10 11 11 
295 295 295 295 306 306 306 306 295 303 303 303 303 272 288 272 272 272 169 169 265 195 195 195 169 169 169 169 169 212 212 169 169 169 169 156 191 156 156 156 156 156 156 156 156 125 125 125 130 125 125 70 70 70 70 70 70 70 101 70 70 83 70 74 61 61 61 61 32 32 32 44 32 32 10 10 10 10 11 12 
295 295 295 295 295 295 295 295 295 303 303 303 303 272 272 272 272 272 272 169 169 169 169 169 169 236 236 236 169 169 169 169 169 169 169 156 156 156 181 181 156 156 157 157 157 125 125 125 130 130 130 70 70 70 70 70 108 70 70 70 70 70 70 74 61 61 61 61 32 32 32 32 32 32 10 10 10 10 12 12 
