335 335 335 331 298 298 298 298 298 287 287 287 287 273 273 273 273 273 249 249 249 249 249 249 209 209 209 209 209 209 209 209 209 178 178 178 178 178 178 178 152 152 152 152 152 152 98 98 98 98 98 98 98 98 113 113 98 98 98 94 53 53 53 53 53 53 53 53 53 27 27 41 27 27 27 27 1 1 1 1 
335 335 331 331 298 298 318 318 298 302 298 287 287 273 273 273 249 249 249 265 250 250 250 250 209 209 209 209 216 216 209 209 178 178 194 175 175 175 178 178 175 170 153 153 153 153 98 129 129 129 129 98 98 98 98 98 98 98 98 94 53 59 59 59 59 59 59 59 27 27 27 27 27 27 27 1 1 1 1 1 
331 331 331 332 298 298 318 318 298 298 298 287 287 287 287 273 249 249 249 239 239 239 239 239 239 239 209 209 209 216 216 216 202 202 194 175 188 175 175 175 175 170 153 153 153 153 98 98 98 129 129 98 98 98 98 114 94 94 94 94 53 59 59 59 60 60 60 27 27 42 42 42 31 31 31 1 1 1 2 2 
331 331 331 332 298 298 313 313 313 299 299 287 287 273 273 273 249 249 239 239 257 257 239 239 228 228 209 209 209 216 216 202 202 202 194 194 188 188 175 175 175 170 98 98 98 98 98 98 98 129 129 98 98 114 114 114 94 94 94 94 53 53 77 77 60 60 60 27 27 27 27 27 31 31 31 2 2 2 2 2 
331 331 331 298 298 298 313 313 313 299 299 287 287 273 273 283 244 244 244 244 257 257 239 239 228 228 228 209 209 210 210 202 202 201 201 194 189 189 175 175 175 170 98 98 145 98 98 98 98 129 129 114 114 114 115 115 94 94 89 89 89 53 77 53 60 60 60 60 45 45 45 27 31 31 31 2 22 2 2 2 
331 331 331 298 298 298 298 319 299 299 299 289 289 289 273 283 244 268 268 244 244 244 244 251 228 228 228 228 228 210 210 210 202 202 202 194 189 189 179 179 98 98 98 98 145 145 145 145 130 130 130 114 114 114 115 115 89 89 89 90 90 53 53 53 73 60 60 45 45 45 45 27 34 34 32 2 2 2 2 2 
298 298 298 323 323 323 298 298 299 299 299 289 289 289 273 244 244 268 268 244 244 244 244 251 233 233 233 228 228 210 222 210 210 203 203 194 189 189 179 179 98 162 162 162 145 145 146 146 130 130 89 89 121 121 115 115 89 89 90 90 91 73 73 73 73 60 60 45 45 45 45 27 32 32 32 2 2 2 11 2 
298 338 298 298 298 298 298 298 303 299 299 289 244 244 273 244 244 244 244 244 244 244 244 244 244 210 210 210 210 210 217 217 211 203 203 194 194 182 182 179 98 162 162 163 127 127 127 127 127 127 131 89 121 121 121 89 89 89 90 73 73 73 82 69 69 46 46 46 46 46 46 27 32 32 32 2 2 2 2 2 
328 305 305 333 324 324 305 305 303 303 289 289 244 244 244 244 244 244 244 244 244 210 210 210 210 210 210 210 217 217 217 218 211 203 203 182 182 182 183 179 98 98 163 163 127 127 127 127 127 127 131 89 89 121 121 89 105 105 73 73 82 82 82 69 69 46 64 46 46 23 23 27 2 2 2 2 2 3 3 3 
328 305 305 333 324 324 305 305 304 304 289 289 244 244 244 244 244 244 269 266 210 210 255 211 211 240 211 211 217 223 223 211 211 182 182 182 190 190 183 179 98 98 163 163 127 127 127 127 127 127 127 127 89 89 89 89 105 105 73 73 54 54 83 69 69 69 54 54 54 23 23 23 2 2 2 2 2 3 3 3 
328 339 305 333 305 305 305 305 314 253 253 289 244 244 244 244 276 244 266 266 210 210 210 211 211 211 211 211 217 211 211 211 182 182 182 182 190 190 183 179 98 163 163 163 127 137 137 137 137 137 73 73 124 73 73 73 73 73 73 73 54 83 83 69 69 69 54 54 54 23 43 23 36 2 2 2 2 13 3 3 
328 305 305 305 305 309 309 305 305 305 253 289 244 244 244 244 244 244 266 266 210 210 210 211 245 211 211 211 217 211 224 182 182 205 179 179 179 191 183 179 98 163 163 163 127 127 149 137 137 73 73 73 73 73 110 110 110 95 95 95 54 54 54 78 54 54 54 47 47 23 43 23 23 23 23 23 23 3 3 3 
328 305 305 305 328 309 309 309 305 305 253 253 253 259 259 259 259 266 266 266 210 210 210 211 211 211 234 211 211 211 182 182 205 205 179 179 179 179 183 179 98 163 163 141 141 127 127 127 73 73 125 110 110 110 110 95 95 95 70 70 85 85 54 54 54 70 47 47 47 23 43 43 37 23 23 24 24 3 3 3 
328 328 328 328 328 309 309 309 306 306 253 253 253 259 259 259 259 266 266 266 210 258 235 235 211 211 234 225 225 225 182 219 184 184 184 179 179 179 183 179 98 163 163 141 141 141 127 127 73 138 125 110 110 110 95 95 106 106 70 70 85 70 70 70 70 70 47 47 47 23 23 23 37 24 24 24 24 4 4 4 
328 328 328 328 309 309 309 309 307 307 253 253 253 259 266 266 266 266 266 266 210 258 235 235 211 211 211 225 225 182 182 184 184 184 184 179 179 179 179 179 98 163 163 141 141 141 127 127 73 73 125 110 110 95 95 116 95 95 70 70 70 70 70 70 55 55 55 61 47 47 47 23 24 24 24 24 24 4 4 5 
328 328 329 329 309 309 307 307 307 253 253 253 253 259 259 284 259 259 259 259 210 258 235 235 235 241 211 211 211 182 184 184 206 184 184 184 184 184 184 98 98 98 141 141 158 127 127 127 139 73 125 125 125 95 95 95 95 95 70 70 70 79 79 79 55 55 55 55 55 23 23 23 24 24 24 4 4 4 4 5 
329 329 329 329 329 309 322 308 315 253 253 290 290 290 259 259 259 259 259 259 210 210 256 235 235 241 211 211 211 182 184 184 206 206 199 199 184 184 185 98 98 98 141 141 141 127 140 140 73 73 73 73 126 70 70 95 95 95 70 70 70 79 79 79 55 55 55 55 56 23 4 4 4 4 4 4 25 4 4 5 
329 334 334 334 309 309 322 308 308 308 253 290 277 277 277 277 277 259 270 259 259 210 210 235 235 235 211 211 211 182 199 199 199 199 199 195 195 176 176 98 98 171 141 141 141 127 140 140 73 73 73 73 73 70 70 70 70 70 70 86 86 86 74 74 74 65 65 56 56 23 23 4 4 33 33 12 12 12 12 5 
329 329 329 329 309 325 309 309 309 309 253 290 277 277 277 278 278 259 259 259 259 259 210 210 210 235 235 231 182 182 199 212 212 192 192 195 176 176 176 176 176 147 147 164 141 127 127 140 140 96 96 96 73 70 70 70 70 99 99 86 86 86 74 74 65 65 66 56 50 50 23 23 12 12 12 12 14 14 5 5 
329 329 329 329 309 309 309 310 310 310 253 290 277 277 277 271 271 271 259 259 263 246 246 246 210 231 231 231 182 199 199 192 192 192 192 195 176 176 176 147 147 147 147 147 141 141 150 140 140 96 96 96 96 96 70 70 70 99 87 87 87 56 56 74 65 65 56 56 50 18 18 12 12 14 14 14 14 15 5 5 
329 329 329 310 310 310 310 310 316 253 253 290 290 277 277 271 271 271 271 247 247 246 246 246 210 236 236 182 182 199 199 192 192 192 192 195 192 192 176 147 147 147 147 147 159 141 141 141 141 96 96 96 96 96 96 96 99 99 87 87 87 56 56 56 56 56 56 57 50 18 18 12 38 14 14 14 16 5 5 5 
310 310 310 310 316 316 316 316 316 253 300 290 290 277 279 279 279 271 271 247 247 246 246 246 210 210 237 182 176 176 176 192 192 192 192 192 192 193 176 147 147 147 147 147 147 147 147 147 142 96 96 96 96 96 96 96 99 99 99 87 87 56 56 80 62 62 67 57 57 18 18 18 18 28 28 28 16 5 6 6 
310 310 316 316 316 316 316 311 311 253 253 295 277 277 279 279 279 271 271 247 247 246 246 246 246 210 237 182 182 226 176 176 176 176 193 193 193 193 176 147 172 172 168 147 147 147 147 147 142 96 128 128 96 96 117 117 99 99 99 87 87 87 56 56 62 62 58 58 58 18 18 18 18 17 17 17 16 5 5 7 
340 310 310 316 316 316 316 311 311 311 253 277 277 253 253 253 253 274 260 260 247 247 247 252 210 210 182 182 182 182 176 176 213 176 193 193 176 176 176 147 147 147 168 147 147 154 142 142 142 96 96 96 96 96 96 96 96 107 96 96 92 62 62 62 62 62 62 62 18 18 48 18 18 17 17 17 16 16 5 7 
310 310 310 316 326 326 316 311 311 253 253 277 253 253 280 280 253 253 260 260 260 260 247 252 210 210 182 182 229 182 182 198 198 176 176 176 176 169 169 169 169 147 147 147 147 142 142 132 132 132 132 111 111 111 111 111 96 96 96 92 92 62 62 62 62 62 62 18 18 18 48 18 18 17 17 17 17 17 5 7 
310 310 310 316 316 316 316 320 280 253 253 253 253 280 280 280 280 253 260 247 247 247 247 252 247 182 182 182 182 182 182 198 198 207 169 169 169 169 169 169 169 147 147 147 147 142 142 132 132 132 132 111 111 111 111 111 111 92 92 92 68 68 62 62 62 62 62 18 18 18 35 35 18 17 26 26 26 5 5 7 
310 310 310 317 317 317 317 317 280 280 280 280 280 280 288 285 253 253 260 247 247 247 252 252 247 182 182 182 214 214 198 198 198 198 169 196 169 169 169 169 173 173 169 155 155 155 142 132 132 132 132 112 112 112 112 112 112 92 92 97 68 68 68 68 35 35 35 35 35 35 35 35 18 18 18 18 18 18 7 7 
310 310 310 317 317 317 317 317 280 280 288 288 288 288 288 285 253 260 260 247 247 247 252 247 247 182 182 182 182 214 198 198 198 198 204 196 196 151 186 169 169 169 169 155 155 142 142 148 132 132 133 112 112 112 100 118 100 100 92 92 68 68 68 68 75 35 35 7 7 7 7 35 35 35 7 7 7 19 7 7 
336 336 336 317 317 317 317 317 292 292 288 288 288 288 288 285 253 253 247 247 247 247 247 247 182 182 182 182 182 214 214 214 214 198 151 151 151 151 151 169 169 151 151 160 142 142 142 142 143 100 100 100 100 100 100 100 100 100 100 92 92 68 68 68 68 68 68 7 51 51 7 7 7 7 7 29 7 7 7 7 
336 336 336 317 317 317 317 317 292 292 292 292 292 281 281 285 281 253 247 247 247 261 247 247 182 182 182 227 227 198 198 198 198 198 151 151 151 151 151 151 151 151 151 160 142 142 142 142 143 100 100 100 100 100 100 100 100 108 101 92 92 68 68 68 68 68 68 7 51 7 7 7 7 7 20 20 20 20 7 7 
336 336 317 317 317 317 317 317 317 292 292 296 281 281 281 281 281 253 253 264 264 253 253 253 238 238 238 227 227 198 198 198 198 198 198 151 197 151 151 151 151 174 151 160 160 142 142 142 100 100 100 100 100 123 100 100 100 101 101 92 92 68 81 81 68 7 7 7 7 7 7 7 7 7 20 20 8 8 8 8 
336 336 317 317 317 317 317 296 296 296 296 296 281 281 281 281 267 267 253 253 253 253 200 200 238 238 238 227 227 198 198 220 198 198 198 151 151 151 151 180 151 174 151 151 151 142 142 142 100 100 100 123 123 123 100 100 101 101 102 92 92 68 68 68 68 7 7 7 7 7 7 39 20 20 20 20 8 8 8 8 
336 336 317 317 330 317 317 296 296 296 296 297 281 281 281 281 267 267 272 267 253 253 200 200 200 200 200 200 227 227 208 208 208 208 198 198 151 151 151 151 151 174 165 165 151 142 142 142 144 134 134 119 119 119 119 119 72 72 72 72 72 88 68 68 7 7 7 7 49 49 49 39 20 20 8 8 8 8 9 9 
341 330 330 330 330 317 317 321 293 293 293 297 293 267 267 267 267 267 272 267 200 200 200 242 242 200 200 200 227 227 208 208 208 208 198 198 198 174 174 174 174 174 165 151 151 142 142 142 134 134 119 119 119 119 103 103 72 72 72 72 72 72 72 72 7 7 63 63 20 20 20 39 39 20 8 8 8 8 9 9 
341 330 330 330 327 327 293 293 293 312 293 297 293 267 267 267 267 267 272 267 200 200 254 242 242 200 200 200 200 200 208 208 208 208 198 198 198 174 181 181 177 166 166 151 151 151 151 119 119 119 119 103 103 103 103 103 103 72 72 72 72 72 72 72 76 7 20 20 20 52 20 44 20 20 30 30 8 8 9 9 
341 330 330 330 327 293 293 293 293 293 293 293 293 267 267 286 267 267 267 267 200 200 254 242 248 200 200 232 230 200 174 174 174 174 174 174 174 174 177 177 177 166 166 166 151 151 136 136 135 135 103 103 103 103 122 120 103 109 103 72 72 72 7 7 7 7 20 52 52 52 20 20 20 9 9 9 8 8 9 9 
327 327 330 330 327 293 293 293 301 301 301 291 291 291 267 267 267 275 262 262 200 254 254 242 242 242 230 230 230 200 174 221 174 174 174 174 177 177 177 161 161 156 156 156 156 156 136 136 135 135 103 103 103 103 103 120 103 103 103 93 93 72 7 71 71 71 20 20 20 40 40 40 40 9 9 9 21 21 9 9 
327 327 327 327 327 293 293 301 301 301 301 291 291 282 282 282 282 215 262 262 262 254 254 254 215 215 230 230 230 200 174 174 174 174 174 174 161 161 187 161 161 161 161 156 156 157 136 136 135 135 135 103 103 103 103 103 103 103 103 93 93 72 7 7 71 71 20 20 20 40 40 40 9 9 9 9 21 21 9 10 
327 327 327 291 291 291 291 291 291 291 291 291 291 282 282 282 282 215 262 262 262 262 215 215 215 215 215 230 230 200 200 200 200 200 174 174 161 161 161 161 161 161 161 167 161 136 136 136 136 135 135 103 103 103 103 103 103 103 103 72 72 72 84 72 72 72 20 20 20 40 40 40 9 9 9 9 21 21 9 10 
327 327 337 291 291 291 291 291 291 294 294 294 294 282 282 282 282 215 215 215 215 215 215 243 243 243 215 215 215 215 215 215 215 200 200 200 161 161 161 161 161 161 161 161 161 136 136 136 136 136 136 103 103 103 103 103 103 104 104 72 72 72 72 72 72 72 20 20 20 40 40 40 40 9 9 9 9 9 9 10 
