311 311 332 332 332 311 311 320 311 311 270 270 270 270 270 270 270 270 270 270 264 255 229 229 229 229 229 204 204 204 210 210 210 190 190 190 190 173 173 173 173 112 112 112 112 112 112 112 112 112 112 112 112 112 112 112 91 91 91 91 75 75 75 43 43 43 43 56 43 43 43 30 30 1 1 1 1 1 1 1 
311 311 332 311 311 311 311 320 311 312 270 270 270 270 270 264 264 264 264 264 264 255 229 229 229 229 229 204 229 204 210 210 210 190 190 190 191 173 173 173 174 112 112 112 112 112 153 112 112 112 112 112 121 121 113 113 91 101 51 51 75 43 43 43 43 43 43 43 43 43 43 30 30 1 1 1 2 2 2 2 
311 311 311 311 311 311 311 311 311 304 304 270 270 270 270 264 264 264 255 255 255 255 229 229 229 229 229 229 229 204 210 210 204 204 179 179 191 173 173 173 112 112 112 112 112 112 153 112 112 112 131 131 113 113 113 91 91 51 51 51 75 43 43 43 43 43 43 43 44 44 44 30 30 1 23 23 2 2 2 2 
311 311 311 311 304 304 304 304 304 304 270 270 270 270 270 255 255 255 255 255 229 229 229 229 240 240 211 211 211 204 204 204 204 205 179 179 191 173 173 173 112 112 112 163 148 148 148 148 112 112 131 113 113 113 113 91 91 51 51 51 75 75 75 43 43 43 43 43 44 44 45 38 30 1 1 17 2 2 2 2 
304 304 311 311 304 305 305 305 305 305 270 270 270 270 270 255 255 255 255 255 229 229 229 229 211 211 211 211 211 211 218 211 179 179 179 179 179 173 173 173 112 163 163 163 148 148 148 149 112 112 131 113 113 113 113 113 91 51 51 51 75 75 75 65 65 43 43 43 45 45 45 38 30 30 1 17 2 2 2 2 
304 304 304 304 304 305 305 306 306 305 305 282 282 282 285 285 255 275 248 248 248 248 248 248 211 232 232 211 211 211 211 211 179 179 179 194 179 179 179 179 112 148 148 148 148 149 149 149 145 113 113 113 113 113 113 113 91 51 51 51 51 75 75 65 65 65 57 57 28 28 28 38 1 1 1 17 17 3 3 3 
304 305 305 304 304 324 305 306 306 306 306 282 294 282 285 255 255 248 248 256 256 256 213 213 211 232 232 232 211 223 211 211 179 206 179 179 179 179 179 180 112 148 148 148 148 149 145 145 145 113 113 127 127 122 91 91 91 51 51 92 51 51 51 65 57 57 57 28 28 50 28 28 28 1 1 17 17 3 3 4 
304 305 305 305 305 305 305 306 306 307 307 282 294 282 282 255 282 248 273 256 256 213 213 213 211 211 211 211 211 219 219 212 179 179 179 195 179 179 179 180 112 148 148 148 148 149 145 145 113 113 113 91 91 122 91 114 76 76 76 92 51 51 51 65 57 28 28 28 55 39 39 39 28 1 1 3 3 3 3 4 
304 304 333 333 333 290 290 306 306 307 307 282 282 282 282 282 282 248 256 256 256 213 213 213 213 238 238 219 219 219 219 212 195 195 195 195 179 179 179 180 112 148 148 149 149 149 145 145 113 113 113 91 91 91 91 76 76 76 76 92 81 81 51 65 57 57 28 28 39 39 39 39 28 28 28 3 13 13 4 4 
304 304 325 325 290 290 290 317 317 289 289 289 295 282 282 282 282 248 256 248 248 213 213 248 213 195 195 219 219 219 219 212 195 185 185 185 185 185 119 119 112 112 148 112 155 155 150 150 117 117 117 117 117 117 117 76 106 76 76 92 81 81 51 51 51 51 51 51 39 39 39 39 3 3 3 3 13 4 4 5 
304 304 325 325 290 325 290 289 289 289 308 289 295 224 224 224 282 248 248 248 248 248 248 248 213 241 195 195 195 195 195 212 195 185 185 185 186 186 119 119 119 112 112 112 155 150 150 150 117 117 117 107 107 107 107 76 76 76 76 92 76 76 76 51 51 61 35 51 51 3 3 3 3 29 29 13 13 4 4 5 
345 304 325 325 325 325 290 289 308 308 308 289 289 289 289 224 276 276 248 248 257 257 248 248 213 233 233 233 195 195 195 195 195 185 185 185 186 119 119 181 119 155 155 155 155 150 150 150 117 117 107 107 128 107 107 115 76 76 76 76 76 82 77 69 69 61 35 35 51 51 35 35 29 29 13 13 13 13 4 4 
345 304 304 304 304 290 290 290 290 296 296 289 289 290 290 224 276 276 224 224 224 248 248 248 213 233 233 233 213 213 220 195 195 119 119 119 119 119 157 181 119 119 119 141 141 156 146 146 117 117 107 107 107 107 115 115 66 66 66 66 66 66 77 69 69 61 61 35 51 51 35 35 35 31 13 24 13 13 4 4 
339 339 339 304 304 290 290 290 290 296 296 296 296 290 290 224 276 276 224 258 224 248 248 248 213 213 233 233 213 213 213 195 195 207 201 196 119 119 157 181 166 166 119 141 141 141 146 146 146 107 107 107 107 107 115 107 107 66 66 86 86 66 77 69 69 61 61 35 35 35 35 10 10 31 13 13 13 13 4 4 
339 339 339 304 299 299 299 299 290 296 290 290 290 290 290 224 276 276 224 258 224 224 224 224 224 213 213 213 213 224 213 213 201 201 201 196 183 183 157 157 166 166 119 141 141 141 146 146 146 107 132 107 123 123 107 107 86 86 86 86 87 66 77 73 58 58 58 58 35 35 10 10 10 10 13 13 10 10 10 4 
304 304 304 304 299 299 299 299 290 290 290 277 277 290 290 224 224 224 224 258 258 258 242 242 224 224 224 234 224 224 221 214 201 201 201 196 183 183 183 157 175 119 119 141 141 141 141 141 107 107 132 107 107 107 107 86 86 87 87 87 87 66 66 73 58 58 62 10 10 10 10 10 10 10 13 13 10 10 4 4 
304 304 304 304 299 299 323 299 299 299 299 299 277 277 277 277 277 277 259 259 259 259 242 242 242 242 224 224 224 214 221 214 196 196 196 196 183 183 157 157 175 119 119 119 119 141 141 141 107 107 132 102 102 102 102 102 108 87 87 87 88 83 66 73 10 10 10 10 46 10 10 10 10 10 10 25 18 10 4 4 
346 304 304 304 299 299 259 259 318 299 299 300 259 259 259 259 259 259 259 242 242 242 242 242 242 196 196 224 224 214 214 214 196 196 196 196 183 183 157 157 119 119 119 119 119 119 154 141 107 107 132 102 102 102 102 102 108 87 87 87 83 83 66 73 10 10 10 10 46 46 46 10 10 10 10 25 18 10 11 4 
346 334 334 334 334 259 259 259 259 259 300 300 259 291 291 242 242 242 242 242 242 242 242 242 242 196 196 196 196 214 214 196 196 196 183 183 183 187 157 157 119 119 119 119 119 119 119 141 107 107 132 132 102 102 102 102 87 87 87 87 89 84 66 73 10 10 10 10 46 46 46 10 10 10 10 10 18 10 4 4 
346 334 334 334 334 259 321 321 259 259 259 259 259 291 292 242 242 242 242 271 242 260 242 242 247 196 235 235 196 196 196 196 196 196 183 183 187 187 157 157 157 157 119 119 119 157 119 141 141 141 132 132 102 102 102 102 87 97 97 78 78 84 66 66 66 66 59 59 46 46 46 10 10 32 6 10 10 10 12 6 
346 314 314 314 335 259 259 259 259 259 259 292 291 291 292 265 278 278 242 242 242 249 249 249 196 196 235 235 196 196 215 215 208 208 183 183 98 98 98 98 167 157 157 119 119 157 119 119 119 142 135 118 124 124 118 102 87 97 97 78 78 78 78 66 66 59 59 47 47 47 20 20 32 32 6 6 6 14 12 6 
346 314 314 314 314 259 259 259 259 259 259 292 292 292 292 265 265 265 265 265 265 249 249 250 196 243 196 196 196 225 196 216 208 208 183 98 98 188 157 157 167 167 157 161 161 157 147 147 119 119 135 118 118 118 118 102 87 87 78 78 78 59 59 70 70 59 63 47 47 47 20 20 6 6 6 6 6 14 12 6 
314 314 314 314 314 259 259 259 259 297 297 297 297 279 279 279 279 279 249 249 249 249 249 196 196 243 196 196 196 225 196 216 183 183 183 98 98 188 157 157 157 157 157 157 157 157 147 147 147 119 119 119 119 119 102 102 87 87 78 78 78 59 59 59 59 59 63 47 47 47 20 20 6 12 12 12 12 12 12 6 
314 326 326 326 326 326 259 259 297 297 297 297 297 286 286 286 280 280 249 249 249 249 254 196 196 196 196 196 196 196 196 183 183 183 183 197 98 98 157 157 157 168 157 157 151 151 151 116 116 116 116 116 119 119 102 102 102 102 98 78 78 59 49 49 48 48 48 48 48 47 47 20 6 6 6 6 6 6 6 6 
314 314 326 326 326 326 259 259 297 297 297 301 297 286 280 280 280 281 251 251 251 251 254 196 196 196 196 236 196 196 183 183 183 183 183 183 192 98 157 157 157 157 157 151 151 151 151 116 116 136 136 116 119 119 119 102 102 98 98 90 90 59 49 49 48 48 48 48 48 48 48 20 33 33 7 7 7 7 7 7 
344 314 340 337 327 327 259 259 259 313 297 301 297 286 280 280 280 251 251 251 251 251 251 196 196 196 196 222 222 222 183 183 183 183 183 183 192 98 98 98 98 98 164 151 151 151 151 151 98 98 137 116 116 116 116 116 98 98 99 90 90 59 49 49 48 48 48 48 48 48 49 20 20 34 7 7 7 7 7 7 
344 314 314 337 328 328 259 322 259 259 297 301 297 286 286 261 261 251 251 251 261 261 251 251 196 196 222 222 222 222 222 183 183 183 183 183 192 162 162 98 98 98 98 152 152 152 152 152 98 98 98 133 98 98 98 98 98 59 59 59 59 59 49 49 71 48 48 48 48 52 49 40 20 34 7 7 7 7 7 7 
344 344 314 314 328 328 259 259 259 259 297 297 297 261 261 261 261 261 261 261 261 262 244 244 244 244 222 222 222 222 222 183 209 209 183 183 162 162 169 169 169 169 98 98 98 98 98 98 98 143 98 98 98 125 59 59 109 59 93 59 59 59 74 49 49 48 48 49 49 49 49 40 20 20 19 19 19 8 8 8 
336 336 336 314 314 314 314 314 314 314 283 283 298 261 261 261 261 274 266 261 261 262 244 245 245 245 222 222 230 222 222 183 209 209 183 193 162 162 169 169 169 158 158 158 158 98 98 111 111 111 125 125 125 125 59 59 59 59 93 59 59 59 74 74 49 49 49 49 40 40 40 40 36 20 19 19 20 8 8 8 
336 336 336 336 315 315 315 283 283 283 283 283 261 261 261 261 261 274 266 266 266 227 244 230 230 230 239 230 230 222 222 183 183 183 183 193 193 162 162 162 176 158 158 158 158 98 98 111 111 111 125 125 125 125 59 59 59 103 93 93 53 53 53 53 64 49 49 40 40 40 40 36 36 20 20 20 20 8 8 8 
347 336 336 336 315 329 315 283 283 283 283 283 261 261 261 283 283 274 274 267 267 227 227 230 230 230 230 230 231 184 184 184 184 202 202 184 184 184 184 162 162 170 158 158 158 111 111 111 111 111 111 111 125 125 110 110 110 53 53 53 53 53 53 53 64 64 64 40 40 40 40 36 9 9 21 21 21 8 8 8 
347 336 336 336 315 315 315 283 283 302 283 283 283 261 261 283 284 268 268 268 268 227 227 252 230 230 184 184 184 184 184 184 184 184 184 184 177 177 165 165 162 170 158 158 111 111 111 111 111 111 138 111 126 126 110 110 110 53 53 53 53 79 79 53 53 53 53 53 53 53 36 36 9 9 21 21 21 8 8 8 
330 330 341 336 336 330 315 319 319 302 302 302 283 283 283 283 284 268 253 253 253 227 227 227 230 230 184 184 184 226 203 203 203 203 184 184 177 177 165 165 162 162 162 158 111 111 111 111 111 138 138 111 111 110 110 110 110 53 53 94 53 53 53 67 67 36 36 36 36 36 36 9 9 9 9 26 22 8 8 8 
330 330 330 330 330 330 315 319 319 309 309 253 253 253 253 253 253 268 253 272 253 253 227 227 230 184 184 226 226 226 203 203 203 203 203 198 177 177 177 165 165 165 162 158 158 158 138 138 138 138 139 111 111 110 111 111 111 94 94 94 53 53 53 67 36 36 36 36 41 41 41 9 9 9 9 22 22 8 8 8 
330 331 331 331 331 331 315 309 309 309 310 253 253 253 287 287 253 253 253 272 269 253 227 227 227 184 184 226 203 203 203 217 198 198 198 198 177 177 177 177 177 165 162 162 162 159 138 138 138 139 139 111 111 111 111 94 94 94 100 53 53 53 53 67 36 36 36 60 41 41 41 37 37 9 22 22 15 15 8 8 
330 331 342 331 331 315 315 309 309 309 253 253 253 293 287 287 253 253 253 269 269 253 253 253 227 227 184 184 184 203 203 217 198 198 199 199 177 177 178 178 178 165 165 159 159 159 129 129 129 139 140 134 94 94 120 94 95 95 95 53 53 53 53 67 67 67 36 36 36 54 41 37 37 9 9 9 15 15 8 8 
330 331 331 331 331 315 315 315 309 309 253 303 253 253 253 253 253 253 253 269 263 263 246 246 246 227 237 237 184 227 198 198 198 198 199 189 189 178 178 182 171 171 159 159 159 159 129 129 129 139 134 134 94 94 94 94 95 95 95 95 53 85 80 67 67 68 36 36 36 36 41 41 27 27 27 9 15 15 8 8 
330 330 343 331 331 316 316 315 315 315 253 253 253 253 253 253 253 253 263 263 263 228 246 246 246 227 227 227 227 227 198 198 198 199 199 189 189 189 171 171 171 172 160 160 160 129 129 129 129 129 134 129 129 94 94 104 104 104 95 95 53 85 80 67 67 68 36 36 36 36 42 42 27 27 27 9 15 15 8 8 
330 330 330 338 316 316 316 316 316 316 253 253 253 288 253 253 253 253 263 263 263 228 228 228 246 246 227 227 227 227 198 198 198 198 198 200 189 189 171 171 171 172 160 160 160 129 129 129 129 144 129 129 130 104 104 104 72 72 72 96 53 53 80 72 72 68 36 36 36 36 27 27 27 27 27 9 9 16 8 8 
330 330 330 338 316 316 316 316 316 316 253 253 253 288 288 288 253 253 263 263 263 228 228 228 228 228 228 228 228 228 198 198 198 198 198 200 189 189 171 171 171 160 160 160 160 160 129 129 129 129 129 130 130 104 104 104 105 105 72 72 72 72 72 72 68 68 36 36 36 36 27 27 27 27 27 27 9 9 9 9 
