339 339 339 339 324 324 311 311 316 274 274 274 274 274 285 285 278 278 254 254 254 254 250 250 250 241 241 223 232 223 152 152 206 206 188 188 188 142 142 142 142 142 142 142 142 142 142 142 115 115 115 115 115 115 115 45 45 45 45 45 45 79 79 62 62 28 28 28 28 28 28 28 28 28 28 1 1 1 11 1 
339 339 324 324 324 325 311 311 316 274 274 274 298 274 285 286 278 278 254 254 254 254 254 254 241 241 242 223 223 223 152 152 206 206 188 188 188 142 142 142 142 142 142 142 142 142 142 143 115 115 115 45 45 45 45 45 45 45 45 45 45 62 62 62 62 28 28 57 28 28 28 28 28 28 28 1 1 1 1 1 
339 339 324 324 332 311 311 311 311 311 274 274 298 274 285 274 274 274 254 254 254 241 241 241 241 242 242 223 223 224 152 152 192 192 192 192 142 142 142 142 142 168 142 142 142 152 132 132 132 132 115 45 45 120 45 45 99 99 89 89 45 62 62 62 62 66 28 28 28 28 28 28 28 28 28 1 1 2 2 2 
349 349 324 324 332 311 311 311 311 311 274 274 298 274 274 274 281 274 274 263 263 263 242 242 242 242 243 152 152 152 152 152 192 192 193 193 142 171 171 171 171 142 142 142 142 152 132 132 132 133 115 115 45 99 99 99 99 100 89 89 45 45 45 62 62 62 62 28 28 28 45 1 1 29 29 1 18 2 2 3 
349 332 332 332 332 322 322 274 274 274 274 274 274 274 274 274 281 274 274 263 263 263 242 242 242 248 152 152 225 225 220 152 192 192 152 152 142 142 142 142 142 142 152 152 152 152 132 132 132 115 115 115 45 99 99 99 99 89 89 89 85 85 45 62 45 45 45 45 28 28 45 1 39 29 29 1 18 18 2 2 
349 332 332 333 333 322 322 274 274 274 274 274 274 274 274 274 274 274 274 264 264 264 242 248 248 248 152 207 207 207 220 152 192 152 152 152 152 152 152 175 142 142 152 161 153 153 132 132 132 115 115 45 45 45 45 111 89 89 90 90 85 85 45 45 45 45 45 45 45 45 45 1 1 1 1 1 19 19 2 2 
349 345 345 326 326 326 317 317 299 299 299 299 299 274 274 274 274 274 274 264 242 242 242 248 248 152 152 207 152 207 220 152 152 152 184 184 152 152 152 152 152 152 152 153 153 154 132 132 115 115 115 45 45 45 45 45 89 80 80 80 85 85 45 45 63 63 63 46 46 46 46 20 20 20 19 19 19 4 2 2 
349 345 317 317 317 317 317 299 299 291 291 300 300 291 291 274 274 261 261 264 242 242 242 255 152 152 207 207 152 207 207 207 207 207 184 184 184 184 152 152 166 166 166 153 153 115 115 115 115 115 115 115 45 45 45 45 80 80 93 80 80 80 80 75 63 40 40 46 46 46 46 20 20 20 19 19 19 4 2 2 
340 345 317 317 317 317 317 299 299 291 291 291 291 291 291 261 261 261 261 261 261 261 242 242 152 152 152 152 152 208 208 208 208 208 194 194 155 155 166 166 166 166 166 115 115 115 115 115 115 115 115 115 45 116 116 80 80 63 63 63 63 63 63 75 63 40 40 40 40 47 47 20 20 20 26 26 19 4 2 2 
340 340 317 317 317 302 302 302 291 291 307 291 291 291 291 261 282 245 245 245 245 261 261 256 244 244 152 152 152 155 155 155 155 155 194 155 155 155 166 166 166 166 166 115 115 115 115 139 139 115 115 45 45 116 80 80 105 63 63 81 81 63 63 63 63 40 40 40 40 47 47 20 20 20 26 4 4 4 2 2 
340 340 317 317 317 302 302 302 291 291 291 291 301 261 261 261 261 245 245 270 245 245 245 256 244 244 152 152 152 185 155 155 212 155 155 155 155 155 176 176 166 166 166 115 115 115 144 139 139 45 45 45 80 80 80 91 91 91 63 81 81 63 63 63 63 63 64 40 40 48 48 40 40 20 4 4 23 4 4 4 
340 340 340 340 302 302 302 302 291 291 291 291 261 261 261 261 261 245 245 270 262 262 245 256 244 244 244 152 152 185 221 195 195 195 195 195 155 155 155 155 166 166 155 155 159 155 144 139 139 45 45 80 80 91 91 91 91 91 63 63 81 81 81 63 63 63 63 40 40 40 40 40 40 20 4 4 4 4 12 5 
310 310 341 341 302 302 302 302 303 303 303 303 261 261 261 261 279 270 270 270 262 262 245 245 245 245 245 185 185 185 221 195 195 195 195 196 155 155 177 155 155 155 155 155 155 155 144 144 121 121 45 45 123 91 91 91 91 91 65 63 63 81 81 63 63 63 63 40 40 40 40 40 40 20 4 4 20 20 5 5 
310 310 310 310 310 302 302 318 303 303 303 303 261 261 261 279 279 270 270 262 262 262 262 257 245 245 246 185 185 185 221 185 185 185 185 185 185 185 177 177 155 155 155 162 134 134 134 134 121 121 121 45 123 91 91 91 91 91 65 65 63 63 63 63 71 65 65 20 20 20 20 20 20 20 20 20 20 5 5 5 
334 334 342 342 310 327 302 318 303 303 303 303 261 261 261 279 279 279 270 262 262 257 257 257 251 246 246 185 185 185 185 185 202 202 202 185 185 134 134 134 155 155 155 162 134 156 134 134 134 134 121 121 121 121 101 101 106 91 91 65 65 65 65 65 65 65 20 20 20 20 20 20 20 20 20 20 24 5 13 5 
334 334 342 342 310 310 302 302 302 308 308 304 261 261 261 287 270 270 270 262 262 257 257 257 251 246 246 226 226 202 202 202 202 203 203 189 189 134 134 134 134 134 134 134 134 156 134 145 134 94 94 121 121 101 101 101 106 101 91 44 44 82 82 65 65 20 20 58 20 20 20 20 20 20 20 20 24 5 5 5 
334 334 342 342 334 310 302 302 302 302 302 304 261 261 261 287 270 270 271 271 268 251 251 251 251 246 246 226 226 226 189 189 189 203 189 189 190 134 134 134 134 134 134 134 134 156 134 134 134 94 94 94 94 101 101 101 101 101 91 91 44 44 52 52 52 20 20 20 20 20 20 41 7 7 7 27 24 21 6 6 
334 334 334 334 334 310 310 310 310 312 302 302 302 293 270 270 283 270 271 268 268 251 251 251 189 189 189 189 233 189 189 213 189 189 189 189 134 134 134 134 134 134 134 134 134 156 149 134 134 94 94 128 94 94 101 101 101 102 94 87 87 44 52 76 52 52 52 52 52 52 41 41 7 7 27 27 24 21 6 6 
334 334 334 334 328 328 310 310 310 309 309 293 293 293 270 270 270 270 271 268 268 189 189 189 189 198 198 189 189 189 222 213 213 189 189 189 134 134 134 178 134 136 136 136 136 149 149 135 135 135 94 94 94 94 101 101 101 94 94 87 44 44 52 52 52 52 53 53 53 49 41 41 41 7 7 7 24 6 6 6 
343 334 334 328 328 310 310 309 309 309 309 293 294 294 270 288 270 270 268 268 268 189 258 258 198 198 198 234 234 222 222 157 157 157 157 157 157 157 134 134 134 134 134 163 136 149 149 135 135 135 113 113 94 94 101 101 101 94 87 87 44 52 52 52 44 44 44 59 53 49 49 41 41 30 30 7 24 6 6 6 
343 334 334 328 335 310 310 309 309 313 309 293 294 294 270 288 275 275 268 268 268 189 258 258 198 198 198 234 234 222 222 157 204 204 169 169 169 157 181 134 134 134 134 163 136 136 136 140 140 113 113 113 94 94 94 112 94 94 87 92 44 52 52 52 44 44 44 44 53 53 30 30 30 30 31 7 7 7 14 7 
343 343 343 343 335 306 310 310 309 309 309 293 294 294 270 270 275 275 275 189 189 189 189 189 189 189 198 234 234 227 157 157 204 204 169 169 157 157 157 157 157 157 157 157 157 157 136 140 140 113 117 113 113 113 94 94 94 87 87 92 44 44 44 44 44 44 44 44 44 44 30 30 30 8 8 8 8 7 7 7 
344 344 344 344 335 306 310 310 309 309 310 293 292 292 292 270 189 189 189 189 189 189 189 189 189 189 198 234 234 227 204 204 204 169 169 169 157 157 157 172 172 146 146 160 160 136 136 140 140 113 117 117 117 113 113 103 103 87 87 87 87 67 67 67 44 44 44 44 44 44 44 30 30 8 8 8 8 22 7 7 
344 344 344 335 335 306 310 310 310 310 310 293 292 292 270 270 189 189 189 189 189 189 237 237 237 249 198 236 227 227 204 214 214 169 169 169 169 169 169 169 169 169 146 160 136 136 136 136 136 113 113 124 117 117 113 103 103 103 95 67 67 67 77 67 67 67 8 8 8 54 44 44 8 8 8 8 8 8 8 8 
346 346 346 335 336 306 306 310 310 293 293 293 292 292 270 270 270 189 189 189 252 252 237 237 237 237 198 198 227 228 204 204 204 204 204 167 167 167 167 179 169 169 146 160 136 136 136 146 136 136 124 124 117 117 113 113 56 56 95 67 68 68 77 77 67 67 8 60 8 8 8 8 8 25 25 25 25 8 8 9 
346 346 346 306 306 329 306 319 293 293 293 293 293 270 270 270 270 189 189 189 252 252 252 252 252 237 247 198 227 198 198 198 209 209 167 167 186 186 167 167 167 167 146 146 146 146 146 146 136 136 124 129 117 117 117 56 56 56 56 67 67 68 78 78 68 68 8 8 8 8 50 8 8 15 15 15 15 15 9 9 
306 306 346 306 306 306 306 306 293 293 293 305 293 270 270 272 272 272 276 189 265 265 229 229 229 237 237 198 235 198 216 198 198 167 167 197 186 186 180 180 167 167 167 125 125 125 125 125 125 125 124 124 124 118 118 56 56 96 56 56 56 68 68 68 68 37 37 8 8 8 50 42 42 15 15 15 15 15 9 9 
306 306 306 306 337 306 306 306 293 293 293 293 293 295 270 272 272 272 272 272 265 265 229 229 229 229 237 198 198 198 216 216 198 167 167 197 186 186 180 167 167 167 167 125 125 125 150 125 125 125 125 124 124 118 119 107 107 96 96 56 56 83 83 68 68 37 37 37 50 50 50 42 42 35 15 15 15 15 15 9 
306 306 306 306 330 330 270 270 270 270 293 293 295 295 270 272 272 280 272 272 269 211 211 211 211 229 237 237 198 198 216 216 198 198 167 167 167 167 180 167 167 167 150 150 150 125 150 108 108 108 125 125 125 118 108 108 108 96 96 56 83 83 84 72 72 37 61 37 37 50 50 35 35 35 15 15 9 9 9 9 
306 306 306 306 330 330 270 314 314 270 270 295 295 296 270 272 272 280 269 269 269 211 259 259 211 229 229 229 229 229 215 215 215 198 198 198 191 167 180 167 167 170 150 150 150 125 150 108 141 108 108 108 108 118 108 104 104 104 97 56 83 83 72 72 37 37 61 61 37 37 35 35 36 36 15 15 9 9 9 9 
306 306 306 306 306 330 270 314 314 314 270 270 270 270 270 269 269 269 269 211 211 211 259 211 211 229 229 229 229 229 215 215 210 210 205 191 191 167 167 167 173 170 150 150 150 125 150 108 108 108 108 130 108 108 108 104 104 104 97 56 56 56 72 37 37 69 61 61 37 37 35 35 32 32 32 9 9 9 16 9 
306 306 347 306 306 306 306 306 306 306 306 306 269 269 269 269 253 253 253 211 211 211 211 211 211 229 229 229 229 229 215 215 182 182 205 191 191 167 167 167 167 170 150 150 150 150 150 147 108 108 108 108 108 104 104 104 104 104 97 56 56 56 37 37 73 69 37 37 37 35 35 35 32 33 33 9 9 9 16 9 
350 350 347 306 306 306 320 320 306 306 269 269 269 289 289 289 253 253 253 266 266 266 211 211 211 238 238 238 182 182 182 182 182 182 182 182 182 182 182 167 167 150 150 150 138 138 151 147 122 122 122 108 108 104 104 104 104 97 97 56 56 56 37 69 69 69 37 37 37 35 35 35 32 33 9 9 9 9 9 9 
348 348 348 306 306 306 306 306 306 306 269 269 269 289 289 289 253 253 253 253 253 253 211 211 211 238 238 238 182 230 182 182 199 199 199 199 187 187 167 167 174 150 164 164 138 138 137 147 122 108 108 108 126 104 104 109 109 97 97 88 88 56 37 37 69 69 37 37 37 37 32 32 32 33 9 9 9 9 9 9 
348 331 331 306 306 306 323 306 306 306 269 297 267 267 267 267 267 267 267 267 267 253 253 260 211 238 238 238 182 230 182 182 199 199 199 199 187 187 167 174 174 150 150 165 138 138 137 147 122 122 122 122 122 122 109 109 110 88 88 88 88 56 56 37 74 37 37 37 37 37 32 37 37 9 9 9 9 9 17 9 
348 331 331 306 306 306 306 306 315 315 269 297 297 267 267 277 277 277 277 267 267 267 253 260 211 211 239 239 182 182 217 217 199 199 199 199 187 187 174 174 150 150 150 131 138 138 137 137 137 137 127 127 127 109 109 114 110 88 88 88 88 56 56 37 37 37 43 43 37 55 32 37 37 9 9 9 9 9 17 9 
348 331 331 331 331 331 306 306 315 315 269 277 297 297 277 277 284 200 200 267 267 267 253 253 253 211 211 211 211 211 211 211 211 211 174 174 174 174 174 150 150 150 131 131 138 138 137 137 138 138 127 131 86 86 110 110 110 88 88 88 88 56 56 37 37 43 43 43 37 37 37 37 37 37 9 9 9 17 17 9 
348 338 338 338 331 331 290 290 290 269 269 277 277 277 277 290 231 231 200 200 200 200 200 200 200 200 240 240 200 200 218 218 200 200 174 174 174 183 183 150 150 150 131 158 138 138 138 138 138 127 127 131 86 86 86 86 86 86 86 86 86 86 56 70 70 43 43 43 43 43 34 34 38 38 9 9 9 17 9 9 
338 338 338 338 338 321 321 321 290 290 290 277 277 277 277 290 231 231 231 231 231 231 231 200 200 200 200 200 200 200 200 219 200 200 200 200 174 174 174 150 150 131 131 158 158 158 131 131 131 127 127 131 86 86 86 86 86 98 98 86 86 86 56 70 70 70 56 56 56 43 51 34 34 34 9 9 9 9 9 10 
338 338 338 338 338 321 321 321 290 290 290 290 290 290 290 290 231 231 231 273 231 231 231 231 231 231 231 231 231 231 200 200 200 201 201 201 174 174 174 150 150 131 131 131 131 131 131 148 131 131 131 131 86 86 86 86 86 86 86 86 86 86 56 56 56 56 56 56 56 43 43 43 43 34 34 9 9 10 10 10 
