336 324 324 324 324 275 275 296 296 296 270 270 270 270 284 236 236 236 236 192 192 192 192 192 192 192 231 231 197 197 197 197 197 197 197 197 163 163 163 163 163 163 163 163 163 116 116 116 140 140 116 116 132 116 116 103 103 41 41 11 11 11 11 11 11 11 11 11 11 11 11 11 11 11 11 11 11 11 1 1 
336 324 324 324 324 275 275 296 296 296 270 270 286 270 284 236 236 236 236 192 192 192 244 244 244 192 192 192 197 197 197 197 197 197 197 197 163 163 163 163 163 163 163 163 163 116 116 116 116 116 116 116 116 116 117 103 104 41 41 41 41 11 11 66 11 11 40 57 11 11 40 11 11 11 11 11 11 11 1 1 
329 329 324 324 324 275 275 275 275 296 296 270 286 270 270 236 236 236 236 192 192 256 241 241 241 241 192 192 197 197 197 197 197 197 197 187 187 187 154 154 154 154 154 116 116 116 116 116 116 116 116 116 123 123 103 103 104 41 87 87 41 83 77 66 66 66 40 40 40 40 40 11 36 11 11 11 11 18 1 1 
329 329 329 329 314 314 314 314 275 275 297 270 286 286 270 273 273 236 236 236 236 236 241 241 241 192 192 197 197 221 197 197 197 197 197 187 187 187 154 154 154 154 154 116 154 154 154 116 116 141 116 116 103 103 103 105 41 41 87 87 41 41 77 66 66 41 41 41 41 41 41 11 11 11 11 11 11 11 1 1 
299 333 299 299 314 322 307 307 307 275 297 270 287 287 270 270 273 273 270 261 261 236 241 241 241 192 192 192 226 192 192 192 192 192 198 198 154 154 154 154 154 116 116 116 154 103 103 103 116 141 116 136 103 118 118 105 41 41 41 87 87 41 41 41 41 41 41 41 48 48 32 32 32 32 32 24 11 11 11 1 
299 299 299 299 314 298 298 298 298 275 275 287 287 274 274 270 270 270 270 261 262 236 236 236 236 236 236 192 226 192 208 208 208 192 192 199 154 154 154 154 154 116 171 154 154 155 155 103 116 116 116 136 103 101 101 105 105 41 41 58 58 41 41 41 41 41 52 52 48 48 32 32 24 24 24 24 11 11 11 1 
299 299 299 299 314 298 315 315 298 298 275 275 290 274 274 270 270 261 261 261 262 247 247 247 236 236 236 192 192 192 208 208 209 192 192 199 192 154 154 154 154 171 171 154 164 155 155 103 103 103 103 103 103 101 101 106 106 41 58 58 58 41 41 41 41 41 52 52 52 24 24 24 24 24 24 25 12 12 12 1 
299 299 298 298 298 298 298 298 298 298 298 275 275 275 274 274 274 261 261 261 262 247 247 247 236 236 236 227 227 208 208 208 209 192 192 192 192 154 154 154 154 171 171 154 164 155 155 146 146 119 119 119 119 101 101 106 106 41 41 58 58 78 41 41 41 41 52 52 24 24 24 12 12 12 12 12 12 13 13 1 
331 299 299 299 298 298 298 298 298 298 298 275 275 275 275 275 275 261 266 266 237 237 237 237 237 237 237 227 227 208 208 209 209 192 192 200 173 173 154 154 154 154 154 154 154 154 146 146 119 119 119 119 119 124 101 101 107 41 41 58 88 78 41 41 41 41 24 24 24 24 24 12 12 12 12 1 1 1 1 1 
331 331 331 299 299 298 298 298 298 298 298 275 275 275 275 275 275 261 237 237 237 237 237 248 208 208 208 208 208 208 208 209 119 119 119 119 173 173 178 178 173 173 154 154 154 154 146 119 119 142 119 119 119 119 119 101 101 101 96 58 88 78 78 58 58 58 24 24 53 24 24 12 12 26 26 1 1 1 1 2 
325 325 325 325 299 298 298 298 298 302 299 275 275 275 275 261 261 261 237 263 263 248 248 248 208 208 209 209 209 209 217 209 119 119 119 119 193 173 173 173 173 158 158 158 158 158 146 119 142 142 90 90 90 90 90 93 93 96 96 58 58 58 58 58 70 58 58 24 24 24 24 2 2 2 26 26 2 2 2 2 
325 325 325 299 299 302 302 302 302 302 299 275 275 275 275 261 261 237 237 263 263 248 248 248 208 208 209 209 209 209 209 209 119 119 119 119 193 173 173 158 158 158 146 146 146 146 146 119 142 142 125 125 90 90 90 93 93 96 93 93 89 79 79 63 63 63 58 58 54 42 42 2 2 2 26 26 2 19 2 2 
325 332 332 299 316 302 302 302 299 299 299 275 275 275 275 275 261 237 237 237 202 202 202 202 202 202 202 202 202 202 202 205 205 205 119 119 119 119 119 158 158 158 146 146 146 146 119 119 125 125 125 125 125 125 90 90 93 93 93 94 89 79 79 63 63 63 63 54 54 42 2 2 2 2 2 2 2 19 2 2 
325 332 332 299 316 316 316 316 299 276 276 276 276 275 275 275 261 271 271 237 202 202 202 245 245 202 202 232 202 202 202 205 205 205 119 119 188 188 119 119 119 119 119 119 119 119 119 150 125 125 125 125 126 126 120 90 93 93 94 94 89 79 79 42 42 63 63 54 54 42 2 2 2 2 2 2 2 19 2 2 
325 332 332 299 299 299 299 299 299 276 276 291 276 276 276 276 276 237 237 237 202 202 202 202 202 202 202 202 202 222 202 202 202 202 202 119 165 165 165 179 168 168 168 125 125 125 125 125 125 125 125 125 126 126 120 90 90 90 90 89 89 80 80 42 42 42 42 42 54 42 42 2 2 27 27 27 3 3 3 3 
325 332 332 299 299 308 308 308 308 303 276 291 291 276 276 280 237 237 257 257 202 202 202 202 202 202 202 202 202 222 212 212 183 183 183 183 183 183 165 179 168 168 168 125 125 125 125 147 147 143 120 120 133 120 120 90 90 95 90 89 90 80 42 42 67 67 42 42 42 42 42 2 2 27 27 3 3 3 3 4 
325 325 325 325 325 308 308 317 309 303 276 276 276 276 276 280 237 237 257 257 257 202 202 242 233 233 202 202 212 212 212 213 183 203 203 183 183 183 165 165 165 168 168 125 125 125 125 143 143 143 120 120 120 120 121 90 90 95 90 90 90 80 42 42 42 42 42 42 42 22 22 22 27 27 27 3 3 3 3 4 
309 309 309 309 309 309 309 317 309 303 276 276 276 276 276 276 277 267 267 267 257 257 252 242 233 233 233 233 212 212 213 213 183 203 203 183 183 183 182 165 165 168 168 168 165 143 143 143 109 109 120 108 108 108 108 108 108 95 97 95 80 80 80 59 59 42 42 22 22 22 43 22 27 27 27 27 3 3 3 4 
309 309 309 309 309 323 309 309 309 303 276 276 276 276 276 276 277 267 267 267 258 258 252 242 242 242 233 233 212 212 213 213 183 182 182 182 182 182 182 165 165 174 165 165 165 143 109 109 109 109 109 109 134 108 108 111 95 95 97 95 80 80 80 59 59 59 22 22 43 43 43 22 27 27 22 22 22 4 4 4 
304 304 304 304 304 323 304 304 310 304 276 276 276 258 258 267 267 267 268 268 258 252 252 242 242 212 212 212 212 212 183 183 183 182 182 201 175 175 175 180 165 165 165 159 159 143 109 109 148 109 109 109 109 109 109 111 95 95 95 95 91 80 80 59 59 59 22 43 43 43 44 22 22 22 22 28 4 4 5 5 
304 304 304 304 304 304 304 304 304 304 292 292 292 258 258 267 267 267 258 258 258 252 238 238 238 212 212 212 228 212 183 206 206 182 182 175 175 175 175 180 175 172 172 159 159 143 143 109 109 109 109 109 109 109 109 109 109 95 95 91 91 84 59 59 59 59 64 43 43 43 22 22 22 22 22 28 4 6 6 6 
326 326 304 304 326 318 318 318 292 292 292 249 293 258 258 258 258 258 258 252 252 252 238 238 238 229 229 212 212 212 183 183 206 182 182 175 175 175 175 175 175 172 169 169 159 159 143 143 143 137 137 109 109 91 91 91 91 102 91 91 84 84 59 59 59 59 59 59 43 43 22 22 22 22 22 28 4 4 14 7 
326 326 330 330 326 318 318 318 292 292 292 249 249 258 258 258 278 249 249 252 252 252 252 238 238 229 229 229 229 223 218 183 206 206 183 183 183 183 183 172 172 172 169 169 137 137 137 137 137 137 138 109 109 91 112 112 91 91 91 84 84 85 59 59 59 59 38 38 45 45 45 29 29 22 22 4 4 4 14 7 
337 326 326 326 326 318 318 292 292 305 255 255 249 249 249 249 249 249 249 252 252 252 252 238 238 229 229 229 229 223 218 183 207 207 183 189 189 189 172 172 169 169 169 169 137 137 137 137 137 137 127 127 127 127 112 112 110 84 84 84 61 61 61 59 59 68 38 38 45 45 29 29 29 29 29 4 4 7 7 7 
319 319 319 319 319 319 318 292 292 305 255 255 255 255 255 255 255 255 249 253 253 259 253 238 238 238 229 229 229 223 218 183 183 183 183 189 194 172 172 181 169 169 169 112 112 160 112 112 137 137 112 112 112 112 112 112 110 84 84 61 61 61 61 71 71 38 38 38 38 49 29 29 29 33 29 29 4 7 4 8 
319 319 319 319 319 319 319 319 292 305 255 255 255 255 255 255 255 255 249 249 253 253 253 238 238 238 218 218 218 218 218 214 183 183 204 189 194 172 184 169 169 172 172 112 112 112 112 112 112 112 112 112 112 112 98 98 98 84 84 61 61 61 61 61 61 38 60 60 38 38 46 29 29 33 29 29 4 4 4 8 
338 292 292 292 292 292 292 292 292 288 288 295 255 255 255 255 255 249 249 249 253 253 254 238 238 218 218 218 218 218 218 214 204 204 204 189 189 172 184 169 169 169 172 112 112 112 112 112 112 112 112 112 112 112 98 98 98 84 84 61 61 86 72 72 61 61 65 39 39 38 38 34 34 33 33 30 4 4 8 8 
338 292 292 292 285 285 311 311 311 288 288 288 288 288 255 279 279 249 249 249 249 249 249 238 238 218 234 234 230 204 204 214 204 189 189 189 189 172 172 172 172 172 172 156 156 156 156 112 112 144 112 112 112 128 98 98 84 84 84 84 84 84 72 72 72 61 61 39 39 39 38 34 34 34 30 30 8 8 8 8 
292 292 292 292 285 285 311 311 311 288 288 288 288 288 255 279 255 255 255 249 249 249 249 238 238 218 218 218 230 204 204 204 204 189 189 189 190 190 156 156 156 156 156 156 139 139 139 151 112 112 112 128 128 128 98 113 84 84 84 84 84 84 81 62 62 69 61 61 39 39 38 38 34 34 30 30 8 8 8 8 
292 292 292 292 285 285 320 311 311 288 288 288 288 288 255 255 255 255 255 255 255 249 249 249 238 238 238 218 230 204 204 204 204 189 189 189 156 156 156 176 176 166 166 166 139 139 139 139 139 112 112 128 128 128 98 113 84 84 84 84 84 84 81 62 62 62 62 62 39 39 39 17 17 17 9 9 9 9 8 8 
339 292 292 292 285 285 285 285 285 285 285 285 285 285 285 255 255 255 272 255 255 255 255 238 238 238 239 218 218 218 204 204 204 189 189 156 156 176 176 176 166 166 166 166 166 139 139 139 139 139 139 122 122 128 98 98 98 98 98 81 81 81 81 62 62 62 39 39 55 39 39 17 17 17 9 9 9 9 8 8 
339 292 292 292 285 285 285 285 312 285 285 215 215 215 215 215 215 215 272 255 255 255 238 238 246 238 238 218 218 218 204 204 210 189 189 156 191 176 176 176 166 166 166 166 166 139 139 139 122 122 122 122 122 122 122 98 98 99 99 81 81 81 81 73 73 39 39 39 39 39 17 17 17 17 9 9 9 9 15 9 
334 334 281 281 281 281 281 285 285 285 215 215 215 215 215 215 215 215 215 215 255 255 238 238 238 238 238 218 218 218 219 204 156 156 156 156 191 152 152 152 152 152 152 166 166 139 139 139 122 122 122 122 98 98 98 98 98 99 82 82 81 81 81 73 73 39 39 39 39 17 17 35 35 17 17 23 23 9 9 9 
334 335 281 281 281 281 281 281 285 285 215 215 215 264 264 264 215 215 215 215 215 215 250 250 240 240 240 220 220 224 204 204 156 156 156 156 191 152 152 161 161 161 152 152 152 152 152 139 149 122 122 122 98 98 98 98 98 99 82 82 81 82 82 74 39 39 39 50 50 17 47 35 35 35 17 17 20 20 16 10 
334 281 281 281 281 281 321 281 306 306 215 215 294 264 264 264 264 264 264 264 264 215 215 215 240 240 220 220 224 224 204 204 211 156 156 156 191 191 152 161 177 161 161 161 161 161 152 139 129 129 129 129 129 129 114 114 76 74 74 82 82 82 74 74 39 39 39 50 50 17 17 35 35 35 20 20 20 20 16 10 
334 281 281 281 300 300 321 281 281 281 281 281 281 281 264 264 264 264 215 215 215 260 215 215 240 240 220 220 220 220 220 204 156 156 156 195 195 152 152 161 161 161 161 161 161 162 152 152 129 129 129 129 129 129 114 76 76 74 74 74 92 74 74 75 39 39 39 39 50 50 17 35 35 35 20 20 20 20 16 10 
327 327 327 327 300 300 300 313 300 300 300 281 281 281 281 281 264 264 215 265 215 215 215 215 215 215 215 220 220 225 204 204 156 156 156 152 152 152 185 153 153 153 153 153 167 153 153 153 129 129 129 129 130 130 114 76 76 74 100 74 74 74 75 75 51 51 39 39 50 50 17 17 17 17 17 17 16 16 16 10 
327 327 327 327 300 300 300 313 300 300 301 289 289 289 281 281 269 269 215 265 265 215 215 215 215 243 215 215 215 225 204 204 204 204 204 152 152 152 152 153 153 170 170 153 167 153 153 145 145 145 129 129 135 114 114 115 76 74 100 74 74 75 75 75 51 51 39 39 39 39 39 39 37 31 31 17 17 17 17 10 
327 327 327 327 327 300 300 313 313 300 301 289 289 289 282 282 269 269 215 215 215 215 215 251 215 215 235 235 215 215 215 215 152 152 152 196 196 152 152 153 153 170 170 153 153 153 153 145 145 131 131 131 114 114 115 115 76 74 74 74 74 75 75 75 51 51 51 51 56 51 37 37 37 31 31 31 21 21 10 10 
327 327 327 328 328 300 300 300 300 300 301 289 289 289 282 283 269 269 269 269 215 215 215 215 215 215 235 235 215 215 216 216 152 152 152 152 152 152 186 153 153 170 170 170 153 153 157 145 145 131 131 131 131 131 115 115 76 76 76 76 76 76 76 76 51 51 51 51 51 51 37 37 37 31 31 31 21 21 10 10 
