334 334 334 322 322 321 321 321 290 290 302 302 302 290 290 290 266 266 266 266 266 266 263 237 237 237 237 237 227 227 227 227 191 191 191 191 191 158 158 158 158 158 168 168 168 168 168 128 128 128 128 128 128 128 128 128 35 35 35 79 79 79 79 79 79 79 35 35 35 35 35 35 35 35 1 1 1 1 1 1 
334 335 335 322 322 321 321 321 290 290 290 290 290 290 266 266 266 266 266 276 259 259 263 237 196 196 237 237 227 227 227 227 191 210 210 210 191 191 191 191 191 158 158 175 168 168 128 128 128 128 128 128 128 129 129 129 35 102 35 35 35 35 35 35 35 35 35 35 35 35 35 35 36 36 1 23 1 1 1 2 
334 335 335 322 322 321 321 321 290 290 290 290 266 266 266 266 259 259 259 259 259 259 237 237 196 196 237 237 237 196 196 196 191 191 191 191 191 186 191 191 185 185 158 175 128 128 128 128 128 118 118 118 118 129 129 35 35 102 102 35 35 95 95 35 35 35 35 35 35 35 35 35 1 1 1 1 1 1 1 2 
334 335 335 322 322 321 321 290 290 290 290 266 266 266 266 266 259 259 259 259 259 259 259 259 196 196 248 196 196 196 196 196 214 214 214 191 191 186 186 186 186 186 158 175 128 128 128 128 157 118 147 147 118 118 118 117 117 117 102 108 102 56 56 56 56 56 56 56 56 37 37 37 1 1 1 1 18 2 2 2 
334 334 322 322 322 322 321 290 290 290 290 266 266 266 266 266 277 277 267 267 259 259 259 259 196 196 248 196 222 222 196 228 214 214 214 191 191 186 186 179 179 187 158 158 128 128 136 136 157 118 118 118 118 118 118 117 102 102 102 108 102 56 56 56 56 69 69 69 56 37 37 37 1 37 1 1 18 2 2 2 
334 334 322 332 332 322 321 321 290 290 306 306 266 266 298 266 277 277 267 267 259 259 196 196 196 196 248 196 222 222 196 196 196 196 196 196 196 196 196 179 179 179 179 158 158 158 136 136 136 118 118 148 118 118 133 117 102 102 112 102 102 56 56 88 56 69 69 70 56 56 37 37 37 37 2 2 2 2 2 2 
334 334 322 322 322 322 321 321 311 311 306 306 292 292 298 266 266 277 267 267 259 259 196 196 196 196 196 196 222 222 222 222 222 205 205 205 205 192 192 179 179 179 158 158 158 158 161 136 136 118 118 118 118 118 118 117 117 102 102 102 103 98 56 88 56 80 76 46 46 46 46 46 19 19 29 2 2 2 2 2 
334 334 322 322 322 322 321 321 311 311 311 306 292 292 266 266 266 277 279 267 267 267 196 196 196 196 196 196 222 222 223 223 223 205 211 192 192 192 192 192 192 158 158 176 158 158 161 136 136 136 149 118 143 136 118 117 117 118 98 98 98 98 56 56 56 76 76 46 57 57 30 30 19 19 29 2 2 2 2 2 
334 334 327 327 327 322 322 306 306 306 306 306 292 292 266 291 286 277 277 277 238 238 238 243 196 196 196 196 223 223 223 223 205 205 211 192 192 200 192 192 192 158 176 176 158 158 161 161 158 136 149 149 136 136 118 118 118 118 98 98 99 99 56 56 82 76 76 46 57 57 30 30 19 19 19 2 2 3 3 3 
334 334 327 326 326 326 322 306 306 306 306 303 303 292 266 266 286 238 238 238 238 238 238 243 243 243 243 243 223 223 223 223 205 205 211 211 192 192 192 192 192 158 176 176 158 158 158 162 158 136 136 136 136 137 98 98 98 98 98 98 76 76 76 89 82 76 76 46 46 46 46 30 38 38 19 19 19 3 3 4 
327 327 327 326 326 326 322 322 314 314 303 303 304 292 292 266 286 238 238 238 238 238 238 243 243 238 238 238 223 223 229 229 205 205 145 145 145 145 145 145 145 158 158 158 158 169 158 158 158 124 124 124 124 124 98 98 98 76 76 109 76 76 76 76 82 76 64 64 64 46 46 30 30 30 30 4 4 4 4 4 
327 327 327 326 326 326 314 314 314 315 303 293 293 293 292 266 266 266 238 238 238 238 238 243 243 238 249 238 238 223 202 202 205 205 145 194 145 145 197 194 145 158 158 158 158 163 163 163 124 124 124 124 144 124 98 98 123 76 76 109 104 76 96 76 76 76 64 64 64 4 4 4 4 4 4 4 15 15 4 4 
327 327 336 327 327 327 314 314 303 303 303 293 293 293 292 292 266 266 238 238 238 238 238 238 238 238 249 223 223 223 202 202 145 145 145 194 145 145 194 194 145 145 180 158 158 163 150 150 124 124 124 124 124 124 124 130 76 76 76 76 104 76 96 83 83 43 43 71 42 42 42 42 42 31 31 24 11 11 4 4 
338 327 327 327 327 327 260 260 303 303 303 293 293 293 293 293 266 266 266 260 260 260 260 260 256 202 202 223 223 223 202 202 202 206 215 194 194 194 194 181 181 145 145 145 145 145 150 150 150 150 150 150 124 124 124 130 76 113 113 76 76 76 90 90 43 43 43 43 43 43 47 47 43 31 32 24 11 11 11 5 
338 338 328 328 328 328 260 260 303 303 303 303 260 260 260 260 260 260 260 260 268 268 256 256 256 202 202 223 223 223 202 202 202 206 206 206 206 194 194 181 181 181 181 145 145 145 150 150 150 150 124 124 124 124 124 130 76 76 76 76 76 90 90 91 43 43 43 72 43 43 43 43 43 31 24 24 11 11 5 5 
338 338 328 260 260 260 260 260 260 316 303 303 260 260 260 260 287 260 260 278 268 268 264 252 252 202 202 202 202 202 202 202 202 202 202 181 181 198 198 181 193 159 159 173 173 145 150 150 150 150 145 145 145 138 124 124 124 76 76 76 76 90 81 81 81 81 43 43 43 43 43 43 43 31 24 24 5 5 5 6 
328 328 328 260 260 260 260 260 260 316 303 303 260 260 260 260 264 264 264 264 264 264 264 252 252 202 202 202 202 202 202 202 202 202 202 181 181 181 181 181 159 159 159 173 145 145 145 145 145 145 145 145 138 138 124 124 76 76 76 76 90 90 81 92 43 43 43 43 65 43 43 43 43 31 31 5 5 16 6 6 
328 328 328 328 329 329 252 252 260 260 260 307 260 260 294 294 264 264 264 264 264 264 252 252 252 252 202 202 202 234 202 202 224 202 202 181 181 201 181 181 159 159 159 173 145 170 145 156 156 145 145 145 138 138 131 131 76 76 76 76 76 81 81 43 43 43 43 73 44 44 44 44 44 31 31 5 5 5 6 7 
328 328 328 328 329 252 252 252 252 252 260 307 260 260 294 294 264 264 264 264 271 252 252 261 244 244 244 244 202 202 202 224 224 202 202 212 181 181 181 181 159 159 159 145 145 145 145 156 156 156 114 114 114 114 131 114 114 114 114 76 76 81 43 43 84 43 43 73 44 58 44 44 33 33 33 5 5 5 6 7 
328 339 337 329 329 252 252 252 252 252 260 260 260 295 295 271 271 271 271 271 271 252 261 261 244 244 244 244 216 216 202 202 202 202 202 202 207 181 181 181 159 159 159 145 174 145 156 156 156 156 114 114 146 114 131 114 125 114 114 76 76 76 43 93 45 45 59 58 58 58 45 45 33 33 34 5 5 6 6 7 
328 337 337 329 329 329 252 252 252 252 308 308 295 295 295 271 271 271 271 271 271 252 261 261 244 244 245 245 216 216 225 202 202 202 202 202 207 181 181 181 159 182 182 145 145 145 156 114 114 114 114 114 146 114 114 114 76 76 76 76 76 76 97 45 45 45 59 59 59 59 45 45 45 33 6 6 6 6 7 7 
328 328 328 329 329 329 252 252 252 252 308 308 295 295 295 271 271 271 271 272 272 252 257 257 257 245 245 216 216 216 225 202 202 202 202 202 207 181 181 159 159 159 159 159 159 171 114 114 151 151 114 114 146 114 114 132 76 76 110 110 52 52 52 45 85 45 74 74 45 45 45 20 20 33 6 6 6 6 6 6 
340 340 328 329 329 329 252 252 252 252 252 252 252 295 295 295 252 252 252 252 252 252 257 236 236 245 245 216 216 235 225 225 225 202 202 202 202 202 159 159 159 159 183 159 159 171 114 114 151 151 151 151 119 119 119 119 76 76 110 111 52 52 52 45 45 45 45 45 45 20 20 20 20 25 25 6 6 12 12 6 
340 340 328 328 329 329 323 323 288 288 288 309 252 252 296 296 252 252 252 273 273 236 236 236 236 236 236 246 216 216 225 225 199 199 199 199 199 199 159 159 159 183 183 159 159 159 159 114 114 119 119 119 119 134 134 119 119 119 110 111 105 52 52 52 45 45 45 45 45 20 20 48 20 25 25 6 6 6 6 6 
340 340 328 328 330 330 323 323 288 317 288 288 299 252 252 252 252 252 280 236 236 236 262 262 236 236 236 236 239 216 216 216 216 199 199 208 208 199 199 183 183 183 159 159 159 159 159 164 114 119 119 119 134 134 119 119 119 110 110 105 105 52 52 52 45 45 45 45 45 60 20 20 20 20 25 25 6 6 6 6 
341 341 328 328 328 331 288 288 288 288 288 288 299 299 299 252 252 252 280 236 236 236 236 236 236 236 250 236 236 236 216 216 216 216 216 183 183 199 199 183 183 183 159 177 164 164 164 164 114 114 114 134 134 139 119 119 119 110 110 105 105 52 52 52 45 45 45 45 45 60 20 20 20 20 25 25 6 6 6 6 
320 320 328 328 328 288 288 288 288 288 288 288 288 288 288 288 288 280 280 236 236 236 236 236 236 236 250 203 203 203 203 203 203 219 217 183 183 183 183 183 183 183 159 177 164 164 164 164 153 153 114 134 135 135 135 119 119 110 110 105 105 100 52 52 45 45 45 45 45 60 20 20 20 20 26 26 20 6 6 6 
320 320 320 288 288 288 325 288 288 318 289 289 289 289 289 289 289 280 280 242 242 242 242 253 253 253 203 203 240 203 203 230 203 217 217 183 183 183 183 188 188 188 159 159 159 164 164 164 153 153 152 134 134 134 106 106 126 106 106 106 100 100 52 52 52 52 52 52 66 52 52 21 21 20 20 20 20 6 6 6 
320 320 320 288 288 324 324 324 318 318 289 289 289 289 289 289 281 281 242 242 242 242 242 242 242 242 203 203 203 203 203 203 203 217 218 203 203 203 183 188 106 106 106 106 159 159 159 164 153 153 152 152 134 134 106 106 126 106 115 106 100 86 86 86 49 49 77 52 52 52 53 21 21 39 21 21 21 6 6 6 
320 320 320 320 288 324 324 318 318 288 288 289 289 289 289 289 281 281 242 242 242 242 242 242 242 242 203 203 203 203 203 203 203 203 203 203 183 183 183 188 106 106 106 106 159 159 159 159 159 153 153 153 134 106 106 106 106 106 115 106 106 86 86 86 86 49 77 49 49 49 53 49 21 39 21 21 21 6 6 6 
320 320 320 320 288 288 288 288 288 288 288 300 300 300 300 281 281 281 281 242 242 269 242 242 242 242 241 241 241 203 203 203 203 204 204 204 183 183 184 184 106 106 106 106 106 106 106 106 106 106 153 153 134 106 106 120 120 120 86 86 86 86 86 87 87 49 49 49 61 49 49 49 21 21 21 27 8 8 8 8 
320 320 320 320 320 320 320 288 288 288 288 300 300 283 283 281 281 281 274 274 242 242 242 242 242 242 241 241 241 204 204 204 204 204 204 204 209 183 183 184 106 189 106 106 106 106 106 160 160 106 106 106 134 106 106 120 120 86 86 107 107 86 86 62 62 62 49 49 61 61 40 40 40 40 27 27 8 8 8 8 
320 320 320 320 320 320 320 288 288 319 288 288 283 283 283 283 274 274 274 274 274 254 254 254 258 242 242 242 242 204 204 204 220 220 204 204 204 204 183 184 106 106 106 106 106 106 106 160 160 106 106 106 106 106 121 121 86 86 86 86 86 86 86 62 62 62 62 62 40 40 40 50 40 40 27 28 10 13 13 9 
342 320 320 320 320 320 320 320 288 288 288 288 283 283 283 283 274 274 274 274 274 254 265 254 258 254 226 226 226 204 231 231 220 220 204 204 183 183 183 184 184 184 184 166 166 106 106 142 142 154 154 106 106 140 121 121 86 86 86 101 101 101 68 68 68 78 78 62 40 40 54 27 27 27 27 28 10 9 9 9 
342 320 320 320 333 320 320 320 320 288 288 310 283 283 283 283 283 283 274 274 254 254 265 254 254 254 226 226 226 204 231 231 220 220 204 204 183 190 190 166 166 166 166 166 166 166 142 142 142 154 154 106 106 127 121 121 121 121 116 63 63 63 68 68 68 78 78 62 67 40 40 40 40 27 27 28 10 17 9 9 
333 333 333 333 333 320 320 312 312 312 312 301 301 301 297 297 284 284 282 270 270 270 213 213 213 213 226 226 226 204 204 204 204 204 204 183 183 190 190 166 166 166 166 166 166 166 142 165 142 142 155 106 106 127 127 127 127 122 116 63 63 63 68 68 68 68 78 62 62 62 55 10 10 41 10 10 10 14 14 10 
333 333 333 333 333 320 320 312 312 312 301 301 305 297 297 284 284 285 282 270 270 270 213 213 213 213 247 247 226 232 232 232 226 213 213 183 195 190 190 190 166 166 166 166 166 166 142 142 142 142 142 142 142 141 122 122 122 122 116 63 63 63 63 63 63 68 68 68 68 51 55 10 10 10 10 10 10 14 14 10 
333 333 333 333 333 301 301 301 301 301 301 305 305 297 275 284 284 282 282 275 275 251 251 251 251 213 213 213 226 226 226 226 226 213 213 195 195 190 190 190 166 166 178 178 166 166 142 142 142 142 142 141 141 141 122 122 122 116 116 63 63 63 63 63 63 75 75 75 51 51 55 10 10 10 10 10 10 10 10 10 
333 333 333 333 333 301 301 301 301 313 313 305 305 297 275 275 284 282 282 275 251 251 251 251 251 255 251 213 233 233 233 233 213 213 213 195 195 190 190 190 190 166 166 166 166 172 166 166 142 142 142 141 141 142 122 122 122 122 63 63 63 94 63 63 63 75 75 75 51 51 51 51 10 10 10 22 22 10 10 10 
333 333 333 333 333 301 301 301 301 313 313 305 305 297 297 275 275 275 275 275 251 251 251 251 251 251 251 213 213 213 213 213 213 221 213 213 195 195 195 195 190 190 166 166 166 166 166 167 142 142 142 142 142 142 122 122 122 122 63 63 63 94 94 94 63 63 63 63 63 63 51 51 10 10 10 10 10 10 10 10 
