337 337 319 319 319 319 271 271 271 271 271 271 271 271 271 271 271 248 248 251 251 251 204 204 204 204 204 204 204 221 159 159 159 159 159 159 159 168 168 168 168 163 159 152 152 92 92 92 92 92 92 92 92 92 92 92 103 91 91 91 58 58 66 66 70 32 32 56 56 32 32 32 32 32 29 22 1 1 1 1 
337 337 319 319 319 319 271 271 271 297 297 297 283 283 271 271 271 248 248 248 252 252 204 204 204 238 228 228 204 204 159 159 159 198 183 183 159 159 159 159 159 163 159 152 152 92 92 92 92 130 92 92 109 92 92 92 91 91 91 91 91 58 66 66 70 32 32 32 32 32 23 23 23 23 29 22 1 1 1 1 
311 311 311 311 311 271 271 271 271 297 297 297 283 283 271 271 271 248 248 248 252 252 204 204 204 228 228 222 222 204 204 204 204 198 183 183 183 159 159 160 159 159 159 152 152 147 92 92 130 130 92 92 109 92 92 92 91 91 91 91 91 58 66 66 66 66 50 50 50 50 23 36 36 23 23 22 1 1 1 1 
311 332 332 330 311 271 271 271 283 283 283 283 283 283 263 263 263 263 248 248 248 248 248 204 204 228 228 222 222 204 204 208 198 198 183 183 183 159 159 160 169 159 159 152 152 147 92 92 130 130 92 92 109 92 92 92 92 92 92 92 58 58 71 71 71 23 50 50 23 23 23 24 24 24 23 23 1 1 1 2 
311 332 330 330 311 311 311 311 283 302 302 292 292 284 263 263 263 263 248 248 248 248 204 204 204 204 228 229 222 222 208 208 198 198 183 183 159 159 159 160 159 159 159 152 152 148 92 92 130 130 92 92 109 109 109 92 92 92 92 92 58 58 71 71 71 23 23 23 23 23 23 24 24 24 24 24 1 1 2 2 
311 330 330 331 312 312 311 311 284 284 284 292 284 284 263 263 263 263 263 248 248 248 204 204 204 204 228 228 208 208 208 191 191 191 191 191 159 159 159 160 159 159 159 152 148 148 92 92 98 98 120 120 109 109 110 92 92 92 92 92 92 58 58 58 58 58 58 58 46 46 46 24 24 24 24 25 2 2 2 2 
311 330 331 331 312 312 312 312 284 284 284 284 284 285 276 276 263 263 248 248 248 248 204 204 204 204 228 228 208 223 191 191 191 191 192 160 160 160 160 160 159 159 160 152 152 98 98 139 98 98 120 120 98 98 98 98 98 98 92 92 92 58 58 75 39 39 39 39 46 39 39 39 33 33 25 25 2 2 2 2 
311 330 311 311 311 249 249 249 249 249 284 284 249 249 276 276 249 249 249 249 248 248 208 208 208 208 208 208 208 191 191 205 191 191 192 160 179 179 164 164 164 164 160 98 98 98 98 139 98 98 98 98 98 111 111 98 98 99 92 92 92 39 39 39 39 60 60 39 39 39 39 39 33 33 25 25 2 2 2 2 
311 311 311 311 311 309 309 309 309 249 249 249 249 249 276 276 249 249 249 249 249 249 208 208 208 208 208 208 191 191 214 205 205 192 192 160 160 180 164 164 164 160 160 98 116 116 98 139 98 125 125 116 116 104 104 104 104 99 39 39 39 39 39 39 72 39 39 39 47 3 3 3 33 33 3 3 3 13 13 3 
311 311 311 311 322 309 300 300 300 298 298 279 279 249 276 276 249 249 264 249 249 249 249 231 231 239 230 230 191 214 214 205 205 192 192 192 160 160 160 160 160 160 153 153 116 116 98 98 98 116 116 116 117 104 104 81 81 99 39 39 39 39 39 39 39 39 61 39 47 3 3 3 33 33 3 3 3 3 3 3 
311 311 311 322 322 309 300 300 300 300 298 279 279 249 249 249 249 249 264 249 249 250 250 231 231 230 230 230 191 191 215 205 205 192 192 193 184 160 160 161 161 161 153 153 153 116 116 116 116 116 116 116 117 81 81 81 81 81 81 81 81 86 81 61 61 61 61 39 47 47 3 3 33 33 30 3 3 3 3 3 
340 322 322 322 323 309 309 300 300 300 298 279 279 277 277 277 249 249 264 249 249 231 231 231 231 230 230 230 191 191 185 185 184 184 194 184 184 170 170 161 161 161 153 153 142 142 142 135 135 126 126 121 94 94 94 94 94 94 94 94 81 81 81 61 61 67 62 39 39 47 3 40 30 30 30 3 3 3 14 4 
340 322 322 278 278 278 278 300 267 267 298 298 279 277 277 277 249 249 249 249 256 231 231 231 231 231 231 231 191 216 185 185 185 184 184 184 170 170 170 170 161 161 161 142 142 142 142 135 126 126 121 121 94 94 94 94 94 94 94 94 76 76 76 76 62 62 62 39 39 47 3 3 30 30 30 3 3 3 14 4 
338 338 278 278 320 320 278 300 300 267 299 299 279 279 279 256 256 256 256 256 256 206 206 243 243 231 231 191 191 216 185 185 184 184 184 170 170 171 171 170 170 135 135 142 142 135 135 135 136 122 122 107 107 100 100 76 76 76 76 76 76 62 62 62 62 39 39 39 47 47 47 3 3 3 30 3 3 3 14 4 
338 339 278 278 320 320 278 313 300 267 267 267 267 286 280 256 256 256 257 257 257 206 206 206 206 206 234 191 191 216 216 185 184 184 184 170 185 171 171 171 171 135 135 135 135 135 135 135 135 122 122 107 107 100 100 76 76 76 76 76 62 62 62 62 73 39 39 39 47 47 47 41 37 3 3 3 4 4 4 4 
338 278 278 278 320 320 278 278 300 300 300 300 267 267 280 256 256 256 257 257 257 206 206 206 206 206 206 206 191 217 217 185 185 199 170 170 185 171 171 171 171 135 135 135 149 149 135 135 135 122 122 122 107 100 100 100 76 76 76 76 62 87 62 62 73 39 39 57 57 19 19 41 37 4 4 4 4 4 15 5 
338 278 324 324 324 303 303 303 303 303 300 300 293 267 267 267 256 256 258 258 206 206 206 206 206 206 206 206 191 217 217 185 185 185 185 185 185 171 171 128 128 143 143 143 143 123 123 123 123 123 127 123 107 100 100 100 100 100 62 62 62 77 62 62 73 39 39 19 19 19 19 19 37 4 4 4 4 4 5 5 
338 278 324 324 324 303 303 303 303 303 303 293 293 268 268 267 267 267 258 258 206 253 206 206 206 206 206 206 206 206 206 185 185 185 185 185 186 128 128 128 128 143 143 158 143 143 143 123 123 123 123 123 107 107 107 62 62 62 62 77 77 77 82 77 19 19 19 19 19 19 19 19 4 4 4 4 4 5 5 6 
338 278 278 278 278 278 278 278 293 293 304 293 294 268 268 268 268 268 258 258 206 253 245 245 206 206 206 206 206 206 206 209 200 200 185 185 186 128 176 128 128 158 158 158 131 131 131 123 123 124 124 124 113 113 107 62 96 96 96 77 77 77 77 77 19 19 19 19 51 51 19 19 4 4 4 26 5 5 6 6 
278 278 278 325 325 278 278 278 293 293 293 293 294 265 265 265 265 265 258 258 206 206 245 245 206 206 235 206 206 206 206 206 206 185 185 185 187 128 176 128 128 128 158 158 131 131 131 131 137 124 124 124 113 113 107 62 62 88 88 88 88 88 77 77 19 19 19 19 19 19 19 19 4 4 26 26 5 5 5 5 
278 278 278 325 325 278 278 278 293 293 278 278 278 265 265 265 272 265 265 258 258 206 245 245 235 235 235 224 224 224 201 201 201 185 185 185 187 128 128 128 128 128 131 131 131 131 144 131 131 131 113 113 113 113 107 107 105 88 88 88 89 89 77 77 19 19 19 59 19 19 19 19 19 19 5 5 5 5 5 5 
278 278 333 326 326 278 278 278 293 293 278 278 278 281 281 265 265 265 265 206 206 206 235 235 235 224 224 224 224 201 201 201 201 201 185 185 187 172 172 128 128 128 131 131 131 131 128 128 128 128 113 113 113 113 107 107 105 88 88 88 74 74 74 74 19 19 19 19 19 19 19 42 19 19 5 5 5 5 5 5 
326 326 326 326 327 278 278 278 278 278 278 278 281 281 278 278 265 265 265 206 259 235 235 235 224 224 224 224 224 201 201 201 188 188 195 172 172 172 172 128 128 128 128 128 128 128 128 128 128 128 128 118 118 105 105 105 105 74 74 74 74 83 83 74 19 19 52 52 52 52 42 42 19 7 7 7 7 7 7 7 
314 314 314 314 314 317 317 314 278 278 305 278 278 278 278 273 273 265 265 206 259 235 235 235 224 224 224 225 225 225 210 210 188 188 172 172 172 172 172 172 128 128 128 154 128 128 145 128 128 129 129 118 119 105 105 106 106 74 74 74 83 83 84 74 19 19 52 52 52 42 42 19 19 7 7 7 7 7 7 7 
314 314 314 314 314 317 317 314 244 308 278 278 278 278 282 273 273 265 265 244 244 244 244 244 244 240 225 225 225 226 210 211 188 188 172 172 172 172 172 172 128 128 128 154 154 132 132 132 138 129 129 118 119 105 105 106 74 74 74 74 83 74 74 74 74 53 53 53 53 42 42 19 19 19 19 19 19 8 8 8 
314 314 328 328 314 314 314 314 244 244 278 278 278 278 244 244 244 244 244 244 260 240 240 240 240 240 225 225 225 226 210 210 188 188 188 188 188 128 128 128 128 155 155 154 154 132 146 132 138 132 118 118 105 105 112 74 74 83 83 83 83 74 74 74 74 53 53 53 53 53 27 27 27 20 20 20 20 8 16 9 
318 318 318 328 328 310 310 310 310 244 244 244 244 287 244 244 244 260 260 262 260 240 240 240 240 240 225 225 226 226 210 210 188 188 188 188 188 128 128 128 155 155 155 155 155 132 132 132 132 132 118 105 105 105 105 74 74 74 63 63 63 63 63 63 63 63 63 53 53 53 27 27 27 20 20 20 20 8 16 9 
318 318 318 328 328 310 310 310 269 269 244 244 244 244 244 269 269 260 260 260 260 240 240 240 232 232 232 232 226 226 210 210 188 188 188 188 188 128 173 173 155 155 155 155 150 150 132 132 133 133 118 105 105 105 105 74 74 74 63 63 63 63 63 78 68 68 43 43 43 43 43 27 27 27 27 27 21 8 16 9 
341 318 318 318 318 310 315 315 269 269 269 269 295 269 269 269 269 269 260 260 240 240 232 232 232 232 232 202 202 202 202 202 202 202 188 188 128 128 173 155 155 155 155 155 150 150 132 132 133 133 118 118 105 105 105 74 74 74 63 63 63 63 63 78 68 43 43 43 43 43 43 43 21 21 21 21 21 8 8 9 
341 318 318 318 318 310 310 310 310 269 269 269 269 269 270 270 270 270 240 240 240 254 232 232 232 232 232 202 218 218 218 202 202 128 128 128 128 165 165 155 155 162 162 155 150 150 132 132 134 134 114 114 114 74 74 74 90 90 90 90 90 90 68 68 68 43 43 43 43 43 48 21 21 21 21 8 8 8 8 9 
318 318 318 318 318 318 318 288 288 306 306 288 288 288 270 270 270 270 240 240 240 240 232 232 202 202 202 202 212 212 219 212 128 128 174 174 189 165 165 165 155 155 155 155 150 150 132 132 134 134 114 114 114 74 90 90 90 101 97 45 45 45 68 68 68 64 64 48 48 48 48 21 38 21 21 8 17 17 9 9 
318 318 334 318 318 318 288 288 288 306 288 288 289 289 270 270 270 270 240 240 240 240 246 246 202 202 212 212 212 212 212 212 128 128 128 174 174 177 177 165 165 165 132 132 150 150 132 140 108 108 114 114 114 74 90 74 74 97 97 45 93 45 68 68 68 64 48 48 48 48 48 21 21 21 31 8 8 18 9 10 
342 318 318 318 288 288 288 288 288 288 288 301 289 289 270 270 270 270 240 240 255 241 241 241 241 202 202 202 202 227 175 175 175 128 128 128 174 177 177 165 165 132 132 132 150 150 132 140 108 108 114 114 114 74 74 74 97 97 97 45 45 45 64 64 64 64 48 48 48 48 48 21 21 34 12 12 8 8 9 10 
329 329 329 329 288 321 288 288 266 266 266 266 266 290 270 270 270 270 240 240 255 241 241 247 241 241 202 202 202 175 175 213 175 128 128 128 174 174 174 174 166 132 132 132 132 132 132 140 108 108 108 108 114 114 74 74 97 97 97 45 45 64 64 79 69 69 48 48 48 54 49 12 12 12 12 12 12 9 9 10 
335 335 329 329 288 321 288 288 266 266 307 266 266 240 240 240 240 240 240 240 255 255 241 241 241 242 202 202 202 175 175 175 175 175 196 181 181 181 175 175 166 166 132 132 132 151 140 140 108 108 108 108 108 45 45 45 45 45 45 45 45 64 45 79 69 48 48 48 48 54 49 12 12 12 12 12 12 9 9 9 
335 335 329 329 288 288 288 288 266 266 307 266 266 240 274 274 274 240 240 240 202 202 202 202 202 202 202 197 197 175 175 175 175 175 175 181 181 181 175 175 156 167 156 156 132 132 140 141 108 108 108 108 108 45 45 45 45 102 45 45 45 64 45 45 69 48 48 48 49 49 49 12 12 35 12 28 12 11 11 11 
335 335 335 329 329 296 296 316 266 266 266 266 266 240 240 275 275 240 240 240 202 202 202 202 197 197 236 197 197 175 175 175 175 203 175 175 175 175 175 175 156 156 156 156 156 140 140 108 108 108 108 108 108 108 108 108 45 102 45 45 45 45 45 45 65 65 65 45 45 55 44 44 12 35 12 12 12 11 11 11 
335 335 335 296 296 296 296 296 296 266 266 266 266 291 240 275 275 240 240 240 202 202 197 197 197 197 197 197 197 197 220 197 197 197 197 175 175 182 175 175 157 157 157 157 157 140 140 108 108 108 108 108 108 108 108 108 45 45 45 45 45 45 45 45 65 65 45 45 45 44 44 44 12 12 12 12 12 11 11 11 
336 336 336 296 296 296 296 296 296 266 266 266 266 266 240 240 240 240 266 197 261 197 197 237 237 237 237 233 197 197 220 197 207 197 197 190 190 178 178 157 157 157 157 157 157 140 140 115 115 115 108 108 108 108 80 80 80 80 95 95 80 80 85 45 45 65 45 45 45 44 44 44 12 12 12 12 12 11 11 11 
336 336 336 296 296 296 296 296 296 296 296 296 296 266 266 266 266 266 266 197 197 197 233 233 233 233 233 233 197 197 197 197 207 197 197 190 190 178 178 157 157 157 157 157 157 140 140 115 115 115 115 115 115 115 80 80 80 80 80 80 80 80 80 80 45 45 45 45 45 45 45 45 12 12 12 12 12 12 12 12 
