336 336 336 310 310 310 310 310 298 298 298 280 280 280 280 256 256 269 256 256 212 212 212 212 212 212 212 212 212 212 206 206 193 193 193 157 157 157 157 157 164 157 157 123 123 145 145 123 123 123 123 123 97 97 97 97 97 97 97 84 84 84 73 2 2 2 2 2 2 2 2 2 2 2 31 1 1 1 1 1 
336 318 337 310 310 310 310 310 298 298 299 280 280 280 256 256 256 269 256 256 212 212 212 212 212 212 212 212 212 212 206 206 193 193 193 157 157 177 177 157 164 157 157 123 123 145 145 123 123 123 123 123 97 97 97 97 97 98 98 84 84 84 73 2 2 2 2 2 2 2 2 2 2 2 31 1 1 1 1 1 
318 318 311 331 310 310 310 310 310 256 256 256 256 280 256 274 256 256 256 256 251 212 212 212 212 212 212 212 213 213 171 171 193 193 193 177 177 177 177 157 164 164 157 123 123 145 145 123 123 132 129 97 97 97 89 89 89 89 89 89 73 73 73 2 2 59 59 59 2 50 50 2 2 2 2 20 20 2 2 2 
318 343 311 311 311 311 256 256 256 256 256 256 256 256 256 274 274 251 251 251 251 212 212 212 212 234 231 171 171 171 171 171 200 171 171 177 177 177 177 157 157 157 157 123 123 123 123 123 123 123 129 97 97 97 89 89 89 104 89 89 73 73 73 2 2 59 59 59 2 2 2 2 35 35 2 20 20 2 2 3 
318 332 332 311 311 311 256 256 256 304 256 256 281 256 256 275 275 251 265 171 171 171 171 171 236 231 231 171 194 194 194 171 171 171 171 171 171 171 171 171 157 157 158 123 146 146 146 123 123 123 129 97 97 89 89 89 89 104 89 89 89 73 73 73 73 59 59 2 2 2 35 35 35 2 2 2 2 2 2 3 
318 332 332 311 329 322 256 256 256 256 256 256 281 281 281 275 275 251 265 171 245 245 245 171 236 231 232 171 194 194 194 194 194 194 194 172 172 172 172 172 157 157 158 123 123 123 123 123 123 123 129 97 97 89 89 89 89 75 75 75 75 73 81 73 59 59 59 2 2 2 35 35 40 2 2 2 19 19 3 3 
318 338 332 311 311 322 256 256 256 256 294 294 266 266 266 251 251 251 265 171 171 171 171 171 171 231 171 171 221 194 194 194 194 194 195 172 172 178 178 168 168 158 158 123 123 147 147 123 129 129 129 97 97 89 89 89 89 75 92 92 75 73 73 73 59 59 59 51 51 54 51 35 35 35 29 29 19 19 3 4 
318 338 332 332 311 311 311 311 256 305 294 294 266 287 266 251 251 252 252 252 252 246 171 171 171 171 171 226 201 201 207 207 201 172 172 172 172 168 168 168 169 158 147 147 147 147 148 123 129 129 113 113 113 113 89 89 111 75 92 75 75 75 75 75 59 59 51 51 51 51 51 35 35 35 29 30 3 3 3 3 
318 338 338 323 323 323 311 311 256 294 294 294 266 287 266 266 266 266 266 252 252 246 246 171 171 171 222 222 222 201 207 207 201 172 172 172 172 168 173 173 169 158 147 147 148 148 148 123 129 129 113 124 113 113 111 111 111 92 92 75 75 75 75 51 51 51 51 60 41 41 41 41 41 29 29 30 3 3 3 3 
318 318 339 323 323 323 311 311 311 294 294 294 266 266 266 266 266 266 267 248 248 171 171 171 214 214 214 214 214 201 209 201 201 172 172 172 172 168 168 169 169 158 158 147 147 147 123 123 123 123 123 113 113 112 112 112 112 92 93 93 75 75 75 51 51 65 65 41 41 41 41 46 29 29 3 3 3 3 3 5 
345 318 318 318 318 318 318 311 311 294 294 294 266 266 266 266 276 248 248 248 248 171 171 214 214 227 227 227 214 201 201 201 172 172 172 172 168 168 168 169 147 147 147 147 147 147 123 123 123 123 123 113 113 112 112 92 92 92 93 78 78 75 75 76 51 65 65 41 41 41 41 41 29 36 3 3 3 3 3 5 
345 290 290 290 319 319 319 311 311 294 294 294 266 266 266 266 266 248 257 257 248 248 171 171 171 227 227 228 214 214 201 201 172 197 172 172 168 155 155 174 147 147 159 155 92 92 92 92 92 92 92 92 113 112 112 92 92 92 93 78 78 51 51 51 51 51 41 41 41 41 41 47 29 29 32 3 3 3 3 3 
290 290 340 290 319 319 319 290 290 306 290 290 290 282 282 266 266 248 248 248 248 237 237 237 237 227 227 228 215 172 201 201 172 172 172 191 168 155 155 155 155 159 159 155 92 92 92 125 125 130 130 92 113 113 113 113 113 92 92 78 78 51 51 51 51 51 41 41 41 41 41 29 29 29 32 15 15 3 14 3 
290 290 290 290 290 290 290 290 290 290 290 295 282 282 283 266 270 270 258 258 237 237 237 237 223 223 223 223 215 172 210 172 172 172 172 168 168 155 155 155 155 155 155 155 92 92 92 125 125 130 130 92 92 92 92 92 92 105 92 78 78 51 51 77 15 61 61 61 41 41 29 29 29 29 15 15 15 3 3 3 
290 290 290 290 290 282 282 282 282 290 290 290 282 282 266 266 270 258 258 259 237 237 237 237 223 223 223 223 215 172 172 172 168 168 168 168 186 155 155 155 155 160 160 151 151 150 125 125 125 130 130 92 92 106 106 92 92 92 92 78 78 78 82 15 15 61 61 61 15 15 29 29 29 29 15 15 15 15 15 6 
344 344 290 290 290 282 300 300 282 290 290 290 282 282 266 266 266 258 258 253 253 237 237 216 216 223 223 223 215 215 168 168 168 198 125 186 186 155 155 155 155 155 161 151 151 150 125 125 125 125 125 125 120 106 106 92 92 92 99 78 78 78 82 15 15 69 15 15 15 15 15 15 15 15 15 15 6 6 6 6 
344 282 282 282 282 282 300 300 282 282 282 282 282 253 253 253 266 266 253 253 216 216 216 216 216 223 223 223 215 215 168 168 168 125 125 187 187 155 155 155 155 155 150 150 150 150 125 125 125 125 125 125 120 106 106 106 106 106 99 78 78 78 82 78 15 69 15 15 15 21 21 21 21 37 21 21 6 6 6 6 
344 282 282 282 282 282 300 300 307 282 282 284 284 253 253 253 266 266 253 253 216 216 216 216 216 223 223 223 215 215 168 202 202 125 187 187 188 125 125 125 125 125 150 125 125 125 125 114 114 120 120 120 120 99 99 99 99 99 99 42 42 78 82 78 15 69 15 55 55 6 6 6 21 21 21 21 21 6 7 7 
282 282 282 282 282 282 300 300 307 307 300 284 284 288 253 253 266 266 253 253 216 216 216 216 216 223 223 223 168 168 168 202 125 125 187 125 125 125 125 125 165 125 150 125 125 114 114 114 114 120 120 120 120 99 99 90 90 99 99 42 42 78 78 78 15 15 15 55 55 6 6 6 6 6 6 21 21 6 7 7 
282 282 333 333 320 320 300 300 300 300 300 284 284 288 253 253 253 253 253 216 216 216 216 216 216 223 223 223 168 168 168 202 125 125 187 125 189 175 175 165 165 125 125 125 125 114 114 114 114 133 120 120 120 99 99 90 90 90 100 42 42 85 66 66 74 66 66 55 55 55 6 6 6 6 6 22 22 6 6 8 
346 282 333 320 320 320 320 300 300 301 301 284 284 284 253 260 260 260 260 216 216 216 216 216 223 223 223 223 168 168 168 202 125 125 125 125 189 175 175 165 165 125 125 152 152 114 114 114 114 121 121 121 121 99 99 90 90 90 100 42 42 42 66 66 66 66 48 48 48 48 48 48 6 6 6 6 6 6 6 8 
346 282 320 320 324 291 291 317 291 291 291 291 291 284 253 253 271 271 260 260 216 216 216 216 223 223 223 223 223 202 202 202 125 125 125 166 166 175 175 175 165 165 134 134 114 114 114 114 114 121 114 114 114 114 114 90 90 90 100 42 86 42 42 42 42 70 48 48 57 42 42 42 42 17 17 17 6 6 16 8 
282 282 341 324 324 291 291 291 291 308 278 278 292 284 284 253 253 272 261 261 216 216 240 240 223 223 216 216 216 203 203 203 203 196 196 166 166 175 175 175 166 166 134 134 114 114 114 139 114 114 114 126 53 53 115 90 42 42 42 42 86 86 56 56 42 42 62 48 57 42 43 43 43 17 33 17 23 8 8 8 
282 282 282 324 324 324 291 291 308 308 278 278 278 284 284 278 253 272 261 262 254 216 216 216 216 216 216 229 216 203 203 196 196 196 166 166 166 179 179 166 166 167 134 134 134 134 134 134 134 114 114 53 53 53 53 90 42 107 42 42 79 79 56 56 56 42 62 62 42 42 17 17 17 17 33 17 17 8 8 8 
282 282 282 282 282 282 291 291 278 278 278 296 278 278 278 278 253 261 261 262 254 241 241 241 216 216 229 229 216 216 196 196 166 166 166 166 166 179 179 166 166 166 117 117 117 134 134 140 134 117 117 117 117 117 53 90 42 42 42 79 79 79 79 79 56 42 42 42 42 56 17 17 17 17 33 17 17 8 8 8 
282 282 282 282 282 313 312 312 278 278 253 253 253 253 253 253 253 261 261 262 254 241 235 235 235 235 224 224 224 208 208 208 166 166 166 166 180 180 180 166 166 166 117 117 117 117 117 140 134 117 117 117 122 118 53 90 42 42 42 42 42 83 83 80 56 56 56 56 56 56 17 17 17 24 24 17 17 17 17 9 
282 282 282 330 330 313 313 312 312 278 253 253 253 253 253 261 261 261 261 241 241 241 235 235 235 235 224 224 208 208 184 184 184 166 166 166 180 166 166 166 142 142 162 117 117 117 117 137 134 134 117 117 122 118 53 90 90 90 101 94 42 42 42 80 63 56 56 26 56 56 17 17 17 17 24 24 24 17 17 9 
302 302 302 330 330 325 313 313 313 278 278 278 289 289 253 261 261 261 261 241 241 241 242 242 235 235 224 224 208 217 184 184 184 166 166 166 166 166 142 142 142 142 162 141 141 141 117 137 137 135 117 117 117 118 53 53 53 90 90 94 42 42 42 80 63 67 67 26 26 52 52 17 17 17 9 9 9 18 18 9 
302 302 302 302 302 325 302 302 314 302 302 278 289 241 241 241 241 261 261 263 255 241 242 230 230 233 233 230 208 208 208 208 184 166 166 181 181 181 142 142 170 142 142 141 141 141 117 117 117 135 117 117 117 53 53 53 53 108 90 94 42 42 80 80 63 63 63 63 26 52 52 17 17 38 9 9 9 18 9 9 
302 302 334 334 302 302 302 302 314 302 303 278 289 241 241 241 241 241 241 241 255 241 230 230 230 233 233 230 183 183 183 183 184 166 166 181 181 181 181 142 170 142 142 141 141 141 141 141 117 135 117 117 117 53 53 53 108 108 90 90 90 53 53 64 64 64 64 26 26 52 52 17 17 38 9 9 9 9 9 10 
321 321 321 321 321 321 321 302 302 302 278 278 289 241 241 241 241 241 241 241 241 241 230 243 230 230 230 230 183 183 211 183 184 184 184 184 184 184 182 142 142 142 142 142 142 142 142 142 117 117 117 117 117 53 53 53 53 53 53 53 53 53 53 64 64 64 64 26 26 26 26 17 17 9 9 9 9 9 9 9 
321 321 321 321 321 326 315 315 315 278 278 297 289 289 273 273 273 273 241 241 241 249 230 230 230 230 183 183 183 183 211 183 204 182 182 182 182 182 182 142 142 143 143 143 143 87 87 87 87 136 87 87 87 53 53 53 53 109 53 53 87 87 53 64 64 64 64 49 49 49 26 26 26 9 34 9 9 9 9 9 
342 342 342 321 321 326 315 315 278 278 286 286 285 285 285 273 273 273 241 241 241 249 230 230 238 183 183 225 225 218 183 183 204 182 183 183 183 183 142 142 143 143 163 143 143 87 127 127 87 87 87 127 87 116 116 102 102 102 102 95 87 53 53 64 64 71 64 49 58 49 49 49 26 9 9 9 25 9 9 9 
335 335 335 316 316 316 293 293 278 309 278 286 285 285 286 273 273 273 241 241 241 249 183 183 183 183 225 225 218 218 183 183 183 183 183 183 183 183 142 176 142 142 142 143 143 87 127 127 127 127 127 127 87 116 116 102 102 102 102 95 87 53 53 53 64 64 64 49 49 49 49 26 26 39 9 9 9 9 9 9 
335 335 335 335 316 316 293 293 278 309 278 286 285 285 286 279 183 183 183 183 183 183 183 244 225 225 225 219 219 219 183 183 185 185 185 183 183 183 142 142 142 142 142 153 143 143 127 127 138 127 127 128 87 103 103 103 103 103 87 87 87 53 53 53 64 64 64 64 49 49 49 26 26 39 26 26 9 9 9 11 
335 335 335 335 316 327 293 293 278 278 278 286 286 286 286 279 183 183 183 250 250 250 247 225 225 225 225 219 205 205 205 205 185 185 185 185 190 183 183 142 142 142 142 153 153 143 149 127 127 127 127 127 87 103 103 103 103 103 87 91 91 53 53 11 11 11 64 64 49 49 44 44 26 26 26 26 26 9 9 11 
335 335 316 316 316 316 293 293 293 293 293 293 279 279 279 279 183 183 183 225 225 247 247 225 199 199 219 219 205 205 205 205 185 185 185 185 185 185 154 154 154 154 154 154 154 143 143 143 127 127 127 127 87 87 87 103 103 103 87 87 88 88 53 11 11 11 11 11 11 11 44 44 44 26 26 27 27 11 11 11 
316 316 316 316 316 316 293 293 293 293 293 293 279 279 279 279 277 268 268 264 225 247 247 225 225 199 219 219 219 220 205 205 205 199 185 185 185 185 154 154 154 131 131 131 131 131 131 131 131 131 131 87 87 119 87 103 103 103 103 87 88 88 53 11 11 72 53 53 11 11 11 11 11 11 11 11 28 11 11 11 
316 316 316 316 316 328 293 293 293 293 293 293 293 268 268 268 277 268 264 264 225 225 225 225 225 199 199 199 219 199 199 205 205 199 192 185 185 185 154 154 154 131 156 156 144 144 144 144 131 131 131 87 87 87 87 110 110 110 87 87 53 53 53 11 11 53 53 53 11 11 11 45 45 12 12 11 11 11 12 12 
316 316 316 316 316 316 316 316 316 293 293 293 293 268 268 268 268 268 264 264 225 225 239 239 239 199 199 199 199 199 199 199 199 199 192 192 185 185 154 154 131 131 156 156 144 144 144 144 131 131 131 87 87 87 87 87 87 87 87 96 53 53 53 53 53 53 68 53 53 53 53 45 45 12 12 12 12 12 12 13 
