323 323 323 323 323 323 323 311 311 311 283 283 283 290 290 283 283 256 256 256 261 261 256 218 218 192 192 192 192 192 192 192 192 209 192 192 192 162 162 162 162 162 162 148 148 148 148 131 131 131 131 95 95 95 95 95 95 95 95 95 10 10 10 10 10 64 64 64 45 45 45 45 35 35 25 25 17 17 1 1 
323 323 323 323 283 283 283 314 314 283 283 256 283 283 283 283 256 256 256 256 261 256 256 218 218 192 231 231 231 218 218 218 192 192 192 196 162 162 162 179 179 162 162 148 148 148 148 131 131 131 131 95 117 95 95 95 95 95 95 10 10 10 10 10 10 64 64 45 45 35 35 35 35 36 25 25 17 17 1 1 
324 324 339 283 283 283 283 283 283 283 306 256 283 283 256 256 256 275 256 256 256 256 257 218 218 192 218 218 218 218 222 203 214 193 193 196 162 162 162 179 180 162 162 162 148 148 148 131 131 131 131 95 117 117 117 95 95 95 98 10 88 10 10 10 64 64 64 45 35 35 10 10 10 10 10 10 10 1 1 1 
324 324 339 283 283 283 283 283 315 298 298 256 256 256 256 286 257 275 256 256 269 257 257 218 218 243 218 239 218 218 222 203 214 193 193 193 193 179 179 179 163 163 163 163 148 154 149 131 131 131 132 95 95 95 95 95 105 10 10 10 88 10 10 10 10 10 10 45 35 35 10 10 10 31 31 26 10 1 1 1 
324 324 324 283 283 326 283 283 315 298 298 298 298 256 256 257 257 275 275 257 257 257 258 218 218 218 218 239 222 222 222 203 203 193 193 193 179 179 185 182 163 163 163 163 148 148 149 131 131 121 121 121 121 121 95 95 105 10 10 10 88 88 10 10 65 65 10 10 10 10 10 10 10 26 26 26 10 10 10 2 
343 324 324 283 283 326 312 312 312 298 298 298 299 257 257 257 284 257 257 257 257 257 218 218 247 232 232 239 222 222 222 219 203 203 203 179 179 179 179 182 163 163 148 148 148 148 149 139 139 121 121 121 121 102 102 102 10 10 10 10 80 80 80 80 65 65 65 65 49 49 49 37 37 26 27 27 2 2 2 2 
324 324 324 324 326 326 312 312 312 298 298 298 299 257 291 257 257 257 257 257 257 257 218 218 218 232 232 232 232 215 215 219 215 148 148 179 179 179 179 148 148 148 148 148 148 148 139 139 129 129 129 129 125 102 102 102 10 99 99 10 80 80 52 52 52 66 49 49 49 49 49 37 37 26 19 19 2 2 3 3 
324 324 324 324 324 324 324 312 312 298 298 298 257 257 291 257 257 257 257 257 257 257 218 218 218 232 215 215 215 215 215 215 215 148 148 148 148 148 148 148 148 148 148 148 150 150 139 139 129 129 129 125 125 102 102 102 10 10 10 10 80 80 52 52 52 66 49 49 49 49 37 37 37 26 26 19 19 2 3 3 
324 324 330 330 330 316 316 312 312 312 298 298 257 257 257 257 250 250 262 262 262 262 218 218 248 232 215 215 233 215 215 151 151 151 151 151 186 186 186 148 148 148 148 164 150 150 150 139 129 129 129 125 111 111 118 102 102 102 89 89 89 89 52 52 52 66 66 66 50 50 37 37 37 26 26 20 20 2 2 2 
336 336 330 330 331 316 316 316 293 293 293 293 293 293 257 257 250 250 262 262 262 263 244 244 248 232 232 215 215 215 215 151 151 151 151 151 151 151 151 148 148 148 156 155 155 150 150 139 129 129 125 125 111 111 111 111 102 102 89 89 92 52 52 81 52 50 50 50 50 50 50 37 37 26 26 20 4 4 2 2 
336 336 316 316 316 316 316 316 293 293 293 293 293 250 250 250 250 250 262 262 264 244 244 253 232 232 232 234 234 210 210 210 151 151 151 151 151 189 151 148 148 172 156 155 155 155 126 139 139 139 125 125 111 111 111 52 52 52 89 89 92 52 81 81 52 50 50 50 50 56 51 37 37 37 20 20 4 4 2 2 
336 336 316 316 316 316 316 316 316 307 307 293 293 285 285 285 285 250 250 250 264 244 244 253 232 232 232 234 234 210 223 210 151 151 204 151 151 189 151 172 172 172 156 156 156 156 126 126 126 126 133 122 122 111 111 52 106 52 89 89 52 52 81 82 52 52 52 52 56 56 51 37 37 32 32 4 4 4 11 2 
336 336 316 316 307 307 307 307 307 307 308 293 293 285 285 285 250 250 250 250 264 264 244 244 232 232 210 210 210 210 223 210 173 173 173 197 189 189 151 151 158 158 158 52 52 157 145 145 126 126 133 122 122 122 52 52 100 52 52 52 52 81 81 71 71 71 52 52 56 51 51 32 32 32 33 4 4 11 11 2 
344 336 336 336 307 307 307 307 307 313 304 304 285 285 287 287 250 250 250 250 250 250 250 244 232 232 210 229 229 229 210 210 173 173 173 173 189 189 151 151 158 158 158 165 52 52 145 126 126 133 133 122 122 122 52 100 100 100 100 71 71 71 84 71 71 71 52 52 52 51 51 32 33 33 33 4 4 11 11 4 
341 341 307 307 307 307 307 307 285 285 304 285 285 294 279 279 279 279 270 270 270 250 250 244 249 244 210 229 229 210 210 220 173 173 205 173 189 189 151 181 158 158 158 159 159 52 145 126 133 133 134 126 126 52 52 100 100 100 101 71 71 71 71 71 71 72 52 52 52 51 51 32 28 28 28 4 21 4 4 4 
341 341 307 307 307 307 307 307 285 285 285 285 300 279 279 279 279 270 270 250 250 250 259 244 244 244 210 240 210 210 224 220 173 173 173 173 189 189 151 181 181 158 158 159 159 52 145 126 126 126 126 126 127 52 112 112 100 100 71 71 71 71 71 71 71 72 52 52 52 52 52 32 28 38 28 4 4 4 4 4 
337 337 307 307 307 307 307 307 285 285 285 285 273 273 273 279 279 270 270 250 250 250 250 254 244 244 210 210 210 220 220 220 183 183 173 173 173 173 151 151 151 158 158 158 158 52 52 52 126 126 135 127 127 52 52 103 103 103 71 71 71 71 71 71 57 57 57 61 61 57 32 32 28 28 28 28 12 12 5 5 
337 337 337 337 307 307 307 307 317 285 285 285 273 273 273 273 273 273 251 251 251 250 250 254 250 210 210 210 235 220 220 220 183 183 183 183 183 173 173 173 151 151 151 166 158 158 151 52 52 52 52 127 52 52 52 103 103 103 71 71 71 71 32 32 57 73 57 61 61 57 32 32 32 28 28 28 12 12 5 5 
337 337 337 337 307 309 309 309 309 285 285 285 273 273 273 273 273 273 251 251 251 250 250 250 250 210 210 210 235 220 220 220 210 210 183 183 183 190 173 173 151 151 151 166 151 151 151 146 83 83 52 52 52 83 83 83 83 83 83 71 71 71 32 32 32 32 57 57 57 57 32 32 32 13 13 29 12 12 12 5 
337 337 337 337 307 307 285 285 309 285 285 285 285 295 273 273 273 273 273 273 251 251 251 251 251 210 210 210 235 210 210 210 210 211 183 183 183 190 173 173 173 173 151 151 151 152 152 146 83 83 83 83 83 83 107 107 107 104 83 71 71 71 32 32 32 32 32 67 57 57 32 32 32 13 13 13 12 12 12 5 
307 307 307 307 307 307 285 285 309 309 309 285 285 295 265 265 273 273 276 251 251 251 251 251 251 198 198 210 210 210 225 216 216 191 191 191 183 183 183 142 142 171 171 151 151 152 152 146 83 83 83 83 83 107 107 107 107 104 83 83 83 83 85 83 32 74 32 32 32 32 32 46 13 13 13 13 13 13 13 5 
307 307 307 307 307 307 285 285 285 285 285 285 301 295 265 265 265 265 276 251 251 251 251 251 251 198 198 198 198 198 198 216 216 191 191 191 191 191 183 142 142 171 142 142 142 142 142 146 83 83 130 130 83 107 107 104 104 104 62 62 62 83 83 83 32 32 39 39 39 53 53 13 13 13 13 13 13 13 13 5 
338 338 307 307 307 307 285 285 285 285 295 295 295 295 265 265 265 265 265 265 251 251 251 251 245 198 198 198 198 230 198 198 198 212 198 198 194 183 183 142 142 142 142 160 160 142 142 130 130 130 130 83 83 119 119 104 104 62 62 96 62 62 62 62 62 62 39 39 39 39 39 13 13 13 22 22 22 13 13 5 
338 338 338 338 307 285 285 285 318 285 285 295 295 296 226 226 226 226 277 265 265 265 251 251 245 245 226 226 226 226 226 221 198 198 198 199 194 183 187 142 142 142 142 160 160 142 142 142 142 136 136 83 113 113 113 104 104 62 62 90 90 90 62 62 76 62 39 39 39 39 39 39 13 13 22 5 5 5 5 5 
338 338 307 307 307 285 285 285 285 285 285 296 296 296 226 226 226 226 226 265 265 226 226 226 226 226 226 241 236 221 221 221 200 200 206 194 194 183 183 183 142 142 142 167 142 142 142 136 136 136 137 83 113 113 113 113 62 62 62 90 90 86 86 62 62 62 39 39 58 58 54 39 39 39 5 5 5 5 5 5 
345 307 307 285 285 285 285 285 285 292 292 292 292 288 288 288 226 280 226 226 226 226 241 241 241 241 241 241 236 221 221 221 200 200 200 200 108 108 184 184 142 142 142 167 142 142 142 136 136 136 62 62 62 62 62 62 62 90 90 90 90 86 86 62 62 62 69 58 58 54 54 39 39 40 5 5 5 5 5 5 
327 327 285 285 327 327 285 285 226 226 292 292 292 288 288 288 226 280 278 266 266 266 241 241 246 246 242 236 236 221 221 221 200 207 207 108 108 108 142 142 142 174 142 167 62 62 62 136 136 136 62 62 123 123 62 62 77 77 77 77 77 86 86 62 62 62 69 58 62 54 54 47 23 23 23 5 23 6 6 6 
327 327 327 327 327 328 226 226 226 226 292 292 292 292 292 288 226 226 278 266 266 266 236 236 242 242 242 236 200 200 200 200 200 207 108 108 195 108 142 142 142 142 142 142 62 62 62 143 143 136 136 62 123 114 114 77 77 77 77 97 77 77 77 77 77 62 62 58 62 54 54 47 23 23 23 23 23 6 6 6 
328 328 328 328 328 328 281 281 319 226 292 292 302 292 292 288 226 226 278 266 266 266 236 236 242 242 236 236 200 200 200 200 207 207 195 195 195 108 108 108 108 142 142 142 62 62 62 62 62 62 62 62 123 123 114 77 77 77 77 97 93 75 75 75 75 75 62 62 62 47 47 47 23 23 23 23 6 6 14 7 
328 328 328 328 328 328 281 281 281 226 302 302 302 288 288 288 226 267 267 267 267 267 236 236 236 242 236 237 237 200 213 213 207 207 195 195 176 176 176 176 108 175 62 62 62 140 140 140 140 140 115 115 123 123 114 114 93 93 93 93 93 75 75 34 34 34 34 34 34 47 15 15 15 41 15 15 15 18 7 7 
342 342 328 328 328 328 281 281 320 226 302 302 302 288 288 226 226 267 267 267 236 236 236 255 236 242 236 237 237 200 200 213 207 207 195 195 176 176 176 176 108 108 62 62 62 140 140 140 108 108 115 115 128 115 115 115 93 93 93 75 75 75 75 34 78 34 34 68 34 34 15 15 15 15 15 15 15 18 7 7 
322 322 322 332 332 310 325 281 281 226 226 226 226 226 226 226 281 281 260 260 236 236 236 236 236 236 236 200 200 200 200 213 213 213 195 195 195 170 170 176 108 108 168 168 161 108 108 108 108 108 115 115 115 115 108 108 108 93 93 75 75 75 75 34 34 34 34 34 34 34 15 15 42 42 15 15 24 15 15 7 
322 322 322 322 333 310 325 321 281 281 281 305 281 281 281 281 281 260 260 260 260 260 260 236 200 200 200 200 227 227 227 213 213 195 195 195 195 170 170 176 108 108 108 161 161 108 153 109 109 108 115 108 108 108 108 108 108 94 94 94 94 75 75 34 34 34 70 34 34 34 15 15 15 15 15 15 15 15 7 7 
346 322 322 322 333 310 310 321 281 281 281 281 281 281 281 281 281 260 274 260 260 228 228 236 200 200 200 200 200 200 200 213 213 195 208 195 170 170 170 176 176 176 108 161 161 108 108 109 109 108 108 108 108 108 116 116 108 94 94 94 94 75 87 34 34 34 70 34 34 34 55 48 15 43 15 15 16 16 7 8 
322 322 322 322 322 322 310 310 310 310 310 281 281 281 281 281 281 260 274 274 228 228 228 228 228 228 228 228 200 200 200 200 200 195 195 195 170 170 170 177 177 177 108 108 108 108 108 147 109 141 138 108 108 124 108 108 108 94 94 91 91 75 87 34 34 34 70 34 59 59 48 48 15 43 15 30 16 16 7 7 
322 322 322 334 334 322 322 322 282 282 282 281 281 297 260 260 260 260 274 274 228 228 228 228 228 228 228 228 200 200 200 200 200 200 200 200 170 170 170 177 177 178 169 169 108 108 94 147 109 109 138 108 108 108 108 108 108 94 91 91 91 75 34 34 34 34 70 34 34 34 48 48 15 15 15 16 16 16 16 7 
347 322 322 329 329 329 282 282 282 282 282 289 289 297 260 260 260 260 260 260 271 268 228 228 228 228 228 228 200 200 200 200 217 188 188 188 170 170 170 170 177 177 169 169 108 108 94 144 144 109 109 109 109 109 109 109 109 94 94 91 91 75 34 34 34 60 60 63 63 34 34 34 34 34 34 16 16 16 16 7 
322 322 322 329 329 329 282 282 282 282 282 282 289 289 289 289 272 272 272 260 260 268 228 252 252 228 228 228 200 200 228 188 188 188 201 188 188 188 188 170 177 177 169 169 108 108 94 144 94 94 94 94 120 120 120 110 110 94 94 91 91 75 60 60 79 60 60 60 60 60 34 34 44 44 7 7 16 16 16 7 
322 322 322 335 335 282 282 282 282 282 303 282 282 282 289 289 272 272 272 260 260 228 228 228 228 228 228 228 228 228 228 188 202 202 201 201 188 188 188 170 170 170 169 169 94 94 94 144 94 94 94 94 120 94 94 110 110 94 94 94 91 91 60 60 60 60 60 60 60 60 44 44 44 44 7 7 7 7 7 7 
322 322 340 335 335 282 282 282 282 282 303 303 303 282 282 282 282 282 272 272 272 228 228 228 228 228 228 238 238 228 228 188 188 202 202 202 188 188 188 170 170 170 170 170 94 94 94 94 94 94 94 94 94 94 94 94 94 94 94 94 91 91 60 60 60 60 60 60 60 60 44 44 44 44 7 7 7 7 7 9 
