94 94 83 83 83 83 83 57 57 57 57 57 57 57 61 61 61 61 42 42 42 42 42 42 30 30 30 30 30 17 17 17 17 17 7 7 7 7 1 1 
94 94 83 83 90 83 83 57 57 69 69 57 57 57 61 57 57 62 42 42 42 46 42 42 30 38 17 17 17 17 7 7 7 7 7 1 1 8 1 2 
94 94 94 83 83 83 83 83 83 69 69 57 57 57 57 57 57 57 57 30 30 30 30 30 30 17 17 17 17 27 7 7 7 7 12 12 1 8 1 2 
94 94 89 89 89 78 78 78 78 69 69 69 74 63 63 63 63 63 30 30 48 17 17 17 17 17 34 34 31 27 7 7 7 7 12 12 1 8 1 2 
99 92 89 89 89 89 78 78 78 78 78 69 69 63 63 63 58 58 30 30 48 17 17 17 17 17 27 27 31 27 7 7 7 12 12 12 1 8 1 2 
99 92 89 89 91 78 78 78 80 78 78 75 69 63 63 63 63 58 58 48 48 43 43 17 40 27 27 27 27 27 22 22 7 12 12 12 1 8 1 2 
92 92 89 85 85 78 78 78 80 80 75 75 69 63 63 63 63 64 59 48 49 41 41 17 40 27 27 32 32 22 22 18 18 12 12 12 1 1 1 2 
92 95 95 92 85 86 86 71 71 71 75 75 69 73 65 65 41 41 59 48 41 41 41 17 17 27 27 32 32 22 18 18 19 12 12 2 2 2 2 2 
92 95 95 92 85 86 86 71 71 71 71 75 69 73 65 65 41 53 53 53 41 47 41 17 17 22 22 22 22 22 18 19 19 2 2 2 10 9 2 2 
92 95 95 92 85 85 85 85 71 81 71 75 69 69 69 41 41 53 60 54 41 47 41 41 41 22 22 22 22 28 18 18 2 2 2 2 9 9 3 3 
92 92 92 92 85 85 71 71 71 81 71 70 70 70 70 41 54 54 54 54 41 39 39 39 39 39 22 28 28 28 18 18 2 2 2 2 9 9 3 3 
92 92 93 71 71 71 71 67 67 67 71 71 71 71 71 41 41 41 41 41 41 39 39 39 22 22 22 28 18 18 18 16 20 15 15 2 9 9 3 3 
98 98 93 71 87 87 87 67 67 67 79 45 45 66 66 66 22 22 22 22 50 39 39 39 22 22 23 23 29 29 23 16 20 15 15 2 9 2 2 2 
93 93 93 71 67 67 67 67 67 67 76 76 45 66 22 22 22 45 45 22 22 22 22 22 22 22 23 23 23 23 23 16 20 15 15 2 2 2 6 2 
93 96 96 71 71 88 88 77 77 67 76 76 45 45 22 22 45 45 45 55 22 22 44 23 23 23 23 23 23 24 24 16 16 13 13 13 2 2 2 2 
93 96 96 93 71 71 71 77 77 67 67 67 67 45 45 45 45 45 45 45 45 44 44 23 23 23 36 14 14 14 14 14 16 13 13 13 11 4 4 4 
93 93 93 93 71 71 71 84 77 82 77 77 67 72 72 45 45 45 56 56 45 45 45 23 23 23 23 35 33 14 14 14 16 16 16 13 11 4 4 5 
97 97 97 71 71 84 84 84 77 77 77 67 67 72 72 67 51 51 56 56 51 37 37 37 37 37 37 33 33 25 25 14 11 11 11 11 11 4 4 5 
97 97 97 71 71 84 84 84 84 67 67 67 67 67 67 67 51 51 51 51 51 37 37 37 37 37 26 33 33 25 25 14 21 11 11 14 5 5 5 5 
97 97 97 71 71 84 84 84 84 67 67 67 67 68 68 68 51 51 51 52 52 37 37 37 37 37 26 26 26 26 26 14 14 14 14 14 5 5 5 5 
