94 94 94 94 84 84 84 84 58 58 58 58 58 69 66 66 42 42 42 42 42 42 42 42 42 42 6 6 6 6 6 6 6 5 5 5 5 5 1 1 
94 94 94 94 84 84 84 84 84 84 78 78 58 58 66 66 42 42 42 53 53 6 6 6 6 6 6 6 6 6 6 26 6 5 5 5 5 5 1 1 
94 94 94 94 84 84 90 84 84 78 78 79 58 58 68 58 58 61 51 53 53 6 6 6 43 43 27 27 21 21 21 21 6 6 12 12 12 5 4 1 
94 95 94 94 78 78 78 78 78 78 82 58 58 68 68 58 58 58 51 51 52 52 50 39 39 44 27 27 21 21 21 21 21 6 12 12 12 5 4 1 
94 94 94 78 78 78 78 78 70 70 82 58 74 68 68 58 58 58 58 51 52 50 50 39 39 39 39 27 27 31 21 22 22 6 12 12 12 5 5 1 
99 94 94 78 78 78 78 78 70 70 70 58 74 58 58 58 58 59 59 51 51 51 39 39 39 39 36 36 27 31 21 21 6 6 12 10 10 10 1 1 
99 96 78 78 78 78 78 70 70 70 70 58 58 58 54 54 59 59 59 51 51 51 39 39 46 36 36 37 27 31 27 27 6 6 6 13 10 10 1 1 
96 96 78 78 78 64 70 70 70 70 75 75 75 70 54 54 59 59 59 51 51 51 51 39 46 36 36 27 27 27 27 28 19 19 6 6 6 6 6 1 
100 64 64 64 64 64 70 87 70 70 70 70 70 70 54 54 54 54 54 54 54 46 46 46 46 36 36 27 27 27 28 28 19 20 14 14 7 7 7 1 
100 64 64 64 64 64 70 70 70 70 70 70 70 70 54 54 54 54 54 54 54 46 46 46 36 36 35 35 35 32 19 19 19 17 17 7 7 1 1 1 
100 97 92 92 92 64 64 88 64 64 64 64 64 64 67 67 64 16 16 54 54 36 36 46 36 45 35 19 19 32 19 23 23 17 17 7 7 1 1 1 
97 97 92 92 92 64 64 64 64 76 76 76 76 64 67 67 64 16 16 16 55 36 36 36 36 45 40 19 19 32 19 19 24 2 2 2 2 11 1 1 
97 97 92 92 92 64 64 64 71 71 71 71 77 64 64 64 64 16 60 55 55 36 36 36 36 36 40 19 19 19 30 19 2 2 2 2 2 2 2 2 
98 98 91 91 91 86 86 71 71 71 83 71 71 71 64 64 62 16 60 55 55 36 36 36 36 36 18 18 18 19 19 19 2 18 18 15 2 2 2 2 
98 98 91 91 91 86 86 71 71 71 72 72 72 72 64 64 62 16 16 16 16 49 49 49 36 36 18 18 18 18 18 18 18 18 18 15 8 8 8 3 
98 98 91 91 91 91 86 86 86 72 72 63 63 63 63 63 62 62 56 56 16 16 16 16 36 36 41 18 18 18 29 29 18 18 18 15 8 8 8 3 
101 93 93 91 91 72 72 89 72 72 80 63 63 63 63 63 63 63 56 56 56 16 16 16 16 16 33 33 33 33 8 8 8 8 8 8 8 8 9 3 
93 93 93 93 93 72 72 89 72 85 80 80 63 63 63 65 65 57 57 57 47 47 47 47 47 16 33 16 16 16 8 8 8 8 8 8 8 8 9 3 
93 93 93 93 93 72 72 72 72 72 72 81 57 57 57 57 57 57 38 38 47 38 38 48 48 16 16 16 34 16 16 25 25 8 8 16 3 9 9 3 
93 93 93 93 93 72 72 72 72 72 73 73 73 73 57 57 57 57 38 38 38 38 38 38 38 38 38 38 34 34 16 16 16 16 16 16 3 3 3 3 
