69 69 69 85 73 73 73 73 73 73 73 49 49 49 49 49 49 49 54 44 44 44 44 41 41 17 17 17 17 17 17 17 17 17 1 1 1 8 1 1 
69 89 69 85 73 78 78 78 78 73 73 49 49 49 63 49 49 49 47 44 44 44 44 41 41 17 32 17 17 17 17 10 10 1 1 12 1 1 1 1 
69 69 69 69 73 73 73 69 69 69 74 49 49 49 49 49 49 49 47 53 47 44 44 41 41 17 17 17 17 26 10 10 10 1 15 10 10 1 4 1 
87 87 87 69 73 73 73 69 69 69 69 69 59 59 59 59 59 49 47 47 47 44 44 36 36 36 17 17 17 26 10 10 10 10 15 10 10 1 4 1 
87 87 87 69 69 69 73 73 69 69 69 70 59 61 64 61 49 49 48 48 48 44 44 36 37 37 17 17 28 24 24 10 10 10 15 10 10 1 4 1 
88 83 83 83 84 69 69 69 69 69 69 70 59 61 61 61 49 49 49 49 49 36 36 36 33 33 33 17 28 24 24 10 10 10 10 10 1 1 1 1 
88 83 83 83 84 79 79 79 59 59 59 70 59 59 59 46 46 46 55 34 34 36 36 42 33 33 33 17 17 17 17 17 10 10 10 10 1 9 1 1 
88 83 83 83 84 79 79 59 59 59 59 70 59 59 59 46 46 46 55 34 34 34 36 33 33 33 33 29 29 27 17 17 10 10 13 13 1 1 5 1 
88 83 84 84 84 79 79 59 59 59 59 59 59 59 59 46 46 46 55 34 34 34 36 33 33 33 29 29 27 27 17 17 22 18 13 2 2 1 1 1 
88 83 84 84 77 77 77 77 59 59 59 71 59 59 60 60 60 46 46 46 34 34 36 33 33 29 29 30 27 20 20 17 17 18 13 13 2 6 6 2 
88 83 84 84 77 77 82 77 59 59 65 65 65 65 65 56 56 56 56 46 34 34 34 43 34 34 34 27 27 20 20 23 23 11 11 11 2 6 6 2 
88 83 83 83 83 77 80 77 77 77 65 72 38 65 65 56 57 57 57 46 46 46 34 34 34 38 27 27 25 25 20 20 11 11 11 11 2 2 2 2 
88 88 83 83 83 77 80 80 77 77 65 72 38 38 38 56 50 50 50 50 50 38 38 38 38 38 27 31 25 25 25 20 11 14 11 11 2 2 2 3 
88 88 83 83 77 77 80 80 65 65 65 72 67 67 38 56 50 50 58 50 50 38 27 39 39 39 27 31 25 25 25 20 11 14 14 14 2 2 2 2 
88 88 88 83 77 77 77 77 65 75 75 67 67 38 38 56 56 50 50 50 38 38 27 39 39 39 27 31 25 25 25 20 11 19 16 2 2 2 7 2 
83 83 83 83 77 77 77 77 65 65 65 67 68 38 66 56 56 50 50 38 38 27 27 39 39 39 27 27 25 25 25 20 11 11 16 2 2 2 7 2 
83 83 83 83 77 77 77 81 65 65 65 67 68 38 38 38 38 38 38 38 51 27 27 27 27 27 27 27 25 25 25 20 20 11 16 2 7 7 7 2 
90 83 83 83 83 83 83 81 65 65 65 67 68 38 38 52 38 38 38 38 40 40 45 27 27 35 35 25 25 21 21 20 20 11 11 2 2 2 2 2 
90 62 62 62 62 62 62 81 62 62 76 68 68 62 62 52 52 52 52 40 40 40 45 40 40 35 35 25 25 21 21 20 20 20 11 2 2 2 2 2 
90 62 62 86 62 62 62 62 62 62 62 62 62 62 62 62 52 52 52 52 52 40 40 40 40 40 25 25 25 21 21 21 21 21 11 11 11 2 2 2 
