91 91 74 74 74 74 74 74 71 65 65 65 55 55 55 55 55 47 47 47 37 37 37 37 37 37 4 4 23 23 23 23 4 4 4 4 4 4 4 1 
74 74 74 67 67 80 67 67 71 65 65 65 55 55 55 47 47 47 37 37 37 37 37 37 37 4 4 4 4 4 24 4 4 4 4 1 1 1 1 1 
74 83 83 67 67 67 67 67 67 67 67 55 55 55 55 47 47 47 37 45 45 37 37 37 37 35 35 30 4 4 24 4 4 17 5 1 12 2 2 2 
74 83 83 67 67 67 67 67 68 68 68 55 55 55 44 44 47 47 44 44 44 44 35 35 39 35 30 30 4 4 4 4 4 5 5 1 1 2 2 2 
74 83 83 67 67 67 67 68 68 68 44 44 44 44 44 44 44 44 44 44 44 35 35 35 35 35 27 27 27 14 18 4 4 5 5 5 1 10 1 1 
74 74 83 83 83 67 67 68 68 68 44 44 61 61 56 56 56 32 50 40 40 31 31 31 31 31 31 31 27 14 18 18 18 8 8 5 1 1 1 1 
88 74 74 83 83 74 74 70 70 70 44 44 61 61 56 56 56 32 32 40 40 40 40 40 40 32 32 32 27 14 14 14 18 8 8 5 5 5 5 1 
88 92 74 74 74 74 70 70 70 70 44 56 56 61 56 56 56 32 32 32 32 32 32 32 32 32 27 27 27 14 14 14 18 8 6 6 6 6 6 1 
88 88 88 84 84 72 70 70 70 70 44 44 56 56 56 52 52 32 32 32 32 32 28 28 28 28 27 27 27 27 14 14 18 8 6 6 6 6 6 1 
88 88 72 72 72 72 77 70 70 44 44 44 62 59 59 52 52 52 48 48 32 32 28 28 28 28 28 28 28 14 14 18 18 8 8 13 6 6 6 1 
72 72 72 78 78 78 62 62 62 44 44 44 62 59 59 52 52 53 48 48 32 32 28 28 28 33 33 33 28 14 14 18 18 18 8 13 13 7 7 1 
72 89 89 78 78 78 62 75 62 62 62 62 62 52 52 52 52 53 48 48 32 32 42 34 34 33 33 34 28 28 14 19 19 19 8 8 8 8 8 1 
72 72 85 85 78 81 62 62 62 62 62 62 63 52 60 51 51 51 51 41 41 41 42 34 34 34 34 34 28 28 14 14 14 14 14 14 14 11 1 1 
72 72 85 85 78 78 78 62 62 62 62 63 63 52 51 51 57 41 41 41 41 41 42 34 34 16 16 16 16 16 16 20 20 20 11 11 15 11 1 3 
72 72 90 85 79 79 79 52 52 52 52 52 52 52 51 57 57 41 46 46 41 41 42 41 34 16 16 25 25 25 25 20 20 20 11 11 11 11 1 3 
86 72 72 85 79 79 79 52 52 52 52 66 52 52 51 57 41 41 46 46 46 41 41 41 34 34 16 16 16 20 20 20 20 20 11 1 1 1 1 3 
86 86 72 72 82 82 52 52 52 51 51 51 64 51 51 57 41 46 46 49 43 43 43 16 16 16 16 16 16 29 21 21 21 21 11 1 1 1 9 3 
87 86 86 72 72 76 76 76 72 51 69 51 51 51 57 57 41 41 41 49 43 43 43 16 16 16 16 29 29 29 21 21 21 11 11 11 9 9 9 3 
87 93 86 86 72 76 72 72 72 54 54 54 57 57 57 58 58 54 49 49 43 43 36 38 38 38 16 16 16 16 16 16 22 11 11 11 9 9 9 3 
87 87 87 87 72 72 72 73 73 54 54 54 54 54 54 54 54 54 49 49 43 43 36 36 36 36 36 26 26 26 26 16 16 16 16 16 3 3 3 3 
