79 79 79 79 79 79 79 79 79 73 73 66 66 62 62 41 41 41 41 41 41 41 43 35 35 29 29 29 23 23 23 9 9 9 9 9 8 8 1 1 
73 73 73 73 73 73 73 81 73 73 65 66 66 62 62 41 41 41 41 44 44 41 41 35 35 29 29 29 23 23 23 9 9 8 8 8 8 8 1 1 
73 73 73 85 85 85 73 73 73 76 65 65 65 65 41 41 41 41 41 44 44 48 41 41 35 35 25 25 23 23 13 13 9 16 9 9 9 8 8 1 
73 93 93 85 85 85 76 76 76 76 74 58 58 58 41 60 41 41 41 41 44 44 44 36 36 25 25 25 26 25 13 13 9 9 9 9 9 8 8 1 
93 93 90 90 86 86 76 80 80 74 74 58 67 58 41 60 41 41 41 41 41 49 45 36 36 25 25 25 26 25 13 13 13 13 13 9 9 8 8 1 
90 90 90 86 86 87 76 80 74 74 75 58 67 58 41 41 41 56 55 41 41 45 45 36 36 21 25 25 25 25 21 21 12 12 12 12 9 9 1 1 
90 98 86 86 76 76 76 80 74 74 75 58 58 58 58 58 55 55 55 41 45 45 45 36 36 21 21 21 21 21 21 12 12 12 12 12 9 9 1 2 
90 98 86 91 76 76 80 80 74 74 72 72 58 58 58 58 55 55 55 45 45 50 45 36 36 36 27 27 27 17 17 17 17 12 12 12 9 9 1 1 
90 86 86 76 76 76 80 80 74 74 72 58 58 58 58 58 58 33 33 45 45 45 45 30 30 30 30 30 17 17 22 22 17 17 11 11 11 9 9 3 
90 86 86 76 88 88 77 77 77 72 72 58 58 58 58 33 33 33 33 45 45 46 46 30 30 17 17 17 17 20 18 18 18 18 11 11 11 3 3 3 
90 86 86 76 88 77 77 77 77 63 63 68 68 63 63 33 57 57 33 53 33 33 42 42 17 17 17 17 17 20 18 18 18 18 11 11 11 3 4 4 
90 90 76 76 88 77 82 77 77 77 63 63 63 63 64 33 57 57 33 33 33 33 42 33 33 33 17 17 17 20 18 18 18 18 3 3 3 3 4 4 
76 76 76 76 88 77 77 77 59 59 59 64 64 64 64 33 33 33 33 33 38 33 33 33 37 33 33 28 28 20 20 20 20 19 3 10 10 10 4 4 
76 76 94 76 83 83 83 59 59 59 59 64 59 59 59 33 33 33 33 33 38 38 38 37 37 28 28 28 19 19 19 19 19 19 3 10 5 5 5 5 
76 76 76 76 83 59 84 59 78 59 59 59 59 61 59 33 33 51 51 51 38 38 38 38 38 28 28 28 19 19 19 19 19 19 14 10 5 5 5 5 
92 92 76 76 83 59 59 59 78 78 69 69 61 61 59 59 59 51 51 51 51 28 28 28 28 28 34 19 19 19 19 19 19 19 14 10 10 10 5 5 
92 92 95 92 83 89 59 59 69 69 69 69 61 61 28 28 28 28 28 28 28 28 47 39 39 31 31 19 19 24 24 15 15 15 15 10 10 6 6 6 
99 92 92 92 83 83 59 59 69 69 70 69 69 61 61 61 28 28 28 28 52 47 47 39 40 31 31 31 19 24 24 15 15 15 6 6 6 6 6 7 
96 96 96 83 83 83 83 69 69 69 70 70 70 54 54 54 28 28 28 28 39 47 47 39 31 31 32 32 19 19 19 15 15 15 6 6 6 6 6 7 
96 96 97 83 83 83 83 69 69 69 71 71 71 54 54 54 54 54 54 54 39 39 39 39 31 31 32 19 19 19 19 15 15 15 6 6 6 6 7 7 
