84 84 84 93 84 84 84 76 76 60 60 64 64 64 52 52 52 52 52 52 44 44 44 32 32 34 34 34 13 13 13 13 13 19 19 2 2 2 2 1 
84 84 84 84 84 88 85 76 76 60 60 60 60 64 64 52 52 32 32 32 44 44 32 32 32 32 32 35 13 30 13 13 13 13 13 2 2 2 2 1 
94 94 94 94 67 67 85 76 76 76 60 60 60 65 65 60 60 32 32 32 32 32 32 42 21 21 32 35 30 30 13 13 13 13 13 13 13 2 2 1 
94 94 94 94 67 67 85 76 76 76 60 60 60 60 60 60 61 58 32 32 32 45 45 21 21 21 32 35 30 30 13 13 20 20 13 13 14 2 7 2 
98 94 67 67 67 67 67 67 54 54 54 54 54 54 58 58 58 58 32 41 41 41 41 41 41 21 32 32 32 27 27 15 15 15 15 15 2 2 2 2 
98 89 89 89 89 67 67 67 78 54 54 54 72 54 58 58 38 38 38 41 41 41 41 41 21 21 32 32 27 27 28 15 15 15 15 2 2 9 2 2 
98 89 89 89 89 67 67 67 67 54 54 54 72 54 58 58 38 38 38 38 38 38 38 21 21 21 21 29 29 24 24 24 15 15 15 2 2 2 2 2 
97 97 89 89 89 89 77 77 67 67 54 54 72 54 47 47 47 38 38 38 47 47 38 21 21 21 21 29 29 29 29 24 24 15 15 2 2 3 3 3 
97 89 89 77 77 77 77 77 79 67 67 67 72 54 54 54 47 47 47 47 47 48 38 38 38 38 21 21 21 29 29 24 24 15 15 15 15 3 4 4 
97 89 89 89 77 77 86 77 79 67 67 67 59 59 59 54 47 47 53 53 48 48 38 38 36 36 36 36 21 21 21 21 21 21 3 3 3 3 4 4 
97 89 89 89 89 90 86 77 80 67 67 67 67 67 59 54 54 54 53 53 48 48 36 36 36 18 18 25 25 25 25 25 3 3 3 3 3 10 4 4 
97 89 89 89 89 87 87 77 80 68 68 75 67 67 59 62 62 54 54 54 36 36 36 43 18 18 18 25 33 25 25 22 22 22 16 16 16 4 4 5 
82 82 91 91 91 87 87 77 80 68 68 68 68 68 59 59 59 59 55 36 36 36 36 39 39 39 18 25 25 25 25 22 22 8 16 8 8 4 4 4 
82 82 91 95 91 91 87 77 77 68 68 68 73 63 63 63 55 55 55 36 36 36 36 39 39 39 18 25 25 25 25 22 22 8 8 8 8 8 8 4 
82 82 82 82 82 87 87 82 77 77 63 63 63 63 55 55 55 55 46 46 46 49 46 39 39 39 18 25 25 25 4 4 4 8 8 8 8 8 4 4 
82 82 82 82 82 87 82 82 77 77 63 69 69 69 55 55 55 55 46 46 46 46 46 39 39 39 18 18 18 18 4 26 4 8 8 8 11 11 4 6 
82 82 82 82 82 82 82 83 81 71 71 69 69 69 66 55 55 56 56 46 46 46 46 39 39 39 18 18 18 18 18 4 4 23 8 8 11 12 4 6 
82 81 96 96 92 92 81 81 81 71 71 71 70 70 66 50 50 50 57 46 46 39 39 39 39 18 18 37 18 18 18 4 4 4 17 17 11 11 4 6 
82 81 96 96 92 92 81 71 71 71 71 71 74 66 66 50 50 50 50 50 50 39 39 39 39 18 18 18 18 18 18 18 18 4 4 4 4 11 4 4 
99 81 81 81 81 81 81 71 71 71 71 71 71 71 50 50 50 50 50 51 51 39 39 40 40 40 18 18 31 31 18 18 18 18 18 18 4 4 4 4 
