71 71 71 82 82 71 71 71 71 71 59 59 59 63 36 36 36 36 47 47 40 40 40 13 13 13 13 13 13 13 23 13 13 13 16 13 13 4 4 1 
71 71 71 71 71 71 71 71 72 72 59 59 59 36 36 56 40 40 40 40 40 40 40 13 24 24 13 13 27 13 13 13 13 13 13 13 4 4 1 1 
73 71 71 71 71 71 71 71 72 72 59 59 59 36 41 41 41 40 40 41 41 41 13 13 24 24 33 24 24 24 13 13 13 17 17 1 1 1 1 2 
73 73 73 73 79 79 79 71 75 73 59 59 59 36 36 36 41 52 41 41 41 41 13 13 24 24 24 24 18 18 18 13 13 17 17 1 5 5 5 2 
87 73 73 73 73 73 73 73 73 73 65 65 59 59 59 36 41 41 41 48 41 41 41 13 30 30 30 18 18 22 18 18 18 1 1 1 2 5 5 2 
87 73 73 73 73 80 80 65 65 74 65 65 59 59 36 36 36 36 36 36 36 42 42 13 13 30 30 18 18 22 18 18 18 1 2 2 2 5 5 2 
87 65 65 83 65 65 65 65 65 65 65 65 59 59 36 57 36 36 36 49 36 36 36 36 36 30 29 29 18 22 22 22 18 18 2 2 2 2 2 2 
87 65 65 65 65 81 65 65 76 65 65 60 60 60 36 36 36 45 45 44 44 44 28 28 28 30 29 29 18 25 20 20 20 18 18 2 2 2 2 2 
87 65 65 65 65 81 65 65 76 67 67 60 60 60 60 36 36 45 45 45 45 28 28 28 28 30 29 29 18 20 20 20 20 6 6 2 2 9 2 2 
87 65 65 84 65 77 77 77 76 67 68 53 61 61 61 53 53 45 50 43 43 43 28 28 31 30 30 30 18 20 20 20 6 6 6 6 2 2 2 3 
87 65 65 84 65 77 77 77 76 67 67 53 53 53 53 53 53 45 45 43 43 43 28 28 31 31 31 31 18 18 20 20 6 6 6 6 6 2 2 3 
87 87 65 65 65 77 77 77 76 67 67 53 53 55 55 55 53 53 45 43 43 43 43 28 34 34 34 28 28 18 20 20 20 20 6 6 6 6 6 3 
85 85 85 85 77 77 77 77 76 67 67 53 53 55 58 55 55 45 45 43 43 43 28 28 34 34 28 28 7 18 20 20 19 19 19 7 7 6 6 3 
85 88 85 85 77 77 66 66 76 67 67 53 53 55 58 55 55 45 51 43 43 28 28 28 28 28 28 32 7 18 18 18 19 19 19 7 7 7 7 3 
85 85 86 77 77 77 66 66 66 66 69 66 64 55 58 58 55 45 51 37 37 28 28 28 35 32 32 32 7 18 18 19 19 19 19 7 10 10 3 3 
89 89 77 77 66 66 66 66 66 66 66 66 64 55 55 55 55 45 51 37 37 28 28 39 35 32 32 32 7 7 7 7 7 7 7 7 10 11 3 3 
70 70 77 66 66 66 66 66 66 66 66 54 64 54 54 54 54 54 51 37 37 37 37 35 35 32 32 32 7 7 10 10 10 10 10 15 10 11 8 3 
70 70 70 66 66 66 66 78 66 66 66 54 54 54 62 37 37 37 51 37 46 37 37 35 35 35 7 7 7 7 7 7 14 14 10 10 10 8 8 3 
70 70 70 66 66 70 70 78 66 66 66 37 37 37 62 37 37 37 51 37 37 37 37 37 37 7 7 7 7 7 7 7 7 14 14 14 14 8 8 3 
70 70 70 70 70 70 70 70 70 70 70 37 37 37 37 37 37 37 37 37 37 37 37 38 38 7 7 7 26 26 7 7 7 21 14 14 12 12 3 3 
