78 78 78 81 81 78 59 59 59 59 59 59 59 59 59 57 49 49 49 41 41 41 41 30 30 34 33 33 14 14 14 14 14 14 14 14 12 1 1 1 
78 78 78 78 78 78 59 70 70 49 49 49 49 49 57 57 49 53 49 41 41 41 41 30 30 34 34 34 14 26 21 21 21 14 14 12 12 1 1 2 
78 78 79 79 79 79 59 70 70 49 67 49 49 49 57 57 49 53 49 49 41 41 44 30 30 30 30 30 14 14 21 10 10 10 10 12 10 10 1 2 
78 78 59 59 59 59 59 67 67 67 67 49 49 49 49 49 49 46 46 46 41 44 44 30 30 30 30 30 30 14 14 10 10 18 10 10 10 1 1 2 
59 59 59 75 75 67 67 67 71 63 63 63 63 49 49 49 46 46 46 46 41 41 41 41 30 35 35 35 27 27 14 14 10 10 10 10 11 1 2 2 
59 59 59 75 75 67 67 67 71 63 65 63 63 49 49 49 46 46 46 46 46 46 41 41 35 35 27 27 27 14 14 14 22 10 10 10 11 1 1 3 
59 59 59 75 75 75 75 75 63 63 65 65 58 58 58 58 46 46 46 46 46 46 41 41 35 35 27 31 31 14 25 10 10 10 10 10 11 11 1 1 
59 85 85 85 76 76 76 76 63 58 58 58 58 61 58 58 46 46 46 46 46 46 27 27 35 35 27 14 14 14 25 10 10 10 15 15 5 5 1 1 
59 85 85 85 76 76 76 63 63 58 68 58 58 61 60 50 50 50 50 50 46 46 27 27 27 27 27 28 28 28 10 10 19 19 15 15 5 5 1 4 
59 59 85 85 82 69 69 58 58 58 58 58 58 60 60 50 50 50 50 48 48 27 27 39 39 36 36 28 28 28 10 24 19 19 16 5 5 1 1 4 
86 59 59 59 82 69 69 58 58 58 58 58 58 60 60 51 51 54 43 43 39 39 39 39 40 36 36 36 10 10 10 16 16 19 16 5 13 1 4 4 
86 86 59 59 82 69 69 69 72 58 58 58 58 60 60 51 51 51 51 43 39 39 39 39 36 36 37 37 10 16 16 16 16 16 16 5 5 1 1 1 
82 82 59 82 82 69 69 69 72 69 69 58 58 60 60 51 51 51 51 43 43 47 45 39 36 36 29 29 32 16 16 23 23 8 8 8 5 5 5 5 
82 82 59 82 83 69 69 69 69 69 64 64 64 51 51 51 51 43 43 43 43 47 45 39 29 29 29 32 32 29 16 16 16 8 17 8 8 8 6 6 
82 82 82 82 77 80 77 77 73 64 64 51 51 51 51 51 51 43 43 43 43 39 39 39 29 29 29 32 29 29 16 16 16 8 8 8 8 8 6 6 
82 82 82 77 77 80 77 73 73 64 64 66 51 51 51 51 51 43 43 43 43 39 42 29 29 38 29 29 29 16 16 8 8 8 8 8 8 8 8 6 
82 73 73 77 77 77 77 73 55 55 66 66 55 55 55 51 51 43 43 43 39 39 42 29 29 38 29 29 29 16 16 8 8 8 8 8 8 9 9 6 
73 73 73 73 73 77 77 73 55 55 55 55 55 62 55 55 55 43 43 43 43 43 42 42 29 38 29 29 6 6 6 6 6 20 6 6 6 9 6 6 
73 73 73 84 73 73 73 73 55 55 55 62 62 62 56 56 56 52 52 43 43 43 42 42 29 29 29 29 6 6 6 6 6 20 6 6 6 6 6 7 
73 73 73 84 84 73 73 74 74 55 55 62 62 62 56 56 56 52 52 43 43 43 43 43 29 29 29 29 6 6 6 6 6 6 6 6 7 7 7 7 
