93 93 93 93 95 93 80 80 80 80 80 76 76 69 69 67 56 56 60 56 49 49 49 47 47 38 38 38 38 31 31 26 26 15 15 15 11 1 1 1 
93 93 93 93 95 93 80 80 80 76 76 76 77 69 69 67 56 56 56 56 49 49 49 47 48 38 38 38 31 31 26 26 27 15 15 16 11 1 1 1 
93 93 93 93 93 93 76 76 76 76 69 69 69 69 69 67 56 48 48 48 48 49 47 47 48 31 31 31 31 26 26 16 16 16 16 16 11 1 1 1 
97 97 76 76 76 76 76 76 76 82 69 69 69 67 67 67 56 56 56 56 48 49 49 49 48 31 43 16 16 26 16 16 28 12 12 12 12 2 2 2 
97 97 76 64 64 64 64 64 85 64 64 79 67 67 67 67 56 56 56 56 48 54 49 49 48 31 31 16 16 16 16 29 12 12 22 12 12 2 2 2 
97 97 97 64 64 86 86 64 64 64 64 64 67 67 67 67 56 61 61 48 48 48 48 48 48 31 31 16 34 34 29 29 12 24 12 12 13 8 8 2 
97 97 97 96 64 86 86 64 64 81 81 64 73 73 70 61 61 61 62 48 48 48 31 50 31 31 16 16 16 35 29 29 12 12 12 12 2 8 8 2 
100 100 96 96 64 91 86 86 86 81 81 64 64 64 70 64 64 64 62 52 52 52 31 31 31 44 16 16 16 35 17 17 17 12 12 12 2 2 2 2 
100 100 96 96 64 91 91 86 86 81 81 64 64 64 64 64 62 62 62 52 55 52 52 31 31 44 44 16 16 35 17 17 17 17 17 17 3 3 2 2 
100 100 74 96 64 94 74 74 81 81 64 64 64 64 64 58 58 58 58 52 55 18 18 18 18 18 18 18 18 18 18 18 18 18 18 18 3 3 3 3 
100 100 74 74 74 74 74 74 81 81 64 64 64 74 58 58 58 58 58 52 52 18 18 18 18 18 18 39 18 18 10 10 10 10 10 10 9 9 4 4 
100 100 98 68 68 68 88 74 74 74 74 74 78 74 58 58 58 58 58 52 52 18 18 40 40 40 45 39 39 36 10 30 10 10 19 19 9 10 4 5 
98 98 98 68 68 92 88 88 68 68 68 74 74 74 58 58 58 58 52 52 53 53 53 40 40 40 40 40 40 36 10 30 10 10 19 19 9 10 4 5 
98 99 99 68 68 92 92 68 68 83 68 74 74 75 52 52 52 58 52 57 53 53 32 32 37 37 37 37 37 37 10 10 10 10 10 10 10 10 4 4 
98 99 99 68 68 68 68 68 83 83 68 68 68 68 68 68 52 58 52 52 52 53 32 37 37 37 37 42 37 37 32 20 20 20 10 10 6 6 6 4 
98 89 89 89 89 89 89 89 71 71 71 71 71 71 71 52 52 58 58 58 52 53 32 32 32 32 46 32 32 32 32 20 20 20 20 20 6 4 6 4 
89 89 89 89 89 89 87 87 87 71 71 72 72 72 72 52 52 52 63 59 52 14 14 32 32 32 32 32 32 32 14 14 21 21 21 21 6 4 4 4 
89 101 89 89 90 90 87 87 71 71 71 72 65 65 65 65 65 52 59 59 52 14 14 51 14 14 14 14 41 14 14 14 14 14 14 14 6 6 6 6 
89 89 89 89 90 90 90 90 71 84 71 71 65 65 65 65 66 52 59 52 52 14 14 14 14 33 33 14 14 14 23 23 25 25 23 14 14 6 6 7 
102 102 89 89 90 90 90 90 71 71 71 71 65 65 66 66 66 52 52 52 14 14 14 14 33 33 33 33 33 33 33 23 23 23 23 14 14 6 6 7 
