87 87 71 71 71 71 71 71 71 71 71 69 64 64 54 54 54 54 48 48 48 38 38 38 33 33 33 31 13 13 13 1 1 1 1 1 1 1 1 1 
87 71 71 84 78 78 78 71 71 64 64 69 64 54 54 54 54 55 48 42 42 38 38 38 33 33 31 31 13 26 13 1 1 1 1 1 1 1 1 2 
87 71 87 84 78 78 78 78 64 64 64 69 64 54 58 58 49 49 42 42 42 42 38 38 38 33 31 13 13 26 13 1 1 1 1 1 1 2 2 2 
87 87 87 84 78 78 64 64 64 74 64 64 64 54 33 33 49 49 49 49 49 42 42 38 38 33 31 13 13 26 13 13 13 13 13 13 2 2 2 2 
78 78 84 84 78 64 64 64 64 74 70 70 54 54 33 59 49 49 46 46 46 46 33 33 33 33 31 13 13 26 26 14 14 14 13 13 2 8 8 2 
78 78 84 78 78 64 66 66 66 66 70 70 54 54 33 59 49 49 46 46 46 33 33 39 31 31 31 13 27 26 26 14 14 14 14 14 2 2 2 2 
78 78 78 78 64 64 66 66 66 66 66 66 66 54 33 33 33 56 46 46 33 33 39 39 31 36 13 13 27 27 27 17 17 17 17 9 9 9 3 3 
78 78 79 79 64 64 66 66 66 72 72 66 66 54 54 54 33 33 33 33 33 47 39 31 31 13 13 13 30 22 22 17 17 17 18 9 9 9 3 3 
81 78 79 79 79 79 79 66 66 72 65 65 65 65 54 54 54 37 37 37 37 39 39 31 31 13 34 13 30 22 22 17 17 18 18 3 3 3 3 3 
81 78 78 85 81 81 79 79 65 65 65 57 57 57 54 54 54 37 37 37 37 39 39 31 31 13 13 13 30 22 22 22 18 18 18 3 3 3 4 4 
81 81 81 81 81 81 81 65 65 65 65 57 67 57 60 60 50 50 50 50 37 37 37 37 37 37 13 13 22 22 23 23 18 18 18 3 3 3 3 5 
86 86 86 86 82 82 80 80 57 57 73 57 57 57 57 57 50 50 50 50 37 37 40 40 32 32 13 13 22 20 20 20 20 20 10 10 10 3 3 5 
86 90 80 80 82 80 80 57 57 57 57 57 57 57 57 57 57 40 40 51 40 40 40 32 32 32 32 32 16 20 20 15 15 15 19 3 3 3 5 5 
86 80 80 80 80 80 75 75 75 75 62 62 62 62 57 57 57 40 40 40 40 43 43 32 32 32 32 16 16 29 16 16 16 15 15 15 11 5 5 5 
80 80 88 75 75 75 75 75 75 62 62 62 62 62 57 57 57 40 40 40 40 40 41 41 32 35 35 16 29 29 16 24 16 16 16 16 11 5 5 5 
80 80 80 75 75 76 76 76 76 62 62 62 62 62 41 41 41 40 40 52 40 40 41 32 32 35 16 16 29 29 16 16 16 16 11 11 11 6 6 6 
76 80 80 83 83 76 76 68 68 68 62 62 62 62 41 61 41 41 40 40 40 41 41 32 35 35 16 16 16 16 16 16 11 11 11 12 12 6 6 6 
76 89 89 83 83 83 76 68 68 68 62 62 62 62 41 41 41 41 53 41 41 41 44 32 35 35 25 25 25 25 25 25 11 21 6 6 6 6 6 6 
76 76 76 83 83 83 76 77 68 68 68 68 68 62 63 41 41 41 41 41 44 44 44 32 32 32 25 25 25 28 28 11 11 21 6 6 6 6 6 6 
76 76 76 76 76 76 76 77 77 68 68 68 68 62 62 62 41 41 44 44 44 45 45 32 32 32 32 25 25 28 11 11 21 21 7 7 7 7 7 7 
