89 72 72 72 72 72 72 72 72 73 60 60 60 48 48 48 48 48 48 48 21 21 36 36 36 25 25 25 20 20 20 20 8 8 8 8 8 8 8 1 
72 72 79 79 72 72 72 72 72 73 60 60 60 48 48 48 48 46 46 46 46 21 36 36 36 25 25 25 20 20 20 20 8 8 8 8 13 1 1 1 
72 72 79 79 72 72 72 72 73 73 72 60 60 48 48 48 48 46 47 46 46 21 21 37 37 25 25 25 29 20 20 8 8 8 8 8 1 1 1 1 
86 72 79 79 72 72 79 72 72 72 72 60 63 48 48 46 46 46 47 47 47 42 21 21 21 21 21 25 25 25 8 8 17 17 14 1 1 1 1 1 
86 72 86 79 79 79 79 68 68 72 72 60 63 48 48 46 49 49 49 42 42 42 38 38 38 14 21 21 21 21 21 21 14 14 14 1 1 1 9 1 
86 86 86 80 80 80 80 68 68 72 72 60 60 60 46 46 49 49 49 42 42 38 38 34 34 14 14 14 14 14 14 14 14 14 14 1 1 1 1 1 
80 80 80 80 80 80 80 68 75 56 56 56 56 46 46 53 49 49 49 38 38 38 40 34 34 32 32 22 22 22 22 22 15 15 15 1 1 1 2 2 
83 83 80 80 80 80 80 68 68 68 68 68 56 46 46 53 53 38 38 38 38 38 34 34 32 32 33 22 22 22 15 15 15 15 15 1 2 2 2 3 
83 83 84 84 80 80 65 65 65 68 68 69 56 56 56 56 38 38 38 38 43 43 34 34 32 32 26 26 22 22 15 15 15 15 15 2 2 10 10 3 
83 83 83 84 84 83 65 65 65 68 68 69 61 61 54 54 38 38 38 38 38 44 34 34 26 26 26 26 26 26 18 18 18 15 15 2 10 10 3 3 
88 88 83 85 83 83 65 65 65 74 61 61 61 54 54 54 38 38 38 38 38 44 34 34 26 26 26 27 27 27 18 18 19 2 2 2 3 3 3 4 
88 88 83 83 83 76 76 76 65 65 64 64 64 54 54 54 54 38 38 38 38 44 34 34 26 26 26 26 19 19 24 19 19 2 2 2 3 4 4 4 
88 88 83 83 76 76 77 76 76 65 65 51 51 51 54 38 38 38 50 38 38 44 34 34 34 34 34 26 26 19 19 19 2 2 2 2 3 3 11 3 
88 88 83 83 76 76 77 77 66 66 65 65 65 51 51 51 51 51 50 44 44 44 34 34 28 28 26 26 26 26 2 2 2 2 2 5 5 3 3 3 
76 76 76 76 76 76 78 78 66 66 70 70 66 51 51 57 50 50 50 44 44 44 39 39 39 28 26 26 26 26 2 2 2 2 16 5 5 3 3 5 
76 76 76 59 59 78 78 59 59 66 66 66 66 55 55 55 50 44 44 44 44 39 39 39 39 28 26 26 26 26 2 2 2 2 16 5 5 5 5 5 
76 87 87 59 59 59 59 59 59 59 67 67 67 58 58 55 55 44 44 44 44 39 39 39 39 28 28 28 28 28 2 23 2 2 16 5 5 5 5 5 
87 87 59 59 81 81 81 59 59 59 59 59 59 59 59 52 52 52 30 30 45 45 41 30 30 30 31 31 6 6 2 23 16 16 16 6 6 6 6 6 
87 87 59 59 59 82 82 59 59 71 71 71 59 62 52 52 52 52 30 30 30 30 41 30 35 30 30 30 6 6 6 6 16 16 16 6 12 12 7 7 
87 87 59 59 59 59 59 59 59 59 59 59 59 62 52 52 52 52 30 30 30 30 30 30 35 35 35 30 30 6 6 6 6 6 6 6 12 12 7 7 
