86 86 86 86 86 86 73 73 72 72 72 63 63 63 63 63 44 44 44 53 44 44 44 16 16 16 16 28 28 28 16 16 16 16 16 1 1 1 1 1 
86 86 86 86 89 86 73 73 72 72 72 63 63 63 63 63 44 54 44 53 44 16 16 16 16 16 16 16 16 29 16 1 1 1 1 1 14 2 2 2 
86 86 86 89 89 86 86 73 72 72 72 72 44 44 44 44 44 54 44 53 44 16 16 16 16 16 16 35 16 16 16 1 17 17 17 2 2 2 2 2 
86 86 86 89 89 73 73 73 79 64 64 64 64 44 44 54 54 54 44 44 44 16 16 41 16 16 16 35 30 30 24 24 2 2 2 2 3 3 2 2 
94 94 89 89 89 73 87 79 79 64 64 73 64 68 54 54 60 60 44 44 31 31 31 31 16 37 37 16 30 15 15 15 2 2 2 3 3 3 3 3 
94 95 89 89 89 73 73 83 76 76 76 73 64 68 54 54 60 54 54 54 31 31 31 31 16 16 16 16 30 15 15 15 18 18 18 3 3 3 3 3 
95 95 89 89 89 89 73 73 76 73 73 73 64 64 64 54 54 54 55 55 31 31 31 31 31 31 31 30 30 15 15 15 18 15 15 15 15 3 3 3 
91 91 89 89 89 89 73 73 73 73 77 64 64 64 64 64 42 42 42 42 42 42 42 42 40 39 31 31 15 15 15 15 15 15 19 8 8 3 3 3 
97 91 70 70 90 90 73 73 73 69 69 64 64 64 67 65 42 42 42 51 51 40 40 40 40 39 38 31 15 15 15 15 15 19 19 8 8 8 8 4 
91 91 70 70 70 70 88 69 69 69 69 69 69 69 65 65 42 42 38 38 38 38 45 39 39 39 38 31 31 15 15 19 19 19 19 8 4 4 4 4 
91 91 91 91 91 70 69 69 80 46 46 74 61 61 65 38 38 38 38 52 52 38 38 39 38 38 38 23 32 22 22 19 19 19 19 8 10 10 5 5 
91 91 92 70 70 70 69 84 46 46 46 46 61 61 65 65 38 38 56 46 46 49 38 38 38 38 38 23 23 22 22 19 19 21 5 8 8 11 5 5 
96 96 92 70 70 70 69 84 81 46 46 46 61 61 61 61 61 61 46 46 46 49 46 33 33 33 33 33 23 22 22 22 22 5 5 5 5 5 5 5 
96 96 92 70 70 70 84 84 81 46 46 46 46 61 61 66 61 61 46 46 46 46 46 33 33 33 33 33 23 22 22 5 5 5 5 5 12 12 5 5 
92 92 92 70 70 70 70 70 82 70 70 70 46 46 46 46 46 46 46 46 47 47 47 33 33 33 33 33 23 23 26 5 5 5 5 12 12 9 9 6 
92 93 93 70 70 70 70 70 70 70 78 70 70 57 57 57 57 57 57 47 47 48 48 43 33 33 33 33 33 23 23 23 23 9 9 12 12 9 6 6 
92 93 93 85 85 70 70 71 71 71 75 75 58 58 62 62 57 57 58 47 43 43 43 43 33 33 33 36 34 23 23 9 9 9 9 9 9 9 6 6 
98 85 85 85 85 85 85 71 71 71 75 58 58 58 62 62 62 58 58 47 50 50 34 34 34 34 34 34 34 9 9 9 9 9 20 9 9 13 6 6 
85 85 85 85 85 85 85 85 71 71 75 58 58 58 62 62 62 58 59 47 47 47 34 34 34 34 34 34 9 9 27 25 9 9 9 9 9 7 7 7 
85 85 85 85 85 85 85 85 71 71 71 71 71 58 58 58 58 58 59 47 47 47 34 34 34 34 34 34 9 25 25 25 9 9 9 9 9 7 7 7 
