79 79 79 79 79 79 79 79 75 75 59 59 59 59 59 59 59 41 41 41 41 1 1 1 1 1 1 1 8 8 17 17 20 17 12 12 8 8 1 1 
79 85 85 85 85 85 59 59 75 59 59 66 66 66 61 61 41 41 54 41 41 1 1 40 1 1 30 1 1 8 8 17 17 17 12 12 8 9 1 1 
79 85 85 86 86 86 59 59 59 59 59 59 67 67 61 61 41 41 41 41 41 41 41 40 40 30 30 32 1 1 8 8 8 8 8 8 8 1 1 1 
79 79 79 79 79 79 59 77 59 59 72 59 67 67 61 61 41 41 41 50 50 41 41 40 40 30 30 30 30 1 1 1 13 13 13 13 1 1 2 2 
87 87 93 87 87 79 59 77 77 59 59 59 67 67 63 41 41 56 50 50 51 41 41 41 41 26 30 30 26 26 26 1 1 14 14 14 1 2 2 3 
87 87 87 87 79 79 59 59 59 59 59 59 67 63 63 41 41 50 50 51 51 41 41 41 42 26 26 26 26 26 21 21 1 1 1 1 1 2 2 2 
87 88 88 79 79 63 63 63 63 63 63 63 63 63 41 41 41 50 50 50 50 41 41 41 27 27 27 26 26 26 21 21 21 1 1 15 2 2 2 2 
87 88 88 79 88 63 63 63 63 63 73 64 64 68 41 41 41 57 50 50 50 27 27 27 27 36 27 27 26 26 21 21 22 4 4 15 2 2 2 2 
94 94 88 88 88 63 63 63 63 63 73 64 64 68 64 50 50 50 50 50 50 27 48 27 27 36 36 27 27 27 27 21 4 4 4 4 2 2 2 2 
80 80 80 80 80 80 80 80 73 73 73 64 64 64 64 50 50 50 50 27 27 27 27 27 27 27 27 27 27 28 28 21 4 18 4 4 2 2 2 2 
80 80 80 91 80 80 80 81 73 73 73 64 64 64 50 50 50 55 55 27 49 49 27 27 31 27 27 33 31 4 4 4 4 18 4 4 7 2 2 2 
80 80 80 91 80 80 80 65 65 65 65 65 50 50 50 50 50 55 55 27 27 27 27 27 31 31 37 31 31 4 4 18 18 18 16 4 7 2 2 2 
95 80 80 80 80 80 82 82 62 62 62 65 50 65 65 62 58 58 43 43 43 27 27 43 43 31 31 31 4 4 4 18 18 19 16 4 7 7 7 4 
95 80 80 80 89 80 80 78 62 62 62 65 65 65 62 62 58 58 43 43 43 43 43 43 44 38 34 34 4 4 4 18 18 16 16 4 4 4 4 4 
95 80 80 80 80 80 80 78 78 62 62 62 62 62 62 60 60 46 46 46 46 46 46 46 38 38 35 35 4 4 4 18 18 16 16 10 10 4 4 5 
95 92 92 90 90 69 69 83 62 62 62 62 71 60 60 60 52 52 52 52 52 46 46 47 38 35 35 35 4 4 25 25 23 11 11 11 11 5 5 5 
92 92 90 90 69 69 69 69 62 76 69 69 71 60 60 60 52 38 38 38 38 38 47 47 38 35 35 35 4 4 23 23 23 11 11 11 11 5 5 5 
92 92 92 92 69 84 84 69 62 76 69 69 69 69 60 60 52 38 38 38 38 38 38 38 38 29 29 29 29 29 23 6 6 6 6 6 6 5 5 5 
92 92 92 84 84 84 84 69 62 69 69 70 70 70 53 53 53 38 38 53 38 38 38 45 45 29 29 29 29 24 24 6 6 6 6 6 6 5 5 5 
92 92 92 84 84 84 84 69 69 69 74 70 70 70 53 53 53 53 53 53 38 38 38 38 38 39 29 29 24 24 24 24 24 6 6 6 6 6 6 6 
