72 72 72 72 72 72 72 72 66 66 66 54 54 54 54 54 37 37 37 37 37 37 32 32 28 28 28 26 26 16 16 16 16 5 5 5 5 5 5 1 
72 72 72 72 66 66 66 66 66 71 54 54 54 54 44 38 38 38 38 38 38 38 32 32 28 28 28 7 7 16 16 16 16 5 5 5 5 5 5 1 
82 82 82 72 66 66 66 66 54 54 54 63 63 58 44 38 47 47 47 22 22 22 32 32 28 28 7 7 16 16 16 7 7 7 7 5 5 5 5 1 
82 85 82 72 78 66 73 73 54 56 56 56 56 58 44 38 44 44 44 22 27 22 22 22 28 28 7 7 7 7 7 7 7 7 7 13 7 7 1 1 
82 85 82 72 78 66 54 54 54 56 53 53 56 58 44 44 44 48 44 44 27 36 36 22 22 22 23 23 23 23 7 7 7 7 7 7 7 8 1 2 
82 82 82 72 66 66 54 54 54 56 56 53 56 56 56 44 44 48 48 45 27 27 27 27 27 22 23 23 23 22 22 17 17 1 1 7 7 1 1 2 
82 82 82 82 66 66 74 74 54 53 53 53 59 59 53 53 53 50 45 45 30 30 30 33 27 22 22 22 22 22 19 17 17 1 1 1 1 1 2 2 
82 82 82 82 79 66 74 74 54 53 53 53 53 60 53 55 50 50 45 30 30 30 30 27 27 22 22 27 19 19 19 19 1 1 1 1 6 6 2 3 
86 79 79 79 79 66 66 75 54 67 67 64 53 53 53 50 50 50 45 30 30 30 30 27 27 27 27 27 19 24 19 19 1 1 1 1 6 6 2 3 
79 79 66 66 66 66 66 66 54 54 54 64 57 57 57 50 50 50 39 39 39 39 30 34 20 20 20 20 19 19 19 20 10 10 10 1 1 6 2 2 
79 79 66 83 66 66 66 66 54 54 54 57 57 39 39 39 39 39 39 39 39 30 30 34 29 20 20 20 20 20 20 20 10 1 1 1 1 6 6 2 
76 76 66 83 66 66 66 76 54 54 54 57 57 39 51 51 51 39 39 39 39 30 35 29 29 20 20 20 20 20 20 20 10 1 15 9 9 6 6 2 
76 76 76 76 76 76 76 76 54 54 54 57 57 39 51 51 51 39 39 39 39 30 35 35 30 20 20 20 20 20 20 20 10 1 15 9 9 6 6 2 
76 76 76 80 80 76 76 76 54 68 68 57 57 39 39 51 51 51 39 43 30 30 30 30 30 21 21 21 21 21 21 21 10 10 15 2 2 2 2 2 
76 76 76 80 81 76 76 76 54 54 54 54 61 61 39 39 39 39 39 43 30 40 30 31 31 21 21 21 21 21 10 10 10 10 15 2 2 2 2 2 
80 80 80 80 70 70 77 65 65 65 69 65 61 61 39 39 41 41 49 43 30 30 30 31 21 21 21 21 21 21 10 10 10 10 10 10 10 2 2 2 
87 80 80 70 70 70 70 70 70 65 65 65 52 52 52 52 52 41 41 43 43 30 30 31 25 25 25 25 25 25 10 10 10 10 14 14 2 2 4 4 
84 84 84 70 70 70 70 70 70 70 70 52 52 62 52 52 41 41 41 43 43 30 30 31 25 25 18 18 18 18 18 18 18 12 12 11 2 2 4 4 
84 70 70 70 70 70 70 70 70 70 70 52 52 52 52 52 41 41 41 46 41 41 31 31 25 25 18 18 18 18 18 18 12 12 12 11 11 4 4 4 
84 70 70 70 70 70 70 70 70 70 70 52 52 52 52 52 52 52 41 41 41 42 31 31 25 25 25 25 25 25 18 18 12 12 12 12 12 4 4 4 
