95 95 95 75 75 75 75 75 77 77 77 52 61 61 61 61 48 48 48 48 48 48 48 45 25 25 25 25 25 25 25 25 13 13 13 13 13 10 1 1 
95 75 75 75 88 88 88 75 75 75 75 52 48 48 48 48 48 48 48 48 37 37 37 45 25 37 25 25 25 25 25 25 13 13 8 8 14 10 1 1 
95 75 75 72 72 72 83 83 83 78 75 52 48 48 48 48 48 48 51 37 37 51 37 37 37 37 25 25 31 31 23 23 23 13 8 8 10 10 1 1 
95 75 75 72 90 72 83 83 63 78 75 52 52 52 52 52 52 52 51 51 51 51 49 37 37 38 31 31 31 23 23 13 13 13 8 17 10 10 1 1 
95 95 72 72 90 72 83 83 63 63 75 75 63 63 63 52 52 52 52 52 51 51 49 41 41 31 31 23 23 23 28 13 13 20 8 8 10 10 1 1 
95 95 72 92 72 72 83 83 84 63 63 63 63 56 56 56 56 56 56 52 41 41 49 41 42 31 35 23 23 18 18 26 13 13 13 8 8 11 1 1 
95 95 72 92 72 72 72 83 83 71 71 56 56 56 64 56 56 56 57 52 41 41 41 41 31 31 23 23 23 18 18 18 24 13 13 8 8 11 2 2 
95 95 72 72 72 72 72 86 83 71 71 56 56 56 56 56 60 56 57 52 41 41 41 31 31 33 23 23 32 18 18 18 24 13 13 8 8 2 2 3 
95 95 95 93 72 83 83 83 83 71 71 71 56 56 65 56 56 56 57 52 52 41 41 31 31 33 33 23 32 18 18 18 18 18 18 18 8 2 2 3 
95 95 95 93 72 83 72 72 72 72 72 71 71 53 53 53 53 53 53 53 53 41 41 41 31 31 33 23 32 32 3 3 21 21 18 18 8 8 8 3 
98 93 93 93 72 72 72 68 68 79 72 72 72 53 53 53 59 59 46 46 50 50 50 43 43 33 33 23 23 23 3 3 3 3 3 3 3 3 3 3 
93 93 96 89 89 89 89 68 68 68 68 68 68 68 53 53 46 46 46 46 50 50 50 43 43 33 33 23 23 23 3 22 22 22 12 12 12 12 3 3 
93 96 96 89 89 89 89 68 69 69 69 69 69 69 53 62 46 46 58 46 50 50 46 46 34 34 33 33 23 23 3 3 3 12 12 4 4 4 4 4 
93 91 91 91 91 68 68 68 69 80 69 69 69 69 53 46 46 46 58 46 46 46 46 47 34 34 33 33 23 27 27 27 3 19 19 4 4 4 5 5 
93 91 68 68 68 68 87 87 69 69 69 73 53 53 53 46 46 46 39 39 39 39 39 44 44 34 36 23 23 29 27 27 3 19 19 4 15 5 5 6 
91 91 68 94 68 68 87 87 81 81 73 73 53 66 66 46 46 46 39 55 39 39 39 44 44 34 36 23 29 29 29 3 3 5 5 5 15 5 6 6 
91 97 68 68 81 81 81 81 81 82 73 73 73 55 55 55 55 55 55 55 40 40 39 44 44 34 34 23 29 29 29 3 16 5 5 5 15 5 5 7 
91 97 68 68 81 81 81 81 85 67 67 67 74 55 40 40 40 40 40 40 40 40 39 44 44 39 34 23 30 29 29 3 16 5 5 5 5 5 5 5 
91 91 91 91 81 81 81 81 76 76 76 67 67 70 40 40 40 40 40 40 40 40 39 39 39 39 34 23 30 30 30 3 16 5 5 5 16 5 9 5 
91 91 91 91 81 81 81 81 76 76 76 76 67 67 67 40 40 40 40 54 54 40 40 40 40 40 34 34 3 3 3 3 16 16 16 16 16 5 5 5 
