91 79 79 82 82 79 73 73 73 68 68 49 49 49 55 55 49 49 29 29 29 29 29 29 29 28 28 28 28 17 17 17 17 17 17 1 1 1 1 1 
91 79 79 79 79 79 73 73 73 68 68 49 49 49 49 49 49 49 49 29 29 29 29 40 29 28 28 28 17 17 18 17 17 18 18 1 1 2 2 2 
91 79 79 69 69 69 69 69 69 69 65 65 49 49 49 52 52 52 36 36 36 36 36 40 29 29 28 28 17 17 18 18 18 18 4 4 1 1 3 3 
69 69 69 69 83 69 69 69 69 69 69 53 53 53 53 52 52 52 36 36 36 36 36 36 36 29 29 29 29 17 17 24 4 4 4 4 13 1 3 3 
83 83 83 83 83 69 69 69 69 53 53 53 60 60 53 53 53 46 46 36 36 36 36 36 36 36 30 30 30 17 17 24 4 4 4 4 13 1 3 3 
83 83 83 83 83 80 53 53 53 53 70 58 58 61 58 56 53 53 46 46 44 30 30 30 36 36 30 31 31 17 24 24 4 4 4 4 4 10 3 4 
83 83 83 83 84 80 53 53 53 53 70 58 58 58 58 56 53 53 44 44 44 30 30 30 30 30 30 31 31 17 17 17 17 20 4 4 4 4 8 4 
84 84 84 84 84 80 53 74 74 53 53 58 58 62 56 56 44 44 44 47 41 41 30 30 30 30 25 25 25 25 17 17 17 20 4 4 14 4 4 4 
84 84 76 76 76 80 53 53 53 53 53 58 58 56 56 57 44 44 44 41 41 41 30 30 37 30 25 33 32 25 25 25 12 12 12 16 5 5 5 5 
85 76 76 86 76 80 76 53 53 59 59 56 56 56 57 57 44 44 48 48 41 41 30 30 30 30 25 33 32 25 25 12 12 12 12 16 5 5 5 5 
85 76 86 86 76 76 76 59 59 59 59 56 56 57 57 44 44 44 48 48 41 41 41 41 35 35 25 32 32 9 9 21 21 12 16 16 5 5 5 5 
85 76 77 77 77 76 76 59 59 59 56 56 56 56 56 44 44 44 44 42 42 41 41 41 35 35 32 32 32 26 9 21 21 12 16 16 5 5 5 5 
85 76 77 76 77 77 77 59 71 71 56 56 56 56 56 44 44 44 44 42 42 41 41 41 35 35 32 32 32 26 9 21 21 12 12 16 5 5 5 5 
85 76 76 76 77 77 59 59 59 59 56 56 56 56 44 44 45 45 50 42 42 42 41 41 35 35 35 26 26 26 9 9 9 9 12 12 12 11 5 6 
85 88 76 76 78 78 59 59 59 59 66 66 59 59 59 45 45 45 45 45 45 42 42 38 38 26 26 26 23 23 23 22 22 9 9 12 12 11 5 5 
85 85 87 87 78 78 78 59 59 59 59 59 59 63 45 45 54 54 51 39 39 39 39 39 39 26 23 23 23 9 9 22 22 9 9 12 12 12 9 5 
89 85 85 64 64 64 64 64 64 59 59 59 59 45 45 54 54 51 51 39 39 39 26 26 26 26 23 27 27 9 9 9 22 9 19 9 9 9 9 5 
89 89 85 64 64 64 64 64 64 64 64 64 64 45 45 45 45 51 51 39 39 39 26 26 26 26 23 27 27 9 9 9 9 9 9 9 15 7 7 5 
89 89 85 64 64 81 64 75 64 64 67 67 64 64 45 45 45 43 43 43 43 43 43 26 26 26 23 34 27 27 9 9 9 9 9 9 15 7 7 7 
90 90 85 85 85 81 64 64 64 72 67 67 64 64 45 45 45 43 43 43 43 43 43 26 26 26 23 23 23 23 23 23 23 9 9 9 15 7 7 7 
