87 87 52 52 52 52 52 52 52 52 52 59 59 59 49 49 49 49 49 46 32 32 32 32 22 22 22 22 22 25 25 22 14 14 14 14 1 1 1 1 
87 52 52 52 52 52 52 70 70 70 52 52 49 49 49 46 49 49 46 46 32 32 32 32 22 22 22 22 22 22 22 22 14 18 1 1 1 1 1 2 
87 52 52 52 82 81 70 70 67 67 67 52 52 52 52 46 46 46 46 47 32 32 32 15 15 15 15 15 15 15 22 22 14 14 1 1 1 1 1 2 
87 86 86 81 81 81 70 70 67 67 60 60 60 60 52 57 52 43 43 43 32 32 36 15 15 15 15 15 29 15 22 22 14 14 1 1 1 1 1 2 
87 87 87 81 81 81 70 70 75 60 60 60 60 60 52 57 52 43 43 43 43 32 32 15 15 15 15 15 29 15 15 15 14 14 3 3 12 2 2 2 
90 88 88 71 71 70 70 75 75 60 60 60 53 53 52 52 52 43 43 44 37 37 32 32 32 32 32 15 26 26 26 15 21 3 3 3 3 3 3 3 
88 88 71 71 71 71 71 75 75 71 53 53 53 53 53 53 53 50 50 44 44 37 37 31 31 31 15 15 26 26 26 15 21 3 3 3 4 4 3 3 
88 88 71 79 79 79 71 71 71 71 53 53 53 61 42 42 42 50 45 45 31 31 38 31 34 31 31 31 26 26 19 15 15 15 15 3 4 4 3 3 
91 88 79 79 83 79 79 73 72 72 53 65 53 53 42 54 42 50 45 45 45 31 38 31 34 26 26 26 26 26 19 19 19 19 16 3 4 4 4 4 
91 88 88 85 80 80 80 73 73 73 53 53 53 53 42 54 42 42 45 45 45 31 31 31 34 26 26 16 16 16 16 16 16 16 16 3 4 10 4 4 
91 85 85 85 80 56 56 56 56 74 68 53 53 53 54 54 54 42 42 45 45 42 31 31 26 26 26 16 23 23 23 3 3 3 3 3 4 4 4 5 
91 85 77 77 80 56 66 66 68 68 68 62 62 62 54 54 54 42 42 42 42 42 33 33 26 26 26 16 23 23 23 3 6 6 17 4 4 4 4 5 
85 85 77 77 80 56 56 66 68 68 68 62 63 63 54 54 55 42 42 42 33 33 33 33 33 33 26 16 16 16 23 3 3 6 17 4 4 4 5 5 
85 85 77 77 80 80 56 66 76 51 51 62 51 51 58 58 51 51 33 33 33 39 39 33 33 33 26 26 26 16 23 23 3 6 4 4 4 4 8 6 
92 77 77 77 77 80 56 66 66 66 51 62 51 51 58 58 51 33 33 48 39 39 40 33 33 33 26 26 26 16 27 3 3 6 4 4 4 6 6 6 
92 77 77 77 77 77 56 56 56 66 51 51 51 51 51 51 51 33 48 48 39 40 40 33 33 26 26 16 16 16 27 3 6 6 4 4 13 6 6 7 
89 77 77 77 84 77 77 77 56 66 69 33 33 33 33 33 33 33 48 48 39 40 41 35 35 26 24 24 24 24 24 3 6 6 6 6 6 6 6 7 
89 77 77 77 84 77 77 56 56 66 33 33 56 56 56 56 56 39 39 48 39 40 41 35 26 26 24 24 24 28 24 24 20 20 11 11 11 11 9 7 
89 77 77 77 84 77 77 56 56 66 66 66 56 40 40 40 40 39 39 39 39 40 35 35 26 30 30 30 20 20 20 20 20 7 7 7 7 7 9 7 
89 89 77 77 78 78 78 78 56 56 56 56 56 64 40 40 40 40 40 40 40 40 35 35 26 26 26 30 30 20 20 20 20 7 7 7 7 7 7 7 
