44 44 44 44 44 44 44 44 44 44 72 44 44 44 44 44 44 44 44 44 44 44 31 31 31 31 26 26 26 11 11 11 11 1 1 1 1 1 1 1 
44 44 44 44 44 74 74 74 74 44 72 44 63 44 44 51 51 54 44 44 45 45 31 31 31 31 26 26 11 11 20 11 11 1 8 8 8 1 1 1 
67 67 67 67 74 74 67 67 67 44 44 44 63 63 51 51 51 51 51 45 45 40 40 31 31 19 19 20 20 20 20 11 16 1 1 1 1 1 1 1 
67 67 67 67 67 67 67 67 67 44 44 65 65 51 51 52 52 51 51 45 45 40 36 36 31 19 19 20 20 19 19 11 11 11 11 1 1 1 1 1 
67 67 67 67 67 67 75 75 66 66 66 65 65 52 52 52 52 55 52 33 33 33 41 31 31 19 19 19 19 19 19 19 2 2 12 1 1 1 1 1 
67 67 84 80 80 67 67 67 66 66 66 70 66 52 52 52 52 52 52 33 46 33 41 31 33 19 19 19 19 21 21 2 2 2 2 2 2 2 2 2 
87 87 80 80 64 64 64 67 67 67 66 66 66 52 52 53 53 53 53 33 46 33 33 33 33 19 19 19 19 2 2 2 9 9 9 2 2 3 3 3 
64 64 80 80 64 77 64 64 67 67 67 67 67 64 52 53 53 53 53 33 46 46 33 33 33 19 29 19 19 2 2 2 9 9 9 9 9 3 3 3 
64 64 80 80 64 77 77 64 67 67 67 64 64 64 37 37 37 37 37 33 33 33 33 33 33 19 19 19 19 2 2 2 17 3 3 3 3 3 3 3 
64 64 64 64 64 77 77 64 64 64 64 64 68 37 37 38 38 38 37 37 37 42 42 33 33 19 19 27 27 2 2 2 2 3 6 6 6 6 3 3 
64 85 85 76 76 77 77 64 64 73 73 24 24 37 37 38 38 38 38 50 37 37 37 37 18 18 18 18 18 18 18 2 2 3 6 6 6 6 3 3 
64 76 76 76 76 78 78 76 73 73 73 24 24 37 37 38 38 56 38 38 38 38 38 38 18 28 28 28 28 2 2 2 18 3 6 6 6 6 3 3 
76 76 83 83 76 76 76 76 73 73 73 71 24 24 24 24 24 34 34 34 34 34 34 34 18 18 30 28 28 2 22 18 18 3 3 3 3 3 3 3 
76 76 83 81 81 76 76 76 48 48 71 71 48 48 48 48 24 24 24 24 24 24 43 34 34 18 2 2 2 2 2 18 15 15 3 3 10 3 3 3 
88 76 83 81 76 76 76 76 48 48 71 71 48 48 62 48 57 57 24 24 47 24 24 24 35 18 18 18 2 2 2 18 15 5 5 5 10 4 4 4 
88 76 76 76 76 79 76 76 48 48 48 48 48 48 62 48 48 48 48 32 32 32 32 24 35 24 24 18 18 18 23 18 15 5 13 5 5 5 4 4 
88 76 76 82 82 48 48 48 48 59 59 59 59 59 59 59 59 48 48 32 32 32 32 24 24 24 24 18 18 18 18 18 15 5 13 5 5 5 4 4 
88 88 86 82 82 69 69 59 59 59 59 59 59 59 59 59 60 48 48 32 32 32 32 39 24 24 24 5 5 25 5 5 15 5 5 7 7 5 5 5 
86 86 86 69 69 69 69 59 59 59 69 69 59 59 59 59 58 58 48 48 48 32 32 32 24 24 24 5 5 5 5 5 15 5 5 7 7 7 5 5 
86 86 86 69 69 69 69 69 69 69 69 69 69 59 59 61 58 58 48 48 49 32 32 32 32 32 24 24 24 24 24 5 5 5 14 7 7 7 5 5 
