92 81 81 81 81 81 88 81 81 81 57 57 57 70 57 57 57 57 59 59 57 49 49 30 30 30 30 30 30 30 30 30 15 15 15 15 15 6 6 1 
92 81 81 95 92 81 81 81 81 81 57 57 57 57 57 63 63 57 57 57 57 49 30 30 30 30 30 35 35 35 6 6 15 15 15 6 6 6 6 1 
92 92 92 92 92 81 81 84 57 57 57 57 57 57 63 63 60 60 60 60 49 49 30 48 30 30 30 35 39 6 6 6 6 6 6 6 6 6 6 1 
97 92 92 92 93 82 82 84 57 66 66 66 66 66 63 63 60 60 60 49 49 53 30 30 30 30 35 35 39 6 32 31 26 26 6 6 6 6 7 1 
97 92 92 92 93 82 82 84 57 57 79 72 72 66 66 66 60 60 60 49 50 50 50 30 30 30 35 39 39 6 31 31 26 20 20 20 14 14 1 1 
97 97 97 68 68 82 82 82 82 57 79 72 72 66 66 49 49 60 60 49 50 50 51 30 30 30 35 39 39 6 31 14 14 14 14 14 14 1 1 2 
68 68 68 68 68 82 82 82 82 57 79 68 68 68 68 49 49 49 49 49 58 51 51 30 46 43 35 41 6 6 31 14 14 14 25 21 1 1 2 2 
68 98 98 68 68 68 68 68 68 68 68 68 73 49 49 49 51 49 49 51 51 51 52 31 31 43 35 35 6 31 31 14 29 17 17 21 1 1 1 1 
68 98 68 68 94 67 67 67 76 76 76 76 49 49 69 67 51 51 51 51 52 52 52 31 31 31 35 35 31 31 33 14 17 17 17 16 16 1 8 1 
68 68 68 96 67 67 89 67 67 80 80 67 67 67 67 67 51 51 51 51 52 52 52 31 31 31 31 31 31 36 33 14 17 27 17 17 17 1 1 1 
89 89 89 89 89 89 89 85 67 67 67 67 67 67 67 67 51 51 51 51 52 52 52 31 31 36 36 42 36 36 33 14 17 14 14 22 18 9 9 3 
89 89 89 89 89 85 85 85 67 67 67 67 74 64 64 64 64 51 51 61 52 52 31 31 31 31 36 36 36 37 33 14 14 14 14 14 18 9 9 3 
89 89 89 89 89 85 85 85 67 67 67 67 74 64 64 64 64 51 51 54 54 54 31 31 31 31 31 40 40 33 33 14 14 14 14 14 19 3 3 3 
91 91 91 91 85 85 86 86 67 67 67 74 74 64 64 64 64 51 51 54 54 54 31 31 44 44 33 33 33 33 14 14 28 28 10 10 19 3 3 3 
91 91 99 91 91 91 86 86 67 67 67 74 65 65 65 23 23 23 62 62 54 54 44 44 44 34 34 34 34 14 14 23 23 23 23 10 10 10 10 3 
90 91 91 91 91 91 77 77 67 67 71 71 71 71 65 23 23 23 62 23 23 55 44 44 44 34 34 34 34 34 34 23 23 23 23 23 10 10 11 4 
90 90 91 91 91 91 77 77 67 67 71 71 71 71 65 65 65 23 23 23 23 23 23 23 23 34 34 23 23 23 23 23 5 5 5 24 12 12 4 4 
90 90 91 91 91 91 77 87 83 77 77 77 45 45 45 45 45 23 23 45 45 45 45 45 23 23 23 23 5 5 5 5 5 5 5 5 12 12 12 5 
90 90 91 91 91 91 77 77 83 77 78 78 45 45 45 45 45 45 45 45 45 45 45 45 47 45 38 38 5 5 5 5 5 5 5 5 5 5 13 5 
100 90 90 90 90 90 90 77 77 77 78 75 75 45 45 45 45 45 45 56 56 56 45 45 45 45 38 38 38 38 5 5 5 5 5 5 5 5 5 5 
