83 83 83 83 88 67 67 80 80 78 61 61 61 61 61 61 40 40 40 40 40 40 40 40 40 40 38 13 13 13 13 13 13 13 13 7 7 7 7 1 
83 83 83 83 83 83 67 67 78 78 61 72 61 61 62 62 40 38 38 38 38 38 38 38 38 38 38 27 27 13 13 13 13 13 13 13 13 10 1 1 
83 83 83 83 83 84 67 67 78 61 61 72 67 40 40 40 40 38 38 38 46 46 46 38 38 41 27 27 27 27 27 13 13 13 10 10 10 10 1 1 
83 83 83 83 83 84 67 67 67 67 67 67 67 40 52 52 52 52 52 38 38 47 27 27 27 27 27 35 10 10 10 19 19 19 10 10 10 10 1 1 
83 83 83 75 75 75 75 75 75 75 75 40 40 40 52 63 52 52 52 52 38 47 27 27 43 35 35 35 10 10 10 10 10 10 10 10 10 10 1 2 
96 75 75 75 85 85 40 75 75 40 40 40 64 64 52 52 52 52 52 52 38 47 47 27 43 35 35 35 10 10 17 17 17 17 17 17 1 1 1 2 
96 75 75 75 76 76 40 40 40 40 59 59 64 64 64 52 52 52 52 52 38 51 48 27 27 35 35 35 17 17 17 20 20 20 17 17 14 1 1 1 
96 75 89 76 76 76 76 76 76 76 59 59 59 59 59 59 59 59 38 38 38 38 48 27 27 39 39 17 17 28 28 14 14 14 14 14 14 1 1 1 
96 75 89 89 89 68 68 68 68 76 76 59 59 65 65 59 59 55 55 38 38 38 48 27 30 30 30 30 30 28 28 14 15 15 15 15 15 11 8 3 
90 90 90 90 68 68 68 68 68 68 68 68 68 65 53 53 53 55 56 48 48 48 48 27 30 30 30 30 30 28 28 14 14 14 18 11 11 11 8 3 
90 90 90 90 68 68 68 68 68 68 48 48 48 48 53 53 53 56 56 48 48 48 48 27 30 30 36 36 30 30 24 24 21 21 11 11 11 12 8 3 
95 95 90 90 69 69 69 69 69 79 69 69 69 48 48 48 53 56 56 53 48 49 49 30 30 36 36 32 32 24 24 25 21 21 11 11 11 3 3 3 
95 92 92 69 69 69 69 82 69 69 69 70 70 48 48 48 53 56 56 53 48 48 30 30 44 32 32 32 33 24 24 24 11 11 11 11 3 3 9 4 
95 69 69 69 69 86 60 60 60 77 77 70 70 60 60 48 53 53 53 53 48 48 30 30 30 32 32 32 24 24 24 24 11 11 11 11 3 4 4 4 
69 69 69 69 69 86 60 60 60 71 71 71 71 60 60 48 48 48 54 54 48 48 30 30 30 32 32 32 24 24 24 5 5 5 5 5 3 3 3 5 
69 69 69 91 69 69 60 60 60 71 71 60 60 60 60 60 60 48 48 48 48 48 30 30 42 42 32 32 34 24 24 5 23 22 5 5 5 5 5 5 
93 93 69 91 69 87 60 60 60 60 60 60 57 57 57 57 60 60 57 45 45 45 50 45 16 16 32 32 34 16 16 26 22 22 5 5 5 5 5 5 
93 93 69 69 69 87 58 58 58 73 73 73 58 58 58 57 57 57 57 45 45 45 45 45 16 16 16 16 16 16 16 26 22 16 16 16 16 5 5 5 
93 93 93 69 69 69 58 58 58 58 74 74 58 66 58 58 57 57 58 45 45 45 45 16 16 29 29 29 29 31 16 16 22 16 16 16 16 6 6 6 
94 94 94 69 69 69 58 58 81 58 58 58 58 66 66 58 58 58 58 45 45 45 45 16 16 16 37 37 29 29 29 16 16 16 16 16 16 6 6 6 
