102 102 79 79 79 86 79 79 79 79 79 59 59 62 62 62 62 54 54 54 49 49 9 9 9 9 9 33 9 9 9 9 9 9 9 9 9 9 1 1 
87 87 87 79 79 86 79 79 79 79 59 59 59 59 59 59 59 54 54 54 49 49 9 9 45 40 9 33 9 9 9 9 20 9 9 1 1 1 1 2 
87 87 87 79 79 86 86 79 79 79 59 59 59 59 59 59 59 54 54 50 50 45 45 45 45 40 9 9 9 9 17 17 17 17 1 1 10 10 2 2 
104 87 87 87 79 79 79 79 73 73 73 73 73 59 59 63 63 54 54 55 50 45 45 45 46 34 34 34 1 1 1 1 17 17 1 1 10 2 2 2 
98 98 98 87 93 93 79 79 82 82 74 74 74 59 59 59 59 59 50 50 50 50 1 1 1 1 1 1 1 13 13 1 1 1 1 1 10 2 2 2 
98 87 87 87 93 93 79 79 74 74 74 75 75 59 59 59 59 59 50 50 50 50 1 1 41 41 1 1 31 13 13 13 21 10 10 10 10 2 2 3 
87 87 99 87 87 87 87 58 58 58 58 58 58 58 69 66 59 59 50 50 53 26 26 26 26 26 35 28 28 28 13 13 10 10 10 10 10 2 2 3 
87 87 87 87 87 87 58 58 83 83 58 58 76 58 69 66 26 26 26 26 26 26 26 26 47 26 35 28 28 28 13 23 10 10 10 10 10 2 2 3 
94 94 100 97 95 58 58 85 83 70 70 76 76 58 58 66 26 42 42 42 42 42 47 47 47 26 35 35 28 28 13 13 22 10 10 10 10 11 3 3 
94 94 94 97 95 58 88 83 83 70 70 70 70 70 58 58 26 42 42 42 42 42 47 26 26 26 26 26 26 26 26 13 13 13 10 10 3 3 3 4 
94 103 94 94 95 58 70 70 70 70 77 77 77 70 70 58 60 60 52 52 42 51 47 26 26 26 26 36 29 29 27 13 13 13 13 13 3 3 7 4 
94 94 89 94 94 94 70 70 84 77 77 70 70 71 58 58 60 60 52 52 42 42 47 47 47 42 29 29 29 30 27 14 14 18 14 3 3 3 4 4 
94 94 89 89 89 89 89 70 84 77 77 70 70 71 58 58 58 58 58 52 52 42 42 42 42 42 29 37 27 27 27 14 14 14 14 3 3 3 4 4 
94 94 101 80 80 80 90 70 70 70 77 70 70 71 64 64 64 58 58 56 52 52 42 42 29 29 29 37 27 6 6 6 14 14 15 3 3 3 4 4 
94 94 101 80 96 80 80 80 80 70 70 70 64 64 64 67 65 56 56 56 52 52 42 42 29 29 27 27 27 6 6 6 6 6 6 12 12 3 5 5 
101 101 101 80 96 81 81 81 80 80 80 64 64 72 65 65 65 56 48 48 48 43 43 43 29 29 27 38 32 25 25 6 6 19 6 12 12 3 5 5 
101 101 96 96 96 81 91 81 81 81 81 64 65 65 65 68 56 56 48 48 48 43 43 43 43 43 27 32 32 25 6 6 6 6 6 6 6 3 3 3 
64 64 96 96 96 81 81 81 64 64 64 64 65 68 68 68 56 61 39 39 48 48 48 48 27 44 27 32 25 25 6 24 6 6 16 6 6 3 8 3 
64 64 64 64 64 64 64 64 64 65 65 65 65 68 68 56 56 39 39 57 39 39 48 48 27 27 27 32 25 25 6 6 6 16 16 6 6 3 3 3 
64 64 64 64 64 64 92 64 64 65 65 65 78 68 68 56 56 39 39 39 39 39 39 39 39 39 39 32 32 25 25 25 6 6 6 6 6 6 6 6 
