93 93 93 90 90 74 74 74 74 78 78 51 51 51 57 57 57 57 57 49 49 49 33 33 36 36 36 36 23 23 23 23 23 23 14 14 1 1 1 1 
93 93 93 90 90 74 74 74 74 78 79 51 69 51 57 62 57 57 49 49 33 33 33 33 33 33 31 31 23 23 23 23 23 18 18 1 1 2 2 2 
93 90 90 90 90 74 74 74 74 78 51 51 69 66 57 57 57 57 52 52 33 42 42 42 42 33 39 31 23 23 23 26 18 18 19 1 1 2 2 2 
93 90 90 90 90 85 85 74 74 78 51 51 51 66 57 57 57 52 52 20 33 42 42 42 33 33 39 31 31 31 28 18 18 18 19 15 1 8 2 2 
93 93 93 85 85 85 85 74 74 78 73 73 51 51 57 57 57 52 58 20 33 33 33 33 33 33 33 33 33 28 28 18 18 18 15 15 1 1 1 1 
94 94 93 85 85 85 85 85 74 78 63 63 63 51 51 51 51 60 58 20 33 33 33 33 33 33 33 15 15 15 15 15 15 15 15 13 13 1 1 1 
93 93 93 75 75 84 84 84 74 74 74 74 63 63 63 63 51 60 59 20 20 20 20 45 33 33 33 15 15 15 15 20 20 15 15 13 13 9 1 1 
93 93 93 75 75 84 84 84 84 82 75 75 67 67 51 51 51 60 59 20 20 20 20 45 33 33 15 15 15 15 15 20 20 20 20 13 13 9 1 3 
93 93 75 75 75 75 75 75 75 82 75 64 64 64 51 51 59 59 59 20 20 20 20 20 20 20 20 20 20 20 20 20 20 20 16 16 9 9 1 3 
93 93 75 75 75 75 75 75 75 75 75 64 70 64 64 51 59 50 50 20 20 43 43 20 20 40 20 20 24 24 24 24 24 16 16 17 9 9 1 1 
93 93 93 75 75 75 75 75 75 75 80 64 64 64 64 51 50 50 50 50 50 43 43 43 43 40 25 34 24 29 29 24 24 16 16 7 7 7 7 1 
93 93 93 89 89 89 75 75 76 76 76 76 64 64 64 51 50 50 50 50 44 44 44 44 44 40 25 34 34 29 29 24 24 5 5 7 7 10 1 1 
89 89 89 89 86 86 75 75 71 71 71 61 68 68 65 51 51 50 53 53 44 44 44 37 37 40 25 25 25 27 27 27 24 5 5 7 7 10 1 4 
89 86 86 86 86 86 86 86 71 71 71 61 61 61 65 51 51 53 53 54 44 47 47 37 37 37 37 37 25 27 27 27 24 5 5 4 4 10 4 4 
86 86 86 86 81 81 86 86 71 71 71 61 61 61 65 51 51 51 51 44 44 47 48 37 37 37 38 25 25 32 25 25 24 24 5 4 4 10 4 4 
86 86 86 86 81 81 81 81 81 83 71 77 71 61 65 55 55 55 51 51 51 47 48 37 37 37 38 25 25 25 25 25 25 25 5 5 4 4 4 4 
86 86 91 91 81 81 81 81 81 81 71 71 71 61 65 55 55 55 55 41 41 47 47 37 37 37 38 21 21 21 30 21 21 21 21 5 5 5 5 5 
86 91 91 91 91 88 88 81 81 81 71 71 72 61 65 55 55 35 55 55 41 41 41 46 37 37 38 21 35 21 21 21 6 6 6 6 11 11 5 5 
86 86 86 92 88 88 86 87 81 81 81 72 72 61 65 61 61 35 35 56 35 35 41 41 41 41 38 38 35 21 21 6 6 22 22 6 6 6 6 6 
86 86 86 86 86 86 86 87 81 81 81 72 72 61 61 61 61 61 35 35 35 35 35 35 35 35 35 35 35 21 21 6 6 22 22 6 6 12 6 6 
