98 93 93 93 86 80 80 74 74 74 54 54 54 54 54 54 54 54 54 54 38 38 38 38 38 38 38 28 28 28 28 14 14 14 14 12 12 8 8 1 
93 93 93 93 86 80 80 74 74 74 54 54 54 54 54 54 50 50 38 38 38 38 38 38 38 38 38 28 28 29 29 14 14 14 15 12 8 8 9 1 
93 93 86 86 86 80 80 80 80 54 54 54 54 54 65 50 50 50 50 50 50 38 38 38 38 38 38 38 28 29 29 20 20 12 12 12 8 8 1 1 
86 86 86 94 72 72 72 80 80 54 54 54 54 54 65 50 55 55 55 55 50 50 38 38 38 38 38 38 28 30 30 20 20 12 12 2 2 8 1 1 
87 87 87 87 72 72 72 72 72 72 72 54 65 65 65 50 55 55 55 43 43 43 48 38 38 28 28 28 28 20 31 20 20 12 12 2 2 8 1 1 
87 87 95 87 72 72 84 81 81 72 72 54 50 50 50 50 35 35 35 43 43 43 43 43 43 28 28 28 35 20 20 20 20 20 2 2 2 8 1 1 
99 95 95 87 87 81 81 81 54 54 54 54 50 50 50 63 35 35 35 43 43 44 44 44 43 43 35 35 35 20 20 23 23 2 2 2 2 8 1 1 
95 95 96 76 76 81 67 67 54 75 50 50 50 50 50 35 35 35 35 35 35 35 35 44 44 44 35 35 35 20 20 23 16 16 16 2 2 2 2 2 
95 95 76 76 76 76 76 67 67 67 50 50 50 50 66 35 35 35 35 35 46 46 35 35 35 35 35 36 36 23 23 23 16 16 10 10 10 10 10 3 
85 85 85 76 76 76 76 76 76 67 67 50 50 50 66 49 49 49 49 35 46 46 46 35 35 36 36 36 23 23 32 17 17 21 10 10 10 10 3 3 
85 85 85 76 76 76 77 77 76 76 67 70 70 49 49 49 59 59 49 51 51 51 46 46 46 36 42 23 23 17 17 17 17 17 17 10 10 3 3 4 
85 85 85 88 88 77 77 77 77 77 67 49 49 49 49 49 59 59 49 49 49 25 47 47 47 36 36 23 37 17 33 22 24 22 18 4 4 4 4 4 
85 85 85 88 89 77 77 77 77 78 67 49 49 49 49 52 52 52 57 56 49 25 47 45 45 36 36 23 33 33 33 22 22 22 18 4 5 5 4 4 
85 85 85 88 89 77 77 82 82 78 67 67 67 67 49 49 49 52 52 56 49 25 25 45 45 45 23 23 33 33 25 25 25 18 18 4 5 5 5 5 
85 85 85 89 89 82 82 82 78 78 68 68 68 68 49 49 60 60 52 56 49 49 25 25 25 25 23 39 33 33 25 25 26 18 19 4 5 5 5 5 
85 85 68 68 90 82 82 82 78 78 68 71 68 68 58 58 60 60 52 52 52 49 49 25 25 25 25 25 25 25 25 25 18 18 19 4 5 5 11 6 
85 85 68 68 68 68 68 83 83 68 68 71 69 69 58 58 58 61 52 52 53 34 34 34 34 34 34 40 34 34 18 18 18 19 19 4 4 4 6 6 
85 85 68 91 91 68 68 83 83 68 73 71 69 69 58 64 58 58 58 34 34 34 34 34 34 34 34 34 34 34 18 18 18 13 13 13 13 4 6 6 
97 85 85 85 92 68 68 68 68 68 71 71 69 69 58 58 58 58 58 34 34 34 34 34 34 41 41 34 34 34 18 18 18 13 7 7 7 7 6 6 
97 97 97 85 85 85 68 68 79 79 71 71 69 69 58 58 62 62 34 34 34 34 34 34 34 41 41 41 34 34 18 18 27 13 7 7 7 7 7 7 
