96 96 72 72 72 72 72 72 72 72 72 72 70 59 59 59 59 59 53 53 53 38 38 38 38 38 28 28 28 28 28 1 1 13 13 13 7 7 7 1 
72 72 72 72 83 83 83 83 76 76 76 70 70 59 59 59 59 59 53 53 38 38 35 35 38 38 28 28 28 28 1 1 1 13 13 13 7 7 7 1 
72 72 72 72 83 83 84 84 76 76 70 70 62 62 62 62 59 59 59 50 50 50 35 35 35 35 35 20 20 20 20 1 1 13 13 13 7 7 7 1 
72 97 83 83 83 83 84 84 76 76 70 70 62 62 54 54 54 54 54 50 50 35 35 45 39 39 20 20 20 20 20 1 19 13 13 13 9 9 1 1 
72 83 83 93 70 70 70 70 70 70 70 70 62 62 54 63 48 48 54 56 50 33 33 33 33 33 20 20 20 24 24 1 1 1 13 13 10 10 1 2 
101 83 94 93 70 70 85 70 70 77 77 54 54 54 54 63 48 48 54 56 50 50 48 33 33 33 20 20 32 24 24 24 20 1 1 1 10 1 1 2 
101 83 83 93 63 63 85 85 54 54 54 54 71 63 63 63 48 48 54 54 54 48 48 33 33 33 34 20 20 20 20 20 20 1 1 1 10 1 1 2 
83 83 83 63 63 63 85 85 54 54 54 63 63 63 63 48 48 48 48 48 48 48 49 41 41 33 34 20 20 21 21 21 21 1 1 1 1 1 1 2 
83 83 83 63 90 63 63 63 63 63 63 63 63 63 63 48 48 48 48 48 48 51 49 41 41 33 34 34 33 17 22 22 22 17 17 1 1 8 8 2 
98 98 87 87 87 87 63 63 60 60 67 67 67 63 63 64 60 60 60 51 51 51 49 31 31 33 33 33 33 17 22 25 17 17 2 2 2 2 2 2 
74 74 87 88 88 88 60 60 60 60 60 73 67 67 67 60 60 49 49 57 49 49 49 31 31 31 31 17 17 17 25 25 17 17 2 2 3 3 3 3 
74 74 87 88 89 89 60 86 79 79 60 60 60 60 60 60 49 49 49 49 49 52 31 31 31 31 31 17 30 30 17 17 17 17 18 2 3 3 3 4 
74 74 95 88 89 89 60 86 79 68 68 68 68 68 49 49 49 61 49 49 55 52 36 36 42 31 31 17 17 17 17 17 17 18 18 2 2 4 4 4 
74 95 95 88 91 89 79 79 79 68 68 68 68 68 49 61 61 61 49 49 36 52 36 36 36 31 31 31 31 31 23 23 12 12 12 14 2 2 4 4 
74 95 95 88 79 89 79 81 81 68 68 68 68 49 49 61 61 61 49 49 36 52 36 36 36 40 29 29 29 29 23 23 12 12 12 6 6 6 6 5 
74 74 74 88 79 79 79 81 74 74 78 74 49 49 65 61 61 61 44 44 36 36 36 36 36 36 29 29 29 29 29 23 23 12 12 6 6 11 6 5 
99 99 74 74 74 74 74 74 74 74 74 74 49 69 65 65 44 44 44 44 44 44 44 46 43 36 36 29 29 29 29 12 12 12 15 15 6 6 6 5 
99 92 92 74 74 74 82 82 82 74 74 75 49 49 66 66 44 58 58 58 44 44 44 46 43 37 37 29 29 26 26 12 12 12 12 16 6 6 6 6 
99 92 92 74 74 74 82 80 80 80 49 49 49 49 66 66 44 58 58 44 44 44 44 44 44 37 26 26 26 26 26 26 12 12 12 16 6 6 6 6 
100 100 92 92 92 80 80 80 80 80 49 49 66 66 66 66 44 44 44 44 44 44 47 47 37 37 26 26 26 26 27 27 12 12 12 12 12 12 6 6 
