102 102 102 76 86 86 86 86 56 56 56 68 68 68 68 68 63 38 38 52 52 38 38 38 38 38 38 23 23 23 23 14 14 14 14 14 12 1 1 1 
98 98 103 76 86 86 86 56 56 80 56 71 71 38 38 38 63 38 38 38 38 38 34 34 34 34 34 23 23 23 23 14 14 19 12 12 12 1 8 2 
98 98 103 76 94 86 86 56 77 77 77 71 71 38 38 38 38 38 38 38 38 38 42 42 39 39 34 34 23 23 23 23 14 19 12 12 12 1 8 2 
98 103 103 76 89 89 89 56 77 77 77 71 71 71 38 56 56 56 56 56 53 42 42 42 39 39 39 24 24 24 24 24 14 1 1 1 12 1 1 2 
98 98 76 76 89 89 89 56 56 56 56 56 74 38 38 56 56 48 48 48 53 42 42 42 44 14 14 24 14 14 24 24 14 1 1 1 12 1 1 2 
104 98 76 76 89 89 76 76 76 76 76 56 56 56 56 56 56 48 58 48 53 48 48 42 42 42 14 14 14 14 28 14 14 1 1 1 1 1 3 2 
104 98 98 76 76 76 76 87 81 81 76 76 46 46 64 64 64 48 48 48 48 48 49 32 32 32 32 32 32 14 14 14 22 1 1 1 1 1 3 3 
104 104 98 98 95 76 76 76 81 59 59 59 59 46 64 54 54 54 54 54 54 29 29 32 45 29 29 29 29 14 14 17 17 20 1 1 1 1 4 4 
106 104 104 95 95 76 76 76 81 59 78 59 59 46 64 54 54 46 46 46 46 29 32 32 45 29 35 35 29 29 29 17 17 20 17 9 9 9 4 5 
81 81 81 95 81 81 81 81 81 59 59 59 75 46 46 54 54 46 46 57 46 29 29 29 45 29 30 30 9 9 9 17 17 17 17 9 9 9 4 5 
107 105 81 81 81 91 59 59 59 59 59 59 59 72 46 54 54 46 46 57 46 46 46 29 29 29 30 30 30 30 9 17 17 18 18 9 5 5 5 5 
107 105 99 99 91 91 88 88 59 59 59 59 59 59 46 46 65 46 46 46 46 46 46 29 29 40 30 30 30 30 9 25 9 9 9 9 10 10 5 5 
105 105 99 100 91 92 88 88 59 59 79 59 59 59 70 46 46 46 46 46 46 46 46 46 46 40 40 36 33 30 9 9 9 9 9 15 6 6 6 6 
105 91 91 91 91 90 90 84 84 59 59 59 59 59 59 59 59 59 59 51 51 51 50 46 46 40 40 36 33 30 30 13 13 9 9 9 6 6 6 6 
105 96 96 90 90 90 84 84 69 82 69 69 59 59 66 66 66 60 60 51 55 50 50 41 41 41 41 36 33 31 31 13 13 9 9 9 9 6 6 6 
105 96 96 101 93 93 84 84 69 69 69 69 69 69 69 69 67 60 61 51 55 50 50 41 41 41 36 36 33 31 31 13 13 13 9 9 9 6 6 6 
105 96 96 96 84 84 84 84 85 69 69 67 67 67 67 67 67 60 61 51 55 50 50 41 47 36 36 37 33 26 26 26 16 13 13 13 13 6 6 7 
97 97 97 96 84 84 84 84 83 83 67 67 67 67 67 67 62 62 51 51 55 50 50 41 47 36 36 33 33 27 27 27 16 11 11 11 11 11 6 6 
97 97 97 96 96 84 84 73 73 73 67 67 67 67 67 67 67 51 51 33 33 50 50 33 33 33 33 33 27 27 27 27 16 21 11 11 11 11 6 6 
97 97 97 97 97 84 84 73 73 73 73 73 73 73 67 67 67 51 51 33 33 33 33 33 43 43 33 33 27 27 27 27 16 16 16 16 11 11 6 6 
