89 89 89 89 89 82 82 72 72 72 72 70 66 66 66 60 60 55 55 43 43 43 43 43 41 36 36 36 30 30 30 17 17 17 17 6 6 6 6 1 
89 92 92 82 82 82 72 72 70 70 70 70 66 66 67 60 60 55 55 43 44 44 44 44 41 36 36 31 30 30 30 17 18 18 18 7 7 6 6 1 
89 92 82 82 82 82 72 78 70 70 67 67 67 67 67 60 60 43 43 43 44 44 36 36 41 36 36 31 31 31 31 17 18 21 19 7 7 7 7 1 
89 92 82 83 82 82 78 78 67 67 67 67 67 67 43 60 43 43 50 50 36 36 36 36 36 36 39 32 32 32 32 17 18 19 19 7 7 8 8 1 
89 89 82 83 82 82 78 78 67 67 67 67 67 67 43 43 43 36 36 36 36 39 39 39 39 39 39 32 32 15 15 15 15 19 13 13 13 8 8 1 
94 89 82 83 83 83 78 78 67 67 67 36 67 67 68 43 43 36 51 51 49 39 39 32 32 32 32 32 32 15 15 15 15 19 13 13 13 1 1 1 
94 89 82 79 79 84 78 78 67 67 67 36 36 36 36 36 36 36 51 49 49 32 32 32 32 32 32 32 32 15 15 15 15 15 13 13 13 1 1 1 
94 89 82 77 79 79 79 79 61 61 61 61 61 61 61 61 36 36 51 49 49 32 32 32 32 32 32 32 32 15 22 22 22 15 15 15 1 9 9 1 
89 89 82 77 79 79 62 62 61 61 61 61 61 61 62 62 56 56 47 47 47 47 42 42 42 35 35 22 22 22 22 26 22 22 15 15 1 1 1 1 
89 89 77 77 85 85 62 62 61 61 61 61 61 61 62 57 57 57 47 47 45 45 42 42 42 35 35 35 35 25 25 22 22 22 15 15 11 11 2 2 
89 89 77 85 85 86 62 62 61 61 61 62 62 69 62 57 57 57 45 45 45 45 45 37 37 37 37 35 35 25 25 22 22 22 15 15 11 11 2 3 
89 89 77 85 62 62 62 62 62 73 73 62 62 62 62 57 57 57 45 45 45 45 45 37 37 37 37 37 33 33 25 25 25 23 15 15 11 11 2 3 
95 77 77 85 85 80 80 80 62 62 62 62 63 63 63 57 57 58 45 45 45 45 45 37 37 33 33 33 33 27 27 2 2 23 2 2 2 2 2 3 
95 77 77 85 85 80 80 80 62 62 62 62 63 63 63 63 57 20 52 52 45 45 37 37 37 33 33 27 27 27 27 27 2 2 2 4 4 3 3 3 
95 93 77 85 85 80 76 76 76 57 57 71 57 57 57 57 57 20 52 52 37 37 37 40 40 33 33 27 34 34 24 24 24 24 4 4 4 3 3 3 
93 93 77 87 87 87 76 81 77 57 57 57 57 57 57 64 20 20 53 53 37 48 40 40 40 40 27 27 24 24 24 24 24 4 4 16 4 12 10 4 
93 93 77 77 88 88 76 76 77 57 74 64 64 64 64 64 20 20 20 37 37 48 40 40 40 40 27 27 24 24 24 24 24 24 5 5 4 4 10 4 
90 90 90 77 77 77 77 77 77 57 57 64 64 64 64 65 20 20 20 37 37 20 20 20 40 40 27 27 28 28 28 28 24 24 5 5 5 4 4 4 
90 90 90 90 90 77 77 77 75 75 57 57 64 64 64 65 59 59 20 54 20 20 46 20 20 20 38 38 28 28 29 29 24 24 5 14 5 5 4 4 
90 90 91 91 91 77 77 77 75 75 57 57 64 64 64 65 59 59 20 20 20 46 46 20 20 20 20 20 20 20 20 20 20 20 20 14 14 5 5 5 
