100 96 96 96 79 79 87 80 80 80 79 73 73 63 63 63 38 38 38 38 38 38 38 38 38 38 31 31 31 22 22 22 22 1 1 1 1 9 1 1 
96 96 97 97 79 79 87 80 81 81 79 73 73 63 59 59 59 38 38 38 38 45 45 45 31 31 31 22 22 22 27 27 1 1 13 13 1 9 1 1 
96 96 97 79 79 91 80 80 79 79 79 59 59 63 59 60 60 38 38 38 38 45 45 45 31 31 22 22 27 27 27 1 1 1 1 1 1 1 1 1 
96 96 97 79 79 91 80 80 79 79 59 59 59 59 59 60 60 58 58 38 38 45 45 45 22 22 22 22 27 27 27 1 1 1 1 1 1 1 1 1 
96 96 97 79 79 91 79 79 79 79 59 59 74 59 59 64 61 58 58 49 49 49 49 22 22 22 22 22 27 27 23 23 23 8 8 8 8 8 2 2 
101 96 97 79 79 91 79 76 76 76 76 76 66 66 66 61 61 55 55 49 49 40 40 22 22 39 32 32 27 27 23 23 23 8 14 14 8 8 2 2 
101 96 88 94 79 79 79 76 76 76 76 76 66 55 55 55 55 55 55 55 40 40 46 46 22 22 32 32 32 24 24 23 23 8 14 14 8 8 2 2 
96 96 88 94 94 76 76 86 76 76 76 76 66 55 55 62 62 53 53 56 40 40 40 40 40 22 22 24 24 24 24 24 24 8 8 8 12 8 8 3 
96 88 88 94 94 76 76 76 76 77 77 77 66 66 55 55 53 53 53 53 47 47 47 47 40 40 24 24 30 30 25 25 25 18 4 4 4 8 8 3 
96 88 98 76 76 76 84 84 84 77 77 77 66 66 67 55 53 53 53 53 47 50 50 41 41 41 34 34 30 30 25 25 18 18 4 4 4 4 4 4 
96 88 76 76 75 75 75 85 85 77 75 75 43 43 67 55 53 53 53 53 53 41 41 41 41 41 34 34 33 18 18 18 18 19 4 4 4 4 4 4 
88 88 76 76 92 92 75 75 75 77 75 75 43 43 43 57 57 53 53 53 53 41 42 42 42 42 33 33 33 28 28 19 19 19 5 5 5 5 5 5 
88 88 99 76 76 93 75 75 75 75 75 75 43 68 68 57 57 57 57 57 41 41 42 42 42 42 33 28 28 28 29 19 19 19 5 5 5 10 5 5 
102 88 76 76 76 88 88 78 78 78 78 75 43 43 69 57 57 57 57 57 41 41 48 42 42 42 33 33 28 28 5 5 5 20 5 5 5 6 6 6 
102 88 76 76 95 88 88 78 78 78 78 75 75 43 43 41 41 41 41 41 41 41 48 48 44 36 36 17 17 17 5 5 5 5 5 5 5 6 6 6 
88 88 76 76 88 88 88 78 78 78 78 78 70 70 43 65 43 43 43 52 52 52 44 44 44 36 37 17 17 17 5 5 5 5 15 15 6 6 6 6 
88 88 76 88 88 89 89 82 82 78 78 78 70 70 43 43 43 43 43 52 54 51 51 36 36 36 37 35 17 17 17 21 21 21 15 15 6 6 6 6 
103 88 76 88 90 89 89 82 82 82 78 78 70 70 70 43 43 43 52 52 54 51 51 36 36 36 37 35 17 17 17 17 11 11 16 16 6 6 6 6 
88 88 76 88 90 89 89 83 83 83 70 70 70 72 71 43 43 43 52 43 43 51 51 36 36 36 35 35 17 17 26 26 26 11 11 11 6 6 7 7 
88 88 88 88 90 90 90 83 83 83 70 70 70 70 71 43 43 43 43 43 43 43 43 43 43 43 35 35 17 17 17 17 17 17 17 11 11 11 7 7 
