70 70 70 70 70 76 76 76 60 69 60 60 60 60 39 39 45 45 45 45 45 45 39 39 39 39 33 33 14 14 14 18 18 18 18 6 6 6 1 1 
70 70 70 82 82 76 77 77 60 60 60 60 60 61 39 39 45 39 39 52 39 39 39 39 39 39 33 33 14 14 14 18 18 18 18 6 6 6 1 1 
70 70 70 70 70 70 70 70 70 70 39 39 39 61 39 39 39 39 39 39 39 39 39 39 24 24 24 24 32 14 14 14 14 18 18 14 6 6 1 1 
65 84 84 84 66 66 66 66 66 66 39 64 39 61 39 39 39 49 49 49 49 24 24 24 24 24 24 24 32 14 14 14 14 14 14 14 7 7 1 1 
65 84 84 84 66 66 66 65 65 66 39 39 39 39 39 49 49 49 24 24 24 24 40 40 15 15 15 24 24 24 24 15 15 19 7 7 7 8 1 1 
65 65 84 84 66 80 65 65 65 66 66 39 57 57 57 49 49 49 24 24 24 40 40 40 34 34 15 15 15 15 15 15 15 19 7 7 7 8 1 1 
88 65 66 66 66 80 65 65 65 65 65 65 57 58 56 56 49 49 24 24 24 24 40 40 34 34 34 34 21 21 15 15 15 15 15 15 7 7 2 2 
65 65 66 66 66 80 65 65 65 65 53 57 57 58 58 49 49 49 24 24 24 24 40 40 41 34 34 35 21 21 15 15 20 15 15 7 7 7 2 2 
65 66 66 66 66 65 65 73 73 71 53 57 55 55 49 49 54 49 40 40 40 40 40 40 25 25 25 25 29 21 21 15 15 15 15 7 7 2 2 2 
65 65 65 65 65 65 73 73 71 71 53 57 55 55 49 49 49 49 40 40 50 25 25 25 25 25 25 25 29 29 21 21 21 16 16 16 2 2 3 3 
65 65 85 67 67 67 73 73 67 67 53 53 55 55 55 55 55 53 40 40 50 25 25 25 36 36 38 25 25 25 16 16 16 16 17 17 2 9 3 4 
85 85 85 67 67 67 67 73 67 67 67 53 53 53 53 53 53 53 40 50 50 25 25 25 25 36 36 36 25 25 16 16 16 16 17 2 2 3 3 4 
85 85 85 85 83 67 67 73 67 72 62 62 53 53 53 53 40 40 40 22 22 46 22 22 25 25 36 36 25 25 25 13 13 16 2 2 12 3 3 3 
85 85 85 83 83 67 67 67 67 67 62 62 53 53 43 43 40 40 40 22 22 22 22 22 22 22 22 22 22 30 26 13 13 13 2 2 12 2 2 3 
85 85 85 83 83 67 67 67 67 67 62 62 62 62 43 43 43 43 40 40 40 40 40 40 40 40 37 37 22 22 26 13 13 13 13 2 2 2 2 2 
89 85 85 79 79 79 79 74 74 59 59 62 62 43 43 43 43 43 43 43 43 47 43 43 40 40 37 27 27 22 22 23 13 13 13 2 2 5 5 2 
74 74 74 74 74 81 74 74 75 59 59 62 62 43 43 43 43 43 43 43 43 43 43 44 37 37 37 27 27 31 22 23 13 13 13 13 13 5 5 2 
74 87 74 74 74 74 74 75 75 59 59 59 59 63 43 43 43 51 51 43 43 43 42 42 37 37 27 27 27 31 22 22 13 13 13 13 13 10 5 2 
74 74 74 86 75 75 75 75 59 59 48 48 59 59 59 43 43 51 51 51 51 48 42 42 42 27 27 27 27 27 27 22 22 10 10 10 10 10 5 5 
75 75 75 75 75 78 78 78 59 68 68 48 48 48 48 48 48 48 48 48 48 48 42 42 42 27 27 27 27 27 28 22 22 10 10 10 10 11 5 5 
