89 89 86 82 82 71 71 71 71 66 66 66 51 51 59 51 51 51 51 44 44 44 44 40 35 35 15 15 15 15 15 22 15 15 15 6 6 6 6 1 
89 86 86 82 71 71 79 66 66 66 51 51 51 51 51 51 54 51 51 44 40 40 40 40 35 35 15 15 15 15 15 22 15 15 6 6 6 6 1 1 
86 86 87 82 71 79 79 66 66 66 51 51 63 60 60 44 44 44 44 44 40 41 41 35 35 35 15 15 15 15 15 15 15 15 13 13 13 10 1 1 
86 82 82 82 79 79 66 66 72 66 51 51 51 51 44 44 44 44 40 40 40 41 41 35 35 31 31 31 18 18 18 18 18 18 13 13 13 10 1 1 
82 82 82 82 79 79 66 66 66 66 51 51 51 51 44 56 40 40 40 40 40 41 41 35 35 29 29 32 18 18 18 18 7 7 7 7 7 10 1 1 
82 61 61 61 79 79 66 76 67 67 67 62 62 51 44 44 44 44 44 48 48 41 41 41 39 29 29 29 29 18 18 18 7 7 7 7 7 7 7 2 
82 61 88 79 79 66 66 76 67 67 67 62 62 62 61 44 44 44 44 48 48 41 41 41 39 29 29 29 29 24 24 7 7 7 7 7 2 2 8 2 
61 61 88 79 79 66 66 66 73 61 61 62 62 61 61 44 44 44 44 44 29 29 29 39 39 36 29 29 29 24 24 7 21 19 2 2 2 2 2 2 
61 61 61 61 61 61 61 66 61 61 61 61 62 61 45 45 44 44 44 44 29 29 29 39 39 36 29 26 26 26 7 7 21 19 2 2 2 11 3 3 
80 80 80 61 61 61 61 61 61 64 64 61 61 61 45 45 45 53 44 44 29 29 29 29 29 36 29 26 26 26 7 7 7 19 11 11 14 11 3 3 
80 80 80 61 61 61 74 74 74 64 64 64 64 45 45 57 45 53 52 27 27 27 27 42 29 29 29 25 25 25 16 16 7 11 11 11 11 11 3 3 
80 80 80 80 80 80 74 74 45 45 68 64 64 45 57 57 45 52 52 27 47 47 27 27 27 29 29 25 25 25 16 16 16 11 11 9 9 9 9 4 
90 80 80 80 80 81 45 45 45 45 45 45 45 45 57 57 45 47 47 47 47 45 45 43 27 27 27 25 25 25 25 16 16 11 11 9 12 12 4 4 
90 70 83 81 81 81 45 45 45 65 65 58 58 58 58 58 45 47 45 45 45 45 37 43 37 37 27 25 25 25 25 16 16 11 11 9 12 12 4 4 
90 70 83 81 81 75 75 77 45 45 65 58 58 58 58 58 45 45 45 50 46 46 37 37 37 27 27 33 27 27 23 23 16 20 16 9 9 9 9 4 
70 70 83 83 75 75 75 45 45 45 65 65 65 49 49 49 49 49 50 50 46 46 46 37 37 27 27 27 27 28 23 23 16 16 16 9 9 9 9 4 
70 70 70 70 75 75 75 78 69 69 65 65 65 49 49 49 49 49 50 38 38 38 38 38 38 38 30 30 30 23 23 23 17 17 4 4 4 4 4 4 
84 84 84 70 70 70 75 78 69 69 65 65 65 49 49 49 49 49 38 38 38 38 38 38 38 38 30 30 30 23 23 17 17 17 4 4 5 5 5 5 
84 85 84 84 70 70 75 75 75 70 65 65 65 49 49 55 55 49 38 38 38 38 38 38 38 34 34 17 17 17 17 17 4 17 17 4 4 4 4 4 
84 85 85 85 70 70 70 70 70 70 65 65 65 49 49 55 55 49 49 49 49 38 38 38 38 34 34 17 17 17 17 17 4 4 4 4 4 4 4 4 
