65 65 65 65 65 65 65 65 65 65 65 69 57 57 57 57 44 44 44 44 44 44 33 33 33 33 33 33 22 22 22 22 22 6 6 6 6 6 6 1 
65 65 65 65 65 65 65 66 66 66 65 69 65 57 57 44 44 22 22 22 22 22 33 22 22 22 22 22 22 15 15 15 15 6 6 6 6 6 6 1 
93 65 65 65 65 65 66 66 66 66 65 65 65 44 44 44 22 22 47 47 47 22 22 22 30 30 34 34 30 15 15 15 15 6 6 6 6 7 7 1 
87 65 65 65 66 66 66 75 66 66 70 66 66 44 44 44 22 50 47 49 42 42 22 22 30 30 34 34 30 15 15 15 15 19 15 13 7 7 7 1 
87 90 87 87 66 66 66 75 75 66 66 66 61 61 44 44 22 50 50 42 42 42 42 30 30 30 34 34 30 13 13 13 15 15 15 13 7 7 7 2 
87 87 87 83 83 66 66 77 75 75 66 66 61 61 61 22 22 22 22 42 42 42 43 30 30 30 30 30 30 13 13 13 13 15 15 13 7 7 8 2 
91 91 83 83 84 66 66 77 77 58 58 58 61 61 22 22 22 22 51 42 42 42 31 31 37 27 27 27 27 27 13 13 13 13 13 13 7 7 8 2 
91 91 83 72 72 79 66 66 58 58 71 58 58 58 22 22 22 51 51 42 42 42 31 31 27 27 27 27 31 13 13 13 16 16 14 14 8 8 8 2 
94 83 83 72 72 72 72 72 58 58 58 58 67 58 58 58 54 42 42 42 42 45 31 31 31 31 31 31 31 13 13 13 16 16 14 14 8 8 8 2 
94 83 85 85 85 55 55 72 58 58 58 58 67 54 54 54 54 42 42 42 42 45 31 40 31 31 31 28 32 13 13 13 16 20 16 2 2 2 2 2 
94 83 85 85 85 55 55 72 72 72 72 48 48 54 54 54 54 42 42 48 48 31 31 40 31 31 31 28 16 16 16 24 16 16 16 2 3 3 3 3 
76 76 85 85 80 80 55 78 48 48 48 48 48 48 48 59 48 48 48 48 48 31 31 31 31 28 28 28 16 25 16 16 16 16 16 3 3 3 3 4 
76 80 80 80 80 55 55 78 48 48 48 48 60 60 48 48 48 53 48 48 48 31 31 38 38 28 17 17 16 25 25 16 16 16 16 3 3 3 3 4 
76 76 88 88 55 55 78 78 48 48 73 48 68 60 60 60 55 53 52 48 48 28 28 28 28 28 17 17 16 16 16 16 17 17 17 3 3 3 3 4 
95 76 88 88 55 55 73 73 73 73 73 48 48 55 55 55 55 53 52 35 35 28 28 28 39 36 17 17 17 17 17 17 17 18 18 11 11 3 3 4 
92 76 88 88 86 55 73 73 74 74 74 55 55 55 62 53 53 53 52 35 35 28 28 41 36 36 17 17 17 17 26 17 17 18 18 11 12 9 4 4 
92 76 76 76 86 55 55 73 55 55 55 55 64 64 53 53 56 52 52 35 35 46 28 41 36 36 17 17 17 17 23 23 23 18 18 11 12 9 4 4 
92 92 82 76 76 81 55 55 55 55 53 53 53 53 53 56 56 52 52 35 35 46 28 28 28 28 28 28 28 28 23 23 9 9 9 11 12 9 4 4 
89 89 82 82 76 76 76 55 55 55 53 53 53 63 63 52 52 52 52 35 35 35 28 28 35 35 35 9 9 9 9 9 9 21 9 11 9 9 5 5 
96 89 89 82 82 82 76 76 76 76 53 53 53 63 63 52 52 52 52 35 35 35 35 35 35 35 35 9 9 29 9 9 21 21 9 9 9 10 5 5 
