90 90 82 82 82 82 65 65 65 65 65 65 65 65 59 55 55 32 32 32 32 32 32 32 32 32 32 32 23 23 23 23 13 13 13 6 6 6 6 1 
90 90 82 82 82 65 65 75 75 73 73 59 59 59 59 55 55 32 32 43 43 32 32 32 35 23 23 23 23 24 24 24 13 13 13 13 13 9 1 1 
90 90 82 82 82 65 79 75 75 73 73 59 57 57 60 57 32 32 32 43 43 32 40 32 35 23 23 23 28 9 9 25 9 9 9 13 13 9 1 2 
82 82 82 65 65 65 59 59 59 59 59 59 57 57 57 57 32 52 43 43 43 32 40 32 23 23 23 23 28 9 25 25 9 17 9 9 9 9 1 2 
82 82 82 65 65 65 59 59 59 59 59 59 57 66 32 32 32 52 43 43 43 32 32 32 23 23 23 23 28 9 9 9 9 17 17 9 9 10 1 2 
82 82 82 65 65 65 76 76 59 59 67 57 57 66 32 32 52 52 47 47 31 31 36 36 36 4 4 4 28 28 9 9 20 2 2 9 9 1 1 2 
80 80 80 87 61 61 61 61 61 61 67 57 57 50 50 50 47 47 47 31 31 31 31 31 31 4 30 4 4 4 2 20 20 2 2 2 2 2 2 2 
80 91 80 83 83 83 61 61 61 61 67 57 57 50 50 50 50 50 50 31 31 31 31 31 31 4 30 30 30 4 2 20 20 2 2 2 2 3 3 3 
80 80 80 83 83 80 80 77 61 74 67 67 67 56 56 56 56 45 45 31 31 31 31 31 37 4 4 33 4 4 2 2 2 2 2 2 2 3 3 3 
84 80 80 80 80 80 77 77 61 74 67 67 68 56 56 56 45 45 45 48 44 31 31 31 31 31 31 31 4 4 4 4 4 4 2 2 3 3 3 4 
84 80 80 80 80 80 77 78 61 74 74 61 61 61 61 45 45 48 48 48 44 31 31 29 38 29 29 31 31 29 18 18 21 4 2 2 3 3 3 4 
84 84 84 84 80 80 77 61 61 74 74 61 69 62 62 45 45 44 44 44 44 26 26 29 29 29 29 29 29 29 18 18 21 4 14 14 14 4 4 4 
93 84 84 84 84 84 77 61 61 61 61 61 69 62 62 58 45 44 49 49 26 26 26 26 26 26 26 26 26 26 26 18 18 4 4 4 4 4 7 5 
92 92 88 88 85 77 77 77 69 69 69 69 69 62 62 58 45 53 26 26 26 41 41 26 26 26 26 26 26 27 26 26 18 18 15 15 7 7 7 5 
92 88 88 85 85 77 81 77 69 71 71 71 63 63 58 58 45 53 26 26 26 41 42 34 34 26 26 26 26 27 19 19 19 19 15 16 7 7 5 5 
88 88 89 85 86 77 77 77 69 69 63 63 63 63 58 58 45 45 45 26 26 42 42 34 34 34 27 27 27 27 19 19 19 19 15 16 7 7 5 5 
88 88 89 85 64 64 64 64 64 69 63 63 70 63 63 46 46 54 45 45 45 42 42 34 34 27 27 27 27 11 11 11 11 11 5 5 7 7 8 5 
88 88 89 85 85 64 64 64 64 69 69 63 70 64 64 46 46 46 46 45 45 42 42 39 39 27 27 27 27 11 11 11 22 11 5 5 5 5 5 5 
88 88 89 85 85 64 64 64 64 64 64 64 64 64 64 46 46 46 46 46 46 42 42 39 39 27 27 27 27 11 11 11 11 11 5 11 11 11 5 5 
94 88 89 85 85 64 64 72 72 72 72 72 64 64 64 46 46 51 51 39 39 39 39 39 39 27 27 27 27 27 27 27 11 11 11 11 12 12 5 5 
