84 84 54 54 54 54 54 54 54 54 54 54 54 54 54 54 47 47 47 47 39 39 39 37 24 24 24 24 24 25 24 16 16 16 7 7 7 9 7 1 
84 54 54 54 54 54 54 54 68 68 66 54 54 58 54 54 47 48 48 37 39 37 37 37 24 24 24 24 24 24 24 16 17 17 7 7 7 9 7 1 
84 54 54 54 72 72 72 72 58 58 66 64 58 58 47 47 47 48 48 37 37 37 38 38 24 24 24 24 24 24 24 16 15 15 15 7 7 7 7 1 
84 84 54 54 72 72 58 58 58 64 64 64 58 47 47 48 48 48 49 37 37 37 38 38 29 29 24 24 24 26 24 16 15 15 7 7 7 7 1 1 
84 84 79 79 75 72 58 58 58 64 64 58 58 47 47 48 48 48 48 37 37 37 40 29 29 29 29 29 24 26 24 21 15 15 7 7 7 1 1 2 
84 84 79 75 75 72 58 58 58 58 58 58 60 47 47 52 52 52 48 40 40 40 40 29 29 29 29 29 24 24 24 21 11 11 11 7 7 1 2 2 
79 79 79 75 75 72 58 58 58 58 60 60 60 47 47 47 52 52 48 40 40 40 40 29 29 29 29 29 21 21 21 21 11 11 11 7 1 1 2 3 
79 79 79 75 75 72 72 72 58 58 34 34 61 47 47 47 53 53 48 48 34 34 34 34 19 19 19 19 21 21 21 21 11 11 11 7 2 2 2 2 
85 79 79 80 59 59 59 59 70 34 34 34 34 47 47 47 53 34 34 34 34 41 41 34 19 19 19 19 19 21 21 21 19 11 11 7 2 2 2 2 
85 79 79 80 59 59 74 59 59 34 62 62 34 34 34 53 53 34 50 41 41 41 42 34 19 19 19 19 19 19 19 19 19 11 11 7 2 2 2 2 
85 76 76 76 76 59 73 73 59 34 62 62 55 55 34 34 34 34 50 41 41 41 42 34 34 19 19 19 19 19 19 18 18 18 11 7 7 2 2 4 
85 76 83 77 77 59 73 59 59 34 62 62 55 55 55 55 34 34 50 41 41 42 42 18 18 31 19 19 27 27 19 18 5 5 11 11 7 7 2 2 
85 76 76 77 59 59 73 59 34 34 62 62 55 33 33 33 32 32 41 41 41 42 42 18 18 31 19 19 19 19 19 18 5 5 12 12 5 5 8 5 
85 81 81 59 59 59 59 59 69 69 62 62 55 33 33 33 32 32 41 41 41 44 43 18 31 31 18 18 18 18 18 18 5 5 5 5 5 5 5 5 
81 81 81 81 59 59 69 69 69 69 51 62 62 33 33 33 32 32 32 32 32 32 43 18 18 18 18 30 22 22 22 22 5 5 5 5 6 6 6 6 
81 81 81 59 59 71 69 69 69 69 51 51 51 51 57 33 33 32 32 45 45 32 32 35 35 22 22 22 22 23 23 20 20 5 13 13 6 6 6 6 
82 82 82 59 59 71 71 71 71 65 65 65 51 51 57 33 33 32 32 33 33 33 32 32 36 22 23 23 23 23 23 20 20 5 5 5 10 10 6 6 
82 82 82 82 59 59 59 59 59 65 65 65 51 51 57 33 33 33 33 33 46 33 32 32 36 22 23 23 23 28 14 14 14 14 6 6 6 6 6 6 
82 82 78 78 78 67 67 67 59 59 59 59 63 51 51 56 51 51 51 46 46 33 32 32 32 32 23 23 23 28 14 23 14 14 6 6 6 6 6 6 
82 82 78 78 78 67 67 67 67 67 67 59 59 59 51 51 51 51 51 46 46 33 33 33 33 33 23 23 23 23 23 23 14 14 14 14 6 6 6 6 
