109 96 96 96 90 90 90 88 72 72 72 72 75 59 59 59 59 61 61 57 57 49 49 23 23 23 23 38 23 23 23 23 23 2 2 2 2 10 10 1 
96 96 96 96 90 90 90 88 72 72 81 72 75 59 59 59 59 61 61 57 57 49 23 23 44 44 23 23 23 29 24 24 24 2 2 2 10 10 1 1 
96 100 96 96 96 88 88 88 72 72 81 72 72 59 59 59 59 57 57 57 57 49 23 23 23 23 23 35 35 29 24 24 2 2 2 2 10 10 1 1 
96 100 100 100 88 88 88 88 72 72 72 73 72 59 59 59 63 57 57 57 57 49 50 23 23 23 23 35 36 29 29 24 2 2 2 2 2 2 2 2 
96 105 88 88 88 89 88 88 72 72 72 73 72 72 59 59 63 57 57 57 57 49 50 45 45 23 35 35 36 24 24 24 20 20 17 17 2 2 3 3 
103 103 103 93 93 89 89 89 82 82 82 73 73 73 59 63 63 57 57 57 45 45 45 45 46 23 35 35 24 24 20 20 20 17 17 17 11 11 3 4 
103 103 93 93 93 93 89 89 82 82 73 73 73 59 59 63 63 63 51 51 51 51 51 23 23 23 23 39 24 33 20 20 25 17 17 17 11 12 3 4 
106 106 101 101 97 86 86 86 82 82 73 73 73 59 59 59 63 63 51 51 51 51 51 23 23 23 23 39 24 24 30 20 25 14 14 18 11 3 3 4 
106 106 101 101 97 86 86 86 86 66 66 66 76 65 65 59 63 63 51 51 51 51 51 40 40 40 40 37 37 24 30 14 14 14 14 11 11 5 5 5 
97 97 97 97 97 86 86 83 83 66 77 66 66 65 65 59 59 59 59 59 51 51 52 40 40 40 40 37 37 24 30 21 21 14 14 14 14 5 5 5 
97 107 97 97 67 67 67 83 83 66 77 77 66 66 65 65 65 40 40 40 40 40 52 40 40 40 40 40 5 24 21 21 21 14 14 14 15 13 5 5 
97 91 67 102 67 94 67 83 83 83 83 77 77 66 66 66 66 40 40 40 40 40 40 40 40 40 40 5 5 5 5 5 21 21 14 14 13 13 5 6 
91 91 67 67 67 94 67 67 67 85 67 67 67 71 71 67 67 40 40 54 34 48 48 48 40 40 40 5 5 5 31 5 21 21 5 5 13 5 5 6 
91 108 98 98 80 80 80 80 67 85 67 67 67 71 71 67 67 40 55 54 34 34 34 34 34 34 41 41 27 27 27 5 5 22 5 5 5 5 6 6 
91 91 98 98 80 80 80 80 67 85 67 67 67 67 67 68 67 40 55 54 54 54 53 34 34 34 41 41 6 6 27 27 5 5 5 6 6 6 6 7 
110 91 104 98 98 80 80 80 67 85 67 74 74 74 67 67 67 40 55 55 58 55 53 34 34 34 6 6 6 6 6 6 6 6 6 6 16 7 7 7 
91 91 104 91 91 91 91 80 67 67 67 74 78 56 56 69 40 40 62 55 55 55 53 34 34 34 42 42 34 34 28 28 6 6 6 6 7 7 7 7 
91 91 91 91 99 92 92 80 87 67 67 74 74 56 56 56 40 64 56 56 56 56 53 34 34 34 34 34 34 28 28 6 6 19 19 6 7 7 7 8 
111 91 91 92 92 92 80 80 80 80 84 79 79 56 56 56 56 56 56 60 53 53 53 34 34 43 43 34 34 28 32 6 26 6 6 6 8 8 8 8 
111 91 91 92 92 95 80 80 80 80 80 80 80 56 56 70 56 56 60 60 53 53 53 47 47 43 43 28 28 28 32 6 6 6 6 6 8 8 9 9 
