94 94 94 94 94 77 77 77 77 77 49 49 49 49 49 49 49 49 53 53 53 49 49 39 39 39 39 39 20 20 20 23 20 20 12 12 12 1 1 1 
94 100 94 94 77 77 77 77 77 77 49 71 71 49 49 63 63 49 53 53 53 49 49 39 39 39 39 39 20 20 20 20 20 12 12 12 12 1 1 1 
94 94 94 87 87 90 77 85 77 77 49 49 71 71 69 63 63 49 49 49 49 49 49 39 39 33 33 33 33 20 20 12 12 12 16 12 12 1 1 2 
94 94 94 87 87 90 77 85 77 77 77 77 69 69 69 63 63 63 34 34 34 34 34 33 33 33 42 40 34 12 12 12 16 16 16 2 2 2 2 2 
94 94 94 87 87 91 77 77 77 81 69 69 69 45 45 45 60 60 60 58 44 44 34 34 34 34 40 40 34 12 26 2 2 2 17 2 8 8 3 3 
94 94 94 87 87 87 77 77 72 72 72 72 72 45 66 45 60 58 58 58 44 44 44 34 34 34 40 34 34 12 26 2 2 2 2 2 8 8 3 3 
94 94 94 87 95 87 87 72 72 78 78 78 72 72 66 45 60 58 58 58 44 44 44 44 34 34 34 34 35 12 12 12 2 2 2 2 2 3 3 3 
86 86 86 87 87 87 87 72 72 72 78 78 72 72 66 45 45 45 61 54 54 44 44 44 34 34 34 14 14 12 12 2 2 18 18 2 2 3 3 3 
86 101 86 86 96 86 86 86 72 72 80 64 64 73 66 66 45 45 61 54 50 50 50 44 44 44 14 14 14 14 27 2 18 18 2 2 2 9 4 4 
86 86 86 86 86 86 72 72 72 80 80 64 64 64 67 67 45 45 45 54 50 50 45 45 45 14 14 41 36 14 14 2 2 2 2 13 13 9 4 4 
86 86 86 86 92 92 72 72 74 74 74 75 75 64 67 68 64 64 45 45 45 50 45 46 46 14 14 41 36 14 14 24 19 19 19 9 9 9 4 4 
86 86 86 86 88 88 88 72 74 76 74 74 74 64 67 64 64 59 59 59 45 45 45 25 25 25 14 41 36 14 28 19 19 9 9 9 4 4 4 5 
86 97 97 97 88 93 72 72 74 76 74 74 74 64 64 64 59 59 59 59 51 51 51 25 25 25 14 14 36 14 14 19 9 9 9 9 4 4 5 5 
86 97 97 97 88 72 72 74 74 76 74 74 74 74 64 64 59 65 59 59 51 37 37 37 37 25 29 14 14 31 14 14 21 21 15 15 4 4 5 5 
86 98 98 88 88 89 89 74 84 76 76 76 74 74 59 59 59 55 55 55 55 37 37 37 37 25 29 29 29 29 29 14 14 14 15 15 4 4 4 4 
86 98 98 88 88 88 88 74 82 82 70 76 76 59 59 55 55 55 62 37 37 37 37 37 47 25 25 25 29 29 22 22 22 14 14 14 14 6 6 4 
86 86 86 88 88 88 88 74 82 82 70 70 70 59 59 55 62 62 62 37 37 52 52 37 37 43 43 25 32 32 22 22 22 14 14 6 6 6 7 4 
99 86 86 82 82 82 82 82 82 82 70 70 70 70 70 55 62 56 56 56 56 48 48 48 37 43 43 25 25 25 30 25 22 6 6 6 10 10 4 4 
99 99 99 82 82 82 82 82 82 83 70 70 55 55 55 55 62 62 57 57 57 48 48 48 37 37 37 37 37 25 30 25 22 6 6 6 4 11 4 4 
102 99 99 82 82 82 82 82 82 79 79 79 55 55 62 62 62 62 57 57 48 48 48 48 37 37 38 38 38 25 25 25 22 22 6 6 4 4 4 4 
