98 98 98 98 93 93 84 84 84 84 67 67 74 67 67 67 53 53 53 53 53 53 42 42 44 36 36 31 31 19 19 19 19 19 16 13 6 6 6 1 
98 98 98 98 93 94 84 84 84 85 67 67 67 67 70 53 53 65 42 53 53 53 42 42 36 36 37 31 19 19 25 25 13 13 16 13 6 8 1 1 
89 89 93 93 93 94 89 75 85 85 67 67 67 71 53 53 65 65 42 53 53 53 42 42 42 42 37 34 19 28 25 13 13 13 13 13 6 7 7 2 
89 89 93 89 89 89 89 75 75 75 75 75 75 71 53 53 47 47 42 42 42 42 42 34 34 34 38 34 19 19 25 13 13 13 13 13 6 7 7 2 
89 89 89 89 89 89 75 75 75 75 75 76 76 71 53 53 47 63 63 42 42 54 34 34 45 34 34 34 23 23 23 23 23 13 13 13 6 7 7 2 
89 89 89 99 89 89 75 75 75 75 75 76 76 71 71 47 47 50 50 42 42 34 34 34 23 23 23 23 23 23 23 24 24 17 17 14 6 6 2 2 
89 89 89 89 89 81 81 81 81 77 77 76 76 72 72 47 50 50 50 50 57 34 34 34 23 23 23 23 27 23 23 23 17 17 18 14 6 6 2 3 
96 81 81 81 95 81 81 81 81 77 77 80 77 47 47 47 47 47 58 50 50 50 50 30 30 23 23 23 27 27 27 23 17 17 18 14 6 2 2 3 
96 96 96 81 81 81 81 81 81 77 77 77 77 47 68 68 47 47 58 58 47 47 47 30 30 30 35 23 23 23 23 23 14 14 14 14 6 2 2 3 
96 96 96 100 96 90 90 81 81 77 77 81 78 47 68 68 47 47 59 59 47 47 47 47 46 30 35 35 14 14 14 26 14 20 11 11 6 6 2 3 
96 96 96 96 96 90 90 81 81 81 81 81 78 47 47 47 47 47 47 47 47 47 51 48 46 30 39 14 14 29 14 14 14 20 11 11 11 2 2 3 
96 96 96 96 91 91 91 88 86 86 64 64 78 47 47 60 60 60 60 60 48 48 48 48 46 30 30 30 32 14 14 14 20 20 11 11 11 2 3 3 
102 102 91 91 91 88 88 88 86 86 64 66 66 73 66 66 66 66 61 61 48 48 48 46 46 30 30 30 30 14 14 14 20 20 11 11 11 2 3 3 
102 102 91 97 97 88 92 82 82 86 64 66 66 66 66 66 66 61 61 62 48 48 48 46 46 30 30 30 30 14 14 14 20 20 9 9 9 9 3 3 
101 101 91 91 88 88 92 82 82 82 64 66 66 66 66 66 66 61 61 62 48 48 41 49 40 40 40 30 33 14 14 14 21 21 9 9 9 9 3 3 
101 101 101 91 88 88 92 82 82 82 64 64 64 64 64 61 61 61 61 62 55 55 41 41 40 40 40 30 30 30 14 14 21 9 9 9 12 10 4 4 
101 101 101 91 91 92 92 82 82 82 82 64 64 64 64 61 61 61 61 41 41 41 41 41 43 15 15 15 15 15 15 21 21 9 9 15 12 10 4 5 
103 101 101 91 91 82 82 82 82 82 83 64 64 64 69 69 61 61 41 41 41 41 52 43 43 15 15 15 22 22 15 15 15 15 15 15 12 10 4 4 
101 101 91 91 91 82 82 87 82 82 79 79 79 64 69 69 61 61 41 41 41 41 41 43 43 43 41 15 22 22 22 22 22 22 10 10 12 10 4 4 
101 101 91 91 91 82 82 87 87 87 79 79 79 64 64 64 64 64 64 41 41 56 41 41 41 41 41 15 15 10 10 10 10 10 10 10 10 10 4 4 
