85 81 81 60 60 60 60 60 66 66 40 40 40 53 53 53 40 40 40 40 40 40 40 36 24 29 29 26 26 21 21 12 12 12 12 1 1 9 9 1 
85 81 81 60 60 60 60 60 66 66 40 40 40 53 53 53 40 40 40 30 30 30 30 36 24 24 24 26 26 21 21 12 12 12 12 1 1 1 1 1 
83 83 73 73 73 73 73 60 60 60 40 40 40 53 53 40 40 40 40 30 30 30 30 36 24 24 24 24 24 24 14 14 12 12 12 1 1 1 1 1 
83 83 77 77 77 77 67 67 67 60 40 40 40 40 53 40 48 48 30 30 30 30 30 36 24 24 27 27 24 24 14 14 12 12 12 12 2 2 2 1 
77 77 77 67 67 67 67 68 68 60 62 40 40 40 40 40 48 49 30 44 42 30 30 30 30 30 27 27 24 24 14 14 18 3 3 13 2 2 2 2 
77 67 67 67 67 67 74 68 69 60 62 57 57 57 48 48 48 49 30 30 42 30 30 30 27 27 27 27 27 14 14 14 3 3 3 3 10 10 3 3 
77 67 67 67 67 67 68 68 69 60 62 57 58 58 48 47 47 47 47 30 30 30 30 30 27 27 27 27 27 14 22 14 14 14 14 3 3 3 3 4 
68 68 68 68 68 68 68 68 68 60 60 57 58 59 48 47 47 47 47 30 30 30 30 30 31 31 27 27 14 14 22 14 14 14 14 4 4 4 4 4 
68 68 68 61 61 68 68 68 68 60 60 57 58 58 54 54 47 47 47 30 30 32 32 37 31 31 23 23 14 14 14 14 14 14 14 4 4 4 4 4 
68 68 68 61 61 52 52 52 52 60 60 60 60 58 54 54 52 45 45 45 32 32 32 37 32 32 23 23 23 15 15 15 15 15 14 4 4 4 4 4 
68 68 68 61 61 52 70 70 52 52 52 52 52 58 55 52 52 45 45 45 32 32 32 37 32 33 23 28 23 15 15 15 15 15 14 4 4 4 4 4 
68 68 68 80 61 52 52 61 61 61 61 61 52 52 55 52 50 50 45 45 32 32 32 37 32 23 23 23 23 15 15 15 15 15 14 14 4 4 4 5 
68 78 78 78 61 61 52 61 61 63 63 61 61 52 52 52 50 50 45 45 38 38 32 32 32 23 23 23 23 15 15 15 19 15 16 15 4 4 4 5 
78 78 78 78 78 61 61 61 61 63 64 56 56 56 56 38 38 38 38 38 38 38 32 32 23 23 23 23 23 25 20 20 19 15 16 15 4 4 5 5 
78 84 78 78 78 61 61 71 63 63 64 56 56 56 56 38 38 38 38 38 41 38 38 38 23 23 23 25 25 25 19 19 19 15 15 15 4 4 5 5 
78 78 78 72 72 72 72 63 63 63 63 56 56 56 56 38 38 38 38 46 41 41 41 39 34 34 23 25 25 25 19 19 19 17 11 11 11 11 5 5 
86 72 72 72 75 75 75 63 63 63 63 56 56 56 56 38 38 38 38 46 39 39 39 39 34 35 23 6 6 6 6 17 17 17 11 11 6 6 6 6 
86 72 72 72 75 75 75 65 65 65 63 46 46 46 46 46 46 46 46 46 39 39 39 34 34 35 23 23 23 23 6 17 17 17 11 11 6 7 6 6 
86 72 82 72 72 72 76 65 65 65 63 46 46 46 46 46 34 51 34 34 43 39 39 34 35 35 23 23 23 23 6 6 17 17 6 6 6 7 7 7 
86 72 72 72 79 72 72 72 65 65 65 46 46 46 46 46 34 34 34 34 34 34 34 34 35 35 23 23 23 23 23 6 6 6 6 8 8 8 8 8 
