96 96 90 90 86 86 86 79 79 50 50 50 50 50 50 50 50 50 50 50 50 25 25 25 39 39 25 25 25 25 25 17 17 17 14 14 1 1 1 1 
90 90 90 90 86 86 79 79 80 50 50 50 50 64 64 64 50 50 54 54 51 25 46 25 25 25 25 26 26 26 17 17 17 17 14 14 1 1 1 1 
97 90 90 90 86 86 79 79 50 50 50 71 71 64 64 64 50 50 54 54 51 25 46 25 25 25 25 26 30 26 17 17 17 17 17 1 1 1 1 1 
97 97 79 79 79 79 79 79 50 50 64 64 64 64 64 64 61 51 51 51 51 25 25 25 25 25 25 26 26 26 26 17 17 17 18 1 1 1 1 1 
98 79 79 79 79 81 81 81 81 50 64 64 64 64 61 61 61 51 51 51 52 32 32 32 32 25 25 34 26 23 23 23 22 17 17 1 1 1 1 1 
98 79 79 79 89 81 81 81 50 50 64 64 64 64 61 61 51 51 51 55 52 47 42 42 32 32 38 31 31 23 23 23 22 17 17 1 6 6 6 2 
79 79 79 79 82 82 82 50 50 75 64 64 64 70 62 62 51 51 51 52 52 47 42 42 42 32 38 31 31 23 23 22 22 17 17 1 6 6 2 2 
79 91 91 91 82 82 82 50 50 50 72 72 67 67 62 62 62 51 51 52 47 47 42 43 43 32 38 12 12 12 12 22 12 12 12 12 12 10 2 2 
79 91 91 91 82 82 82 82 82 50 50 63 67 67 67 65 52 52 56 52 47 48 42 42 42 32 38 12 12 12 12 12 12 19 19 10 10 10 2 2 
79 79 79 79 87 87 87 82 82 76 50 63 67 63 63 65 52 52 52 52 47 42 42 42 42 32 32 35 32 12 12 12 19 19 19 10 10 3 3 3 
79 79 79 79 87 87 87 83 83 76 50 63 63 63 63 65 52 52 47 47 47 42 42 42 42 40 32 32 32 12 12 12 19 19 19 13 13 3 7 4 
79 79 87 87 87 87 87 83 76 76 66 66 66 66 63 63 63 47 47 53 53 42 42 40 40 40 33 33 33 12 12 12 15 15 15 15 7 7 7 4 
87 87 87 92 73 73 73 83 76 76 66 66 66 66 68 63 63 47 47 53 53 42 42 40 40 40 33 33 28 28 24 24 15 15 8 8 8 8 4 4 
87 87 87 92 73 73 73 73 73 66 66 66 66 66 66 66 57 57 47 47 47 41 41 41 41 33 33 33 28 29 24 8 8 8 8 8 8 8 4 5 
87 87 93 85 85 85 85 85 73 66 66 66 66 69 69 59 59 57 57 41 41 41 41 41 41 33 4 4 28 29 24 8 8 8 8 8 8 8 4 5 
87 87 87 87 88 88 73 73 73 66 66 59 59 59 59 59 59 59 41 41 44 41 41 41 41 33 4 4 28 24 24 8 8 20 20 16 8 8 4 4 
87 87 94 87 77 77 73 73 73 73 74 59 59 59 59 60 60 60 44 44 44 41 41 41 41 33 4 4 4 24 24 8 8 20 20 16 8 11 8 4 
99 87 87 87 77 77 73 73 84 73 73 73 60 60 60 60 60 60 44 44 49 49 41 41 41 33 36 36 4 4 27 21 21 20 20 16 8 8 8 4 
95 95 95 77 77 77 73 73 77 77 60 60 60 58 58 58 60 60 58 44 49 49 44 44 41 33 33 37 4 4 27 21 21 21 21 4 4 9 9 4 
95 95 95 77 77 77 77 77 77 78 60 60 60 58 58 58 58 58 58 44 44 44 44 45 41 41 33 37 4 4 4 4 4 4 4 4 4 4 4 4 
