100 85 85 85 71 71 71 71 71 71 71 36 36 36 36 36 36 36 36 36 36 36 36 36 36 36 36 36 36 23 23 23 23 23 11 11 11 11 1 1 
85 85 93 85 71 71 71 82 36 36 36 36 36 36 36 36 59 50 50 44 44 52 44 44 44 36 36 36 36 23 7 7 7 7 11 7 7 12 1 1 
85 93 93 85 85 85 71 71 71 71 62 62 62 62 62 62 50 50 50 44 44 44 44 23 23 23 23 23 23 23 7 29 7 7 20 7 7 1 1 1 
85 93 93 85 85 85 85 79 79 71 62 62 62 62 62 63 50 50 50 44 23 44 44 23 23 23 23 23 23 23 7 7 7 7 20 7 7 1 1 1 
85 91 91 91 91 85 71 71 71 71 72 46 46 62 62 62 50 55 55 44 23 48 48 23 45 33 33 33 37 33 7 7 7 7 20 7 7 7 7 2 
85 91 91 91 85 85 86 71 71 71 71 46 46 62 62 62 50 55 55 44 23 48 48 23 23 33 33 33 33 33 7 7 7 7 7 7 8 8 8 2 
85 91 91 85 85 86 86 71 71 71 71 46 46 46 67 50 50 44 44 44 23 48 48 48 23 23 18 18 18 34 17 17 17 16 16 16 3 3 3 2 
85 98 85 85 86 86 75 75 75 75 73 46 46 46 50 50 60 44 44 44 23 23 23 23 23 23 18 38 18 34 17 17 17 16 16 16 3 3 3 2 
85 85 85 75 75 87 75 75 73 73 73 46 46 46 50 50 50 44 44 44 23 23 49 18 18 18 18 38 18 18 18 26 17 17 17 17 3 3 3 3 
94 94 94 75 75 75 75 75 73 73 73 46 46 46 46 50 50 50 50 44 23 23 18 18 18 18 39 27 27 27 18 26 26 17 17 18 3 9 9 3 
94 94 94 75 75 64 64 64 64 76 64 64 46 46 46 50 50 50 50 44 44 53 18 18 18 18 39 27 27 27 18 18 18 18 18 18 3 3 3 3 
75 75 75 92 75 64 64 64 80 64 64 64 64 64 46 46 46 58 50 50 50 50 50 39 39 39 39 27 27 27 30 30 24 24 18 18 10 10 10 4 
75 99 75 75 75 64 64 64 64 64 74 64 64 64 64 64 46 46 46 46 46 50 50 39 39 39 40 27 27 27 27 27 27 21 21 10 10 13 4 4 
75 75 95 75 75 88 83 83 81 74 74 61 61 64 64 65 56 56 46 46 46 46 46 46 46 40 40 27 27 28 28 28 21 21 13 13 13 13 4 4 
89 77 77 77 77 83 83 84 81 74 74 61 61 61 68 65 56 56 56 42 42 42 42 40 40 40 41 31 31 28 28 28 28 13 13 13 13 13 4 4 
89 77 96 77 77 83 81 81 81 77 61 61 70 61 61 65 61 57 57 42 42 42 42 42 40 40 31 31 31 31 31 28 28 13 22 13 14 14 5 5 
89 77 77 77 81 81 81 77 77 77 66 66 66 69 61 65 61 57 42 42 42 51 51 42 47 42 31 31 31 31 31 13 13 13 13 13 15 15 5 5 
89 77 77 77 77 77 77 77 78 78 66 66 66 61 61 61 61 57 42 42 42 51 42 42 47 42 31 31 31 35 13 13 25 25 13 13 15 5 5 5 
89 97 97 89 89 89 77 77 66 66 66 66 66 61 61 61 57 57 57 51 51 51 42 42 42 42 31 31 31 32 13 13 13 13 13 13 15 15 6 6 
89 89 89 89 90 90 77 77 66 66 66 66 66 66 66 66 57 57 57 51 51 54 43 43 43 43 31 31 31 32 32 13 13 13 13 19 15 15 6 6 
