81 81 81 81 88 82 82 82 49 49 77 49 49 57 57 57 57 49 49 49 49 49 35 35 35 35 22 22 22 27 22 12 12 12 15 5 5 5 5 1 
81 81 81 91 68 82 82 82 49 49 77 49 49 49 49 49 57 49 49 49 35 35 35 19 19 22 22 22 22 22 22 12 12 12 15 5 5 1 1 1 
81 91 91 91 68 85 49 49 49 79 49 49 62 62 62 49 57 57 57 49 35 35 35 19 19 22 22 22 22 22 23 12 12 12 12 12 5 1 1 2 
81 68 68 68 68 85 49 49 49 49 49 62 62 64 63 49 49 49 49 49 35 35 19 19 40 22 22 24 24 12 12 12 12 12 12 5 5 5 1 1 
81 68 92 92 68 68 49 49 80 62 62 62 71 64 63 49 49 58 58 51 51 19 19 19 19 19 24 24 24 12 12 12 12 16 16 5 5 5 1 1 
81 68 92 68 68 68 68 68 68 68 68 68 71 64 64 60 60 58 58 51 51 19 19 19 41 19 19 31 24 24 24 12 12 16 16 6 6 9 1 3 
81 68 68 68 86 86 61 61 61 61 61 68 68 68 65 60 37 37 37 51 51 30 30 30 30 36 19 19 19 19 20 20 6 6 6 6 6 6 1 1 
81 81 81 81 86 86 61 61 61 61 61 61 61 61 65 60 37 59 37 37 37 30 30 42 30 30 30 32 19 19 20 20 6 6 6 6 6 6 6 1 
81 81 94 81 89 83 83 83 78 78 78 72 72 61 60 60 37 59 37 37 37 45 30 30 30 30 30 32 19 19 19 19 6 6 6 6 6 10 6 1 
94 94 94 81 89 83 83 83 78 78 78 72 72 61 60 60 37 37 37 37 37 45 45 30 30 30 32 32 29 7 7 19 6 6 6 13 6 6 6 1 
94 94 95 81 81 83 83 73 73 73 73 73 72 61 66 60 37 37 55 37 37 37 37 37 37 30 30 21 29 7 7 19 19 6 6 13 7 7 7 1 
84 84 84 84 81 83 83 73 73 73 73 69 72 61 60 60 37 37 55 37 37 37 46 43 37 37 30 21 21 21 7 7 7 7 7 13 7 7 7 1 
84 96 96 84 81 81 81 81 81 73 73 69 61 61 60 60 37 37 55 37 52 44 43 43 37 37 30 30 30 21 25 1 1 18 7 7 7 11 1 1 
84 84 84 84 84 84 73 73 73 73 69 69 61 61 61 53 37 37 55 55 50 44 44 44 33 33 33 26 26 21 1 1 1 1 1 1 11 11 1 4 
99 98 84 84 84 84 73 73 67 67 69 69 69 69 61 53 37 37 55 55 50 50 47 33 33 33 33 26 26 21 21 17 17 17 17 1 1 1 1 4 
97 98 90 90 90 84 84 73 73 67 67 67 67 70 61 53 53 53 56 56 50 50 47 33 33 33 34 26 26 21 21 17 17 17 17 4 4 4 4 4 
97 74 90 74 74 87 84 84 73 74 74 74 67 70 61 61 61 53 53 53 53 47 47 33 33 33 34 26 26 21 21 21 17 17 17 4 4 8 4 4 
97 74 74 74 74 73 73 73 73 74 75 75 67 67 67 54 54 54 54 54 54 47 48 33 38 38 26 26 26 28 21 21 17 17 17 14 4 8 8 4 
97 74 74 93 74 73 73 73 73 74 74 76 67 67 67 54 54 54 54 54 33 47 33 33 38 39 26 26 26 14 14 14 17 17 17 14 4 8 8 4 
97 97 97 93 74 74 74 74 74 74 74 76 67 67 67 54 54 54 54 54 33 33 33 38 38 39 26 26 26 26 26 14 14 14 14 14 4 4 4 4 
