96 96 96 96 96 89 89 89 82 82 74 74 74 67 67 67 50 50 50 50 50 50 36 36 40 40 40 31 31 31 15 15 15 15 15 15 10 10 10 1 
96 96 96 89 89 89 90 82 82 83 74 74 58 67 62 62 62 60 58 53 53 51 36 36 40 40 32 32 32 32 15 15 10 10 10 10 10 10 10 1 
89 89 89 89 89 90 90 82 82 78 78 58 58 67 58 58 58 60 58 51 51 51 36 36 36 36 32 32 32 15 15 15 10 15 15 15 2 2 2 1 
89 89 89 89 89 90 90 90 78 78 79 58 67 67 58 68 58 58 58 51 51 51 36 45 45 36 32 32 15 15 27 10 10 15 18 15 2 2 2 1 
104 89 89 89 93 93 79 79 79 79 79 58 58 58 58 63 63 54 54 54 51 51 37 37 37 36 36 36 15 15 15 10 15 15 15 15 2 2 2 1 
104 104 99 99 93 79 79 91 64 64 64 64 64 64 64 63 63 54 54 54 51 51 37 37 37 41 24 24 24 33 15 15 15 15 15 16 2 2 2 2 
85 85 99 99 93 79 85 85 64 64 64 64 64 64 64 63 63 54 54 54 54 48 48 37 37 24 24 37 24 28 28 24 12 12 12 16 4 4 3 3 
85 85 85 85 93 85 85 85 85 76 76 76 75 64 64 64 64 48 48 48 48 48 48 37 37 37 37 37 24 24 24 24 12 12 12 16 4 4 3 4 
85 87 87 85 85 85 76 76 76 76 76 61 75 64 69 69 65 46 46 56 48 48 48 37 37 22 22 22 24 24 25 25 12 12 12 12 4 4 4 4 
85 87 87 85 85 94 76 86 86 76 76 61 61 65 65 65 65 46 46 56 46 46 46 46 46 22 22 22 22 22 22 22 12 19 19 12 4 4 4 5 
85 87 87 87 87 94 76 86 86 76 80 61 61 65 65 46 46 46 46 56 46 42 42 47 22 22 22 38 29 29 29 22 12 12 20 12 12 4 4 5 
85 105 87 87 87 94 76 76 76 76 80 61 61 65 65 46 46 59 59 46 46 49 42 22 22 22 29 29 29 30 30 22 22 12 17 17 5 5 5 5 
85 87 87 100 87 87 92 87 87 77 77 77 61 61 61 70 46 59 59 46 49 49 42 22 22 22 29 34 34 30 30 12 12 12 17 17 5 11 5 5 
85 87 87 87 87 87 87 87 88 77 71 71 71 61 61 70 46 46 46 46 49 52 42 42 42 42 29 29 29 12 12 12 5 5 17 17 5 6 6 6 
85 85 84 84 97 77 77 77 77 77 71 71 71 61 61 61 61 46 46 46 49 42 42 42 43 43 35 35 35 12 21 21 5 5 5 5 5 6 6 6 
106 85 84 101 77 77 81 81 81 81 81 71 71 71 71 71 61 46 46 46 49 42 42 42 43 43 35 39 13 21 21 21 21 21 21 13 13 7 7 7 
106 85 84 84 77 77 81 81 72 72 72 71 71 71 72 57 61 61 57 57 49 42 42 42 42 44 35 13 13 21 13 13 13 13 13 13 14 7 8 8 
106 85 85 84 84 95 81 81 84 84 72 72 72 72 72 57 57 57 57 57 49 42 42 42 42 42 35 13 13 13 13 23 23 9 9 9 9 9 8 9 
103 103 85 102 84 84 84 84 84 73 73 72 72 73 66 66 66 57 57 57 49 49 49 42 42 42 35 35 35 26 26 23 9 9 9 9 9 9 8 9 
103 103 103 98 98 73 73 73 73 73 73 73 73 73 66 66 66 57 57 55 55 49 49 42 42 35 35 35 35 26 26 26 9 9 9 9 9 9 9 9 
