751 751 751 751 751 751 751 751 751 798 798 798 888 798 798 798 825 825 825 825 825 825 798 798 798 798 751 751 751 751 751 751 729 729 721 721 669 669 669 669 669 669 669 669 658 658 585 585 585 585 585 585 606 470 470 470 470 470 470 470 509 509 509 509 509 509 461 461 461 480 480 461 461 461 308 308 308 441 308 308 308 308 379 379 379 379 379 379 308 308 308 308 308 308 308 315 315 308 178 178 178 178 178 178 178 178 226 226 226 226 203 203 203 203 178 178 178 178 151 151 151 106 106 106 106 100 100 67 67 67 79 2 2 2 2 2 2 2 1 1 
751 751 751 751 751 751 903 903 751 798 798 798 888 798 798 798 825 825 825 825 831 798 798 751 751 751 751 682 682 751 751 729 729 729 721 722 669 707 669 669 669 658 658 658 658 659 585 585 585 585 585 585 470 470 470 470 470 470 470 470 470 470 470 470 470 509 461 461 461 461 461 461 461 308 308 308 308 441 308 308 308 308 308 308 308 308 308 308 308 364 300 300 308 308 308 308 308 308 178 178 178 178 178 178 178 178 226 226 226 226 203 218 178 178 178 178 178 179 151 151 151 106 106 106 106 100 100 67 67 67 67 2 2 2 2 2 2 2 1 1 
940 751 751 940 940 903 903 903 751 751 751 798 798 798 798 862 825 825 831 831 831 798 751 751 751 751 751 682 682 682 682 729 729 729 721 721 669 707 669 669 669 658 658 658 659 659 652 585 585 614 614 614 470 470 470 470 470 470 470 470 470 470 470 470 470 509 509 461 461 461 461 461 461 308 308 308 308 308 308 419 419 419 308 308 308 308 383 308 308 364 300 300 300 300 300 300 300 300 300 178 178 178 178 178 178 178 226 226 226 231 203 203 178 178 178 192 137 137 137 151 151 123 123 106 106 106 100 100 67 67 67 2 2 2 2 2 2 2 2 2 
940 940 940 940 941 903 915 903 903 903 751 751 842 842 798 862 825 825 831 831 798 798 751 751 751 799 751 682 768 768 682 682 729 729 729 669 669 669 669 696 669 669 658 658 626 626 652 636 585 585 585 585 585 595 595 470 470 470 470 470 470 470 536 470 470 470 470 470 461 461 474 474 446 446 446 308 308 419 419 419 419 419 389 389 389 389 364 364 364 364 300 300 300 337 324 324 316 178 178 178 281 281 281 178 178 178 226 226 226 226 226 203 178 178 192 192 137 180 137 137 137 123 123 123 123 106 106 94 94 67 67 2 2 2 2 2 2 2 21 3 
941 941 941 941 941 903 915 915 903 903 751 751 842 842 798 798 798 798 798 798 798 819 751 751 751 751 751 682 768 768 682 682 730 730 730 669 669 669 669 669 669 669 626 626 626 626 626 636 626 626 585 585 585 595 470 470 470 470 470 470 470 470 470 470 510 510 510 470 470 488 470 470 446 446 446 446 446 419 424 424 424 420 389 389 364 364 364 364 364 301 300 300 337 337 324 324 316 178 281 281 281 257 257 257 257 178 178 226 226 226 226 203 203 178 137 137 137 180 137 137 137 137 137 129 107 107 107 94 94 67 80 2 2 2 3 3 3 3 3 3 
917 917 942 942 942 903 915 915 844 844 751 842 842 842 842 842 842 842 842 798 798 819 751 751 751 751 790 682 768 768 682 682 730 730 716 716 716 682 682 669 669 626 626 626 626 626 626 636 626 585 585 585 585 595 470 470 470 470 470 470 545 545 470 470 510 510 510 470 470 488 470 470 470 456 456 419 419 419 424 424 420 420 389 389 364 364 364 364 364 301 301 300 300 300 300 316 316 178 257 257 257 257 274 274 257 257 178 178 178 178 178 178 178 178 137 137 137 137 137 137 137 137 129 129 107 107 107 94 94 67 80 2 2 2 2 22 22 22 22 4 
917 917 917 917 943 903 924 844 844 844 751 842 842 842 842 842 751 751 751 751 751 819 819 751 751 751 790 682 759 759 759 682 682 682 716 682 682 682 682 682 682 626 626 626 626 626 626 626 626 585 585 470 470 470 470 470 470 555 555 470 470 537 537 510 510 510 510 470 493 488 470 456 456 456 457 419 419 420 420 420 420 389 389 372 372 372 372 364 364 365 301 300 300 300 300 316 316 178 257 296 257 257 274 243 258 258 178 178 178 178 178 178 178 137 137 193 137 137 94 94 94 145 129 129 94 94 94 94 67 67 67 67 2 52 2 22 22 22 4 4 
917 917 917 917 943 903 903 844 844 844 751 889 889 751 751 751 751 751 751 751 751 751 751 751 808 682 682 682 759 759 759 682 682 682 682 682 682 682 676 676 682 682 626 626 637 637 637 637 585 585 585 470 607 470 470 470 470 555 555 555 470 537 538 510 523 510 510 470 470 470 470 456 456 456 457 450 419 420 420 420 425 389 389 372 372 372 365 365 365 365 301 300 300 300 300 300 300 178 257 257 257 257 243 243 258 258 178 178 178 178 178 219 210 137 199 137 137 94 94 160 94 94 94 94 94 87 87 101 67 67 67 68 2 2 2 22 4 4 4 5 
917 917 917 952 903 903 903 916 844 844 751 751 751 751 849 849 849 751 751 751 826 826 779 779 738 738 676 676 676 676 676 676 676 682 682 676 676 676 676 676 676 676 676 637 637 637 637 637 585 619 619 470 470 601 470 470 580 470 470 556 470 537 537 510 510 510 510 470 470 470 470 456 456 456 450 450 419 420 420 420 425 372 372 372 395 365 365 365 301 301 301 300 300 300 300 300 300 178 257 257 257 257 243 275 258 258 178 178 178 178 210 210 210 137 137 137 94 94 168 94 94 94 94 94 94 87 87 87 95 87 4 4 62 22 22 22 4 5 5 5 
917 917 917 917 903 903 903 916 844 844 844 844 844 844 844 844 849 779 779 779 779 779 779 779 738 738 676 676 752 752 752 752 676 676 676 676 676 676 676 697 676 676 677 637 637 637 585 585 585 619 602 602 470 470 470 470 470 470 470 556 470 470 537 530 494 494 494 494 475 475 475 456 456 456 450 450 419 420 374 374 372 372 372 372 395 365 365 365 301 301 317 317 331 331 331 317 317 178 178 178 257 243 243 178 178 178 178 178 178 178 210 210 204 204 137 137 94 94 94 94 94 94 94 94 94 87 108 87 95 87 4 4 4 22 22 22 4 4 6 6 
960 960 960 917 903 925 925 872 872 872 844 844 844 844 872 844 849 779 779 779 820 820 779 779 738 738 738 676 676 676 752 752 676 676 676 676 676 676 676 691 691 677 677 638 638 660 585 585 619 619 602 602 602 602 585 585 531 531 470 470 470 470 537 530 494 494 494 494 475 475 475 475 442 442 442 442 374 374 374 374 372 372 372 372 372 380 380 380 372 301 317 317 317 317 317 317 178 178 178 178 178 243 243 178 242 242 242 242 238 178 178 178 204 204 137 137 94 94 138 138 138 138 138 94 94 87 108 87 87 87 4 4 4 22 22 22 22 4 6 6 
960 960 960 917 903 903 926 872 872 872 872 872 872 872 872 844 849 849 779 779 820 820 779 779 738 738 738 738 738 676 676 676 676 676 708 708 708 708 700 691 677 677 638 638 638 638 653 585 619 619 602 602 608 585 585 586 531 531 531 531 531 531 531 531 494 494 494 494 475 475 475 475 442 442 447 442 374 374 374 374 374 374 374 405 372 372 372 372 372 301 317 317 317 317 317 325 178 178 178 178 178 287 243 178 178 242 242 238 238 178 178 178 204 204 138 138 138 138 138 138 138 94 94 94 124 87 87 87 87 4 4 4 4 22 22 22 22 4 4 4 
960 960 961 917 944 903 903 872 872 872 872 872 844 844 873 844 849 849 779 779 820 820 820 779 791 791 791 779 738 676 676 753 745 700 700 723 708 708 700 691 677 677 638 638 638 638 585 585 585 585 608 608 608 585 596 531 531 531 531 531 531 539 539 532 494 494 494 502 494 462 462 442 442 442 447 442 442 442 374 374 374 374 374 374 374 372 372 373 373 301 317 317 317 317 317 266 266 266 266 178 178 287 243 276 178 249 249 238 238 178 220 220 146 146 138 138 138 138 138 138 138 94 94 94 124 87 87 87 87 4 4 4 4 53 49 22 22 23 23 4 
971 960 960 917 944 934 903 872 872 872 872 872 844 844 844 844 849 849 843 781 781 781 781 779 779 779 779 779 738 738 760 745 745 700 700 700 700 700 700 670 670 670 670 670 638 638 585 585 585 585 608 608 585 585 531 531 581 531 531 503 503 503 503 532 494 494 494 494 494 462 462 442 442 442 447 447 447 443 374 374 374 406 406 374 374 384 384 373 373 301 317 317 332 332 332 266 266 266 266 287 287 287 243 243 178 178 178 178 178 178 220 221 146 146 146 146 138 138 138 138 138 94 94 94 124 25 25 25 25 88 54 54 4 4 49 23 23 23 24 4 
967 967 960 917 917 934 903 872 872 872 894 844 844 863 863 863 781 781 843 781 781 781 781 781 800 800 779 779 738 738 760 745 746 700 724 724 700 700 701 670 670 670 670 670 638 638 654 585 585 585 585 615 585 585 531 581 581 531 531 503 503 503 503 503 494 494 511 462 462 462 462 462 462 442 442 447 447 443 374 374 374 406 374 374 374 374 374 374 374 301 301 350 332 332 332 301 301 301 266 266 266 265 265 243 243 259 178 178 220 220 220 146 146 138 138 138 138 138 138 138 138 25 25 25 25 25 25 25 25 54 54 54 54 4 4 23 23 4 4 4 
967 960 960 917 917 903 903 872 910 872 894 844 863 863 864 864 781 781 843 781 781 781 781 781 800 738 738 738 738 745 745 745 700 700 724 724 700 700 701 670 670 670 670 671 638 638 638 638 632 585 585 585 585 585 531 531 531 531 566 546 546 503 503 503 524 462 462 462 462 462 462 462 462 462 442 442 448 443 406 406 406 406 374 374 374 374 374 381 366 366 301 301 332 332 301 301 318 301 301 297 266 265 265 265 243 259 243 243 220 220 227 146 146 138 186 138 138 138 138 138 138 25 139 25 25 118 25 25 25 54 54 54 54 54 4 4 4 4 7 7 
967 960 960 917 917 903 903 872 872 872 894 844 844 844 844 844 844 781 781 781 781 781 781 781 781 738 780 780 738 738 700 700 700 737 700 700 700 700 701 597 597 683 670 671 632 632 632 632 632 585 585 585 609 603 531 531 531 531 566 546 546 503 503 524 524 462 462 462 462 481 481 442 442 463 442 442 443 443 406 406 406 406 406 406 381 381 381 381 366 353 353 301 301 301 301 318 318 297 297 297 266 266 282 265 243 243 243 220 220 220 146 146 146 138 186 186 186 138 138 138 152 25 25 25 25 25 25 81 25 25 25 69 63 35 35 35 4 4 7 7 
960 960 960 917 917 935 895 895 895 895 894 844 844 881 865 865 844 781 781 823 823 781 781 781 781 738 738 738 738 738 700 700 700 700 700 698 698 698 698 597 597 597 670 531 632 531 531 632 632 585 585 531 531 603 531 531 531 531 540 540 546 546 503 471 471 462 462 462 462 481 481 442 442 442 442 443 443 434 434 406 406 406 406 407 381 381 385 353 366 353 297 297 318 318 318 318 297 297 250 250 250 266 282 265 265 243 243 220 239 146 146 146 146 138 138 138 138 138 138 138 25 25 25 25 25 81 81 81 81 81 25 25 63 35 35 35 35 35 7 7 
960 962 962 917 935 935 895 895 911 895 894 894 881 881 865 865 844 844 844 823 823 781 781 781 781 792 792 769 769 738 738 754 700 700 731 698 698 698 698 597 597 597 670 531 531 531 531 632 632 531 531 531 531 531 531 531 531 531 540 540 540 540 503 471 471 471 471 471 471 482 482 442 442 442 442 443 443 434 434 406 406 406 406 407 381 381 353 353 366 353 297 297 297 297 297 297 297 250 250 250 250 266 266 266 266 243 243 220 239 146 228 146 146 146 146 146 146 146 146 146 25 25 140 81 81 81 81 81 81 81 81 25 25 55 35 25 25 25 8 8 
960 917 917 917 935 935 927 895 895 895 895 881 881 865 865 865 823 823 823 823 781 781 781 781 781 781 781 769 769 738 738 700 700 700 700 700 698 698 698 597 597 597 531 531 531 661 531 531 531 531 573 573 573 573 573 573 573 573 540 540 540 540 503 471 471 471 471 471 495 482 482 407 407 407 442 407 407 407 407 407 407 407 407 407 381 390 353 366 366 353 297 297 297 297 250 250 250 250 302 250 250 277 277 277 250 250 250 220 239 146 228 146 169 169 169 169 187 147 147 146 146 25 25 81 81 81 81 82 82 82 82 70 25 35 35 25 38 25 8 8 
960 917 917 917 917 917 927 917 895 904 895 865 865 865 874 865 823 832 832 832 781 821 821 781 781 781 781 769 769 738 761 700 700 700 700 700 698 698 698 597 597 531 531 531 531 661 604 604 604 604 573 573 587 587 587 587 533 533 533 533 533 540 503 503 503 503 503 471 471 471 482 407 407 407 442 407 407 435 407 407 407 407 407 407 381 381 353 353 353 353 354 297 297 297 250 250 309 309 288 288 250 250 250 250 250 250 250 220 239 146 228 146 169 183 169 169 187 147 147 147 146 146 25 109 109 109 109 82 82 70 70 70 25 35 35 25 38 25 25 8 
960 917 917 917 917 917 917 917 895 895 895 865 874 874 874 865 823 832 832 832 781 781 822 781 781 781 781 769 769 738 738 738 738 738 700 700 698 698 698 698 597 531 531 531 531 661 604 604 604 604 616 616 587 587 588 588 533 533 533 533 533 540 540 503 503 517 503 503 496 471 482 407 407 464 407 407 407 435 435 407 407 407 381 381 381 381 386 353 353 367 297 297 297 250 250 250 309 288 288 288 288 288 250 250 267 250 250 220 220 146 146 146 169 183 169 194 169 169 169 147 147 147 25 109 109 109 82 82 82 70 70 70 25 56 25 25 38 26 26 9 
918 918 918 918 918 918 918 918 895 895 895 865 865 865 865 865 823 823 832 832 832 781 781 781 801 801 781 781 769 769 739 739 739 739 700 700 700 700 597 597 597 684 531 531 531 661 604 604 604 604 616 552 587 587 588 533 533 533 533 533 533 517 517 517 517 517 503 503 496 471 471 407 407 407 407 451 436 436 436 407 407 407 381 408 381 381 342 342 355 355 297 297 297 250 250 250 250 288 288 288 267 267 283 267 267 240 240 244 220 220 169 169 169 183 169 169 169 25 25 25 25 25 25 119 109 109 82 82 82 82 26 26 25 25 25 38 38 26 9 9 
918 918 918 918 918 918 918 918 895 895 895 895 866 866 823 823 823 823 845 832 832 811 811 811 773 773 773 773 773 739 739 755 739 739 700 700 700 700 597 597 655 655 655 531 531 661 633 633 633 604 616 552 588 588 588 533 533 533 567 533 533 547 533 533 483 483 483 483 496 471 471 407 407 407 436 436 436 436 436 407 407 421 381 381 381 342 342 342 355 355 355 250 250 250 250 250 250 292 292 292 267 267 267 267 240 240 240 240 240 220 169 169 169 183 195 195 25 25 170 120 120 120 120 119 119 119 82 82 82 82 26 26 26 25 25 38 38 26 9 9 
972 918 918 918 918 918 918 918 912 890 890 890 866 866 823 823 823 850 823 823 823 811 811 811 773 773 773 773 774 739 755 755 739 717 717 717 700 700 597 597 655 655 655 661 661 661 633 633 633 604 616 552 588 552 552 574 574 533 533 533 533 533 533 533 483 483 483 483 483 471 471 471 407 407 436 436 436 396 396 396 396 396 396 396 396 342 342 342 355 333 333 250 250 250 250 250 292 292 292 292 267 267 240 240 240 240 232 232 241 220 169 169 169 183 25 25 25 120 120 120 120 120 120 120 119 119 83 83 82 82 26 26 26 26 26 26 26 26 9 9 
946 946 945 945 918 918 919 919 912 890 890 890 866 866 866 866 823 823 823 836 823 827 823 811 773 773 774 774 774 739 739 739 739 717 717 717 717 597 597 655 655 655 655 655 661 661 633 633 633 604 616 552 552 552 552 574 574 574 552 552 552 533 533 533 504 504 483 483 483 483 471 471 465 465 436 436 436 396 396 396 413 413 413 391 391 342 342 356 333 333 333 333 333 333 250 250 292 292 292 292 292 267 240 240 240 240 232 232 220 220 220 220 183 183 25 188 188 120 120 153 153 120 125 120 120 120 83 83 83 83 83 26 26 26 26 26 26 27 27 10 
946 946 945 945 945 919 919 912 912 890 890 890 866 866 867 867 854 823 823 823 823 827 823 811 774 774 774 782 747 747 622 622 622 622 622 622 597 597 655 655 620 620 620 655 655 655 655 620 620 604 604 604 604 604 552 552 552 552 552 552 552 548 504 504 504 504 483 483 483 483 471 471 471 466 436 436 396 396 368 368 368 368 368 391 391 391 342 356 356 356 333 333 342 333 250 250 250 250 267 267 267 267 240 240 240 240 232 232 220 220 220 220 183 183 25 25 25 120 120 120 154 120 125 120 120 121 83 83 89 89 26 26 26 57 26 26 26 27 10 10 
946 946 946 946 946 919 919 912 912 897 897 890 882 882 854 854 854 823 823 823 823 823 823 811 774 774 774 782 747 622 622 622 622 622 622 622 597 597 597 597 620 620 620 620 620 620 620 620 620 620 620 575 575 575 575 575 575 575 504 504 504 548 504 504 504 504 483 483 483 483 483 458 458 466 396 396 396 368 368 431 368 368 368 391 342 342 342 356 356 356 356 342 342 333 333 319 319 250 267 267 267 268 268 268 240 240 232 232 183 183 183 183 183 183 25 25 25 25 171 120 120 120 125 125 125 121 89 89 89 89 26 26 26 57 27 27 27 27 10 10 
946 946 946 946 947 919 919 897 897 897 898 890 882 882 854 854 828 828 828 828 828 828 811 811 802 802 774 783 747 622 756 756 622 622 622 622 685 597 597 597 620 620 678 620 620 620 620 627 627 620 620 575 575 575 589 589 575 575 504 557 504 504 504 504 504 504 504 483 484 484 484 458 458 466 396 396 396 368 431 431 368 368 391 391 342 342 387 356 356 342 342 342 342 319 319 319 319 250 267 267 267 268 268 268 268 232 232 232 183 183 183 189 189 189 189 189 189 25 171 155 155 148 96 96 96 121 89 89 89 89 36 36 64 36 36 36 28 28 28 10 
946 946 946 946 947 919 919 897 897 897 897 890 890 828 828 854 828 828 828 802 802 802 811 811 802 802 774 747 747 622 756 756 622 622 622 685 685 597 597 597 597 597 597 627 627 627 627 627 627 627 597 597 597 575 589 589 575 575 504 504 504 541 541 504 504 504 504 483 483 483 458 458 458 458 458 368 368 368 368 368 368 368 414 409 342 342 387 342 342 342 342 342 342 319 319 319 319 250 250 284 267 268 268 268 268 232 232 232 183 229 229 25 25 205 189 189 189 25 171 155 155 148 96 96 96 121 96 96 36 36 36 36 36 36 36 36 28 28 28 10 
968 968 828 828 828 828 919 920 897 897 897 890 890 828 828 828 828 828 828 802 802 802 802 802 802 802 774 747 747 747 747 756 622 622 622 685 685 685 685 685 685 685 597 627 627 627 627 639 627 627 597 597 597 575 575 575 575 575 504 504 504 504 504 504 504 504 512 483 483 483 458 458 467 467 368 368 368 368 368 368 368 368 368 409 342 342 387 342 342 342 250 250 343 319 319 319 319 250 250 284 284 284 284 232 232 232 232 232 183 229 25 25 25 205 189 189 189 25 171 96 96 148 96 96 96 96 96 96 36 36 36 36 36 58 36 36 36 36 10 10 
968 968 828 828 828 828 919 828 828 828 828 828 828 828 851 851 851 851 833 833 802 802 802 802 802 802 774 774 774 747 747 756 622 622 709 709 709 709 622 622 622 686 597 597 597 627 627 597 597 597 597 597 610 597 597 582 582 504 504 504 504 504 504 504 504 504 512 483 483 458 458 458 467 368 368 452 368 368 368 368 368 368 368 368 368 342 342 342 368 368 250 250 250 250 334 250 250 250 303 284 284 284 284 232 232 232 232 232 183 183 25 211 25 25 25 25 25 25 96 96 96 96 96 110 110 110 110 96 96 36 36 36 65 36 36 43 36 36 10 10 
968 968 953 953 828 828 919 828 851 851 828 828 828 828 851 855 855 770 833 833 833 793 793 802 803 803 793 774 774 747 747 747 622 622 709 622 622 622 622 622 622 597 597 597 597 597 597 597 621 621 621 597 597 597 558 558 558 504 504 504 504 504 504 504 504 504 512 497 497 458 476 476 467 368 368 368 368 368 368 368 368 368 368 368 368 368 368 368 368 369 250 344 344 250 334 250 303 303 303 284 284 284 284 232 260 260 232 232 232 183 25 211 211 25 25 25 25 181 96 130 130 141 141 110 110 110 110 97 97 36 36 65 65 36 11 11 39 11 11 11 
953 953 953 954 828 828 828 828 851 851 851 851 851 851 851 855 855 770 833 833 793 793 793 793 793 793 793 770 770 770 702 747 622 622 709 622 710 622 622 622 622 597 597 597 597 597 597 597 621 621 621 611 611 558 558 558 558 558 558 558 498 498 513 513 525 504 504 497 497 458 476 467 467 453 453 453 368 368 368 368 368 368 368 368 368 368 250 250 250 250 250 344 345 250 250 250 303 303 303 279 279 284 284 232 232 232 232 245 232 183 25 25 25 96 96 181 181 181 96 130 130 130 142 110 110 111 111 97 97 90 36 65 65 36 11 11 11 11 11 11 
953 876 876 876 828 828 851 851 851 851 851 883 883 883 726 726 726 770 833 833 793 793 770 770 770 770 770 770 770 702 702 747 747 622 622 622 710 622 622 622 622 687 597 597 597 622 622 640 498 498 498 611 558 558 558 558 576 576 568 498 498 498 513 513 513 513 504 504 458 458 476 467 467 453 453 453 368 368 368 368 368 422 368 368 368 368 250 344 344 344 344 344 345 320 320 320 320 279 279 279 279 278 278 278 183 183 183 245 232 183 183 183 212 96 96 96 182 182 96 96 156 130 130 110 110 111 90 90 97 90 36 36 36 36 11 11 11 11 11 11 
953 876 955 876 876 876 851 851 856 851 851 883 726 726 726 868 726 770 833 833 770 770 770 784 784 770 770 770 770 702 702 702 748 622 622 622 710 622 622 622 687 687 597 597 597 622 622 622 622 622 498 498 558 558 558 498 498 498 568 498 498 498 513 513 513 513 513 458 458 458 458 458 467 453 453 453 415 415 415 415 415 415 415 392 392 250 250 344 344 344 344 345 345 320 320 320 321 279 279 279 279 279 279 279 183 261 183 245 232 232 183 183 212 96 96 96 96 96 96 96 149 149 130 130 111 111 90 90 90 90 50 50 50 50 50 11 11 11 11 11 
876 876 955 955 876 876 921 921 856 883 883 883 726 856 856 856 726 770 770 770 770 784 784 784 784 770 770 770 762 762 762 702 702 622 622 622 710 622 622 622 656 656 679 597 597 622 622 622 634 622 622 498 498 498 498 498 583 498 568 498 498 498 498 498 498 498 498 458 458 458 468 458 458 453 453 453 415 392 392 392 392 392 392 392 392 250 250 250 375 344 344 304 304 320 320 320 304 304 304 279 279 262 262 262 183 261 183 233 233 233 183 96 96 96 96 96 96 96 96 161 149 149 111 111 111 111 90 98 98 50 50 50 50 50 12 12 12 11 11 11 
876 969 955 955 876 876 856 856 856 883 883 883 891 856 875 856 726 784 784 784 784 784 785 785 784 794 794 762 762 763 749 749 702 702 622 622 710 622 622 622 656 656 656 656 656 656 656 622 634 628 514 514 514 514 514 514 514 498 498 498 498 498 498 498 498 518 498 505 458 458 468 468 458 458 458 415 415 392 392 392 392 392 392 392 392 392 338 338 338 357 357 304 304 304 304 304 304 262 262 262 262 262 262 262 183 183 183 233 233 233 183 96 213 196 196 96 96 96 96 111 111 111 111 111 111 111 90 90 50 50 71 71 50 50 12 12 12 29 29 12 
876 876 876 876 876 876 856 891 891 891 891 891 891 856 875 856 726 726 726 784 784 785 785 785 784 784 795 762 762 763 749 749 749 702 702 702 710 710 622 622 656 656 656 656 656 622 622 622 628 628 514 514 514 514 598 590 514 577 498 498 498 549 514 514 518 518 498 498 458 458 485 468 458 458 458 415 415 392 392 392 392 392 392 392 393 393 338 338 338 357 357 304 304 304 304 304 262 262 262 262 262 262 262 269 183 183 183 183 183 234 183 96 96 196 196 96 96 96 96 111 111 111 111 90 90 90 90 90 50 50 50 50 50 59 12 12 12 29 12 12 
876 876 876 876 876 876 856 856 892 892 892 892 892 856 875 856 856 852 726 837 834 785 809 785 809 784 784 784 762 763 763 732 732 740 732 702 718 622 622 656 656 622 622 622 622 622 622 622 628 534 534 534 590 590 590 590 514 514 514 559 549 549 514 514 518 518 514 498 498 485 485 468 458 458 415 415 415 392 392 392 392 392 393 393 393 394 338 338 338 357 357 304 304 304 304 304 262 262 262 262 262 289 269 269 183 183 183 246 183 183 183 222 96 196 196 196 96 96 162 162 90 90 90 90 90 90 91 91 91 91 72 72 12 12 12 12 12 29 12 12 
948 948 876 928 928 928 928 856 856 856 856 856 893 856 856 857 857 852 726 834 834 785 809 809 809 785 785 785 762 762 762 732 732 740 732 702 718 622 622 622 622 622 680 622 622 662 641 641 628 534 534 534 590 534 534 534 514 514 514 514 549 514 514 514 514 514 514 498 498 485 485 468 468 468 415 426 426 426 426 426 426 393 393 393 393 394 370 370 338 338 338 304 346 304 304 285 285 262 262 262 293 289 269 269 269 262 183 183 183 222 222 222 96 196 196 196 96 96 96 90 90 90 90 131 90 90 90 90 90 72 72 12 12 44 29 29 29 29 12 12 
948 948 876 876 876 876 876 876 876 876 876 856 856 856 856 726 726 852 726 834 785 785 785 785 785 785 786 786 762 762 762 732 732 732 732 702 702 702 702 622 622 680 680 641 641 641 641 642 628 628 534 534 534 534 534 534 560 560 560 514 514 514 542 393 393 393 393 393 393 393 393 415 415 415 415 393 393 393 393 393 393 393 416 358 358 358 370 370 370 370 338 304 304 304 285 285 285 310 305 262 262 289 262 262 262 262 224 224 183 222 222 222 96 196 196 196 96 96 96 90 90 90 90 90 90 90 90 90 90 72 84 12 12 44 29 29 29 12 12 13 
948 948 948 948 948 929 929 859 859 859 876 876 876 876 876 726 726 726 726 785 785 785 785 812 771 771 771 771 762 762 741 741 741 741 703 703 703 703 703 692 692 680 680 641 641 641 641 628 628 628 534 534 534 534 534 542 542 542 560 560 514 514 542 393 393 393 499 499 486 486 393 393 393 393 393 393 427 427 437 416 416 416 416 358 358 358 370 370 370 338 338 304 304 338 285 326 285 310 305 262 262 289 262 270 270 224 224 183 183 222 183 183 96 96 96 196 96 172 172 90 90 90 90 90 90 90 112 90 90 72 72 73 12 44 44 44 12 12 13 13 
970 970 948 948 949 929 930 859 859 859 876 876 877 877 877 726 858 838 838 785 785 785 812 812 771 771 771 771 771 771 741 741 741 741 703 703 703 703 703 692 692 680 680 641 641 641 641 628 628 534 534 534 542 599 599 542 542 542 542 542 542 542 542 393 393 393 499 499 499 486 486 472 472 459 459 427 427 427 427 416 416 416 410 410 358 358 358 370 370 338 338 338 338 338 285 326 285 310 305 262 289 289 262 270 270 224 251 183 183 183 183 183 183 206 96 96 96 172 163 163 90 90 132 132 90 90 90 102 72 72 72 73 12 12 12 12 12 13 13 14 
963 963 963 859 859 929 859 859 839 839 839 839 839 839 878 726 858 838 838 838 785 785 812 812 771 771 771 787 771 771 764 703 703 703 703 703 703 703 703 641 641 641 641 641 641 641 534 534 534 534 617 617 542 542 542 591 542 542 542 542 543 543 543 393 393 393 499 506 393 393 393 472 473 459 459 427 427 427 427 416 416 416 410 410 358 358 358 358 358 358 338 338 285 285 285 326 285 305 305 262 289 262 262 280 224 224 251 235 235 235 223 223 183 172 172 172 172 172 163 164 132 132 132 133 90 90 90 102 72 72 72 13 13 13 13 45 13 13 30 14 
963 963 963 859 859 859 859 839 839 839 839 839 839 839 878 726 726 726 726 726 785 785 726 726 726 726 796 726 726 726 764 703 703 703 703 703 703 703 703 641 641 641 641 641 641 641 534 643 569 569 569 569 569 605 542 542 542 542 543 543 543 550 393 393 526 393 499 499 393 489 393 472 432 432 427 427 427 427 438 416 416 416 397 397 397 358 358 358 376 358 358 285 285 335 335 326 285 305 262 262 262 262 271 271 224 224 224 235 235 235 223 223 183 172 172 172 163 163 163 164 132 132 132 46 46 46 46 72 72 72 72 13 13 60 13 13 13 30 30 14 
963 963 859 859 936 913 913 839 839 839 899 839 839 839 839 839 839 839 839 726 726 726 726 813 726 726 796 726 726 726 726 726 725 725 703 703 703 641 641 641 641 688 641 641 666 641 534 643 569 623 623 569 569 569 569 569 569 569 543 543 543 393 393 526 526 393 393 499 393 393 393 472 432 432 427 427 427 427 398 398 398 398 398 398 398 358 358 358 358 358 359 285 285 285 326 326 285 305 262 262 262 290 271 271 247 247 224 224 235 235 223 223 183 172 172 172 163 163 103 103 103 143 143 46 46 46 46 72 46 46 74 74 60 60 13 13 30 30 14 14 
963 963 859 936 936 913 913 913 913 905 839 839 884 884 839 839 775 775 839 839 775 775 813 813 726 726 726 726 726 726 726 726 725 725 725 725 641 641 704 641 641 641 641 641 641 641 534 569 569 623 623 569 569 569 569 569 570 569 569 543 543 393 393 393 393 393 393 393 393 393 393 472 432 432 432 432 427 427 398 398 398 399 399 399 399 358 358 358 358 358 359 285 285 327 326 326 285 305 306 290 290 290 271 247 247 247 247 224 224 224 224 224 183 183 183 183 103 103 103 103 103 143 126 126 126 46 46 46 46 46 46 75 60 60 13 13 30 30 14 15 
973 859 859 936 936 936 905 905 905 905 839 839 884 884 839 775 775 775 775 775 775 775 775 804 804 804 743 743 651 651 651 726 726 726 726 726 641 704 704 641 693 672 672 672 644 644 534 569 569 569 569 569 569 569 569 569 570 570 570 534 534 534 393 393 527 393 393 393 393 393 393 472 432 432 432 432 427 427 398 398 398 399 417 358 358 358 358 358 358 358 359 285 285 327 327 327 285 305 290 290 291 291 271 247 247 247 247 200 200 200 200 200 200 183 183 183 103 103 103 103 157 143 126 126 126 46 46 46 92 92 46 46 46 46 46 46 15 15 14 15 
859 859 937 937 937 937 905 905 900 900 900 839 839 839 839 775 775 775 846 829 829 775 775 804 804 804 743 743 651 651 651 672 672 672 672 672 641 641 641 641 672 672 673 673 644 644 534 534 629 629 569 569 612 569 569 569 534 534 534 534 553 534 393 393 527 393 393 393 393 490 432 432 432 432 432 432 432 427 427 427 427 399 417 358 358 358 358 358 358 348 348 348 347 328 328 328 285 305 290 290 285 285 271 271 247 247 252 200 200 200 200 200 200 197 197 183 103 103 173 103 157 143 143 103 103 103 103 103 92 92 76 76 66 46 46 46 15 15 15 15 
859 859 937 937 900 900 900 900 900 859 859 859 859 859 859 859 859 775 775 829 829 775 775 775 775 804 743 743 651 651 651 672 672 742 672 672 719 711 672 672 672 673 673 674 644 644 644 534 629 612 612 612 612 569 569 569 534 534 553 553 553 534 534 534 490 490 490 490 490 490 432 432 432 432 432 432 432 432 432 432 428 399 399 400 400 377 377 358 358 348 360 347 347 328 285 285 285 285 285 285 285 285 285 271 271 247 252 247 200 200 200 200 200 197 197 183 183 103 103 103 103 103 103 103 113 113 113 66 66 66 76 76 66 46 46 46 15 15 15 15 
974 859 859 859 900 900 900 900 859 859 901 859 859 885 860 860 860 775 775 829 829 775 775 775 775 804 743 743 651 772 651 651 672 672 672 711 711 711 672 672 673 673 674 674 644 644 644 534 629 612 612 612 613 600 600 534 534 534 553 553 490 490 490 490 490 519 507 507 460 460 460 432 432 432 432 432 432 432 432 432 428 399 399 400 400 377 377 377 377 348 347 347 328 328 285 285 285 285 285 285 285 285 236 236 272 247 247 247 200 200 200 214 214 197 197 197 183 103 103 103 103 103 103 134 113 66 66 66 99 66 66 66 66 37 40 40 31 31 15 15 
859 859 859 859 931 900 900 900 859 860 860 860 860 860 860 775 775 775 847 829 775 775 775 775 788 788 788 743 651 651 651 757 672 672 672 672 672 672 672 672 672 674 674 635 635 663 644 534 534 612 612 612 600 600 534 534 490 490 490 490 490 519 519 519 528 519 507 507 460 460 460 432 432 432 432 432 432 432 432 428 428 399 377 377 377 377 377 377 348 348 347 347 328 328 285 285 285 285 285 285 285 285 236 236 247 247 247 247 200 200 200 214 214 197 197 197 183 103 103 103 103 103 103 113 113 66 66 66 66 66 66 66 37 37 40 40 31 31 31 16 
859 859 956 956 931 931 931 859 859 860 860 775 775 886 775 775 830 830 830 829 775 775 775 814 788 788 788 743 765 765 651 651 672 672 672 672 712 712 672 672 672 674 674 635 635 635 644 644 534 630 534 534 600 534 534 490 490 561 561 561 554 519 519 519 519 519 460 460 460 460 460 460 460 460 460 432 432 432 432 428 428 399 377 377 377 377 377 377 348 348 347 347 348 298 298 298 298 311 236 236 236 236 236 236 247 247 247 247 230 230 200 200 200 197 197 198 183 183 113 113 113 103 103 113 66 66 114 66 66 66 66 66 37 40 40 40 40 32 32 16 
859 859 859 859 938 938 859 859 914 860 860 775 775 775 775 869 830 830 830 829 829 829 775 775 775 788 788 743 765 765 765 651 651 672 672 672 651 651 705 694 694 674 674 635 667 635 635 645 534 534 534 534 534 534 490 490 490 561 561 554 554 519 519 519 519 519 460 460 460 460 428 428 428 428 428 432 432 432 428 428 428 399 418 377 377 388 388 361 361 348 348 348 348 298 329 329 298 298 236 236 236 236 254 236 253 253 253 248 230 230 230 225 200 200 200 113 113 113 113 165 113 113 113 113 66 66 66 66 66 66 66 66 37 37 32 32 32 32 16 16 
859 859 859 859 938 938 859 859 859 860 860 775 887 887 861 861 861 830 830 830 830 830 815 815 775 775 788 743 765 743 743 758 651 651 651 651 651 651 651 694 635 635 681 635 635 635 635 645 635 534 534 534 534 534 490 490 490 554 554 554 544 544 544 519 519 519 428 428 428 460 428 477 428 428 428 454 428 428 428 399 399 399 399 401 401 388 388 361 361 361 361 298 298 298 329 329 298 298 236 236 236 236 254 236 236 236 236 248 230 230 225 225 174 174 174 113 113 113 113 113 113 113 113 104 104 122 66 66 66 66 66 66 37 37 37 37 37 37 16 16 
859 859 964 859 859 859 859 859 859 906 902 775 887 887 861 861 861 775 775 775 775 775 815 815 810 775 788 743 743 743 743 743 743 743 651 651 713 713 651 635 635 635 635 635 635 635 635 645 635 534 624 534 534 534 554 554 554 554 544 544 544 544 544 428 428 428 428 428 428 460 428 477 449 449 428 428 428 439 439 399 399 399 399 401 401 388 388 361 378 298 298 298 298 298 298 298 298 312 236 236 236 254 254 236 236 237 236 236 236 236 225 225 174 174 174 174 174 174 174 113 113 113 113 104 104 104 115 104 66 66 66 66 37 37 37 16 16 16 16 16 
957 957 957 957 859 859 932 859 859 902 902 775 775 775 861 861 861 775 817 817 775 775 810 810 810 775 788 743 743 766 733 733 733 733 733 727 713 713 651 635 646 646 646 646 646 664 635 635 635 534 534 534 554 554 554 554 554 578 544 544 544 428 428 428 529 428 428 428 428 428 428 477 449 449 428 428 439 439 439 423 423 411 411 401 401 361 361 361 298 298 362 351 298 339 298 298 298 298 236 236 236 254 273 273 273 237 237 237 237 237 167 167 167 167 190 190 190 135 135 158 158 135 135 104 104 104 104 104 66 66 66 77 16 16 16 16 33 33 33 17 
957 879 879 879 879 879 879 879 879 902 879 879 879 775 775 775 775 775 817 817 775 810 810 816 775 775 788 788 775 766 733 733 733 733 733 727 713 713 651 635 646 646 646 648 646 646 646 646 554 554 554 554 554 554 554 554 554 571 571 428 428 428 529 529 529 508 508 508 500 477 477 477 449 449 455 455 439 439 439 423 423 411 411 411 361 361 361 361 298 351 351 351 298 298 298 298 298 298 298 298 294 254 254 254 254 263 254 167 167 167 167 167 167 167 190 135 135 135 135 135 135 135 135 135 104 104 104 104 66 66 85 77 16 16 16 47 33 33 17 17 
957 879 950 950 950 879 879 879 879 902 879 879 879 879 879 853 853 853 817 817 775 775 824 775 775 775 775 775 775 766 733 733 733 714 714 727 714 714 651 635 635 689 648 648 646 646 646 646 554 554 554 554 554 571 571 571 571 571 428 428 529 529 529 508 508 508 515 500 500 477 477 449 449 449 449 449 449 440 440 423 423 423 411 411 361 361 361 298 298 351 298 298 298 298 313 313 313 313 294 294 294 255 255 255 254 254 254 167 167 215 215 215 215 167 201 135 135 135 135 135 127 127 127 136 104 104 104 104 66 66 85 77 16 16 16 17 17 17 17 17 
957 879 879 958 879 879 879 879 879 879 879 879 879 879 880 853 853 853 817 817 817 775 775 775 775 775 776 776 776 766 766 733 733 714 714 714 714 714 651 665 665 689 648 668 668 647 647 647 554 554 554 554 554 554 554 571 571 520 562 562 529 529 529 529 520 520 500 500 477 477 477 449 449 449 322 322 440 440 423 423 423 423 361 361 361 361 361 298 298 351 298 349 349 298 313 313 294 294 294 295 295 255 286 255 255 255 255 167 167 215 216 216 216 167 185 185 184 184 77 77 127 127 127 127 127 104 104 105 77 77 77 77 16 17 17 17 17 17 17 17 
957 957 879 879 879 939 879 879 879 879 879 879 879 880 880 805 805 805 805 805 817 817 817 817 789 789 733 733 733 733 767 733 714 714 734 714 714 714 651 651 665 665 648 668 668 647 657 648 554 554 554 554 554 554 554 584 584 520 562 562 529 529 529 529 520 521 500 500 477 477 477 478 322 322 322 322 322 322 423 423 423 423 361 361 361 361 361 382 298 298 298 349 349 298 298 298 294 295 295 295 255 255 167 167 167 167 167 167 215 215 216 216 216 167 185 185 185 185 77 77 77 127 105 105 105 105 105 105 77 78 78 78 16 17 17 17 17 16 16 16 
957 957 879 879 805 805 879 879 907 907 879 879 879 880 805 805 805 805 848 805 805 805 817 817 789 789 733 733 733 733 733 733 714 714 714 714 714 714 651 651 695 665 648 648 648 657 657 648 592 592 592 592 592 592 592 584 584 520 563 563 529 529 529 529 520 520 487 487 487 487 487 478 322 444 444 444 444 322 322 423 423 423 322 322 322 322 371 371 371 371 294 294 294 294 294 298 294 295 295 295 255 255 167 167 167 264 167 167 167 216 216 207 207 167 167 167 167 167 77 166 77 77 105 105 105 116 105 105 77 78 78 78 16 16 16 16 16 16 16 16 
909 909 965 909 805 805 805 805 805 805 879 879 879 880 805 840 840 840 840 805 805 805 817 817 789 789 789 789 733 733 733 735 735 714 714 728 651 651 651 695 695 665 665 665 648 648 648 648 592 592 592 592 592 592 592 592 520 520 563 563 520 520 520 520 520 520 487 487 478 478 478 478 322 444 444 444 444 444 322 423 423 322 322 402 402 322 371 371 294 294 294 340 340 340 294 294 294 314 295 295 255 255 207 207 207 207 167 167 167 216 216 207 207 207 167 167 191 167 77 77 159 77 77 128 128 116 105 105 77 20 20 20 18 41 41 41 16 16 16 18 
909 909 909 909 805 805 805 908 908 805 805 805 805 805 805 840 840 840 840 805 805 805 805 805 805 805 789 789 733 733 735 735 735 744 735 651 651 706 706 593 593 593 593 665 665 665 649 649 592 592 625 618 592 592 593 593 520 520 564 564 520 520 520 520 522 522 487 487 478 491 322 322 322 322 322 444 444 322 322 429 429 322 322 322 403 322 294 294 294 363 363 299 299 299 299 299 299 314 307 299 255 255 207 207 207 207 207 207 207 207 207 207 202 202 202 191 191 167 175 77 77 150 77 77 77 116 116 77 77 20 86 20 18 41 51 41 41 18 18 18 
909 909 909 959 805 805 933 908 908 908 805 805 870 805 805 840 840 840 840 840 797 797 797 797 797 806 797 777 777 733 733 750 735 735 735 651 651 651 593 593 593 593 593 675 593 593 649 650 593 593 593 618 592 592 593 594 520 520 564 565 520 520 535 535 516 516 516 491 491 491 322 322 322 322 322 430 430 322 322 322 322 322 322 322 403 322 294 294 294 363 363 299 299 299 336 330 299 314 307 299 207 207 207 207 207 207 207 202 202 207 207 202 202 202 202 191 191 167 175 167 77 150 93 93 77 116 116 77 77 20 20 20 18 41 18 18 18 18 34 19 
909 909 909 909 951 909 909 909 909 909 805 805 870 870 870 870 835 835 841 841 797 797 818 818 797 797 797 777 778 733 733 750 750 720 720 720 720 651 593 593 593 593 593 675 593 593 649 593 593 631 593 593 593 593 593 520 520 579 564 520 520 551 479 479 516 516 516 491 492 492 322 322 322 322 322 430 430 322 322 322 322 412 412 412 322 322 294 294 294 294 341 341 341 299 299 330 299 299 307 299 207 207 207 207 207 207 207 202 202 202 202 202 217 208 176 176 167 167 167 167 77 93 93 77 77 77 77 77 77 77 20 18 18 18 18 20 20 20 19 19 
966 966 966 909 951 909 922 909 909 835 835 896 871 871 871 871 835 835 841 841 835 797 818 818 807 807 777 777 720 720 720 720 720 720 736 715 715 651 651 699 593 593 593 593 593 593 593 593 551 551 551 593 593 593 593 520 520 520 520 520 551 551 479 479 516 516 491 491 492 492 322 322 322 322 322 430 430 430 430 322 322 412 412 322 322 322 322 294 294 294 341 352 341 341 299 322 322 299 307 299 256 256 207 207 207 207 207 202 202 202 208 208 208 208 176 176 167 167 167 77 77 93 93 77 77 77 117 77 77 77 20 18 18 18 20 20 42 20 19 19 
966 966 909 909 909 909 922 922 835 835 835 835 871 871 835 835 835 835 841 841 835 777 777 777 807 807 777 720 720 720 720 720 715 715 715 715 715 715 651 651 651 651 651 651 651 593 593 651 551 551 551 593 593 593 593 551 551 551 551 551 551 479 479 479 479 479 491 479 479 479 322 322 322 469 322 322 445 445 430 433 430 322 322 322 404 322 322 294 294 341 341 322 322 322 322 322 323 299 307 299 256 256 256 256 207 207 256 202 202 202 202 208 208 209 176 176 176 176 176 77 144 144 93 93 77 77 117 77 77 93 20 18 18 61 20 48 20 20 19 19 
966 966 909 909 909 923 923 923 835 835 835 835 835 835 835 835 835 835 835 835 835 777 777 777 777 777 777 720 720 720 720 720 715 715 715 715 715 715 651 651 690 690 651 651 651 651 651 651 551 551 551 551 551 551 551 551 572 572 572 551 551 479 479 479 479 479 479 479 501 479 479 479 322 322 322 322 445 445 430 430 430 322 322 322 322 322 322 322 322 322 322 322 322 322 323 323 323 299 299 299 256 256 256 256 256 256 256 202 202 202 202 209 209 209 176 176 176 177 177 77 77 144 144 93 93 93 93 93 93 93 20 20 20 20 20 48 20 20 20 20 
