978 978 978 978 944 944 884 884 884 884 884 884 884 884 884 884 884 793 793 793 793 793 793 793 793 793 793 793 793 732 732 775 732 732 732 732 732 732 693 693 707 707 647 647 647 647 675 647 647 647 647 622 622 622 605 605 539 539 539 539 539 539 539 539 539 539 539 506 506 420 420 420 420 420 420 420 420 420 420 420 420 420 420 396 396 396 354 354 354 354 354 354 337 337 312 312 312 312 296 296 154 154 245 245 245 257 154 154 154 154 154 204 204 186 186 186 152 152 152 152 108 108 108 108 108 108 108 1 1 1 80 80 1 1 1 1 1 1 21 1 
944 944 944 944 944 944 884 884 884 884 884 884 884 911 793 793 793 793 861 861 793 793 802 802 793 793 793 793 794 732 732 732 732 733 733 745 732 732 693 693 693 647 647 647 647 647 647 647 605 605 605 622 622 622 605 605 605 539 539 539 552 552 552 552 552 540 540 506 506 420 420 420 420 420 420 420 464 420 420 441 396 396 396 396 396 396 354 354 355 355 364 355 337 337 312 296 296 296 296 154 154 154 154 269 245 257 154 154 229 229 154 204 204 186 195 152 152 152 108 108 108 97 97 97 97 97 97 1 1 1 1 1 1 55 1 1 1 1 21 1 
979 979 979 944 944 944 944 884 884 884 884 884 911 911 793 793 793 850 850 862 822 822 802 802 793 810 810 793 794 732 732 732 769 733 733 733 732 732 693 693 693 647 647 647 647 647 605 605 605 605 605 622 622 622 605 605 606 539 589 539 552 539 539 552 552 540 506 506 506 506 506 420 464 464 464 464 464 396 396 441 396 396 421 397 397 397 354 354 355 355 355 355 337 337 312 296 296 296 296 154 269 269 269 269 245 245 245 154 154 154 154 186 186 186 195 152 152 152 108 108 108 97 97 97 97 97 97 97 1 1 1 55 55 55 1 1 1 1 1 1 
979 979 979 979 961 961 944 884 884 884 928 884 793 793 793 793 793 850 850 862 822 822 802 802 793 793 793 793 732 732 733 733 733 733 746 733 733 733 693 693 693 693 692 692 647 647 605 656 656 605 605 605 622 622 605 605 539 539 589 539 539 539 539 552 552 540 506 534 506 506 420 420 464 464 464 468 396 396 396 396 396 396 397 397 354 354 354 384 355 355 355 355 289 289 312 296 296 296 296 154 269 269 269 154 154 154 246 154 154 220 220 186 186 154 154 187 153 153 108 108 108 97 97 97 97 97 97 97 97 55 55 55 2 2 2 39 39 1 1 1 
987 987 987 961 961 962 944 944 944 884 928 884 793 912 793 793 793 850 862 862 822 822 802 802 817 793 793 802 732 787 733 733 733 733 746 746 711 711 711 711 711 693 692 692 647 647 605 605 605 605 605 605 622 622 605 539 539 589 589 539 539 539 539 552 552 540 506 506 506 420 420 420 396 396 396 468 396 430 396 396 396 396 397 410 354 365 365 365 355 355 289 289 289 289 312 296 296 296 296 154 154 154 276 154 154 154 154 154 154 154 154 154 186 154 154 187 153 153 108 108 108 109 97 97 97 97 101 101 97 55 81 81 2 2 2 39 39 1 1 1 
954 954 954 961 961 954 954 945 945 884 884 884 793 912 793 885 885 850 862 862 822 822 822 802 802 813 802 802 732 732 733 733 733 733 746 746 711 711 711 711 693 693 692 692 657 657 657 657 605 605 605 605 605 605 605 539 539 539 539 539 539 539 539 552 552 540 396 396 396 420 420 420 396 480 396 396 396 430 396 396 396 396 397 354 354 365 365 365 289 289 289 289 289 289 289 289 289 305 305 289 289 154 154 154 154 154 154 154 221 221 221 154 154 154 154 154 154 153 153 153 144 109 109 109 97 97 97 97 97 55 81 82 68 2 2 2 2 2 2 2 
954 954 954 954 954 954 955 945 945 884 884 793 793 912 793 793 793 850 850 850 822 822 822 822 802 802 802 732 732 732 759 759 759 759 683 683 726 711 711 711 693 693 693 693 657 657 657 657 657 596 596 596 596 596 596 596 596 596 539 539 575 575 539 540 540 540 396 396 396 516 396 396 396 396 396 396 396 430 437 437 437 397 397 354 377 377 365 365 368 368 356 356 289 289 289 306 289 305 289 289 230 230 230 230 230 154 154 154 221 199 199 154 154 199 154 154 154 154 154 154 144 109 109 109 97 97 97 55 55 55 81 68 68 2 2 2 2 2 22 3 
954 954 954 954 954 954 955 948 793 793 793 793 793 793 793 793 793 850 850 850 850 841 823 823 719 719 719 732 732 732 759 759 760 760 683 683 726 726 726 683 683 658 658 658 658 657 657 657 657 596 596 596 615 615 590 590 590 590 590 539 539 539 539 540 396 396 396 396 396 396 396 396 396 396 396 396 396 430 437 437 397 397 397 354 377 377 385 365 365 365 356 356 289 289 289 306 289 289 289 230 230 230 230 270 221 221 154 154 221 199 199 199 199 199 154 154 173 154 154 144 144 109 134 109 109 109 109 55 55 55 55 68 68 2 2 2 32 32 3 3 
954 954 954 954 954 954 948 948 793 793 793 923 793 913 836 886 886 850 850 850 850 841 823 824 719 719 719 759 759 759 779 759 760 760 683 683 683 683 683 683 683 658 658 658 658 658 658 657 657 596 596 596 615 615 590 590 597 597 568 568 568 568 568 540 396 396 396 481 481 481 481 396 396 465 465 465 465 430 437 437 397 397 397 354 403 377 385 385 377 365 365 330 330 330 330 306 306 306 306 230 230 230 230 270 221 221 221 221 221 199 199 199 199 199 154 154 158 158 158 144 144 109 109 109 116 116 110 55 55 55 55 68 68 2 2 32 32 33 3 4 
996 954 954 954 954 948 948 949 793 793 793 923 793 836 836 886 863 863 873 863 841 841 823 824 719 719 719 719 719 759 759 759 727 727 683 683 683 734 727 683 683 658 658 658 658 658 658 658 658 596 596 596 630 615 615 590 568 568 568 584 568 568 568 540 540 540 396 481 411 517 481 481 481 465 465 466 466 430 437 437 437 430 354 354 403 377 385 385 377 365 365 330 330 320 320 297 297 297 297 297 110 110 230 230 230 230 230 230 230 222 222 158 158 158 158 158 158 110 110 110 110 110 110 110 110 110 110 55 55 55 55 83 2 2 2 32 32 3 3 4 
968 968 968 968 968 948 948 948 793 793 793 793 793 836 836 863 863 863 863 863 841 841 823 823 719 719 719 719 719 780 780 727 727 727 727 727 727 727 727 683 712 658 658 658 658 658 658 659 630 630 630 630 630 590 590 590 568 568 568 568 568 568 568 396 396 540 396 481 411 411 496 496 481 481 411 411 411 430 430 430 430 430 354 398 398 377 377 377 377 320 320 330 330 320 320 320 320 297 297 110 110 110 230 230 263 110 110 110 230 222 222 158 158 158 110 110 174 110 155 155 110 110 127 102 102 102 102 55 55 55 55 83 2 50 50 3 3 3 23 4 
968 968 968 969 969 948 948 948 793 793 866 866 836 836 836 863 863 863 863 864 823 823 823 823 719 719 719 803 727 727 727 727 770 741 741 741 741 728 728 683 712 658 658 676 658 658 658 659 630 630 630 630 630 590 590 590 568 568 568 569 569 568 568 396 396 396 396 474 474 411 411 411 411 411 411 469 411 430 430 430 430 430 354 354 398 398 315 315 320 320 320 320 320 320 320 320 313 313 110 110 290 110 110 110 110 110 247 110 230 230 158 158 110 110 110 110 110 110 155 139 139 139 127 127 124 102 102 102 69 69 2 2 2 50 50 3 3 3 4 4 
991 991 969 969 970 948 948 887 887 887 866 866 836 836 836 836 836 836 836 864 823 823 835 818 719 719 727 727 727 788 727 727 741 741 718 718 718 728 728 683 683 683 676 676 676 676 676 659 659 630 630 630 630 590 610 610 568 598 568 568 569 569 569 396 396 396 396 474 474 474 411 411 482 482 474 469 411 430 430 430 430 430 422 354 398 398 315 315 320 369 320 320 348 320 320 320 313 313 110 277 277 277 277 237 237 110 110 110 231 231 158 110 110 110 110 110 110 139 139 139 139 139 124 124 124 102 102 102 69 69 2 2 3 3 51 3 4 4 4 5 
991 991 969 969 887 887 948 887 887 887 866 866 836 836 899 836 836 836 836 823 823 823 823 818 818 719 727 727 795 776 776 776 741 718 718 747 718 735 728 683 683 683 676 676 676 681 636 636 636 636 636 636 590 590 610 610 568 568 568 568 581 507 507 507 507 507 507 507 518 474 497 497 482 482 474 469 411 411 411 431 431 431 422 354 354 354 315 315 320 320 314 314 314 320 320 320 313 313 110 277 277 277 277 237 237 110 110 110 110 110 158 110 205 110 196 110 110 139 128 128 140 140 124 124 69 69 69 69 69 2 2 2 2 3 3 3 4 4 4 5 
997 887 887 887 887 887 887 887 887 920 920 866 866 866 899 836 836 836 836 823 823 823 823 825 719 719 741 741 741 776 776 776 741 718 718 718 728 728 728 683 683 683 636 636 636 636 636 636 636 636 637 637 590 610 610 610 568 568 581 581 581 507 560 560 553 507 507 507 518 474 474 474 474 474 474 469 411 411 411 431 422 422 422 354 354 354 392 315 378 320 314 357 314 313 313 313 313 314 110 110 277 277 277 237 237 237 110 110 110 110 110 110 205 110 110 110 175 128 128 128 4 4 4 4 69 69 69 69 98 2 2 2 2 40 40 40 4 24 24 5 
997 887 887 887 971 887 887 950 887 920 920 920 920 866 866 866 851 851 836 865 823 823 836 719 719 741 741 741 741 789 741 741 741 761 754 718 728 728 728 683 713 708 636 636 636 637 637 636 636 636 637 637 590 590 590 590 590 599 581 581 507 507 541 541 553 541 541 507 518 518 474 474 474 474 469 469 411 411 411 431 422 422 404 404 404 315 315 315 315 320 314 357 314 314 314 314 314 314 110 110 277 277 278 237 237 237 110 110 110 200 200 200 200 200 110 110 175 128 128 128 4 4 4 4 4 111 111 69 69 69 86 69 69 40 40 40 4 4 25 5 
997 887 887 887 887 887 887 887 887 895 895 895 895 866 866 866 851 851 836 836 836 836 836 719 719 741 741 741 741 741 741 754 754 754 754 718 728 728 683 683 713 708 636 636 636 682 637 667 637 637 637 637 590 590 590 590 590 599 507 507 507 541 541 541 541 541 507 507 526 507 507 469 469 469 469 411 411 411 411 431 404 404 404 404 404 315 315 315 315 314 314 357 314 314 331 110 110 110 110 283 283 283 278 237 237 237 237 237 237 175 175 214 200 200 175 175 175 128 128 128 128 4 4 56 4 4 4 4 4 69 69 69 70 40 40 40 40 4 5 5 
963 963 963 980 887 887 887 934 934 895 895 895 895 900 900 866 866 851 851 851 851 826 826 826 719 719 719 741 741 741 741 741 741 754 754 718 683 683 683 708 708 708 636 636 636 682 637 637 637 590 590 590 590 590 590 507 507 507 507 507 507 541 541 541 541 546 507 507 507 507 508 469 469 469 470 411 467 411 411 431 404 404 404 404 404 315 315 315 315 314 314 314 314 314 331 110 110 110 110 283 283 278 278 237 237 237 237 238 238 175 175 214 175 175 175 188 128 128 128 128 128 4 4 56 103 103 103 103 4 4 4 4 4 4 4 40 40 4 5 5 
963 963 963 963 963 963 887 934 934 934 895 895 895 866 866 866 866 876 851 851 852 826 826 827 719 719 719 741 741 741 741 741 741 754 754 718 683 683 683 683 683 683 694 694 636 636 636 636 636 590 590 590 590 590 590 507 507 507 507 507 507 541 541 554 554 546 507 507 508 508 508 469 469 469 470 411 411 411 411 411 411 404 404 405 405 315 315 370 370 370 314 314 314 314 307 307 110 110 110 283 283 278 242 242 264 237 237 237 239 175 175 214 175 188 188 188 128 128 128 128 128 4 4 56 56 103 103 56 56 56 56 56 56 56 4 4 4 4 5 5 
998 963 963 963 963 887 887 934 934 934 895 895 895 866 866 866 876 876 852 852 852 826 826 827 719 781 781 741 741 741 741 771 771 754 754 718 718 683 683 702 702 683 683 683 683 683 636 636 636 636 636 590 590 616 616 507 507 507 507 507 507 541 541 546 546 546 507 507 508 483 483 471 471 471 470 470 406 406 406 442 411 411 423 315 315 315 370 370 315 315 314 314 314 338 307 307 307 307 307 242 242 278 242 242 264 237 237 237 175 175 175 175 175 167 167 167 176 128 128 141 141 141 128 128 56 56 56 56 99 56 56 5 5 5 5 5 5 5 5 5 
998 963 963 963 963 887 956 887 887 887 895 895 895 895 895 866 866 866 852 853 853 826 797 797 719 781 781 781 781 781 781 771 771 719 719 748 718 718 718 702 702 683 683 624 624 624 668 668 636 636 636 590 590 590 617 507 507 507 507 507 507 561 561 546 546 546 507 507 507 519 483 471 471 471 471 471 406 443 406 406 406 411 411 315 315 315 315 315 315 315 315 358 338 338 307 307 307 307 308 242 242 242 242 242 242 237 237 237 175 175 175 175 175 167 167 167 167 167 128 141 128 128 128 5 5 5 5 99 99 5 5 5 71 57 5 5 41 5 5 5 
988 988 988 963 972 887 887 887 935 887 887 887 887 887 895 895 887 866 852 853 853 826 797 797 719 719 719 781 781 781 719 719 719 719 719 719 719 718 718 702 702 702 702 624 677 677 623 623 636 636 623 623 631 590 617 507 507 507 507 507 507 561 561 561 555 527 507 507 507 507 483 483 471 471 472 472 406 443 406 406 406 406 411 411 406 393 393 316 316 316 315 315 349 315 315 315 315 315 242 242 242 242 242 242 242 237 237 237 175 175 175 175 175 167 167 168 168 168 128 128 128 5 5 5 5 5 5 5 5 5 87 5 5 57 5 5 5 5 5 5 
988 963 963 963 929 929 929 951 935 935 929 914 914 887 887 887 887 866 852 853 853 826 797 797 797 797 719 781 781 781 719 719 719 762 719 719 719 718 718 702 702 702 702 624 677 623 623 623 623 623 623 623 623 623 611 611 555 555 555 555 555 555 555 555 555 527 527 507 507 507 509 483 483 483 406 406 406 443 443 443 438 406 406 406 406 393 316 316 359 316 366 315 315 315 316 316 315 315 242 242 242 242 242 242 242 237 237 216 216 215 215 215 206 167 167 168 168 168 159 145 145 5 129 129 5 5 5 5 5 5 5 5 5 5 5 6 5 34 5 5 
988 929 929 929 929 964 929 929 929 929 929 914 914 887 887 887 888 866 826 826 854 826 826 828 797 797 719 719 790 790 719 719 772 742 742 749 719 719 718 718 709 709 624 624 677 623 623 624 624 624 648 624 624 624 612 612 555 555 555 529 529 529 529 529 528 528 527 527 527 316 316 316 316 455 455 455 455 455 449 438 438 412 412 412 393 393 316 359 359 316 316 316 316 316 316 316 316 316 291 291 291 265 265 242 242 248 248 216 216 215 215 215 206 167 167 167 177 159 159 145 145 5 5 5 5 5 5 5 5 5 5 8 8 58 52 6 5 5 5 6 
988 929 952 952 952 952 929 929 936 936 914 914 914 887 887 887 866 866 826 826 826 842 826 826 797 796 796 719 719 791 719 719 772 742 742 742 742 719 719 719 709 709 624 624 677 677 677 624 660 624 624 624 632 612 612 529 529 529 529 529 570 570 570 529 528 528 527 527 528 488 488 316 316 455 455 455 455 456 449 438 438 412 424 393 393 393 316 359 359 359 359 316 316 321 321 321 321 291 291 291 291 265 265 242 242 242 242 242 216 216 216 216 206 167 197 167 167 159 104 104 104 104 104 5 5 5 5 5 5 5 5 8 8 8 52 6 6 6 6 6 
929 929 952 952 952 952 952 952 936 937 914 914 914 914 889 889 866 866 826 826 826 826 826 826 797 796 796 796 719 791 719 763 763 742 742 720 720 720 720 720 709 709 624 624 690 677 677 624 624 624 612 612 612 612 618 529 529 529 529 529 570 576 529 529 528 528 528 528 528 488 488 316 316 316 316 316 316 316 449 412 412 412 424 393 393 393 316 386 359 359 359 316 316 321 321 321 322 291 291 284 284 284 265 265 242 242 240 240 240 232 206 206 206 167 167 167 167 104 104 104 104 104 104 104 104 104 104 5 5 8 8 8 72 8 8 46 7 7 7 7 
929 929 952 952 952 936 936 936 936 914 914 914 914 914 889 889 889 866 866 826 826 826 837 829 797 796 796 796 719 719 719 763 763 763 742 720 720 720 720 720 624 624 624 624 624 624 624 624 624 624 612 612 625 625 529 529 529 529 591 529 570 570 529 556 556 547 529 529 488 488 488 316 316 475 475 316 316 316 316 412 412 412 412 413 393 393 316 386 359 359 359 359 321 321 284 284 284 284 284 284 292 258 258 265 265 258 240 240 232 232 206 8 8 8 8 8 8 104 104 104 125 125 125 125 125 104 104 5 5 8 8 8 8 59 8 8 8 7 7 8 
929 929 952 889 889 936 936 936 936 914 914 914 889 889 889 896 877 877 866 866 773 773 773 829 797 796 796 796 796 719 719 763 764 764 742 720 720 720 721 721 624 624 624 624 661 661 624 624 624 624 612 612 625 625 529 529 529 529 591 529 570 570 529 529 547 547 529 529 488 488 488 316 316 475 475 457 457 457 316 444 432 432 316 316 316 399 316 316 316 367 367 321 321 321 284 284 284 298 298 298 292 258 258 258 258 258 232 232 232 206 206 8 8 8 189 189 8 8 8 8 117 117 117 117 117 104 104 104 8 8 8 8 8 47 47 47 8 8 8 8 
929 992 889 889 889 889 936 936 914 914 914 914 889 896 896 896 877 878 773 773 773 843 773 829 797 797 797 796 796 742 742 742 742 742 742 743 743 721 721 662 662 662 624 624 624 661 661 661 661 653 612 612 633 625 529 529 529 529 529 529 557 557 557 529 547 529 529 529 498 498 488 488 488 476 476 457 457 316 316 432 432 316 316 414 316 316 316 316 316 367 367 321 321 321 284 284 284 298 292 292 292 258 258 258 258 259 232 232 232 232 223 8 8 8 189 178 178 160 160 8 117 130 130 130 117 117 8 8 8 8 8 8 8 47 47 26 26 9 9 9 
929 929 889 889 889 889 936 936 914 914 914 889 889 896 897 897 877 878 773 855 855 843 773 773 773 773 797 797 797 742 742 742 742 755 755 743 743 721 729 662 662 662 624 695 624 661 661 661 661 653 625 625 625 625 529 529 529 529 529 529 557 557 557 529 529 529 530 529 498 498 498 498 476 476 316 316 316 316 432 432 432 316 414 414 316 316 316 379 379 284 284 284 284 284 284 284 284 298 292 293 293 258 258 258 258 249 249 232 232 232 223 8 8 8 8 178 160 160 161 8 117 117 117 117 118 118 8 9 9 88 88 8 8 26 26 26 26 9 9 10 
929 929 889 889 936 936 936 889 889 889 889 889 889 896 843 843 877 843 843 843 843 843 819 819 819 773 811 742 742 742 742 742 742 755 755 722 722 721 721 721 662 662 624 624 624 661 661 661 661 653 625 638 625 625 529 529 529 529 529 529 557 557 557 557 557 548 530 529 498 498 498 476 476 316 316 458 458 458 432 432 432 316 316 316 316 316 316 379 379 284 332 332 332 284 284 292 292 292 292 162 162 258 258 271 249 249 250 162 162 162 223 8 8 8 8 178 160 160 8 8 146 142 117 117 118 118 8 9 9 88 88 8 8 26 26 26 26 26 9 9 
929 929 929 889 889 889 889 889 889 889 889 889 889 896 843 843 843 843 874 867 819 819 819 830 773 773 811 742 742 742 742 756 756 756 756 722 722 722 721 721 662 662 662 624 624 624 624 669 653 653 625 625 625 625 529 607 600 600 548 548 548 548 571 548 548 548 530 529 529 520 476 476 489 316 458 458 316 316 316 316 316 316 316 316 332 332 394 332 332 284 332 350 332 332 332 292 292 292 162 162 162 271 271 271 162 162 250 162 162 162 162 162 162 162 162 162 179 8 8 8 8 142 117 117 8 8 8 9 9 9 9 9 9 53 53 26 26 26 9 9 
929 929 929 889 889 929 889 889 889 889 889 889 889 843 843 867 867 867 867 867 819 819 819 830 773 773 773 773 773 773 773 756 756 756 756 722 722 722 722 722 662 662 662 624 624 624 624 653 653 625 625 639 625 625 529 607 600 600 548 548 548 548 548 548 520 520 530 530 530 520 476 489 489 316 458 316 316 415 415 316 316 316 316 332 332 332 394 332 332 332 332 350 350 332 332 292 292 292 162 162 162 162 162 162 162 162 162 162 162 162 162 162 162 162 162 162 179 8 8 8 8 8 8 8 8 112 112 9 9 9 9 9 9 9 9 9 26 26 9 9 
929 929 929 973 973 929 929 929 889 938 889 889 889 901 901 867 867 867 867 819 819 830 830 830 814 814 782 782 782 782 773 773 773 750 750 750 722 722 722 722 714 662 662 624 624 624 624 653 653 625 625 625 625 585 585 607 607 585 585 585 548 548 548 548 520 520 520 520 520 520 476 489 489 316 316 316 415 415 415 439 439 415 415 332 332 332 332 332 371 351 351 351 351 332 332 292 292 294 294 162 162 162 162 162 251 251 251 207 207 224 224 207 207 162 162 162 179 8 8 49 62 62 62 62 112 112 90 90 90 9 9 9 42 42 42 9 9 26 26 9 
929 929 929 973 929 929 957 929 889 889 889 921 921 901 901 867 867 879 867 819 856 830 830 830 814 814 782 782 782 782 782 773 773 750 750 736 736 736 714 714 714 662 662 624 624 678 678 625 625 625 625 640 634 585 585 585 585 585 520 520 548 548 562 562 520 520 520 520 531 476 476 499 445 445 316 316 415 415 415 415 415 415 415 415 407 339 339 387 371 351 351 351 352 332 332 251 251 294 294 294 294 162 162 272 251 251 251 207 207 224 207 207 162 162 162 162 162 162 162 49 62 62 62 62 112 112 90 90 90 9 9 42 42 60 42 42 9 9 9 9 
993 993 929 929 929 929 929 929 930 930 930 921 921 901 901 867 867 867 867 819 819 819 819 819 814 814 737 737 737 737 737 777 737 737 737 737 744 737 714 714 662 662 662 678 678 678 625 625 625 625 625 640 634 585 585 585 608 601 520 520 548 548 548 520 520 520 476 476 476 476 510 445 445 445 445 445 445 445 445 445 407 407 416 416 407 339 339 387 371 371 351 351 352 339 333 251 251 251 299 299 272 272 272 272 251 260 207 207 207 207 207 217 162 162 162 190 180 49 49 49 62 62 135 112 112 112 90 90 90 90 42 42 73 60 42 42 9 9 11 11 
989 989 989 974 974 930 930 930 930 939 901 901 901 901 902 890 890 857 857 819 819 819 819 819 815 815 737 737 737 737 737 737 737 737 737 737 744 737 714 714 662 662 678 678 625 625 625 634 634 634 634 634 634 585 601 601 601 601 592 520 520 520 548 520 542 542 476 535 484 484 484 484 484 484 400 400 400 400 400 400 407 407 407 407 407 339 339 339 339 339 339 339 339 339 333 251 251 251 251 251 272 272 272 251 251 260 207 207 225 225 225 169 169 169 180 180 180 49 49 156 62 62 62 112 112 112 91 91 91 91 42 60 60 60 42 42 11 11 11 11 
989 989 989 974 974 930 930 930 930 939 901 890 890 890 890 890 857 857 857 819 819 819 819 819 815 737 737 737 737 737 737 737 737 737 737 737 744 737 714 714 714 662 678 678 662 662 670 634 634 654 634 634 585 585 601 601 592 592 592 520 520 520 520 520 542 542 476 476 484 484 484 484 400 400 400 446 446 450 450 400 400 417 417 310 310 339 339 309 309 372 333 333 340 340 333 309 309 309 309 251 251 251 251 251 207 207 207 207 225 225 225 169 169 169 169 169 169 169 49 156 62 62 62 62 62 119 91 91 91 91 42 42 42 61 42 42 11 11 11 11 
989 989 974 974 974 930 930 930 930 939 901 890 890 890 890 891 857 857 857 819 819 819 819 815 815 737 737 737 737 792 737 737 737 737 737 737 737 737 620 620 714 662 662 662 662 662 670 670 634 654 585 585 585 601 601 601 592 592 536 536 536 536 536 549 549 542 542 476 476 476 476 500 400 477 477 446 446 446 446 446 400 417 417 417 310 339 339 309 309 309 333 333 340 340 333 309 309 300 300 300 273 273 273 273 207 261 163 163 225 225 225 163 163 163 163 163 181 170 49 156 62 62 62 62 62 62 62 62 62 62 62 62 42 42 42 42 42 35 11 11 
999 974 974 930 930 930 930 930 939 939 901 901 901 901 901 891 891 857 857 868 857 819 819 815 815 737 737 737 737 792 737 737 737 737 737 737 620 620 620 620 714 620 703 654 654 662 662 662 662 654 585 585 585 601 601 601 592 592 536 536 536 536 536 536 549 549 536 536 521 521 476 500 400 400 446 446 447 447 447 400 400 310 310 310 310 339 309 309 309 309 309 333 333 341 333 309 309 300 300 300 273 285 273 273 207 261 163 163 163 163 163 163 163 163 163 163 181 170 49 156 62 62 62 62 62 62 62 63 63 62 62 62 74 42 42 48 35 35 12 12 
974 974 974 930 930 930 930 930 939 915 915 924 901 901 901 831 831 831 857 857 857 815 815 815 815 737 737 737 737 737 737 737 737 737 620 620 620 620 620 620 620 620 703 654 654 654 654 654 654 654 585 585 585 626 490 490 490 490 490 586 582 536 536 536 536 536 536 537 521 521 476 476 485 485 446 446 447 447 447 400 400 310 310 310 310 339 309 309 309 373 309 360 333 333 333 309 300 300 300 300 273 273 273 207 207 261 163 163 163 172 172 172 172 172 163 163 163 170 49 49 62 62 62 62 62 62 62 63 63 89 89 62 62 62 35 35 35 12 12 12 
974 974 974 930 930 930 930 930 915 915 915 915 901 901 901 831 880 831 857 857 858 815 815 815 815 737 812 737 737 737 737 737 765 765 620 620 620 620 620 620 620 684 684 684 684 684 654 654 585 585 585 585 585 490 490 613 490 490 490 490 582 577 536 536 536 536 522 522 522 501 501 476 476 476 476 446 400 400 447 447 400 400 310 310 310 339 339 339 373 373 309 309 309 309 309 309 300 300 300 300 273 273 273 207 207 207 207 172 172 172 218 218 172 172 163 163 163 163 163 49 49 49 49 49 120 120 63 63 84 84 84 84 63 63 35 35 43 12 12 12 
982 982 981 981 930 930 930 930 915 915 915 915 901 901 831 831 880 880 831 831 831 844 815 815 815 737 737 737 798 737 737 724 724 766 620 620 620 620 620 723 684 684 684 685 684 684 641 641 585 585 602 585 585 490 613 613 490 490 593 490 490 577 536 536 490 490 522 522 522 501 501 476 476 486 446 446 400 400 400 400 400 400 425 418 310 339 339 339 325 325 325 325 342 342 309 309 317 317 295 295 273 273 273 274 207 207 207 172 172 172 218 208 172 172 163 163 163 163 164 49 49 49 49 49 49 49 63 63 63 63 63 63 63 35 35 35 43 12 12 13 
982 982 982 982 965 965 930 930 940 940 915 915 915 915 831 831 831 831 831 869 831 831 831 831 815 815 737 737 783 783 783 724 738 738 620 620 620 620 620 723 684 684 684 685 685 685 641 641 641 641 602 602 602 490 490 490 490 490 558 558 490 490 490 490 490 490 522 522 522 522 501 501 446 446 446 400 400 451 451 400 400 418 418 418 310 310 310 374 325 325 325 325 325 325 325 325 317 317 295 295 295 274 274 274 207 207 207 241 241 218 218 208 208 172 163 163 163 163 164 49 49 49 131 131 49 49 113 105 35 35 63 63 75 35 35 35 43 12 12 13 
975 975 940 940 965 940 940 940 940 941 915 915 915 916 820 820 820 820 820 816 816 816 816 816 816 783 783 783 783 783 783 724 738 738 738 738 738 738 620 723 620 620 704 620 620 642 642 641 641 641 641 641 602 602 490 490 602 602 558 558 558 558 558 558 558 490 490 490 490 490 490 490 446 446 446 400 400 400 400 400 400 400 400 400 310 310 310 374 325 325 325 325 325 325 325 325 310 310 295 295 295 274 274 274 207 207 218 218 218 218 218 172 172 172 198 171 171 164 164 49 147 49 49 49 49 49 113 105 35 35 35 35 75 35 36 36 36 36 13 13 
975 975 990 940 940 940 940 915 915 915 915 915 915 916 820 898 892 820 820 816 816 816 816 832 816 783 778 778 784 784 784 724 724 757 757 751 738 738 620 620 620 620 620 620 620 642 642 663 663 642 642 642 564 602 602 602 602 602 559 559 559 559 559 559 559 490 490 487 487 487 487 490 490 487 446 446 433 433 400 400 400 400 400 400 400 400 310 374 374 374 325 325 325 325 325 325 310 310 301 301 274 274 157 157 157 207 207 207 218 218 218 172 172 172 198 171 171 164 164 49 49 49 126 49 49 49 105 105 35 35 35 35 35 35 28 28 13 13 13 13 
975 975 975 983 940 940 940 915 942 942 916 916 916 916 820 820 892 820 820 816 816 816 816 816 816 783 783 778 784 784 784 724 724 757 751 751 696 696 730 696 696 696 696 620 620 649 642 642 642 642 649 643 564 627 602 602 609 602 559 559 559 559 559 563 490 490 490 487 487 487 487 487 487 487 446 446 433 433 433 400 400 400 400 400 400 310 310 375 375 375 325 325 334 334 334 310 310 310 301 301 274 157 157 266 266 207 207 207 207 207 209 209 209 172 172 172 171 171 143 143 143 143 126 49 49 49 105 35 35 35 35 35 35 35 28 28 13 13 27 13 
975 975 975 975 975 966 915 915 942 942 916 922 922 903 903 820 820 820 820 816 816 816 838 816 816 816 778 778 799 784 784 724 757 757 751 751 696 696 730 696 696 696 696 620 620 649 649 671 649 649 649 643 564 564 602 609 609 602 559 559 559 559 559 559 490 490 490 487 487 523 487 487 487 487 459 459 459 459 433 400 440 400 380 380 380 310 310 310 310 310 325 325 334 334 334 310 323 310 310 274 274 157 157 207 207 207 207 207 207 207 209 209 209 191 191 172 172 172 143 143 143 143 126 126 126 49 105 35 35 35 35 35 76 64 28 28 13 13 13 13 
975 975 958 958 958 966 915 915 915 942 916 922 922 903 904 820 820 820 820 816 816 816 838 816 804 804 778 778 778 785 785 724 757 696 696 696 696 696 696 696 696 696 696 696 620 686 649 671 649 655 643 643 564 564 602 602 602 602 559 559 583 559 559 559 487 487 543 487 487 523 502 502 459 459 459 459 459 433 433 400 400 400 380 380 380 401 310 310 380 310 325 325 343 343 310 310 323 274 274 274 157 157 157 207 267 207 207 243 207 207 226 157 157 191 191 191 172 172 143 143 143 143 126 126 49 49 105 92 92 92 28 28 28 64 28 28 13 13 13 14 
976 976 958 984 958 958 958 915 915 942 916 925 903 903 904 820 820 820 820 816 845 845 816 816 804 804 804 804 778 785 785 724 724 724 724 724 620 620 620 620 696 696 696 696 620 649 649 671 649 649 643 643 564 564 564 564 564 559 559 559 564 564 564 564 487 487 487 487 502 502 502 459 459 459 459 459 459 433 433 448 433 433 380 380 380 380 380 380 380 310 310 310 310 310 310 323 323 274 274 157 157 279 279 207 207 207 207 207 207 207 157 157 157 157 157 192 172 172 143 143 143 143 126 126 49 92 92 92 92 92 28 28 28 28 28 28 28 28 28 14 
976 976 958 984 958 958 958 915 915 915 916 903 903 917 859 820 820 881 820 816 816 846 816 833 804 804 804 805 778 778 785 724 724 724 724 724 620 620 620 620 696 696 620 620 620 649 649 671 649 649 650 643 619 619 564 564 564 559 559 559 564 564 564 487 487 544 544 491 491 491 491 459 459 459 459 459 459 460 433 433 433 434 380 380 380 380 395 380 380 323 323 323 323 323 323 323 302 302 302 157 279 279 157 157 207 207 207 207 207 207 157 210 210 157 157 157 157 157 157 157 136 136 136 132 49 92 92 92 92 92 28 28 28 28 44 44 44 14 14 14 
976 976 958 958 958 958 958 915 915 915 916 926 905 905 859 859 859 820 820 870 816 816 816 833 804 804 804 805 778 778 785 767 767 724 724 731 731 620 620 620 620 620 620 697 691 649 649 649 649 643 643 643 619 619 564 564 564 559 559 587 564 564 564 487 487 544 491 491 532 491 491 503 459 459 459 459 459 434 434 434 434 434 380 380 380 380 388 388 323 323 323 323 323 323 323 323 302 302 302 157 157 157 157 157 157 207 207 207 207 207 157 210 210 157 157 157 132 132 132 132 136 136 132 132 49 92 92 92 92 92 28 28 28 28 44 14 14 14 29 15 
976 994 976 976 976 915 915 915 916 916 916 905 905 905 859 859 859 820 820 870 816 816 816 833 806 806 806 778 778 785 785 767 767 767 724 731 731 620 620 620 691 691 691 691 691 649 649 649 664 643 651 619 619 619 619 564 564 564 564 564 564 565 487 487 487 544 491 491 532 491 491 491 491 434 434 434 434 434 434 434 434 434 380 380 408 388 388 389 323 323 323 286 286 286 286 326 324 302 302 302 157 157 234 234 157 252 252 207 207 207 157 201 201 201 157 157 132 132 132 132 132 132 132 132 49 93 93 93 93 93 14 14 14 14 14 14 29 29 29 15 
976 976 976 915 915 915 915 915 916 916 931 905 905 905 859 859 882 882 820 820 816 816 816 833 806 806 806 778 767 767 767 767 724 724 724 731 731 731 731 620 620 620 620 620 620 620 620 620 643 643 651 619 619 619 619 564 564 564 565 565 565 565 487 487 487 487 491 491 504 504 504 504 434 434 478 434 434 434 434 434 426 426 426 388 388 388 282 282 323 323 323 286 286 286 286 286 324 302 302 302 157 157 234 234 157 157 233 233 233 233 157 201 201 201 157 157 157 132 132 132 132 132 132 132 49 49 49 49 49 49 14 14 14 14 14 14 15 15 15 15 
915 915 915 915 977 915 915 915 932 916 916 916 916 905 905 859 882 859 859 820 820 820 820 820 820 806 806 778 778 778 778 778 724 724 758 731 731 698 698 698 715 705 705 679 679 679 679 620 643 643 643 619 619 619 619 603 603 603 565 578 487 487 487 487 512 512 512 512 504 504 504 504 434 478 478 434 434 434 434 434 426 427 427 388 388 388 282 282 282 282 286 286 344 344 335 286 286 286 286 286 286 286 234 234 234 157 233 233 233 233 157 201 201 201 157 157 157 114 114 114 114 114 106 106 106 106 106 49 49 49 14 14 65 65 17 17 15 15 15 16 
915 915 985 985 915 915 915 915 932 932 932 916 916 918 906 859 859 859 859 859 859 807 807 807 821 806 806 806 724 724 724 724 724 724 758 752 698 698 698 698 715 705 705 679 679 672 672 620 620 643 643 619 619 619 619 603 603 603 565 578 487 487 487 487 512 512 512 512 533 479 479 479 434 434 434 434 434 434 434 434 426 427 381 381 388 388 282 282 282 282 286 286 327 327 335 327 212 212 212 286 286 280 280 234 234 157 157 233 233 233 157 201 201 201 182 182 114 114 148 148 148 114 106 106 106 106 106 106 49 49 14 14 65 66 17 17 15 30 30 16 
915 915 985 985 915 915 915 953 933 933 933 847 847 847 906 847 847 883 859 859 860 807 839 807 807 807 806 806 724 724 786 724 724 768 752 752 698 698 698 698 698 698 698 698 672 672 672 672 620 620 620 620 620 619 619 603 603 603 565 578 578 487 487 512 512 533 533 533 533 479 479 479 492 434 434 461 461 382 382 426 426 381 381 381 381 390 390 390 381 282 286 286 327 327 327 327 212 318 212 286 286 281 281 234 234 262 157 157 157 157 157 182 182 182 182 182 182 148 148 114 114 114 114 114 106 106 94 94 49 49 49 67 65 17 17 17 15 15 31 16 
915 915 985 985 915 915 959 933 933 933 933 847 847 847 847 847 847 860 860 860 860 807 807 807 807 807 807 807 724 724 786 724 724 768 752 752 698 698 698 698 699 699 699 699 672 680 680 673 620 620 644 644 620 620 620 603 603 603 565 588 578 487 487 512 512 533 533 479 479 479 479 479 479 479 479 461 461 382 382 426 426 381 428 381 381 390 390 381 381 282 286 286 327 327 212 212 212 212 212 286 286 281 281 234 234 234 234 157 157 157 157 182 182 182 184 183 183 148 148 114 114 114 114 114 114 121 94 94 94 94 49 67 65 17 17 17 15 15 16 16 
915 915 915 915 915 915 959 933 946 907 907 847 847 907 907 847 847 860 847 847 847 847 834 834 807 807 807 807 724 724 724 768 768 768 752 752 698 698 699 699 699 706 706 673 673 673 673 673 620 620 628 628 620 620 621 603 603 603 565 588 578 578 512 512 512 505 545 479 479 511 511 479 479 479 479 461 382 382 452 426 426 381 381 381 381 390 390 381 381 282 353 353 353 327 212 212 303 212 212 212 212 212 281 234 234 234 234 234 234 234 227 182 202 202 184 183 183 148 148 107 107 137 137 114 114 121 94 94 100 95 49 67 67 67 17 17 15 15 16 16 
907 907 915 915 915 915 933 933 946 907 907 907 907 907 908 847 847 847 847 871 848 848 834 834 807 807 807 807 739 739 724 768 724 724 752 752 698 698 699 699 716 673 673 673 687 687 628 628 665 628 628 628 628 628 594 594 603 603 565 565 565 565 512 512 512 505 479 479 479 505 505 505 493 479 479 461 382 382 382 426 426 426 381 381 381 381 381 381 381 282 353 353 353 327 327 212 303 303 303 303 212 212 281 234 234 253 253 182 182 182 227 182 182 203 184 183 183 107 107 107 107 107 114 114 94 94 94 94 94 95 49 49 49 49 17 17 17 37 16 16 
907 907 907 915 915 946 946 946 946 907 907 907 908 908 908 893 893 847 847 871 848 800 800 800 807 807 807 807 739 739 724 724 724 724 752 752 698 698 724 724 716 673 673 700 687 687 628 628 628 628 628 645 594 594 594 594 594 594 594 579 579 565 572 512 512 505 479 479 479 505 493 493 493 479 479 461 461 461 382 426 426 426 429 382 382 382 382 382 382 282 282 282 282 345 212 212 287 287 287 212 212 281 281 234 234 253 253 182 219 182 182 182 182 203 184 184 184 107 149 149 149 107 114 133 94 94 94 94 94 95 49 49 54 49 49 49 17 37 17 17 
907 907 907 907 907 946 946 946 907 907 907 907 908 893 893 893 894 872 872 848 848 800 840 800 800 800 800 800 739 739 739 739 739 724 724 724 724 724 724 725 716 673 673 700 628 628 628 674 628 628 628 594 594 594 594 579 579 579 579 579 579 565 565 512 512 505 505 505 505 505 493 494 494 462 462 462 462 462 382 382 435 435 429 382 382 382 361 361 361 361 361 361 282 282 212 328 287 287 287 212 212 212 212 234 234 254 254 182 219 235 219 219 107 107 107 107 107 107 107 107 107 107 114 114 114 122 85 85 85 85 85 85 54 54 54 17 17 17 17 18 
907 907 947 947 907 946 946 946 907 907 907 907 908 893 893 893 893 872 872 872 800 800 840 800 800 808 808 800 739 739 774 774 739 753 753 724 724 739 579 579 716 673 700 700 628 688 628 628 628 628 628 594 594 594 579 579 579 579 579 579 579 579 565 565 512 512 512 505 505 524 493 494 495 462 463 463 463 463 453 382 429 429 429 382 382 382 361 391 282 282 282 282 282 282 212 212 287 287 287 287 287 287 212 268 268 254 254 182 219 219 219 107 107 185 185 193 107 107 138 138 138 138 114 114 114 122 85 85 77 77 77 77 77 54 54 17 17 17 18 18 
907 907 947 947 907 907 907 907 907 907 908 908 908 919 893 893 893 872 872 872 800 801 801 801 801 808 808 800 800 739 739 774 739 753 753 753 739 739 579 579 716 673 673 701 628 688 628 628 628 628 628 646 579 579 579 579 573 573 573 573 573 573 573 566 514 514 512 512 512 512 512 494 495 462 463 463 463 453 453 382 429 429 429 382 402 402 361 361 282 376 329 329 329 346 336 212 287 287 287 304 287 287 212 212 212 182 182 182 219 219 228 107 211 185 185 150 150 150 138 138 150 138 114 114 114 114 114 85 77 77 77 77 77 54 54 45 45 18 18 19 
907 907 947 947 947 947 907 907 943 943 908 909 909 909 893 893 893 872 872 872 800 801 801 801 801 808 808 808 739 739 739 774 739 739 739 739 739 579 579 579 579 579 673 673 628 688 628 579 579 579 579 579 579 579 579 579 573 573 595 574 574 574 574 566 514 514 514 512 512 512 512 495 495 462 463 463 463 453 382 382 429 429 429 382 319 319 361 361 282 376 329 329 329 329 336 212 212 287 287 212 212 212 212 212 212 182 182 182 182 236 107 107 211 185 185 150 150 150 165 150 150 138 138 85 85 85 85 85 77 77 77 78 78 54 54 45 18 18 19 19 
986 986 947 947 967 947 947 947 943 943 908 909 909 909 909 849 849 872 872 872 800 800 800 800 801 801 801 809 739 739 739 774 774 739 739 739 739 579 579 579 579 579 673 673 628 628 628 579 579 579 567 567 635 629 567 567 567 573 573 574 574 580 567 567 514 514 514 514 514 525 513 495 495 462 453 453 453 453 382 429 429 429 382 382 409 319 361 361 282 282 282 329 329 329 329 329 212 212 212 212 212 212 212 212 212 212 182 182 182 236 107 211 211 185 185 150 165 165 165 150 151 138 138 85 85 115 115 107 77 77 77 77 79 54 54 45 18 38 18 18 
986 986 986 986 967 967 960 947 947 908 908 927 849 849 910 849 849 872 872 872 800 800 800 800 801 801 801 809 739 739 739 739 739 739 739 579 579 579 579 579 579 579 673 673 673 628 628 666 666 579 567 567 567 629 567 614 567 567 573 574 574 580 567 550 550 550 538 538 514 525 513 453 453 462 453 453 453 453 382 429 429 429 382 382 409 319 319 319 319 362 282 282 282 282 282 282 282 311 212 212 212 212 212 275 212 212 255 182 182 236 107 107 107 107 185 150 150 150 150 150 151 85 85 85 85 115 115 107 77 77 77 77 79 45 45 45 18 38 18 18 
995 995 908 908 908 908 960 947 947 908 927 927 849 849 849 849 849 849 849 849 849 849 800 800 801 801 801 801 739 739 739 739 739 739 739 579 579 579 579 579 579 710 673 673 673 628 628 666 666 579 567 567 567 567 567 604 604 567 567 567 567 567 567 550 550 551 538 514 514 513 513 453 453 453 453 453 453 453 382 382 382 382 382 382 382 382 383 383 319 362 362 362 319 319 319 319 282 311 311 288 288 288 282 212 212 244 244 244 212 212 212 212 212 107 185 185 185 150 150 151 151 85 85 85 85 123 107 107 77 96 77 79 79 45 45 45 18 38 18 18 
995 995 908 908 908 908 960 908 908 908 908 908 849 849 849 849 849 875 875 800 800 800 800 800 800 801 801 801 739 739 739 739 739 739 739 740 579 579 579 579 579 579 673 673 579 579 579 666 666 579 652 567 567 567 567 604 604 604 567 567 567 550 550 550 550 538 538 514 514 514 514 453 453 453 453 473 453 453 454 382 382 436 382 419 382 382 383 383 319 319 363 363 319 347 319 319 282 282 282 288 288 288 282 212 244 244 256 212 212 213 213 212 212 107 107 107 107 166 166 151 151 107 107 107 107 123 107 107 77 96 77 79 45 45 45 45 18 18 18 18 
995 995 908 908 908 908 908 908 908 908 908 908 849 849 849 849 849 875 875 800 800 800 800 800 800 801 801 801 801 739 739 739 739 739 739 740 740 740 579 579 717 579 579 579 579 689 579 579 579 579 652 567 567 567 567 604 604 604 567 567 567 550 550 550 550 538 538 538 514 514 515 453 453 453 453 473 453 453 454 382 382 436 382 382 382 383 383 383 383 319 319 319 319 347 319 319 319 319 282 282 282 282 282 212 212 212 212 212 213 213 213 213 213 107 107 194 107 107 107 107 107 107 107 107 107 107 107 107 77 77 77 79 45 45 45 45 18 18 20 20 
