1007 997 997 944 944 944 944 944 944 944 867 867 867 867 867 867 867 867 867 867 867 768 768 768 768 810 810 810 768 768 768 768 768 768 729 729 729 729 729 729 702 702 702 586 586 586 586 586 586 586 586 586 586 586 586 586 586 586 586 586 569 569 569 524 524 524 540 540 524 471 471 471 471 492 471 471 471 449 449 449 420 420 420 420 390 390 390 390 365 365 365 301 301 301 301 301 301 270 270 270 270 270 270 270 251 251 251 241 241 224 224 181 181 181 181 181 136 136 136 136 136 136 95 95 95 95 95 95 95 1 1 1 1 1 1 1 1 1 1 1 
1007 997 997 944 944 944 944 944 944 944 867 872 872 867 867 872 872 872 872 872 868 768 768 768 768 768 768 768 768 786 786 702 702 702 729 729 729 737 737 702 702 703 703 586 630 630 630 662 586 586 586 586 586 586 586 586 600 600 569 569 569 569 569 525 525 524 524 524 524 471 471 471 471 471 471 471 471 449 450 450 420 420 420 421 390 410 390 390 365 365 365 301 350 301 301 301 301 270 270 270 271 271 271 271 251 251 251 241 241 224 224 181 181 181 181 181 136 167 161 136 136 136 95 95 95 95 95 95 95 1 76 1 1 1 1 1 28 28 1 1 
969 969 969 969 867 944 944 867 867 867 867 872 872 867 867 872 768 768 768 768 868 768 840 826 826 826 702 702 800 786 786 702 702 702 702 729 729 702 702 702 718 703 703 691 630 630 630 630 630 630 586 586 586 623 586 586 600 601 569 569 569 573 525 525 525 551 525 525 525 471 471 390 390 390 390 390 390 449 449 420 420 420 420 421 390 410 390 390 382 366 366 301 301 301 334 325 301 301 301 270 271 271 271 272 241 241 241 241 241 224 224 181 181 181 136 136 136 167 161 136 136 136 20 20 20 20 20 1 1 1 1 1 62 28 28 28 28 18 18 2 
969 969 969 969 867 944 944 867 867 867 867 867 872 872 872 872 768 768 768 768 868 768 840 826 826 827 702 702 702 702 702 702 702 769 702 702 702 702 702 702 718 703 703 691 630 630 630 630 630 630 586 586 586 586 586 600 600 601 569 569 569 525 525 564 525 525 525 526 526 471 471 390 390 390 390 390 390 449 449 420 420 420 420 390 390 410 382 382 382 366 366 301 301 325 325 325 302 302 302 270 271 271 271 272 241 241 241 241 241 210 210 181 181 181 136 136 136 136 161 136 136 20 20 107 107 107 20 1 1 1 1 62 62 28 28 28 18 18 19 2 
969 969 969 969 867 867 867 867 867 867 867 867 908 872 872 874 768 768 768 768 768 768 840 840 826 826 702 801 801 702 702 702 691 691 703 703 703 703 703 703 703 703 691 691 630 630 630 663 630 630 638 638 600 600 600 600 601 601 569 579 579 525 570 564 525 525 547 460 460 471 471 390 501 390 390 390 390 390 390 390 390 390 390 390 382 382 382 303 303 303 303 303 351 325 325 325 302 302 302 270 271 271 210 210 241 241 210 210 210 210 210 181 181 136 136 136 136 136 161 20 20 20 107 107 120 107 20 1 1 1 1 62 62 28 28 28 18 2 2 2 
1008 969 969 969 969 969 969 959 867 867 867 867 908 908 908 874 768 768 768 847 847 847 847 833 833 826 702 702 702 702 702 702 691 691 691 691 691 691 691 691 691 691 691 692 649 649 649 649 649 630 638 639 600 600 600 600 569 569 569 579 579 525 525 564 460 460 460 460 460 460 460 390 390 390 390 390 451 451 390 390 382 382 382 422 382 399 399 303 367 367 367 303 303 303 303 303 270 270 302 270 271 271 210 210 210 210 210 225 210 210 210 210 210 136 136 136 136 20 20 20 20 20 20 120 120 107 20 1 1 20 20 62 62 28 28 28 28 2 2 2 
1008 987 987 987 987 959 959 959 945 945 867 867 924 874 874 874 768 768 884 847 847 847 847 833 833 826 811 811 702 702 702 774 691 758 758 691 691 719 719 730 719 665 665 649 649 649 649 664 649 630 638 638 600 600 600 600 569 569 569 569 569 569 556 556 460 460 493 493 493 493 460 493 493 493 390 390 451 451 451 451 382 382 382 382 382 399 399 303 367 368 368 303 303 335 335 303 317 270 270 270 271 271 210 255 255 255 225 225 225 225 225 190 190 190 190 20 20 20 162 20 20 20 20 120 107 107 20 20 20 20 20 20 20 28 28 28 28 2 2 2 
987 987 998 988 988 959 970 945 945 874 874 874 874 874 874 874 874 847 847 847 847 848 848 826 826 826 811 811 702 702 702 774 691 758 758 749 749 719 719 719 719 665 665 649 649 649 649 664 649 630 638 638 600 600 600 600 569 569 569 569 569 569 556 556 556 460 493 493 493 460 460 493 493 493 460 460 460 460 460 438 438 382 382 382 382 399 399 303 367 367 369 303 303 335 335 303 303 270 270 285 285 285 210 255 210 210 225 245 225 190 190 190 190 191 20 20 168 168 162 20 144 20 20 20 107 107 107 20 20 20 20 20 20 20 20 20 20 20 20 2 
987 988 988 988 959 959 945 945 950 874 936 925 925 874 874 874 874 847 847 847 847 826 826 826 702 702 702 702 702 770 770 774 691 691 758 749 719 719 719 719 719 665 665 665 649 649 649 664 649 630 630 640 630 569 569 569 569 569 531 587 531 531 556 460 460 460 460 460 493 493 493 493 502 460 460 480 460 460 461 438 438 438 382 382 303 303 303 303 303 367 367 303 303 303 303 303 303 270 270 285 285 286 210 255 210 210 225 225 225 190 190 190 190 191 20 162 162 162 162 20 20 20 20 20 63 63 108 20 20 20 20 20 53 53 20 20 29 29 2 2 
987 987 987 959 959 945 945 950 950 874 874 925 874 874 874 874 702 702 885 702 702 855 702 702 702 702 702 702 770 770 770 774 774 691 758 749 719 719 719 719 719 665 665 665 681 681 649 649 649 649 630 640 630 569 569 569 569 569 531 531 531 531 556 460 460 460 460 460 527 493 493 460 460 460 488 382 382 382 382 382 382 439 382 382 303 303 303 303 303 367 367 303 341 341 303 303 303 260 260 260 260 260 210 210 210 210 236 236 236 190 190 190 190 191 20 20 20 20 20 20 20 20 20 63 63 63 20 20 20 20 20 69 37 37 37 2 2 2 2 3 
987 987 987 959 989 945 945 909 909 909 874 874 874 916 874 874 702 702 702 702 702 855 702 702 702 702 702 702 770 770 770 774 774 691 691 749 749 719 720 720 720 665 665 665 681 649 649 649 649 649 630 630 630 569 569 609 569 602 588 531 531 531 531 531 552 460 460 460 527 460 460 460 489 382 382 382 472 452 452 452 382 382 382 413 413 303 303 303 303 367 367 303 303 342 303 303 303 260 260 260 260 260 260 260 260 210 236 236 236 236 211 211 191 191 20 20 137 137 137 137 137 63 63 63 63 63 20 20 20 20 20 20 37 37 37 2 2 2 21 3 
961 961 987 959 959 959 945 909 909 909 909 909 909 909 909 874 702 873 702 702 702 702 702 841 702 828 702 702 802 770 770 770 770 770 691 753 719 719 686 686 721 665 665 681 681 649 649 649 649 624 624 624 624 624 569 569 569 602 588 588 531 531 531 531 552 460 460 541 460 460 512 489 489 382 382 382 472 452 452 452 370 370 413 413 383 383 391 391 383 344 344 344 303 342 336 303 303 260 260 260 260 260 260 260 260 210 210 210 236 236 211 211 191 191 137 137 137 137 137 137 137 63 121 121 121 63 63 77 77 20 20 20 37 37 37 2 2 2 3 3 
961 961 978 978 945 945 945 960 951 892 892 892 892 892 892 874 702 873 873 873 702 702 702 841 702 702 702 795 795 770 770 770 770 691 691 753 719 719 686 686 686 686 665 665 665 682 649 649 649 624 615 615 615 615 596 596 596 596 531 531 531 531 531 531 552 552 460 541 460 512 512 489 489 489 489 382 370 370 370 370 370 370 413 383 383 383 383 383 383 344 344 303 303 342 336 303 303 303 303 260 260 260 260 273 210 210 210 210 210 210 211 211 191 191 137 137 137 137 137 137 137 63 63 126 63 63 63 63 77 85 77 37 37 37 37 37 37 3 3 4 
961 961 978 978 945 945 945 945 951 892 926 926 926 892 892 874 874 874 874 874 856 856 702 841 702 702 702 795 795 795 770 770 770 691 759 704 704 719 686 686 686 686 686 693 665 665 665 665 656 624 615 615 615 615 596 596 596 596 531 531 531 531 531 531 557 460 460 460 460 382 382 382 382 382 382 382 370 462 462 453 370 370 413 383 400 400 400 376 376 376 344 303 303 303 336 303 304 304 304 260 260 260 260 273 210 210 210 210 210 210 226 211 191 191 191 137 137 137 137 150 137 137 63 63 63 63 63 63 77 77 77 37 37 37 37 37 3 3 3 3 
961 961 999 978 978 978 971 945 945 892 892 926 926 892 892 892 892 856 856 856 856 702 702 702 702 691 691 795 795 795 691 691 691 691 759 704 704 704 704 686 686 687 686 686 686 665 665 656 656 624 615 615 615 615 615 596 596 596 596 531 531 574 531 557 557 460 460 460 528 382 382 382 382 382 382 454 370 462 462 453 370 413 413 383 383 383 401 376 376 376 344 352 352 303 303 303 304 304 304 260 260 260 260 227 227 210 210 210 210 210 226 211 211 169 169 169 169 151 151 101 101 101 101 101 101 63 63 63 63 63 63 37 37 39 39 39 3 3 3 3 
1000 961 961 961 961 961 971 961 945 945 892 932 910 910 892 892 856 856 856 856 869 702 702 702 691 691 691 803 803 691 691 779 760 760 704 704 741 741 704 686 686 687 687 687 687 674 674 656 624 624 615 615 615 615 615 596 596 574 574 580 580 574 531 557 557 529 529 529 520 520 382 382 382 490 490 454 370 370 370 453 370 370 370 370 414 383 377 377 377 344 344 343 343 343 303 303 287 287 287 287 287 287 280 227 227 210 210 210 210 210 212 212 212 169 169 169 169 151 151 101 101 101 101 101 101 101 101 101 63 63 63 63 63 39 3 3 3 3 3 3 
1000 1000 1000 972 972 961 961 961 892 892 892 910 910 910 910 903 856 856 856 856 856 857 702 702 691 691 691 691 691 691 787 760 760 760 704 704 704 704 704 686 686 711 674 674 674 674 675 656 624 624 615 615 615 615 615 605 605 574 574 574 574 574 531 529 529 529 529 529 520 520 382 382 382 490 490 454 454 454 370 370 370 370 370 370 370 383 377 377 377 344 344 343 343 343 287 287 287 288 288 288 288 288 280 227 227 256 210 210 217 217 212 212 212 169 169 169 169 169 151 151 145 101 101 101 86 86 86 86 86 86 63 63 39 39 3 3 38 3 3 3 
1000 1000 1001 972 972 979 972 892 892 937 937 910 910 903 903 903 856 856 875 875 856 829 829 829 691 691 815 691 691 796 787 760 760 760 760 704 704 704 731 731 610 610 674 694 674 674 675 656 624 624 615 615 615 615 615 605 574 574 574 574 581 531 531 529 529 529 529 529 529 382 382 382 454 454 454 454 473 454 370 370 370 370 370 423 370 370 370 392 377 377 344 344 343 343 287 287 287 288 288 280 280 280 280 227 227 152 152 152 217 217 212 212 212 169 169 138 138 138 138 138 145 54 54 54 86 86 54 54 54 54 54 54 39 49 49 3 3 3 3 3 
1001 1001 1001 972 972 972 972 892 892 892 903 903 903 903 911 876 876 876 834 834 856 829 829 829 829 829 815 691 691 787 787 760 760 704 704 704 704 704 610 610 610 610 674 610 610 469 469 656 624 650 646 605 605 605 605 605 574 574 574 574 581 531 531 530 530 530 530 530 530 382 382 382 454 454 454 454 454 454 370 370 370 378 378 423 370 370 370 370 370 370 370 344 344 344 287 287 287 288 288 280 280 280 280 227 227 152 152 152 217 217 212 212 182 182 138 138 174 152 152 138 138 54 128 54 54 86 54 54 87 87 54 54 39 39 39 39 39 30 5 5 
1001 1001 1001 972 972 972 973 892 892 892 903 903 903 903 911 876 876 876 876 834 856 815 815 815 815 815 815 691 691 787 787 704 704 704 732 732 704 704 610 610 610 610 674 610 610 469 469 656 624 624 646 605 605 469 469 469 469 469 574 574 581 575 531 530 530 530 531 531 531 382 382 454 454 454 454 466 466 466 370 370 445 378 378 378 378 378 378 378 378 378 344 344 344 345 306 306 287 287 287 287 280 280 227 227 227 152 152 152 152 217 217 217 182 182 182 182 152 152 152 152 138 54 54 54 54 54 54 54 87 87 54 70 39 39 30 30 30 30 5 5 
1001 1001 972 972 849 849 849 849 849 849 849 903 903 903 911 904 876 876 876 834 856 815 815 815 815 830 704 704 704 704 704 704 771 771 732 732 732 704 704 704 704 610 610 610 610 610 469 469 624 624 469 469 469 469 583 583 583 469 469 469 469 575 531 531 530 530 531 532 532 382 382 454 454 454 454 466 466 466 454 454 445 378 378 378 378 393 393 344 344 344 344 344 344 345 306 306 306 305 305 262 262 262 227 227 261 152 152 246 152 152 152 152 152 152 152 152 152 152 153 153 138 138 129 54 54 88 88 88 88 88 54 54 39 39 30 40 40 5 5 5 
972 972 972 995 849 849 849 849 849 849 849 917 917 917 904 904 876 876 876 834 856 815 815 842 704 704 704 780 780 780 780 780 771 732 732 754 732 732 732 732 704 704 704 683 683 610 610 469 469 469 469 625 625 625 583 583 583 597 597 469 469 571 571 531 531 531 531 532 513 513 513 454 454 494 454 466 466 466 454 445 445 440 378 378 378 393 393 344 344 344 344 344 345 345 306 306 306 305 305 262 262 262 262 227 261 227 227 227 227 227 227 152 152 152 152 152 175 152 129 129 146 129 129 54 54 88 88 88 88 54 54 54 64 54 30 5 5 5 6 6 
972 972 972 946 946 849 849 849 849 933 933 917 917 917 904 904 876 876 876 834 834 834 834 842 704 704 704 780 780 780 780 780 771 732 754 754 732 732 676 676 676 676 676 683 683 683 610 610 610 610 625 625 631 616 616 583 583 597 597 469 571 571 513 513 513 513 513 513 513 513 513 454 454 494 454 481 454 454 454 445 445 440 378 378 378 393 393 393 379 379 344 344 345 313 313 313 306 305 305 262 262 262 262 227 261 227 242 242 163 163 228 218 192 192 192 152 152 152 129 129 129 129 54 54 122 88 88 88 88 54 54 54 54 54 30 5 5 6 6 7 
972 972 972 946 946 849 849 849 849 933 933 933 849 849 904 904 876 876 876 876 849 849 834 834 704 704 804 804 804 771 771 771 771 732 676 676 676 742 676 733 676 676 676 676 676 676 676 610 610 610 610 641 616 616 617 583 583 469 469 469 571 513 513 533 533 533 533 542 533 494 494 494 494 494 454 454 454 467 378 378 445 440 378 378 378 393 393 394 379 289 289 289 289 313 313 313 306 306 306 262 262 262 281 227 227 227 227 242 163 163 163 218 192 192 192 163 163 170 129 129 129 129 54 122 122 88 88 88 88 89 71 71 30 30 30 5 5 6 6 6 
972 972 972 996 946 946 946 946 849 849 938 849 849 849 849 849 849 849 876 876 849 849 849 834 834 804 804 804 804 771 772 772 772 732 676 676 676 676 676 676 676 676 676 676 676 676 610 610 610 610 610 641 616 616 617 583 583 469 589 589 533 533 533 533 533 533 533 533 533 494 514 474 474 474 474 474 474 467 378 378 378 440 378 378 378 378 394 394 379 289 371 289 289 313 313 313 306 306 307 262 262 262 262 262 227 227 227 242 163 163 163 163 163 163 163 163 163 163 163 129 129 129 54 54 54 54 89 89 89 89 71 71 30 30 30 30 30 6 22 6 
952 952 972 972 952 952 952 946 946 849 849 849 893 893 893 893 893 849 849 849 849 850 850 834 834 804 804 804 771 771 772 772 772 761 761 676 676 676 676 676 676 676 676 676 676 610 610 666 610 610 616 616 616 616 617 583 583 469 589 533 533 565 533 533 543 543 543 543 494 494 514 474 503 474 474 482 467 467 378 395 378 378 378 378 378 378 394 379 379 289 289 289 353 326 326 313 313 313 291 291 291 262 262 262 262 243 252 242 242 163 163 163 163 163 164 164 164 164 164 154 54 54 130 54 54 54 89 89 71 71 71 71 30 30 30 30 30 6 6 6 
952 952 952 972 952 952 952 962 946 946 893 893 893 893 893 905 877 877 858 858 858 850 850 835 835 722 722 722 722 797 772 772 772 761 761 676 676 743 676 676 676 676 676 676 676 610 610 610 610 610 610 610 610 626 610 610 583 469 589 533 582 565 565 565 543 543 543 543 494 505 505 474 474 474 474 482 467 468 378 395 415 415 415 415 378 378 379 379 384 289 289 289 326 326 326 326 291 291 291 292 292 243 243 243 243 243 243 243 243 163 163 163 163 163 164 164 164 164 154 154 54 54 54 54 110 110 71 71 71 90 71 71 30 30 30 8 8 8 23 8 
952 952 952 972 952 952 952 952 952 893 893 893 893 912 912 877 877 877 858 858 858 858 835 835 836 722 722 722 722 788 788 772 772 761 761 676 676 676 676 676 676 676 676 695 684 684 610 610 652 610 610 642 610 610 610 611 583 469 469 533 533 533 533 469 469 543 494 494 494 505 505 505 474 474 474 474 467 467 378 395 395 395 431 415 415 379 379 384 384 289 354 354 326 326 326 291 291 291 291 291 293 243 243 243 243 243 243 244 244 237 154 154 163 163 193 164 164 164 154 54 54 110 110 110 110 111 71 102 90 90 55 55 55 55 8 8 41 8 8 8 
952 952 952 972 952 939 939 939 939 893 893 877 877 877 877 877 894 877 877 858 858 858 835 835 835 722 722 722 722 788 789 772 722 722 722 722 722 722 722 676 676 695 695 695 684 684 652 652 652 611 611 611 611 611 611 611 583 583 469 469 469 469 533 469 469 543 494 494 474 474 474 474 474 474 474 474 467 467 378 455 395 395 395 395 395 379 379 379 379 289 354 354 354 326 326 291 291 291 291 291 243 243 243 243 243 243 237 237 237 237 154 154 154 154 193 154 154 154 154 54 147 54 54 54 71 71 71 90 90 90 55 55 55 55 8 8 9 9 8 8 
952 952 952 952 952 939 953 953 939 939 893 877 877 877 879 879 879 890 877 877 843 843 843 843 835 722 722 812 722 788 788 772 722 722 722 722 722 722 722 722 722 695 695 695 652 652 652 652 611 611 611 611 611 611 583 583 583 583 583 583 583 469 469 469 469 543 543 494 474 474 495 495 495 495 474 467 467 378 378 455 395 395 395 424 395 402 402 395 379 289 289 361 326 326 308 308 308 308 291 291 243 243 243 243 243 243 237 237 237 238 154 154 154 154 154 154 176 154 154 54 54 54 54 54 71 54 54 90 96 90 55 55 8 8 8 8 9 9 9 9 
974 974 974 974 974 939 939 953 953 893 893 877 877 877 879 879 879 843 843 878 843 859 763 763 835 722 722 812 722 798 788 772 722 722 762 722 722 723 723 723 723 695 695 695 652 652 652 652 611 651 632 632 627 627 583 583 583 583 583 583 583 469 469 558 469 543 543 494 494 474 474 474 474 474 474 467 467 378 455 455 395 395 424 424 395 395 395 395 379 379 289 289 326 308 308 318 318 308 308 291 291 237 237 263 243 243 237 237 237 194 194 194 154 154 154 183 176 139 139 139 139 139 54 71 71 54 54 90 90 90 55 55 8 8 8 8 8 8 9 9 
974 974 990 990 974 974 939 939 954 893 893 877 918 918 879 879 879 843 843 843 843 763 763 763 816 816 816 812 722 798 788 772 772 772 722 722 722 723 723 705 705 712 652 652 652 657 657 611 611 651 632 632 632 583 583 583 583 497 497 497 497 497 558 558 469 469 469 469 494 494 494 506 496 496 378 378 378 378 395 395 395 395 424 424 396 396 396 372 372 372 372 289 289 308 308 308 319 308 308 274 274 237 237 263 263 237 237 237 237 194 194 194 194 194 194 176 176 139 139 139 139 139 54 54 54 112 54 91 91 91 65 65 8 8 8 8 8 8 10 10 
990 990 990 990 990 974 974 939 947 947 877 877 879 879 879 843 843 843 843 843 843 763 763 763 816 763 763 812 722 722 788 772 772 722 722 722 722 705 705 705 705 705 652 652 652 652 657 611 651 651 611 611 583 583 612 612 583 497 497 497 497 497 558 558 558 497 497 469 469 469 494 494 496 496 378 378 378 378 395 395 395 395 396 396 396 396 396 372 372 372 355 355 289 289 337 308 308 308 308 274 274 237 237 237 237 237 237 229 229 194 194 194 194 195 195 176 176 139 139 139 57 57 57 57 54 54 54 54 54 54 65 65 8 56 8 8 8 8 8 11 
990 990 877 877 991 974 974 939 947 947 877 879 879 879 879 843 843 843 843 879 860 860 763 763 763 763 763 763 763 722 722 722 775 722 722 722 722 705 705 705 724 705 705 652 652 652 657 611 611 611 611 611 583 583 612 612 583 583 590 497 497 497 497 497 497 497 497 497 534 469 469 494 378 378 378 378 378 378 411 411 411 441 396 396 396 396 396 372 372 372 355 355 355 289 289 308 308 274 274 274 274 237 237 237 237 257 237 229 229 194 194 177 177 177 196 139 139 139 57 57 57 57 131 57 57 54 54 54 54 54 65 65 8 8 8 8 8 31 8 11 
990 990 877 877 877 877 877 939 939 877 877 879 879 879 879 879 879 879 886 879 860 861 763 763 763 763 805 805 763 763 763 722 722 722 722 755 705 705 705 705 706 706 706 652 652 652 657 657 611 611 583 583 583 583 583 583 583 583 590 497 497 497 566 566 559 548 548 497 469 469 469 494 378 378 378 378 378 378 411 411 411 441 396 396 396 396 396 396 346 346 355 355 355 346 289 327 274 274 274 274 274 274 274 274 237 237 237 229 229 229 177 177 177 177 196 139 139 171 57 57 57 57 57 54 54 54 54 54 54 54 65 65 65 50 50 8 8 8 8 11 
990 990 877 980 980 980 877 939 939 877 877 877 896 896 837 895 895 879 879 879 860 861 763 763 763 763 805 805 805 763 763 722 722 763 763 705 705 705 705 705 706 706 706 652 652 652 677 657 657 652 583 583 583 628 583 583 583 583 590 497 497 559 559 559 559 548 497 497 469 469 494 494 378 378 483 483 411 411 411 411 411 411 411 411 411 411 346 346 346 346 346 346 346 346 289 289 274 274 274 274 274 274 274 274 237 237 220 220 229 229 177 177 177 177 184 184 139 139 57 155 57 57 57 54 54 54 54 103 54 54 50 50 50 50 24 24 24 24 24 11 
877 877 877 980 980 981 877 939 939 939 939 877 896 896 837 837 837 837 837 837 860 861 763 763 763 763 813 813 763 763 763 763 763 763 705 705 705 705 705 705 475 475 475 688 688 652 652 652 652 652 583 583 583 583 583 583 583 583 590 497 497 559 559 560 560 548 497 544 469 469 469 469 469 469 469 469 469 469 411 411 411 411 411 397 397 397 346 373 373 346 346 362 328 328 328 289 289 289 289 299 220 220 220 220 220 220 220 220 229 229 229 177 177 177 177 177 177 139 57 57 50 50 113 113 113 113 54 54 54 92 50 57 57 57 24 24 24 11 11 11 
877 980 980 980 980 981 877 877 940 940 940 877 896 896 896 896 837 837 837 837 860 860 763 763 817 817 790 790 763 763 763 781 744 744 705 705 705 705 475 475 475 475 475 688 689 667 667 667 652 652 583 583 583 583 583 583 583 583 590 590 560 560 560 560 561 548 497 497 469 469 469 507 469 469 484 484 470 470 411 411 411 432 432 397 416 397 346 373 373 346 346 362 328 329 328 328 289 289 289 220 220 220 220 264 264 220 220 220 220 220 177 177 177 177 197 177 177 139 139 57 50 50 50 50 50 50 50 50 50 50 50 57 57 58 24 24 24 11 11 11 
877 980 980 980 877 877 877 877 877 877 877 877 898 898 898 896 896 837 837 860 860 860 806 806 817 817 817 790 790 763 763 744 744 744 744 705 705 705 475 475 475 475 688 688 689 667 653 653 653 653 583 583 583 583 583 583 606 583 591 591 560 560 560 560 561 548 548 497 497 469 469 507 497 497 484 484 470 432 432 432 432 432 433 397 416 397 346 346 373 373 373 328 328 329 329 320 320 289 289 220 220 220 220 264 230 230 253 220 220 220 177 219 177 177 197 177 177 45 45 57 50 50 50 57 57 57 57 97 97 57 57 72 57 57 11 11 11 11 11 11 
877 980 980 877 877 963 877 877 877 927 927 927 898 898 898 896 896 837 837 860 860 860 806 806 806 818 818 814 790 790 790 744 744 744 744 744 750 475 475 475 475 688 688 653 653 667 653 653 658 567 567 583 583 567 567 583 583 583 567 567 567 567 567 567 535 535 535 535 497 497 497 497 497 498 484 484 470 432 456 456 432 432 397 397 397 397 403 346 346 373 373 328 328 347 329 320 320 289 309 220 220 220 220 264 230 230 230 220 220 220 177 177 177 197 197 177 177 45 45 57 57 57 132 57 114 114 57 97 97 57 57 57 57 57 11 11 11 11 11 11 
877 877 877 877 992 963 963 963 927 927 927 927 898 898 898 896 896 891 837 837 837 837 806 806 806 806 819 814 764 764 764 764 764 764 764 744 744 475 475 475 475 475 707 696 653 653 653 653 658 567 567 567 567 567 567 567 567 567 567 562 562 576 567 567 535 535 535 535 535 475 475 475 475 475 475 475 470 470 456 397 397 397 397 397 397 397 397 397 346 328 328 328 328 328 329 320 320 289 309 230 230 230 230 230 230 247 230 230 230 220 220 220 197 197 198 185 45 45 45 45 45 57 57 57 114 114 57 57 57 57 78 57 57 59 11 11 11 11 11 11 
920 920 920 920 920 920 963 963 927 927 927 927 898 919 913 891 891 891 862 862 862 837 851 806 806 806 806 814 764 764 764 782 738 738 738 738 744 744 475 475 725 475 475 696 643 643 643 643 643 567 567 567 567 567 567 567 603 603 562 562 562 562 562 535 535 475 475 475 475 475 456 456 456 475 475 475 475 456 456 397 397 434 434 397 397 397 404 346 346 328 328 328 328 328 329 329 289 289 230 230 230 230 230 265 265 247 247 247 230 230 230 197 197 205 185 185 45 45 156 156 45 45 45 115 114 114 45 45 45 45 66 66 66 59 11 11 11 12 12 12 
920 920 920 920 920 920 964 964 927 927 927 927 898 898 913 891 891 891 862 862 862 837 837 806 806 831 806 814 764 764 764 738 738 739 739 738 738 745 738 713 713 713 475 475 643 643 643 668 643 567 567 643 567 567 567 567 603 603 562 592 562 562 562 562 562 475 475 475 536 456 456 508 456 456 456 456 456 456 356 356 397 397 435 425 330 330 330 346 346 328 328 328 328 348 330 330 289 314 230 230 230 197 197 197 197 197 197 197 197 197 231 197 205 205 199 45 45 45 45 45 98 45 45 115 115 115 45 45 45 45 66 66 59 59 11 11 12 12 12 12 
920 920 920 920 920 920 964 965 927 948 927 927 927 898 913 891 897 862 862 862 862 862 837 837 837 806 806 806 806 708 708 708 708 739 739 739 738 745 738 713 713 713 708 475 643 643 643 643 643 643 643 643 567 603 603 603 603 603 562 562 562 577 563 563 563 475 536 536 536 456 456 456 456 456 456 356 356 356 356 356 446 397 397 425 330 330 330 330 330 330 328 328 330 330 330 331 289 289 289 289 289 197 197 221 221 197 197 197 200 197 197 197 205 199 199 45 45 45 45 45 98 45 45 45 45 45 45 45 45 45 79 59 59 60 45 45 12 12 12 12 
1009 1006 920 920 920 920 964 964 927 948 927 928 928 898 898 891 891 891 844 844 870 844 844 844 806 806 806 806 807 708 708 708 708 739 739 739 738 738 738 713 713 708 708 475 643 643 643 643 643 643 644 644 567 567 603 603 603 603 567 567 567 577 563 475 475 475 536 537 537 456 456 456 456 491 491 356 457 457 457 356 356 397 397 425 417 330 330 330 330 330 374 330 330 321 321 321 321 300 300 300 289 289 197 221 221 197 197 197 200 200 200 200 200 199 199 157 157 45 45 98 98 45 45 45 45 45 61 61 61 45 45 45 45 60 45 45 12 12 12 12 
1009 1006 975 975 920 964 964 964 927 927 927 920 920 920 898 898 898 844 844 844 844 844 845 845 806 806 806 799 799 799 708 708 708 765 739 739 739 738 738 713 713 708 709 475 475 475 475 475 643 643 644 633 633 567 618 567 567 567 567 567 567 563 563 475 553 553 536 537 537 499 499 499 499 491 491 356 457 457 457 457 356 356 417 417 417 356 356 356 385 330 330 330 321 321 321 321 300 300 294 294 197 197 197 221 221 221 197 197 232 232 232 200 200 157 157 157 157 157 157 98 98 45 45 45 123 45 45 45 61 61 61 73 45 45 45 45 12 12 12 12 
1006 1006 975 975 920 920 920 920 927 927 920 920 863 863 898 898 844 844 844 844 844 844 845 845 799 799 799 799 708 708 708 783 708 765 739 739 739 739 739 713 713 708 659 659 659 475 475 475 475 475 644 633 633 567 567 567 567 567 567 567 563 563 475 475 553 553 536 537 537 499 499 499 499 491 491 356 463 463 463 442 442 356 356 356 356 356 405 356 363 363 363 363 321 321 294 294 294 294 294 294 197 197 221 221 266 221 221 221 232 232 232 200 200 157 157 157 157 157 157 157 98 98 98 45 45 45 45 45 61 61 61 61 45 45 46 46 42 12 12 13 
1006 1006 975 975 975 920 920 920 920 920 920 863 863 863 863 863 844 844 844 844 844 844 844 844 799 799 799 799 708 708 708 708 708 765 765 746 746 739 739 713 713 708 659 659 659 659 659 659 659 475 475 475 475 567 567 567 567 563 563 563 563 475 475 536 536 536 536 509 509 521 509 509 499 491 491 356 463 436 436 442 442 442 356 356 406 406 356 356 363 363 356 356 356 294 294 294 294 294 310 294 294 197 221 275 221 221 221 221 232 232 232 221 200 206 200 157 157 157 165 119 119 140 98 98 98 98 98 98 98 80 80 61 61 61 46 46 42 13 13 13 
975 975 975 975 975 920 920 955 955 931 931 863 863 914 914 863 863 863 863 863 871 844 844 844 799 799 799 799 708 708 708 708 746 746 746 746 746 746 708 708 708 708 697 697 659 659 659 659 660 475 475 619 475 475 567 567 563 563 563 563 584 475 536 536 509 509 509 509 509 509 509 499 499 491 491 356 463 436 436 436 436 436 436 364 364 406 356 356 356 356 356 356 294 294 294 294 294 294 310 221 221 221 221 221 221 221 221 221 221 221 221 221 200 200 200 178 178 157 119 119 119 119 119 119 98 98 98 98 80 80 81 32 32 32 32 32 42 13 13 13 
975 975 975 975 975 982 975 931 931 931 931 931 863 863 863 863 863 863 863 863 863 863 736 736 736 832 736 736 808 708 708 708 708 766 766 708 708 708 708 726 726 697 697 698 659 659 659 659 475 475 475 619 619 475 475 475 563 563 563 563 563 475 536 536 509 509 509 509 515 509 509 499 499 499 356 356 436 436 443 443 364 364 364 364 364 406 406 386 386 356 356 356 294 294 294 322 310 310 310 221 221 221 221 221 254 254 254 221 213 213 213 213 213 186 186 178 178 157 157 119 119 119 119 119 116 104 104 104 80 32 32 32 32 32 32 32 32 32 14 14 
975 975 975 983 975 975 975 931 956 941 941 921 921 921 863 863 863 863 863 736 736 736 736 838 736 736 736 736 808 708 708 708 708 766 708 708 751 708 708 726 697 697 710 698 659 659 659 659 475 475 475 634 619 619 619 475 475 475 475 563 563 475 536 536 554 554 509 509 515 515 515 499 499 356 356 485 436 436 443 443 364 364 364 426 364 412 407 386 386 364 364 364 338 338 338 322 310 310 221 221 221 221 221 276 221 221 221 221 213 233 233 214 214 186 186 186 157 157 157 119 148 119 119 116 116 104 104 104 80 32 82 32 32 32 32 33 33 33 14 14 
975 931 931 983 983 983 931 931 956 941 942 921 921 921 863 863 863 863 863 736 852 852 852 838 838 736 736 736 708 708 708 708 708 708 708 756 751 708 708 697 697 714 669 669 669 669 647 647 647 475 475 634 634 593 593 593 593 593 475 475 585 475 536 536 509 509 509 509 356 356 356 356 356 356 356 356 436 436 464 443 443 443 364 364 364 407 407 364 364 364 375 338 338 349 221 322 322 310 221 221 295 221 221 276 221 221 221 248 213 186 186 214 214 186 187 187 157 157 157 119 119 119 119 116 124 104 104 104 80 32 32 32 32 32 32 33 34 34 14 14 
931 931 931 931 931 931 931 941 941 941 921 921 921 921 863 863 863 887 887 736 736 736 853 820 820 820 820 736 708 708 708 708 751 751 751 751 751 708 708 727 727 714 669 669 669 669 647 647 647 654 593 593 593 593 613 613 593 593 598 475 475 475 509 509 509 509 509 509 356 356 510 510 356 356 356 356 436 436 436 436 436 436 436 364 364 407 407 364 364 375 375 338 338 349 221 323 323 310 221 221 295 221 221 221 221 258 213 213 213 186 186 186 214 186 187 187 157 157 157 157 119 133 133 116 116 116 105 105 80 93 32 32 32 25 25 33 34 34 14 14 
931 931 1002 931 931 984 941 941 941 941 921 921 921 922 863 899 899 887 887 880 736 736 853 820 820 820 820 736 736 736 736 708 708 708 708 757 708 708 714 714 714 714 669 699 669 669 669 669 647 654 593 613 593 593 613 593 593 593 593 593 578 578 509 509 509 509 509 509 356 356 510 356 356 356 356 356 476 447 447 458 436 436 436 364 364 407 407 364 364 375 338 338 338 349 221 221 311 311 221 221 282 282 282 267 267 213 213 186 186 186 186 186 214 186 186 188 119 119 119 119 119 99 99 127 99 99 105 105 80 80 80 25 25 25 25 25 25 35 15 15 
931 931 941 941 941 941 941 966 957 943 943 863 863 922 863 863 900 880 880 880 736 846 846 846 820 820 820 736 736 736 736 736 736 708 708 708 708 708 714 715 715 715 669 699 669 669 669 670 647 593 593 613 613 613 613 593 594 593 593 593 578 578 509 509 509 509 549 509 356 356 356 356 356 356 356 356 447 447 447 447 447 436 436 364 364 364 408 364 387 297 297 357 357 297 297 221 311 311 311 221 282 268 268 268 268 213 213 186 239 239 186 186 186 201 186 186 119 158 119 119 99 99 99 99 99 99 99 99 99 80 80 25 25 25 25 25 25 35 15 15 
931 993 941 941 941 957 957 957 957 943 863 863 863 863 863 863 900 880 880 881 736 846 846 846 820 820 820 736 809 736 736 736 736 708 708 708 708 708 714 715 715 715 699 699 670 670 670 670 647 593 593 593 593 593 593 593 594 593 599 593 509 509 509 509 509 509 509 509 356 356 356 356 356 356 356 356 447 427 427 427 436 436 436 364 364 364 364 364 297 297 297 297 297 297 297 221 311 311 311 221 269 269 269 269 269 213 213 186 239 239 215 215 186 201 201 186 119 158 158 158 99 141 99 99 99 99 99 100 100 25 25 25 25 25 25 25 25 35 25 15 
931 993 993 993 993 923 923 923 923 943 863 863 929 863 863 863 854 854 880 881 736 864 846 846 736 736 821 736 791 791 791 736 734 734 708 708 708 708 714 714 716 716 699 700 670 670 670 670 647 647 647 593 593 620 620 594 594 593 593 593 509 509 509 538 538 538 538 538 538 500 500 500 500 500 356 356 447 427 444 427 436 436 436 427 364 364 364 398 297 297 297 297 297 297 297 221 221 221 221 221 269 269 269 269 269 213 213 186 239 239 215 215 186 186 186 186 119 119 119 159 99 99 99 99 99 99 99 100 100 25 25 74 25 47 47 25 25 25 25 15 
931 931 931 931 994 923 923 923 923 943 943 863 863 863 863 863 854 854 880 881 736 736 736 736 736 736 736 736 791 791 736 736 734 734 708 708 714 714 714 714 699 699 699 700 661 661 678 671 661 620 620 620 620 620 621 594 594 594 594 594 509 509 509 538 538 538 538 500 500 500 516 447 447 447 447 447 447 427 444 427 427 427 427 427 364 364 364 398 388 297 297 297 297 297 297 297 297 315 269 269 269 269 269 269 269 213 213 186 186 186 215 215 186 186 202 172 172 172 119 99 99 99 134 99 99 99 99 67 67 94 25 25 25 47 47 47 25 25 15 15 
1003 1003 1003 931 994 923 923 923 923 923 923 923 863 863 863 863 854 854 880 880 865 865 854 839 839 736 736 791 791 791 736 736 734 734 734 734 714 714 714 714 699 699 699 661 661 661 671 671 661 620 620 509 509 509 509 509 509 509 595 595 509 509 509 538 538 538 538 500 500 447 447 447 486 486 486 447 447 427 444 444 444 444 428 428 418 380 380 388 388 297 297 339 339 297 297 332 297 269 269 269 269 269 269 277 186 186 186 186 186 186 186 215 215 202 202 172 172 172 119 99 99 99 134 106 106 117 67 67 67 67 67 67 67 51 47 47 26 26 15 15 
1003 931 931 931 994 923 923 923 923 923 923 923 923 923 854 854 854 854 880 880 865 866 854 839 839 822 822 791 791 792 792 736 734 734 734 734 734 734 734 734 673 673 673 661 661 661 671 671 661 509 509 509 608 608 608 509 509 509 595 509 509 509 509 538 538 538 550 545 447 447 447 447 486 486 486 486 477 427 459 459 428 428 428 429 418 380 380 388 388 339 339 339 339 339 332 332 297 269 269 269 296 283 283 277 186 186 186 249 240 240 186 222 202 202 202 119 119 119 119 134 134 134 134 106 106 106 67 67 67 15 15 15 68 51 51 26 26 26 26 15 
1003 931 931 931 994 923 923 967 923 923 923 923 930 854 854 854 854 854 880 880 865 866 854 822 822 822 823 792 792 792 793 736 773 773 767 734 734 673 673 673 673 717 673 701 661 661 661 661 661 509 648 608 608 608 608 607 607 509 595 509 538 538 538 538 539 539 539 545 447 447 447 477 477 477 477 477 477 427 459 459 428 437 437 418 418 380 380 380 380 339 339 339 339 339 332 332 297 316 269 269 296 283 277 277 186 186 186 249 240 186 186 222 202 202 202 119 119 134 134 134 149 106 106 106 106 106 48 48 67 15 15 15 15 15 15 26 36 36 15 15 
1003 931 985 985 985 985 976 923 923 923 923 923 854 854 854 854 854 865 865 865 865 854 854 822 823 823 823 792 793 793 793 736 736 736 767 747 747 673 673 673 673 717 673 701 661 661 661 672 509 509 608 608 608 608 622 607 607 509 595 509 538 538 538 568 539 539 539 539 539 517 517 477 477 477 477 427 427 427 428 428 428 430 430 430 419 380 358 358 380 358 358 358 358 339 339 332 297 297 312 283 283 283 277 278 186 240 240 240 240 186 189 189 207 207 166 166 119 119 134 134 149 106 106 106 106 48 48 48 67 67 15 15 15 15 15 26 15 15 15 16 
1003 931 985 985 968 968 976 923 923 923 923 934 854 854 854 906 854 854 854 854 854 854 822 822 777 777 824 792 792 792 792 736 736 736 767 747 747 747 673 673 673 717 673 673 673 679 679 509 509 655 608 645 608 608 622 614 509 509 509 509 538 538 538 568 546 546 546 546 517 517 477 477 477 477 477 427 478 428 428 430 430 430 419 419 419 380 358 358 358 358 358 358 359 277 277 332 324 297 312 283 283 283 277 277 186 240 240 240 240 186 186 189 189 208 166 166 166 119 119 119 119 106 106 106 106 48 109 48 48 48 48 48 15 15 15 15 15 15 15 16 
1003 931 968 968 968 968 968 968 958 934 934 934 901 901 915 901 901 854 854 882 777 777 822 777 777 777 777 777 792 792 792 736 776 752 752 752 752 673 673 673 673 717 685 685 673 673 673 509 608 608 608 645 635 608 614 614 509 509 509 538 538 538 538 568 546 546 546 517 517 517 477 477 477 477 427 427 427 428 428 428 428 419 419 419 419 380 358 358 358 277 277 277 277 277 277 324 324 297 312 283 283 283 277 277 186 186 186 186 186 186 186 216 189 189 166 166 166 173 166 160 119 106 106 118 118 48 48 48 48 48 83 48 15 15 15 15 16 16 16 16 
931 931 968 968 968 986 968 968 958 934 935 935 901 901 901 901 882 882 888 882 777 777 822 777 825 825 825 777 784 784 792 736 736 752 752 752 673 673 673 673 728 717 685 685 685 685 673 509 509 635 635 635 635 608 614 604 604 604 538 538 538 538 538 487 487 487 546 517 517 517 477 477 477 427 427 427 427 465 428 428 428 419 380 380 380 380 358 389 389 277 277 277 277 277 277 324 324 297 297 297 297 277 277 234 234 234 234 234 234 234 234 216 216 189 166 166 166 166 166 160 119 142 106 118 118 118 48 48 83 83 83 48 43 43 43 43 16 16 16 16 
931 1004 1004 931 931 931 931 931 958 934 935 935 901 901 902 902 902 882 882 882 777 777 777 777 825 825 825 777 784 784 792 784 736 752 752 752 673 673 673 629 728 717 685 685 685 685 673 673 635 635 635 635 635 608 608 604 604 604 538 538 538 572 572 487 487 487 487 522 522 522 477 477 477 427 427 427 465 465 428 428 419 419 380 380 380 380 380 380 380 380 277 277 277 277 277 277 324 277 277 277 298 277 284 234 234 234 234 234 204 204 204 204 189 189 203 179 179 160 160 160 119 119 106 106 125 83 83 83 83 48 48 48 43 43 43 43 43 27 27 17 
931 1004 1004 931 931 931 977 931 931 931 931 931 931 901 901 901 901 777 777 777 777 777 777 777 777 777 777 777 784 784 784 784 736 736 752 752 736 736 740 629 629 717 629 629 629 629 629 629 635 635 635 635 635 629 608 604 604 572 572 572 572 572 555 555 555 555 487 487 487 487 487 511 487 487 487 487 465 465 428 428 419 419 340 340 340 340 340 340 340 340 340 340 340 340 340 277 277 277 279 277 277 277 284 234 234 234 250 250 204 204 235 204 189 189 189 179 180 160 119 119 119 119 135 106 106 83 83 83 48 48 84 75 43 43 43 43 44 27 27 17 
931 931 931 931 931 977 977 901 901 901 901 907 907 907 907 907 901 777 889 883 777 777 777 777 777 777 777 777 784 794 794 777 777 736 752 752 736 736 735 735 629 629 629 629 629 629 629 629 629 629 629 629 629 629 608 604 604 572 572 572 518 518 555 555 555 518 518 523 523 523 487 487 487 487 448 448 479 465 465 340 340 340 340 340 340 340 381 381 381 381 277 277 360 277 277 333 277 277 279 279 290 290 234 234 234 234 204 204 204 204 235 204 204 209 189 179 160 160 119 119 119 119 119 119 106 83 83 106 48 75 75 75 43 43 43 43 44 27 27 17 
1005 1005 931 931 931 931 931 901 949 949 901 907 901 901 907 907 901 777 883 883 777 777 777 777 777 777 777 777 784 777 777 777 778 736 736 736 736 736 736 736 629 629 629 629 690 629 629 629 629 629 636 636 636 608 608 604 604 572 572 572 518 518 518 555 555 518 518 518 518 518 518 487 504 487 448 448 448 465 465 340 340 340 340 340 409 409 381 381 381 381 277 277 277 277 277 277 277 277 279 279 290 290 234 234 234 259 204 204 204 204 204 223 204 209 189 189 160 160 160 143 143 143 119 119 106 106 106 106 48 75 75 75 43 43 52 48 17 17 17 17 
1005 1005 1005 931 931 931 931 901 949 949 901 901 901 901 901 901 901 777 777 777 777 777 777 777 777 777 777 777 777 777 785 785 748 748 748 748 748 748 736 736 629 629 629 629 629 629 680 629 629 629 636 636 637 608 608 608 608 572 572 572 518 518 518 518 518 518 519 519 519 519 519 487 487 487 448 448 448 448 448 448 448 340 340 409 409 409 409 381 381 381 277 277 277 277 277 277 277 277 279 279 279 279 279 279 234 234 234 234 204 204 204 223 204 204 204 160 160 160 160 143 143 143 119 119 119 119 106 106 48 48 48 48 48 48 48 48 17 17 17 17 
