878 878 878 878 878 878 878 878 878 878 878 878 878 878 839 839 839 839 839 811 811 811 811 807 780 780 780 780 746 746 746 746 746 719 719 719 719 688 688 688 688 683 657 657 664 569 569 569 569 569 617 575 575 575 575 575 575 575 535 535 535 535 535 497 497 497 497 497 463 463 463 463 463 385 385 385 385 410 410 410 403 389 389 328 328 328 328 328 328 328 328 328 248 248 248 248 248 248 248 248 248 248 248 248 241 191 191 191 191 191 191 191 175 175 175 106 106 106 151 106 106 106 106 106 106 106 1 1 1 1 1 66 1 1 46 1 1 1 1 1 
878 878 878 878 938 878 878 878 878 890 890 840 840 879 839 839 839 839 840 811 811 811 811 807 780 793 786 781 746 746 746 746 746 719 688 688 688 688 700 657 657 683 657 657 657 569 569 569 632 569 617 575 575 575 575 575 575 575 535 535 535 536 536 497 497 497 498 498 463 473 472 472 385 385 385 385 385 398 398 398 403 389 389 328 328 328 328 328 329 329 337 329 248 248 248 248 248 276 276 248 248 264 248 248 241 191 191 191 191 191 191 191 175 175 175 106 106 106 106 106 138 132 80 80 80 1 1 1 1 1 1 1 1 1 1 1 2 2 2 2 
878 878 878 878 938 878 878 878 890 890 890 840 840 840 840 852 852 852 840 811 811 780 780 807 780 786 786 781 747 747 747 747 747 719 688 688 688 657 657 657 657 657 657 657 657 657 642 642 569 569 617 552 552 552 567 567 581 535 535 535 535 536 536 497 497 497 463 463 463 473 472 472 385 385 385 425 425 398 398 398 398 398 389 385 328 328 328 328 328 329 329 329 248 248 248 248 248 276 276 241 241 241 241 241 241 215 215 215 191 191 191 191 191 106 106 106 106 106 106 144 132 132 80 80 80 1 1 1 1 1 56 56 56 2 2 2 2 20 20 3 
878 878 878 942 938 878 878 878 878 890 890 840 840 840 840 840 840 840 840 811 811 780 780 780 780 786 786 781 747 747 747 747 719 719 688 688 688 657 657 657 657 657 657 657 657 657 633 633 569 569 617 552 552 552 567 567 567 535 535 535 535 536 536 497 497 497 463 463 463 473 464 464 464 385 385 425 425 425 385 385 385 385 389 385 328 358 358 358 328 345 317 317 317 248 248 248 248 286 276 241 241 254 254 242 242 215 215 215 215 106 106 106 106 106 161 106 106 139 139 139 139 102 102 80 80 1 1 1 1 56 56 56 56 3 3 3 3 3 21 3 
878 917 917 917 938 878 878 917 878 890 840 840 840 840 870 840 840 853 819 819 819 780 787 787 787 787 751 781 747 747 747 747 719 742 688 688 688 712 657 657 657 657 670 670 657 657 633 633 633 569 617 617 552 552 567 567 567 567 567 536 536 536 536 497 497 497 497 463 463 473 464 464 464 385 385 385 425 425 385 390 390 385 385 385 328 328 328 328 328 345 317 242 242 277 277 286 286 286 276 276 241 242 242 242 106 106 106 106 106 106 184 184 184 184 161 161 161 139 139 139 102 102 102 80 80 80 80 80 80 56 56 56 56 3 3 3 3 3 3 3 
878 878 878 917 917 917 917 917 878 890 840 840 840 840 840 840 840 853 819 819 819 780 787 787 787 787 751 751 772 751 751 751 719 742 688 688 720 633 633 633 633 633 633 633 657 657 633 633 569 569 617 617 552 567 567 567 567 567 568 536 536 536 536 497 497 497 497 463 463 473 432 432 432 432 432 385 385 385 385 390 390 390 369 369 369 369 328 328 345 345 242 242 242 277 277 277 277 277 277 277 241 242 249 249 106 231 106 106 184 184 184 176 176 176 176 162 162 139 139 139 102 133 102 80 80 80 80 80 80 80 56 56 3 3 3 3 4 4 3 3 
959 953 878 878 878 878 878 878 878 890 890 840 840 880 840 840 840 819 819 819 819 780 780 780 787 787 787 751 751 751 751 752 719 719 719 719 633 633 633 633 633 678 678 633 633 633 651 633 569 552 552 552 552 567 567 567 568 568 568 536 536 536 536 497 497 497 497 499 463 473 432 432 432 432 432 432 432 385 385 390 390 390 369 369 345 345 345 345 345 242 242 242 242 277 277 277 241 241 241 241 241 242 249 106 106 106 106 106 176 176 176 176 177 177 177 162 162 139 139 139 102 133 102 80 80 80 3 3 3 3 56 56 3 3 3 3 4 4 4 4 
959 953 881 881 881 881 881 878 878 890 890 840 840 840 840 859 859 819 819 819 819 819 780 780 797 773 773 751 751 751 751 752 719 719 719 719 633 633 633 693 633 678 678 633 633 633 633 633 569 552 567 567 567 603 567 567 568 552 552 552 508 508 508 523 508 508 508 499 463 473 479 415 415 415 415 415 415 415 415 390 390 390 390 369 345 345 345 345 345 242 242 242 242 242 242 241 241 241 241 241 241 242 106 106 243 106 106 106 176 208 192 192 177 153 153 153 153 153 139 139 102 102 102 102 102 3 3 89 89 3 3 3 3 34 34 34 4 4 4 4 
931 953 881 881 881 881 881 881 881 890 890 890 840 840 871 832 832 832 841 832 819 819 780 780 773 773 773 751 751 751 719 719 719 719 719 633 633 633 633 633 633 658 658 658 658 643 643 643 569 552 567 567 567 567 567 568 568 552 552 552 508 508 508 523 508 516 500 500 463 473 479 415 415 457 415 415 415 415 416 390 390 390 390 369 345 345 345 345 242 242 242 310 310 310 242 241 241 241 241 241 241 242 106 106 106 106 106 106 176 176 192 192 192 153 153 153 153 102 102 102 102 102 102 102 102 3 89 89 90 35 35 57 57 34 34 34 34 4 4 4 
931 943 943 943 881 881 910 910 881 881 896 881 881 881 832 832 860 832 832 832 819 819 812 780 773 794 773 751 751 719 719 753 633 633 633 633 635 635 689 689 689 658 658 658 658 643 644 569 569 552 552 552 610 567 567 568 582 552 552 552 552 508 508 508 508 516 500 463 463 473 473 415 415 457 426 426 426 426 391 391 390 390 390 369 369 345 345 345 242 242 242 310 169 169 242 242 242 242 242 242 242 242 169 169 106 106 225 176 176 176 102 102 102 102 102 102 102 102 102 102 102 102 126 102 102 3 89 89 90 35 51 51 51 51 34 34 34 5 5 5 
931 943 944 944 931 931 910 910 910 881 896 881 832 832 832 865 842 842 812 812 812 812 812 780 773 794 773 773 773 719 719 633 633 729 729 729 635 635 689 689 635 635 658 658 658 658 644 569 634 552 552 552 552 568 568 568 552 552 553 553 553 508 508 508 516 516 500 463 473 473 473 415 415 457 426 426 426 391 391 391 404 390 390 369 369 369 310 310 310 310 310 310 169 169 242 242 169 169 169 169 169 169 169 169 176 176 176 176 203 203 102 102 102 163 163 163 163 102 102 102 102 102 102 102 111 3 89 89 90 35 35 35 35 35 35 35 35 5 5 5 
931 943 943 943 931 832 832 832 832 881 881 881 832 843 843 842 842 842 812 812 824 812 812 780 773 773 773 773 773 719 719 633 633 633 633 633 635 635 635 635 635 635 658 658 658 644 644 569 569 569 569 569 552 568 568 552 552 553 553 563 537 537 508 508 500 500 500 463 473 473 473 473 415 457 426 426 426 391 391 391 391 391 391 369 369 369 310 310 338 338 169 169 169 169 169 169 169 287 169 169 271 265 169 169 176 176 176 176 176 203 102 102 102 102 102 102 102 102 102 102 102 102 102 102 111 3 101 3 3 81 73 36 36 36 36 36 36 5 5 5 
931 943 943 943 931 832 832 832 832 881 881 881 832 843 843 842 842 780 780 812 812 812 780 780 773 773 788 773 773 719 719 633 633 743 633 633 635 694 694 694 690 635 635 665 665 644 644 644 585 585 585 569 552 552 552 552 583 553 553 537 537 463 463 463 500 500 463 463 465 465 465 465 415 415 415 438 426 426 391 391 310 310 310 310 310 310 310 310 338 338 169 169 318 169 169 169 287 287 169 169 169 265 169 250 176 176 176 176 176 203 203 169 169 169 169 169 102 102 102 102 102 102 102 102 102 3 101 3 3 3 73 36 36 36 36 36 22 22 5 5 
931 931 931 931 931 832 832 832 832 881 881 881 832 843 843 866 842 780 780 780 780 780 780 780 788 788 788 763 763 763 635 635 635 635 635 635 635 694 694 694 690 635 635 635 635 652 652 585 585 585 585 569 569 604 552 552 569 569 569 537 537 463 463 463 463 463 463 465 465 465 465 465 465 415 415 438 310 310 417 310 310 370 370 370 370 370 339 339 352 338 338 169 169 169 304 169 169 169 169 278 169 265 169 219 219 219 176 176 176 169 169 169 102 102 102 102 102 102 102 121 121 121 121 121 102 3 101 3 3 3 40 40 40 40 40 40 22 5 5 5 
950 950 950 931 931 832 832 872 832 832 832 891 832 843 843 843 842 842 842 763 763 780 780 780 788 788 788 763 763 635 635 635 635 721 721 721 721 666 666 666 690 635 635 635 635 652 652 585 585 585 585 585 569 569 569 569 569 554 554 554 537 463 463 524 463 463 509 465 465 485 465 465 465 458 310 310 310 310 417 310 370 370 339 339 339 339 339 339 352 339 339 330 283 283 283 283 294 169 169 278 169 169 169 219 219 219 219 219 169 169 199 199 102 102 102 102 102 102 102 121 121 121 122 122 102 3 3 3 3 3 40 40 40 40 40 40 22 5 5 5 
950 950 832 832 832 832 832 872 872 905 832 891 832 882 872 843 843 843 763 763 763 763 763 808 788 788 763 763 763 635 635 635 635 722 722 722 722 666 666 666 666 666 666 671 635 635 635 635 635 585 585 585 569 569 569 569 584 554 554 554 537 463 463 463 463 501 465 465 465 485 465 465 458 458 310 370 370 310 310 310 370 339 339 363 363 363 363 339 339 339 330 330 283 283 283 283 294 283 283 251 251 169 169 169 169 169 219 219 169 199 199 199 102 102 102 102 102 102 102 122 121 121 122 122 102 3 3 3 3 3 40 40 40 40 40 40 22 22 22 6 
918 918 832 832 897 897 897 911 872 872 832 832 832 872 872 867 843 843 763 763 763 763 763 763 788 788 763 635 635 635 635 635 635 722 713 713 713 666 666 684 684 684 666 666 666 635 635 635 635 585 585 585 585 585 591 591 554 554 554 554 537 537 537 525 501 501 465 465 485 485 465 465 458 310 310 370 370 370 370 370 370 339 363 363 363 363 364 340 340 340 340 311 311 311 283 294 294 283 283 251 169 169 169 169 220 169 169 169 169 199 199 199 102 102 102 102 102 145 145 122 122 122 122 122 102 102 3 3 3 3 74 6 6 6 47 6 6 22 22 6 
918 918 945 945 897 897 897 911 911 872 872 872 872 872 867 867 843 843 843 763 763 763 763 763 788 788 763 635 635 635 635 713 713 722 713 730 713 713 701 684 684 619 619 619 619 619 619 645 619 619 619 585 585 585 591 591 554 554 554 554 554 510 510 525 501 501 501 465 465 465 465 474 458 310 310 418 418 418 418 339 339 339 363 363 363 363 340 340 340 340 341 311 311 311 283 283 283 283 283 251 169 169 169 169 220 220 220 185 185 185 199 199 102 102 102 102 102 145 145 145 122 122 122 122 112 102 3 3 3 74 74 6 52 6 6 6 6 6 6 6 
918 918 945 897 897 897 897 897 897 897 872 872 872 872 867 867 825 825 844 763 763 763 798 798 798 763 763 748 748 635 635 713 713 713 713 619 619 619 701 619 619 619 620 620 619 619 619 619 619 620 620 585 585 585 591 591 554 554 554 555 555 510 510 510 510 510 501 501 474 474 480 474 458 458 310 310 310 310 419 339 392 392 392 363 363 363 340 340 340 340 319 319 319 305 305 283 283 283 283 251 251 169 169 169 232 232 220 185 185 185 185 102 102 102 102 146 146 146 146 146 122 122 122 122 112 102 102 6 6 6 6 6 52 52 6 6 6 6 7 7 
918 918 918 897 897 897 922 897 897 897 897 867 867 867 867 867 825 825 844 813 813 763 763 763 763 763 748 748 748 754 754 713 713 734 734 619 619 619 701 619 619 619 620 620 620 620 620 620 636 620 585 585 585 585 585 585 585 556 556 555 555 510 538 510 510 510 510 502 474 474 480 474 445 445 445 310 310 310 411 411 392 392 310 363 363 363 340 340 340 340 319 305 305 305 288 288 284 284 284 251 251 169 169 169 232 232 220 220 185 185 185 102 102 102 102 146 146 146 146 146 122 122 122 122 112 6 6 6 82 6 6 58 58 6 6 6 6 6 7 7 
960 954 918 922 922 922 922 918 867 867 867 867 867 867 825 825 825 825 825 813 813 763 763 763 763 763 748 748 748 754 754 754 713 713 713 713 619 619 619 619 619 619 672 672 620 620 621 620 620 620 585 585 585 585 585 592 586 556 556 556 556 510 510 510 510 399 502 502 474 474 474 474 445 446 446 433 433 310 411 310 310 310 310 363 363 371 319 319 319 319 319 305 305 288 288 288 284 284 284 251 251 169 169 169 232 232 185 185 185 185 185 200 185 185 178 146 147 147 147 127 127 127 127 112 112 6 6 6 82 82 6 6 6 6 6 23 23 23 7 7 
954 954 918 918 918 918 918 918 867 867 867 867 867 883 825 825 825 825 825 825 813 813 813 763 763 763 748 748 748 748 748 713 713 713 713 713 619 619 619 659 659 659 659 659 659 659 621 621 621 621 621 618 611 526 526 526 586 564 564 564 526 526 526 526 510 399 502 474 474 474 445 445 445 399 399 433 433 310 310 310 399 399 319 319 319 319 319 353 353 331 331 331 288 288 288 288 288 288 251 251 251 266 233 233 232 232 185 185 185 209 185 185 185 178 178 146 146 147 147 127 127 112 112 112 113 6 6 6 91 6 6 67 6 6 6 23 23 23 23 8 
954 923 923 923 923 923 923 892 892 892 867 867 867 883 825 825 825 825 845 825 789 789 789 789 789 789 748 748 774 748 748 713 713 713 713 713 619 619 619 659 659 659 659 637 637 637 637 637 618 618 618 618 611 526 601 526 526 564 564 564 526 526 539 510 510 399 399 474 491 474 445 445 445 399 399 399 399 399 399 399 399 319 319 319 319 319 319 353 353 331 331 331 288 288 288 288 288 251 251 266 266 266 233 233 233 233 185 185 185 209 185 185 178 178 146 146 146 147 147 147 112 112 128 113 113 6 6 6 6 6 8 8 8 8 8 8 8 8 8 8 
954 923 923 923 892 892 892 892 892 892 867 867 873 825 825 825 825 854 825 825 789 789 789 789 789 789 789 748 774 748 748 748 748 714 714 714 714 714 619 659 659 679 679 637 637 637 637 637 618 618 618 611 611 526 526 593 526 564 557 557 557 526 539 510 510 510 399 474 474 474 481 399 399 399 447 399 399 427 405 405 405 319 393 359 359 342 342 342 342 342 306 306 306 288 288 299 251 251 251 251 251 251 251 251 233 233 185 146 146 146 178 178 178 186 146 146 146 154 147 147 112 128 128 113 113 83 83 48 48 48 8 8 8 8 41 41 8 9 9 9 
954 955 923 923 892 932 892 892 892 906 873 873 873 825 825 825 825 825 825 825 825 789 789 748 748 748 748 748 748 748 714 714 714 714 714 714 619 619 619 695 653 653 653 653 637 637 637 637 637 611 611 611 526 526 526 593 526 564 557 557 557 526 526 510 510 510 399 481 481 481 481 399 399 439 439 439 434 406 406 406 406 319 359 359 359 342 342 342 342 342 306 306 306 306 185 185 251 251 251 267 267 267 234 234 234 185 185 146 146 146 178 178 178 186 146 146 146 146 148 148 112 112 112 112 113 83 83 48 48 48 48 48 48 8 8 8 8 9 9 9 
954 955 923 923 892 892 892 892 892 906 873 873 868 868 825 825 846 825 825 825 826 789 789 748 748 795 748 748 748 748 714 755 714 714 714 619 619 673 673 673 653 653 653 653 637 637 637 638 638 611 526 526 526 526 526 526 526 564 564 564 526 526 526 510 510 510 399 399 399 399 475 475 399 439 439 434 434 406 406 406 406 319 359 386 359 359 342 342 342 342 342 306 312 306 306 185 185 185 279 279 267 267 234 234 234 185 185 185 146 146 178 178 178 146 146 146 146 146 134 134 134 134 112 112 103 103 83 83 48 48 48 48 48 48 48 9 9 9 9 10 
954 955 923 923 923 892 892 892 898 898 898 873 868 868 825 825 846 825 825 825 826 748 748 748 748 748 764 764 748 748 714 714 714 735 735 619 619 673 673 673 673 673 653 653 653 611 611 611 611 611 526 526 612 526 526 526 526 526 526 564 526 526 510 510 510 510 466 466 466 399 475 475 399 399 399 434 434 406 406 319 319 319 359 359 359 359 359 359 342 342 342 306 312 306 306 295 295 185 185 185 185 185 185 185 234 234 185 185 146 146 146 146 146 146 134 134 134 134 134 114 114 135 112 112 103 103 103 83 48 48 12 12 48 48 49 9 9 9 9 10 
954 955 923 923 923 924 924 892 892 899 899 873 873 868 868 868 846 846 846 826 826 748 748 748 748 748 764 764 764 764 749 749 749 619 619 619 619 702 702 673 673 673 673 673 653 611 611 611 611 612 526 526 612 594 594 467 467 467 526 526 526 526 510 510 503 503 466 466 466 399 399 399 399 399 399 440 319 319 319 319 319 319 394 387 343 343 343 343 343 343 343 306 312 312 295 295 185 185 185 185 244 244 244 185 185 185 185 146 146 114 114 187 187 187 134 134 134 134 152 114 114 135 112 112 12 12 12 83 83 83 12 12 12 49 49 9 9 9 9 9 
954 923 923 923 939 924 924 919 892 892 892 892 873 873 827 827 827 846 846 826 826 748 748 764 764 764 764 782 749 749 749 704 704 619 619 619 619 619 703 696 646 646 646 653 653 611 611 611 611 612 622 612 612 594 594 467 467 467 467 526 526 527 510 510 503 503 466 466 466 466 466 399 399 399 399 440 319 319 319 343 343 343 343 387 343 343 343 343 343 343 344 306 306 295 295 300 185 185 185 185 244 244 244 185 185 146 146 146 216 114 114 114 114 114 134 134 164 134 114 114 114 135 114 114 12 12 12 12 12 84 12 12 12 49 49 9 9 9 9 9 
954 923 923 923 939 919 919 919 900 900 900 873 873 873 827 869 827 764 764 833 764 764 764 764 764 764 749 749 749 749 749 704 704 704 704 619 619 619 619 696 646 685 646 653 653 653 653 612 612 612 612 612 605 605 594 594 467 467 467 526 526 527 527 527 503 503 466 466 466 466 466 399 399 399 399 440 319 319 388 343 343 343 343 343 343 343 343 343 344 344 344 306 306 295 295 295 295 185 185 245 245 244 244 244 244 146 146 114 114 114 114 114 155 114 179 134 134 134 114 114 114 114 114 114 114 12 12 95 12 84 12 12 49 49 49 9 9 9 9 9 
954 954 939 939 939 919 919 919 900 900 900 873 873 884 827 827 827 764 764 764 764 764 764 799 799 749 749 775 775 749 749 704 704 744 704 704 619 619 619 696 646 685 646 653 653 653 653 612 612 612 612 605 605 606 467 467 467 467 467 558 558 544 518 518 503 503 503 503 466 466 466 466 466 399 399 372 372 319 388 343 343 343 343 343 290 290 290 344 344 306 306 306 320 307 307 245 245 245 245 245 245 244 244 244 245 146 146 114 114 155 155 155 155 114 114 114 114 114 114 114 130 130 129 12 12 12 12 95 12 12 12 12 49 49 49 9 24 24 24 9 
961 939 939 886 886 886 886 919 900 900 886 886 873 873 873 827 827 764 764 764 764 776 776 776 776 749 749 749 749 749 749 749 704 704 736 704 704 696 696 696 646 646 646 653 653 653 653 605 605 605 623 605 606 606 467 467 576 576 467 558 544 544 518 518 503 503 503 503 466 466 448 448 448 448 448 372 319 319 388 388 388 388 388 388 290 290 290 344 344 306 301 301 301 307 307 245 245 245 245 280 245 244 244 244 245 114 114 114 114 155 155 155 155 155 155 155 155 155 130 130 130 130 129 75 75 75 92 92 92 12 12 12 49 49 49 9 9 9 9 9 
939 939 939 886 886 886 886 886 886 886 886 886 886 827 827 827 827 827 827 834 764 764 776 776 776 757 757 757 749 749 749 749 749 704 736 704 704 696 696 696 646 646 646 646 646 646 654 605 639 605 623 605 606 606 467 467 576 576 467 558 544 518 518 518 518 503 503 503 492 448 448 476 467 372 372 372 435 412 412 412 372 372 372 372 290 290 290 306 306 306 301 332 301 301 301 301 245 289 245 245 245 268 244 244 245 210 210 210 210 210 155 155 155 155 180 140 140 140 130 130 130 130 130 75 115 75 92 92 92 12 12 12 59 11 11 11 28 28 9 9 
939 939 939 886 886 886 925 886 886 886 886 886 886 827 827 827 827 827 827 827 827 764 790 790 776 757 757 757 757 757 749 749 749 704 736 704 715 715 696 696 646 646 660 660 660 646 654 605 639 605 605 605 467 467 467 467 467 467 467 467 544 518 518 518 518 448 448 448 492 448 467 467 467 372 372 412 412 412 372 372 372 290 290 372 372 372 290 306 306 321 301 301 301 301 301 301 245 245 245 245 245 245 245 245 245 210 210 211 211 211 204 155 155 180 180 140 140 140 130 130 130 130 75 75 115 75 92 92 92 12 68 68 11 11 11 11 28 11 11 11 
920 920 951 886 886 886 886 886 886 886 886 893 815 835 835 835 835 835 827 827 828 764 790 790 776 783 783 783 757 757 749 749 704 704 704 704 715 715 696 696 646 646 660 660 660 646 646 605 639 607 607 607 467 467 467 467 587 467 467 467 467 519 519 519 519 448 448 448 448 448 467 449 449 449 372 372 428 428 372 372 372 290 290 290 290 290 290 306 306 321 321 301 301 301 308 193 193 193 193 245 269 255 255 193 193 210 210 193 193 193 204 155 155 180 180 140 140 140 149 149 75 75 75 123 75 75 92 92 12 12 68 68 11 11 11 11 11 11 11 12 
920 920 951 920 920 920 920 920 886 886 886 893 815 835 835 835 835 835 847 835 764 764 790 790 776 783 783 784 757 757 757 704 704 745 704 704 704 704 646 646 646 646 646 646 660 660 646 605 605 607 607 607 467 467 595 595 467 467 467 559 467 467 540 467 467 467 448 448 448 467 467 449 468 449 449 372 372 372 372 347 347 290 290 373 373 373 290 290 290 346 321 321 321 290 290 193 193 193 193 245 269 269 256 193 193 193 193 193 193 193 193 193 188 188 140 140 165 140 140 140 75 75 75 75 75 107 92 92 12 12 12 12 12 12 12 12 11 11 11 12 
920 920 920 920 940 886 886 886 886 801 801 893 815 835 835 835 835 835 835 835 764 820 790 790 776 776 776 776 776 757 757 704 704 723 723 704 704 704 646 697 646 646 646 646 660 660 646 646 605 605 607 607 607 607 467 467 467 577 570 559 559 467 467 467 520 467 467 467 467 467 449 449 450 450 450 429 429 429 347 347 347 400 290 290 290 290 290 290 290 290 290 290 290 290 290 193 193 193 193 245 193 193 256 193 193 193 193 193 193 212 193 193 188 188 140 140 140 140 140 140 140 75 75 75 75 107 96 96 75 75 75 12 12 12 12 12 37 12 12 12 
920 912 912 886 886 886 886 886 886 801 801 801 815 815 815 815 836 836 836 836 764 764 790 790 790 790 790 704 704 765 704 704 704 723 723 723 723 704 646 646 646 605 605 674 605 605 605 605 605 605 607 607 607 607 467 596 570 570 570 545 545 545 528 528 520 493 493 493 493 449 449 450 450 451 451 429 429 429 347 401 347 347 347 347 347 347 365 290 354 290 290 333 290 290 290 302 193 193 193 245 193 193 193 193 193 193 205 193 193 212 193 201 193 170 170 170 140 140 140 75 75 75 75 75 75 107 96 96 75 75 76 12 53 53 12 12 37 12 12 12 
920 912 912 886 886 886 886 886 886 801 801 801 815 815 874 815 815 815 836 836 764 764 790 790 790 723 723 704 704 704 704 723 723 723 723 723 704 704 646 646 605 605 605 605 605 629 605 605 607 607 607 607 570 607 467 467 570 571 571 545 545 546 528 528 520 493 493 504 494 449 450 450 420 420 420 429 429 429 347 401 401 401 381 381 381 347 365 290 290 290 290 290 290 290 290 290 290 290 193 193 193 235 235 235 235 235 205 221 205 205 193 201 193 170 170 170 140 140 140 75 75 75 75 75 75 107 96 96 75 75 12 12 12 12 12 37 37 12 13 13 
912 912 912 912 912 926 926 801 801 801 801 801 801 801 861 861 861 815 815 815 764 764 790 790 790 723 723 723 723 723 723 723 737 737 737 704 704 716 698 698 605 605 605 605 605 629 629 647 607 624 624 607 570 570 570 570 570 545 545 545 545 520 520 520 520 494 494 494 494 449 449 420 420 459 420 429 429 429 420 382 382 382 382 382 382 347 347 347 347 290 290 290 309 309 309 290 290 226 226 226 226 235 235 235 235 235 205 205 205 205 193 193 193 170 181 140 140 141 141 141 141 75 75 116 75 75 75 75 75 85 12 12 12 54 12 37 12 12 13 14 
912 912 912 912 912 926 926 801 801 907 887 887 801 801 861 801 801 815 815 815 764 764 790 790 790 723 723 723 723 723 723 723 737 738 738 704 704 716 698 698 605 605 605 605 605 661 629 629 607 624 624 607 613 545 545 545 545 545 572 495 495 520 520 520 520 494 494 494 494 486 420 420 459 459 420 420 420 420 420 382 407 309 309 383 383 309 309 309 347 347 334 334 309 303 303 303 226 226 226 226 226 235 235 235 235 222 222 222 205 205 205 170 170 170 170 140 140 141 141 141 141 75 75 116 116 60 60 60 60 60 60 60 60 54 12 37 12 29 13 14 
912 912 912 912 912 912 912 912 801 801 887 887 801 801 801 801 801 848 848 815 764 814 814 764 764 723 723 723 723 723 723 723 737 579 579 731 704 716 698 698 605 605 605 605 605 605 629 629 607 607 607 607 545 545 545 545 545 495 495 495 495 495 495 495 520 494 494 486 486 486 420 452 452 452 452 420 420 421 421 382 382 309 309 309 309 309 366 309 334 334 334 309 309 303 303 303 226 226 226 226 226 226 226 235 235 222 222 222 205 205 205 170 170 170 170 141 141 141 141 141 141 60 60 60 60 60 61 61 61 61 61 61 61 54 12 12 12 29 13 14 
912 912 912 912 912 912 927 912 912 801 887 887 887 801 801 862 801 801 815 815 764 764 764 764 764 723 723 723 723 723 758 579 579 579 579 579 704 704 704 579 579 579 605 605 605 605 629 629 629 629 607 607 545 545 545 545 545 560 505 505 505 505 505 495 495 486 486 486 487 487 420 452 452 452 421 421 436 421 421 382 382 309 309 309 309 309 309 309 334 334 309 309 313 313 303 303 226 226 226 226 226 257 226 226 226 226 226 213 213 213 170 170 170 170 170 141 141 141 141 60 60 60 60 60 60 60 61 29 29 29 69 69 54 54 29 29 29 29 13 13 
912 912 912 912 912 912 912 913 913 801 887 801 801 862 862 862 862 801 815 815 815 764 764 800 764 764 791 758 758 758 758 579 739 739 739 579 724 704 704 579 691 579 662 605 605 662 614 614 614 614 614 614 545 545 560 560 588 560 505 505 529 529 505 505 495 495 486 486 487 487 420 452 452 421 421 421 421 421 421 382 382 309 309 309 309 360 360 360 309 309 309 313 313 313 291 291 291 291 226 226 226 257 227 227 227 227 227 213 213 213 170 170 170 170 170 60 60 60 60 60 60 124 60 60 60 60 60 29 29 29 29 70 54 54 29 42 13 13 13 13 
912 933 933 933 933 933 912 894 894 801 801 801 801 862 862 862 862 801 815 815 815 815 815 800 800 764 791 758 758 758 759 579 739 739 739 579 579 579 579 579 691 579 662 605 605 662 614 614 614 614 614 614 614 560 560 560 560 560 573 505 505 529 541 505 505 495 495 495 495 469 469 469 452 421 421 367 367 367 367 367 382 309 309 309 309 309 309 309 309 335 335 313 322 313 291 291 291 281 281 226 226 257 257 217 217 217 228 213 213 156 156 194 194 170 170 60 60 60 60 60 60 124 124 124 60 60 60 29 29 29 29 70 62 29 29 13 13 13 13 13 
912 933 933 933 933 934 912 894 894 801 801 894 801 801 801 863 863 801 815 815 801 801 801 801 801 764 791 766 766 766 579 579 725 725 725 725 725 705 705 691 691 579 662 662 662 662 579 579 579 579 579 579 579 560 560 560 578 578 505 505 505 529 529 529 505 505 505 505 469 469 469 469 452 452 421 367 367 367 422 367 367 309 309 309 367 367 367 335 335 335 335 313 313 313 291 291 291 281 281 281 217 217 217 217 246 217 217 217 217 156 156 194 156 156 156 60 60 60 60 60 136 136 124 124 60 60 104 29 93 29 29 29 62 29 29 13 13 13 13 13 
912 912 912 912 912 912 912 894 894 894 894 894 885 885 801 849 849 801 801 801 801 764 764 764 764 764 791 766 766 766 725 725 725 726 726 726 726 705 705 691 691 579 680 579 579 579 579 630 630 630 615 615 579 579 579 560 560 560 505 505 505 529 529 530 506 506 506 506 469 469 469 469 469 421 421 367 367 430 376 376 367 367 367 367 367 374 335 335 258 258 335 335 313 313 291 291 217 217 217 217 217 166 166 236 236 236 217 217 156 156 156 156 156 189 156 171 60 60 60 60 136 136 104 104 104 104 104 29 93 29 77 29 29 29 29 13 13 30 13 13 
928 912 912 946 912 912 928 894 914 894 894 885 885 801 801 849 849 849 801 801 829 764 764 764 764 764 791 766 766 767 725 725 725 691 691 717 717 717 705 691 691 579 579 579 667 589 589 630 630 630 615 615 615 579 579 579 579 560 560 560 560 529 529 530 506 506 506 421 421 421 421 421 421 421 441 441 367 430 376 376 376 376 395 335 335 335 335 361 258 314 314 314 323 314 217 217 217 217 166 166 166 166 166 236 166 166 166 223 156 156 156 156 156 189 156 156 156 156 104 104 104 104 104 117 117 104 104 29 29 29 77 13 13 13 13 13 25 25 25 13 
928 928 928 928 928 928 928 894 885 885 885 885 888 801 849 849 855 849 849 816 816 764 764 791 791 791 791 766 766 767 725 725 691 691 691 717 691 691 705 691 691 579 579 667 667 589 589 630 589 589 625 615 615 579 579 579 579 579 560 560 530 530 530 530 421 421 421 421 488 421 421 421 421 460 367 367 367 430 376 376 376 376 395 335 335 335 335 335 258 314 314 314 314 314 217 217 217 217 166 166 166 166 166 166 166 237 166 166 166 166 156 156 156 182 182 104 104 104 104 117 117 117 117 117 86 86 86 29 29 86 13 13 63 13 13 13 13 13 13 13 
956 956 947 947 928 928 894 894 885 885 885 888 888 801 849 849 855 855 816 816 816 816 816 791 791 725 725 725 725 725 725 725 691 691 691 691 691 691 691 691 691 579 579 667 667 589 589 589 589 589 589 589 589 589 589 589 589 565 565 565 547 547 530 530 421 421 421 421 488 421 482 421 421 460 367 442 430 430 423 376 376 376 376 376 335 335 335 335 258 258 314 258 258 315 217 217 217 272 272 166 166 166 166 166 214 214 229 206 206 166 156 156 156 182 182 104 104 104 104 104 104 117 117 86 86 86 86 29 29 86 13 13 13 13 13 13 13 13 13 15 
956 956 947 947 894 894 894 885 885 908 888 888 888 801 801 801 855 855 816 816 802 802 802 791 791 725 725 725 725 760 760 691 691 691 691 691 706 706 706 692 692 655 655 655 655 589 589 589 589 589 589 589 547 547 547 547 547 565 565 565 547 531 531 531 421 421 488 488 488 421 421 421 460 460 367 442 430 423 423 376 376 376 376 376 335 375 335 335 355 258 258 258 258 315 217 217 217 272 272 272 272 166 166 166 214 214 214 206 206 166 166 166 166 166 182 104 104 104 150 150 104 117 117 86 86 86 86 86 86 86 38 38 38 38 38 38 38 13 13 15 
962 947 947 947 894 894 929 885 888 888 888 888 888 801 801 801 801 816 816 816 802 802 802 791 791 725 725 725 725 760 761 691 691 691 706 706 706 707 707 692 655 655 675 675 655 655 589 589 589 589 589 589 547 547 547 548 547 547 547 547 547 531 531 531 488 488 488 488 488 488 477 477 460 460 367 367 430 423 424 376 376 376 376 376 335 335 335 335 335 335 258 258 258 258 258 217 217 272 285 272 272 258 258 214 214 214 214 206 206 206 166 166 166 166 166 166 166 104 104 104 104 118 118 118 118 97 97 97 87 87 38 38 38 31 31 31 31 15 15 15 
894 894 894 894 894 894 885 885 888 888 888 888 801 801 801 801 801 816 816 837 802 802 802 802 802 725 725 725 725 760 761 691 691 691 691 727 727 707 708 692 655 655 655 655 655 655 589 589 589 589 589 589 547 547 547 548 566 566 547 547 548 548 512 512 488 488 511 488 488 477 477 478 423 423 423 367 430 423 423 376 376 376 376 376 376 376 335 335 335 335 324 324 297 297 258 217 217 272 258 258 258 258 259 214 247 190 190 190 206 206 166 166 166 166 172 172 157 157 104 104 118 118 125 125 119 97 97 97 87 88 31 31 31 31 31 31 31 31 16 16 
894 894 894 885 885 885 885 915 801 801 801 801 801 801 801 801 864 816 816 821 802 802 803 803 803 725 725 725 725 760 761 640 640 640 691 691 691 691 708 692 655 655 655 655 655 655 655 589 589 589 589 589 547 608 548 548 566 566 566 566 548 549 512 512 521 488 488 488 488 477 478 478 423 461 423 367 367 431 423 376 376 376 376 376 376 377 356 356 356 348 324 297 297 297 258 258 272 272 258 259 259 259 259 214 190 190 230 190 206 206 206 166 166 166 172 172 157 158 104 104 118 118 125 125 119 97 97 97 87 31 31 71 31 31 31 31 31 31 16 16 
885 885 885 885 885 930 930 915 801 801 801 801 801 801 864 864 864 816 850 821 821 821 792 792 804 725 725 725 760 760 761 640 640 640 740 691 691 691 692 692 655 655 655 655 655 655 631 631 631 631 589 589 547 547 548 548 548 548 548 548 548 512 512 512 521 512 512 477 477 477 478 478 423 423 423 423 423 431 423 348 348 348 348 348 377 377 356 356 348 348 324 297 297 297 258 258 272 272 258 258 258 259 259 214 190 190 190 190 190 190 190 166 166 190 172 172 157 157 104 104 142 119 119 119 119 97 97 98 87 31 31 71 31 50 50 16 16 16 16 16 
885 885 885 885 885 930 930 915 915 801 801 801 801 801 864 864 864 816 822 822 821 821 792 792 725 725 725 725 760 768 640 640 640 640 691 691 691 691 692 692 686 686 631 631 631 663 631 648 547 547 547 547 547 547 602 590 590 548 548 550 550 512 542 512 521 512 513 477 477 477 477 423 423 423 423 423 423 423 423 348 408 348 348 348 348 348 348 348 348 349 324 324 324 297 258 258 296 258 258 258 258 259 259 214 238 238 190 190 190 190 190 190 190 190 172 172 157 157 142 142 142 119 119 119 119 98 98 98 87 87 31 31 31 50 50 16 16 16 16 17 
885 885 948 948 885 885 930 885 885 901 901 801 801 801 816 816 816 816 822 822 822 822 792 792 725 725 725 725 760 768 640 640 640 640 691 728 691 691 692 692 686 686 631 676 631 631 631 648 547 547 597 597 547 547 602 590 590 574 574 550 550 512 512 512 512 512 513 477 477 477 477 423 470 423 423 423 423 348 348 348 348 348 348 348 348 348 348 348 325 325 325 325 325 297 297 258 258 258 258 258 273 260 260 214 190 190 190 190 190 190 190 195 190 190 157 157 157 142 142 78 78 119 119 120 120 98 98 98 87 87 16 16 16 16 43 43 16 26 26 17 
885 957 948 949 885 885 885 885 885 901 901 875 875 875 816 856 856 856 816 838 809 809 792 792 792 792 725 725 760 640 640 640 691 691 691 728 728 640 640 640 677 677 631 631 656 656 656 597 597 597 597 597 597 597 597 597 574 574 550 550 550 550 512 512 512 513 513 477 477 477 477 423 423 423 453 423 423 348 348 348 348 348 348 348 384 348 348 348 325 325 325 325 292 292 297 297 297 260 260 260 260 260 260 214 190 190 190 190 190 190 190 195 195 157 157 157 157 78 78 78 78 78 131 108 108 108 98 98 87 87 16 16 39 16 43 43 16 26 17 17 
885 885 948 885 885 935 885 885 885 901 901 875 875 875 816 816 816 816 816 809 809 809 809 809 792 792 792 640 640 640 762 640 691 691 732 732 640 640 709 640 677 677 677 631 656 631 631 597 597 597 597 616 616 574 574 574 574 580 550 550 550 551 512 512 512 513 483 496 477 477 483 471 471 453 453 423 423 348 348 348 348 348 348 348 384 348 348 348 357 325 336 336 292 292 292 292 298 260 260 282 260 260 260 214 190 190 190 190 190 190 190 196 196 157 167 167 167 78 78 78 78 78 78 108 108 78 78 99 78 78 78 16 39 16 16 16 16 26 18 18 
885 885 885 885 902 885 885 885 885 902 902 875 875 875 875 816 816 809 809 809 830 809 809 810 792 792 792 640 741 741 741 640 640 640 640 733 640 709 709 640 677 677 677 631 631 631 631 597 597 626 626 616 616 574 574 574 574 580 512 512 512 512 512 512 512 483 483 496 496 483 483 471 453 453 443 443 348 348 348 348 396 396 396 362 362 368 368 362 325 325 336 336 292 292 292 292 292 292 260 260 260 270 261 214 214 190 190 190 190 196 196 196 197 157 157 157 78 78 78 78 78 105 78 78 78 78 78 78 78 16 16 16 39 55 16 16 18 18 18 19 
885 885 885 936 902 885 885 885 885 902 902 875 889 875 875 816 816 809 809 809 823 823 805 805 805 796 640 640 741 769 741 741 640 640 640 640 640 709 709 640 640 677 677 677 668 631 631 649 640 580 616 616 616 574 574 580 580 580 512 561 561 512 512 512 483 483 514 483 483 483 471 471 453 453 443 443 348 348 348 348 348 348 397 362 362 368 368 362 325 325 292 292 292 292 292 292 293 293 261 261 261 261 261 214 214 190 190 190 196 196 207 157 157 183 183 157 78 78 78 78 78 105 105 105 105 105 105 78 78 16 16 16 39 39 18 18 18 18 18 19 
952 952 952 936 902 902 885 885 916 902 902 875 875 875 809 809 809 809 823 823 823 805 805 806 806 796 640 785 682 682 741 741 718 718 718 718 718 718 699 699 640 640 640 640 668 640 640 640 640 580 616 616 580 580 580 580 580 580 512 512 512 512 512 532 483 483 483 483 489 489 471 471 437 437 437 443 409 409 409 409 409 348 397 362 362 362 362 362 325 325 292 292 292 292 292 292 293 261 261 274 261 261 262 214 224 224 224 224 196 196 157 157 157 157 157 157 168 78 78 78 78 109 109 109 109 109 65 65 94 16 64 64 39 39 18 18 18 27 27 19 
952 952 952 936 941 902 885 885 916 902 903 876 876 876 809 809 809 809 823 823 805 805 640 640 640 796 640 682 682 682 741 741 718 718 718 699 699 699 699 681 681 687 640 640 668 640 640 640 641 580 627 580 580 598 598 598 580 580 533 533 512 512 512 483 483 483 483 483 471 471 471 471 437 454 437 437 409 409 409 409 409 348 348 362 362 362 362 362 325 325 325 292 292 261 261 261 261 261 274 274 174 174 174 214 224 214 214 214 196 196 157 168 157 157 157 173 168 78 78 78 78 100 100 100 100 65 65 65 65 16 64 64 39 39 18 18 18 27 27 19 
903 903 903 936 941 902 902 902 902 902 903 876 876 876 876 809 809 809 809 809 805 805 640 640 640 640 640 777 777 682 682 741 741 718 718 699 710 710 710 681 681 681 640 668 668 640 640 640 580 580 627 580 580 598 533 533 533 533 533 533 562 512 512 483 483 483 483 483 471 471 471 471 437 454 454 437 437 409 409 413 348 348 348 362 362 362 362 362 325 350 325 261 261 261 261 261 261 261 274 274 174 174 263 214 214 214 214 214 196 196 157 168 157 157 157 168 168 159 143 143 143 100 100 100 100 65 65 65 65 16 64 64 64 39 44 44 18 18 19 19 
903 903 903 936 936 936 921 921 903 903 903 876 876 876 876 809 809 809 809 809 831 805 817 640 640 770 770 770 770 770 682 756 741 741 741 699 710 681 681 681 599 681 640 640 640 640 640 640 580 580 580 580 580 533 533 533 533 533 533 533 533 533 533 533 522 483 483 507 490 490 471 471 437 437 455 437 437 402 402 402 348 348 348 362 378 378 362 362 325 325 325 261 326 261 261 261 261 261 274 274 274 174 174 239 239 239 214 214 214 214 157 168 198 168 168 168 159 159 143 143 137 137 100 100 100 100 65 65 65 16 79 64 64 39 44 39 39 18 19 19 
903 903 903 903 921 921 921 903 903 909 876 876 876 876 809 809 857 857 851 805 805 805 805 805 640 770 770 778 778 682 682 756 699 699 699 699 710 681 681 599 599 681 681 640 640 640 640 650 628 628 628 580 580 533 533 533 533 533 533 533 533 484 484 484 522 484 484 507 490 484 484 462 462 462 402 402 402 402 402 402 348 348 348 362 362 362 362 316 316 325 325 261 261 261 261 261 261 261 274 274 274 174 174 239 174 174 174 214 214 157 157 168 168 168 174 174 159 159 110 110 137 137 100 100 100 100 100 100 65 16 16 65 65 39 39 39 18 18 18 18 
903 903 903 903 921 921 921 903 876 876 876 895 876 876 809 809 809 858 851 805 805 805 805 805 640 770 770 770 779 682 699 699 699 699 699 710 710 681 681 599 669 669 669 669 669 650 650 650 628 628 628 599 599 609 533 533 533 533 533 533 533 484 543 484 484 484 484 484 490 484 444 462 456 456 402 402 402 402 402 402 402 379 379 379 362 362 316 316 316 316 316 327 327 316 261 252 252 252 252 252 252 174 174 239 174 174 174 174 218 157 157 157 157 157 174 159 159 159 110 110 137 137 100 100 100 100 100 65 65 65 65 65 39 39 39 45 18 18 18 18 
903 903 903 903 903 903 903 903 876 876 904 876 876 876 809 809 809 858 851 805 805 818 818 805 640 770 770 770 682 682 699 699 699 699 710 710 711 711 711 599 669 599 599 599 599 650 650 650 599 599 599 599 599 599 599 599 533 533 533 533 533 484 484 484 484 484 515 484 484 484 444 444 456 456 456 402 402 414 414 402 402 379 379 379 379 379 316 351 351 351 316 316 316 316 261 252 252 252 252 252 252 252 174 174 174 174 174 174 174 174 202 202 157 157 174 160 160 160 110 110 100 100 100 100 100 100 100 65 65 65 72 72 39 39 39 45 32 32 18 18 
958 958 903 903 937 937 903 903 876 876 876 876 876 876 877 851 851 851 851 805 805 805 805 805 770 770 770 770 682 771 682 682 682 682 710 682 682 682 682 599 599 599 682 599 599 650 650 650 599 600 600 600 600 600 600 600 533 533 533 533 533 534 484 484 517 484 484 484 484 484 484 444 456 456 456 444 414 414 414 402 402 379 379 379 379 380 316 316 316 316 316 316 316 316 261 252 252 252 252 252 275 252 252 252 174 240 174 174 174 174 174 174 157 157 174 160 160 110 110 110 100 100 100 100 100 100 72 72 65 65 72 39 39 39 39 33 32 32 18 18 
958 958 903 903 937 937 903 903 876 876 876 877 877 877 877 851 851 851 851 805 805 805 805 805 770 770 770 770 682 682 682 750 750 682 682 682 682 682 682 682 682 682 682 599 599 599 599 599 599 600 600 600 600 600 600 600 533 533 533 533 533 534 534 534 517 517 484 484 484 484 484 444 444 444 444 444 414 414 414 414 402 402 379 379 380 380 316 316 316 316 316 316 316 316 261 261 261 261 252 252 275 252 252 253 174 174 174 174 174 174 174 174 174 174 174 160 160 110 110 110 110 110 110 110 110 110 72 72 72 72 72 39 39 39 39 33 33 33 18 18 
