961 961 961 961 961 961 961 902 902 902 902 902 902 902 902 883 883 883 852 852 852 852 852 817 817 823 823 780 780 780 780 779 779 679 679 722 722 722 722 722 722 722 642 642 642 642 642 642 642 642 652 642 624 624 589 589 589 589 589 536 536 546 546 546 540 536 490 490 490 490 490 490 418 418 418 418 434 434 441 345 345 345 345 345 345 345 345 345 345 345 345 345 345 339 322 322 322 271 271 271 271 285 285 271 101 101 101 101 101 101 204 204 204 195 160 160 174 167 135 135 135 135 56 56 56 56 56 56 56 56 56 56 56 56 27 27 27 27 1 1 
961 961 987 961 961 961 961 902 903 902 902 903 903 903 903 883 883 852 852 868 817 817 817 817 817 823 823 780 780 780 780 779 779 679 679 722 722 722 679 679 679 642 642 642 642 642 683 642 642 642 642 642 624 624 589 589 589 589 589 536 536 536 536 536 540 536 490 490 490 490 490 418 418 477 418 418 434 434 441 345 345 345 345 345 345 345 363 363 345 345 271 271 271 339 322 322 271 271 271 271 271 285 271 271 101 101 101 101 101 101 204 101 101 195 160 160 160 167 135 135 135 135 56 56 56 56 56 56 67 56 56 56 56 56 27 27 27 1 1 2 
902 902 902 961 961 961 961 902 903 903 903 903 911 911 904 883 883 852 868 868 817 828 828 844 817 817 817 780 780 779 779 779 779 679 679 764 679 679 679 679 679 642 642 642 642 642 642 677 631 631 631 631 631 610 610 536 536 536 536 536 536 536 559 536 536 536 490 490 497 497 497 418 418 418 418 434 434 434 434 434 418 418 345 345 353 353 363 363 363 271 271 352 271 271 336 271 271 302 271 271 271 271 271 197 197 197 101 101 101 101 204 101 101 195 160 160 160 160 160 135 135 135 56 119 119 56 56 56 67 56 56 56 56 56 1 1 1 1 1 2 
902 902 902 982 902 902 902 902 903 903 904 904 904 904 904 883 883 852 868 868 817 828 828 828 828 828 817 817 780 779 794 779 779 679 679 679 679 679 679 679 723 723 642 642 642 642 642 631 631 631 631 632 632 610 610 536 536 536 536 536 559 559 559 490 490 490 490 490 497 497 497 418 418 469 469 418 418 418 418 418 418 419 412 405 353 353 363 363 363 271 271 271 271 271 271 271 271 302 271 271 294 294 197 197 265 101 101 101 234 204 204 101 101 101 101 125 125 160 160 135 135 135 56 56 56 56 100 67 67 56 56 16 16 16 1 1 1 1 1 2 
970 902 902 902 902 952 952 904 904 904 904 904 904 904 904 852 852 852 818 818 817 828 828 828 828 828 780 780 780 779 780 780 780 679 679 689 689 679 679 679 723 724 711 642 642 631 631 631 668 631 631 610 610 610 610 536 536 536 536 536 548 548 560 490 490 490 490 490 490 497 497 418 418 469 469 418 418 418 429 429 429 405 412 405 353 363 363 363 371 371 363 271 271 337 271 271 271 302 302 302 197 197 197 265 265 101 101 101 101 204 204 101 101 196 101 125 125 125 125 135 135 135 135 125 89 89 100 67 67 67 16 16 16 16 49 1 1 1 1 2 
970 902 902 902 952 952 952 904 904 904 904 904 904 852 852 852 888 818 818 818 817 828 828 818 818 818 780 780 780 780 780 679 679 679 679 689 689 689 723 723 723 724 711 642 642 631 631 631 631 631 610 610 610 610 610 575 575 575 575 575 548 548 547 547 490 490 490 490 490 418 418 418 418 418 469 418 418 418 429 429 429 405 405 405 353 353 353 363 363 363 363 271 271 337 337 271 271 197 197 197 197 295 197 197 266 101 101 245 101 204 204 101 101 101 101 125 125 125 125 125 125 125 125 125 89 89 89 89 89 67 16 16 16 49 49 1 1 1 1 2 
970 988 988 924 924 969 952 952 918 918 918 918 852 852 852 852 888 818 877 818 818 818 818 818 838 818 818 818 780 780 679 679 689 689 689 689 758 689 689 689 711 711 711 642 642 688 631 631 631 631 610 610 610 625 610 575 575 575 575 575 575 548 547 547 490 490 518 518 490 418 418 418 482 418 469 418 418 418 429 429 429 405 405 392 392 392 353 353 303 303 303 303 303 303 303 303 303 197 197 197 197 295 197 197 197 101 101 245 101 101 101 101 101 101 156 156 156 125 125 125 125 125 125 125 120 89 89 90 90 67 67 67 16 28 28 1 1 1 1 2 
970 970 989 924 924 924 924 953 918 918 918 918 852 912 852 852 852 818 864 864 818 818 799 799 799 799 799 799 799 679 679 784 689 689 689 689 689 689 689 689 711 688 688 688 688 688 631 631 660 660 610 610 625 625 610 582 582 575 575 575 575 548 548 548 537 537 490 490 490 418 478 478 478 418 418 418 418 418 442 379 379 405 405 392 392 353 353 353 303 303 303 303 303 303 303 303 303 303 303 303 197 197 197 272 197 197 235 235 235 228 205 205 101 101 156 156 156 156 156 156 136 136 136 120 120 90 90 90 78 78 74 16 16 28 28 28 28 28 2 2 
1000 970 989 924 924 924 924 932 932 918 918 918 852 852 852 852 852 818 864 864 864 799 799 799 799 799 799 799 799 679 784 784 689 689 689 689 689 751 689 689 711 688 688 688 689 689 631 631 643 643 643 643 612 612 610 582 582 598 575 575 575 537 537 537 537 537 490 490 490 418 418 418 478 478 418 418 455 379 379 379 379 379 406 406 392 353 353 353 372 372 353 353 303 303 303 303 304 304 304 304 197 197 272 272 197 197 235 197 197 228 205 205 205 101 101 101 168 157 157 157 136 136 120 120 120 90 90 90 78 78 74 16 16 16 28 28 28 28 2 2 
1000 970 924 924 924 924 924 932 932 932 932 918 918 852 852 818 889 818 865 865 865 799 799 799 799 824 824 799 811 679 679 785 689 689 689 689 689 689 689 689 711 711 688 688 689 689 643 643 643 661 612 612 612 612 610 610 582 598 575 575 575 537 537 537 537 537 519 519 379 379 379 418 379 379 379 379 379 379 430 430 430 379 406 406 392 392 387 353 353 353 353 319 319 319 319 326 304 304 304 272 272 296 272 273 197 197 197 197 197 197 197 197 197 197 101 101 168 157 157 157 101 101 120 120 120 90 90 90 90 74 74 16 16 16 16 16 37 16 16 2 
970 970 924 924 924 924 924 941 941 941 852 852 852 852 852 818 818 818 818 818 829 829 829 829 829 824 824 799 799 679 679 785 689 689 679 679 679 689 689 689 689 689 689 689 689 689 643 643 661 661 612 612 611 611 610 610 582 582 582 582 565 565 537 537 519 519 519 379 379 505 379 379 379 470 470 379 379 430 430 379 379 379 387 387 387 387 387 379 379 364 364 319 319 319 319 304 304 304 272 272 272 272 272 229 229 229 197 197 197 197 198 198 198 198 101 101 168 168 161 101 101 101 101 101 101 101 101 90 90 74 74 16 16 50 50 16 16 16 2 2 
970 990 990 924 924 924 924 941 924 924 924 924 852 852 852 852 818 818 818 818 829 859 829 829 829 829 819 819 799 679 679 679 773 773 679 679 679 752 679 679 679 705 705 705 643 643 643 643 661 661 612 612 611 611 611 611 565 565 565 565 565 566 537 537 519 530 530 379 498 443 443 379 379 470 443 443 443 430 430 379 379 379 387 387 387 387 387 379 364 364 319 319 319 319 319 304 304 304 272 286 286 286 286 229 229 229 253 229 229 229 158 158 158 158 158 101 101 101 161 101 101 101 101 121 121 102 102 74 74 74 74 16 16 46 46 46 2 2 2 3 
970 970 991 924 924 924 924 924 924 942 925 925 852 852 852 852 818 818 818 818 829 829 801 801 801 801 819 819 799 679 679 679 773 679 679 679 679 679 679 679 679 643 643 643 643 690 613 613 613 613 612 633 611 611 611 565 565 565 565 566 566 566 537 519 519 530 530 379 498 443 443 443 443 470 443 443 443 443 443 379 379 379 379 379 379 379 379 379 364 364 319 354 319 319 319 319 319 319 272 286 286 286 286 274 229 229 253 229 236 158 158 206 206 158 158 101 101 101 101 101 101 101 101 121 102 102 103 74 74 74 63 63 63 46 46 2 2 17 17 3 
970 970 991 924 924 955 924 924 924 924 925 926 852 852 852 852 818 818 818 818 853 829 801 801 801 801 801 799 799 799 679 679 773 679 679 759 759 679 679 679 679 643 643 643 643 690 613 669 669 613 612 633 633 611 611 565 565 565 565 565 537 537 537 519 520 520 520 520 498 443 443 443 443 443 443 443 443 443 407 431 431 379 379 388 388 388 388 364 364 364 319 346 346 272 272 272 272 272 272 305 286 286 286 274 229 229 229 229 236 158 158 206 206 158 158 158 158 158 158 158 101 101 110 110 110 110 2 2 2 74 63 63 63 2 2 2 3 3 3 3 
970 978 978 978 978 955 924 954 924 924 925 926 852 852 852 852 890 818 818 818 853 829 801 801 839 801 801 799 812 799 679 786 773 773 679 680 680 680 679 679 679 679 643 643 696 613 613 669 613 613 612 634 634 612 612 612 565 565 565 565 537 561 561 519 520 520 521 521 498 498 498 443 443 443 460 460 443 443 407 431 431 413 413 388 388 388 364 364 319 319 319 346 347 272 272 272 272 305 305 305 286 286 286 274 229 229 229 236 236 158 158 199 199 199 158 158 158 158 2 2 101 101 2 2 2 2 2 95 2 2 2 2 2 2 47 47 3 18 18 4 
970 978 978 955 955 955 924 924 924 925 925 925 855 855 852 852 890 818 818 818 853 853 853 801 801 801 799 799 799 799 679 786 773 773 679 680 680 680 680 712 712 679 679 679 679 613 644 644 613 662 612 612 612 612 613 613 565 565 565 565 537 537 519 519 499 499 499 499 499 499 456 456 456 443 443 443 443 443 407 435 413 413 388 388 388 388 364 364 319 346 346 346 347 327 327 327 272 272 274 274 274 274 274 274 229 229 229 158 158 158 217 199 207 158 158 158 158 158 2 2 2 2 2 126 2 2 75 75 79 79 75 2 2 2 47 47 3 18 3 4 
970 978 978 955 962 962 962 924 924 925 925 925 855 855 855 855 855 855 818 818 830 830 801 801 801 801 799 799 799 800 679 679 773 773 679 680 680 753 680 680 712 712 712 706 679 613 613 644 613 613 613 613 613 613 613 519 519 519 519 519 519 537 519 519 499 522 522 499 499 499 456 491 456 456 443 443 407 407 407 435 413 413 388 388 319 319 364 364 319 346 346 347 347 327 327 272 272 272 274 275 275 275 275 275 229 158 158 158 237 158 158 199 158 158 158 158 162 162 2 2 126 126 126 126 2 2 75 75 75 75 75 2 2 2 47 47 3 18 3 4 
970 970 970 955 955 955 963 933 933 933 925 925 855 855 855 855 830 830 830 830 830 830 801 801 801 801 820 820 768 768 768 679 679 679 679 743 743 743 743 680 712 712 706 706 679 613 613 644 670 613 613 644 614 614 614 614 583 583 583 583 519 519 519 519 499 522 522 499 499 499 456 483 483 456 456 461 407 407 407 407 414 388 388 388 319 319 364 364 319 373 347 347 327 327 327 272 272 272 274 275 275 287 287 229 229 158 158 158 158 158 158 158 158 158 158 162 162 162 162 2 126 126 126 127 111 111 2 2 80 80 2 2 2 2 4 4 3 3 3 4 
997 997 970 955 955 955 955 933 933 933 933 927 855 855 855 855 830 830 830 830 830 830 854 801 801 801 820 820 768 768 768 768 781 679 679 743 760 744 744 680 713 713 706 706 679 684 684 644 644 644 644 644 614 614 614 615 583 583 583 567 567 567 499 499 499 522 522 522 499 499 456 483 444 444 456 456 456 407 407 407 414 388 407 407 319 319 319 319 319 347 347 347 327 272 272 272 272 272 274 287 287 287 229 229 267 230 230 230 230 230 158 158 158 158 158 162 162 162 162 2 2 146 2 2 111 2 2 2 80 80 2 68 2 2 4 4 3 3 19 4 
997 998 970 970 970 970 955 955 933 933 933 927 855 866 866 866 866 830 830 830 830 830 854 801 801 801 801 801 801 801 795 768 768 768 768 744 744 744 745 680 713 713 713 706 679 684 678 678 567 567 653 567 567 567 567 567 567 567 567 567 568 568 499 499 499 499 531 499 499 499 499 444 444 444 444 444 444 444 444 407 414 420 407 407 356 356 356 319 319 347 347 347 327 327 323 323 323 320 274 287 287 287 229 230 230 230 230 230 218 218 218 158 158 158 158 181 162 162 137 137 2 146 2 2 2 2 91 2 2 2 2 68 2 2 4 4 38 4 4 4 
997 992 992 970 970 927 927 927 933 933 933 927 855 866 866 866 866 830 830 830 866 830 830 830 830 830 801 801 801 795 795 768 768 768 768 744 754 754 680 680 680 680 714 707 679 679 679 679 567 567 567 567 619 619 576 576 576 576 576 576 568 568 499 499 523 499 499 499 510 444 444 444 484 471 471 444 444 408 408 407 414 414 414 407 356 393 356 356 356 365 365 327 327 327 323 323 323 320 274 229 229 229 229 230 268 218 218 218 218 218 218 158 158 158 181 181 137 137 137 137 2 2 2 2 2 2 91 91 91 81 2 2 2 2 4 4 38 4 4 5 
992 992 993 971 971 927 956 956 933 933 933 927 855 866 866 866 866 866 866 866 866 830 830 830 830 831 801 801 801 795 795 774 774 774 744 744 754 754 680 680 680 680 680 707 679 679 679 679 567 663 619 619 619 619 576 576 576 576 576 576 444 444 444 444 523 523 523 523 444 444 444 444 484 471 445 445 457 408 408 407 407 415 415 407 356 393 356 356 356 365 365 327 327 323 323 323 323 320 274 229 229 219 219 219 219 218 218 218 218 218 200 200 137 137 137 137 137 137 137 137 137 137 137 2 2 2 2 2 81 81 2 5 5 5 4 4 4 4 4 5 
992 992 993 971 971 927 927 927 927 927 927 927 855 855 855 896 869 869 869 869 831 831 831 831 831 831 761 761 761 795 795 774 774 774 744 744 744 754 680 680 725 725 680 680 679 679 679 679 567 663 619 619 619 619 619 567 567 576 576 576 444 444 444 444 444 444 523 523 444 444 444 444 444 471 445 445 408 408 408 408 407 415 407 407 356 393 356 356 356 374 366 323 323 323 320 320 320 320 274 229 229 219 219 219 219 219 219 219 218 218 200 200 137 137 137 137 137 137 137 137 137 138 138 128 112 112 2 81 81 2 2 5 5 5 5 5 4 4 20 5 
992 992 971 971 971 935 935 935 935 920 934 919 919 855 855 896 869 869 869 869 831 831 831 761 761 761 761 813 761 761 761 761 761 774 744 744 744 715 715 715 715 715 715 680 691 691 679 679 567 567 567 619 619 619 619 567 567 590 590 576 576 444 444 549 444 444 523 523 444 444 444 444 444 471 445 445 408 408 408 408 407 407 407 408 356 393 356 356 356 374 366 323 323 340 320 320 274 274 274 229 229 219 219 219 219 219 219 219 219 219 219 200 200 200 137 137 175 137 128 128 128 128 128 128 112 112 2 2 2 2 69 69 5 5 5 5 5 29 5 5 
992 971 971 983 971 935 964 935 935 920 920 920 920 855 896 896 855 855 855 855 855 855 855 761 761 761 761 813 813 787 787 761 761 774 761 761 761 715 715 715 715 715 716 680 680 680 680 680 671 567 567 567 567 567 567 567 604 590 562 562 562 444 444 444 444 444 444 444 444 444 444 444 444 445 445 445 445 445 445 408 408 408 408 408 356 356 356 356 366 366 366 355 323 323 323 274 274 274 274 297 297 219 219 219 219 254 219 219 219 220 220 128 128 128 128 137 175 137 128 129 129 129 129 129 82 82 82 82 82 82 57 57 5 5 5 6 5 5 5 6 
971 971 971 971 971 935 964 935 935 920 920 860 860 855 896 896 855 878 878 855 855 856 856 761 761 761 761 814 814 787 787 761 761 761 761 685 685 685 685 685 685 685 685 685 685 685 685 671 671 567 635 567 567 567 604 604 604 590 562 562 577 444 444 532 532 532 532 444 444 444 444 444 444 445 445 445 445 446 446 309 309 421 309 309 356 356 356 356 366 366 366 355 323 323 323 274 274 274 274 297 297 219 219 219 219 254 219 238 238 128 128 128 128 128 128 137 175 137 128 129 129 147 113 113 82 82 82 82 82 57 57 57 5 5 5 6 6 6 6 6 
971 971 971 971 971 935 935 935 935 935 935 860 860 855 897 897 855 855 761 761 761 761 761 761 814 814 814 814 815 787 787 787 769 769 769 685 685 685 685 726 726 726 616 616 616 616 686 671 567 567 635 635 635 567 604 604 604 590 590 562 562 444 444 532 532 444 444 444 511 444 444 445 445 479 445 445 445 445 445 309 309 309 309 309 356 366 366 366 366 355 355 355 314 314 314 314 314 314 314 276 276 276 219 219 254 254 219 219 239 128 221 128 128 128 128 137 137 137 128 129 129 129 139 113 82 82 82 96 92 57 57 57 57 57 39 39 39 6 6 7 
971 971 971 971 971 971 935 935 935 935 860 860 860 855 855 855 855 855 761 761 761 761 761 845 814 814 814 814 802 802 769 769 769 769 685 685 685 685 685 616 616 616 616 697 697 616 616 671 567 636 636 636 636 567 567 604 604 569 569 569 562 562 562 532 532 444 444 511 511 444 445 445 445 445 445 445 445 445 445 309 309 309 309 309 356 356 380 380 380 355 355 314 314 314 314 328 314 314 276 276 298 276 276 276 254 254 254 219 239 128 221 128 128 128 186 128 128 128 128 129 129 129 139 113 113 113 39 39 92 57 57 39 39 39 39 39 39 7 7 7 
860 860 860 860 860 860 935 935 947 860 860 860 860 913 855 855 855 855 761 761 761 761 761 761 814 814 814 814 802 802 769 769 769 769 685 685 685 685 685 616 616 616 616 616 698 616 616 671 567 567 654 567 567 567 567 605 605 569 569 569 578 524 524 550 524 524 444 511 511 444 445 485 485 445 445 458 458 445 445 436 309 422 309 309 397 356 380 380 380 314 314 314 348 314 314 314 314 276 276 246 246 246 246 246 246 246 246 219 239 128 128 128 128 128 128 128 148 148 148 159 114 114 114 114 114 114 39 39 39 39 39 39 64 39 39 39 39 7 7 7 
860 860 860 860 860 860 860 860 947 860 936 860 921 860 860 860 860 860 860 860 761 761 825 825 814 814 814 765 765 765 765 765 770 770 770 685 685 685 746 616 616 616 616 616 698 616 687 567 567 567 654 567 637 567 567 605 605 569 569 569 569 524 524 524 524 524 444 444 444 444 445 485 485 445 445 445 436 436 436 436 309 309 309 309 397 356 356 380 380 314 314 314 314 314 314 314 314 276 276 246 246 246 246 277 269 246 246 219 219 219 128 128 128 182 182 182 148 148 148 159 114 114 114 114 114 114 39 39 39 64 64 64 64 39 39 39 39 7 7 7 
1001 860 860 860 860 860 860 860 860 860 860 860 921 860 860 860 870 870 870 860 860 860 825 825 825 825 825 765 765 765 796 765 770 770 770 685 685 685 732 732 732 616 616 616 698 616 616 567 567 567 567 567 616 616 616 616 569 569 569 569 569 524 524 524 524 524 524 524 500 500 445 485 485 445 445 445 436 309 309 309 309 309 309 309 309 309 356 356 356 314 314 314 349 306 306 306 314 314 276 276 269 269 246 269 269 246 246 246 183 183 183 208 208 176 148 148 148 148 148 148 148 39 39 39 39 39 39 97 64 64 64 64 40 40 39 39 7 7 7 7 
1001 860 860 860 860 860 860 860 860 860 860 921 921 860 898 870 870 870 870 870 860 860 846 846 790 790 790 790 765 765 765 765 770 770 770 732 732 732 732 732 732 616 616 616 616 692 616 655 655 655 655 616 616 626 616 616 569 569 569 569 569 569 551 551 524 500 500 500 500 500 445 445 486 445 445 445 436 309 309 423 309 309 309 309 309 309 309 309 356 314 314 314 349 329 329 306 306 314 276 276 269 269 269 269 130 130 246 246 183 183 183 208 208 176 148 148 148 148 39 39 149 39 140 39 39 83 83 97 64 64 64 64 40 40 40 40 7 7 7 7 
1001 979 979 972 972 972 860 860 860 860 860 860 860 860 898 870 870 870 871 871 846 846 846 847 790 765 765 765 765 765 765 788 732 732 770 732 732 732 732 616 616 616 616 616 616 616 616 616 616 616 616 616 591 591 591 591 606 591 591 512 512 512 551 524 524 500 500 500 500 500 500 445 486 445 445 445 436 309 309 423 423 423 389 389 389 389 389 309 356 356 356 356 329 329 329 306 306 306 306 306 269 278 278 278 130 130 130 130 130 183 183 183 183 176 148 148 176 39 39 39 39 39 140 39 39 39 83 83 93 64 64 64 40 58 7 7 7 7 7 7 
979 979 979 972 972 972 860 860 943 943 928 928 905 905 898 898 891 871 871 846 846 846 846 790 790 765 765 765 765 765 797 788 732 732 732 732 732 732 732 616 616 616 717 616 616 616 616 616 638 638 638 638 638 620 620 591 591 591 592 512 579 512 512 524 524 512 512 512 512 501 501 445 445 445 445 445 436 309 309 423 423 424 389 389 389 389 309 309 357 357 357 357 329 329 329 306 306 306 307 307 269 130 130 130 130 255 255 130 130 183 183 183 183 176 176 176 176 39 39 140 140 140 140 39 39 39 104 83 83 83 40 40 40 40 40 40 40 30 8 8 
979 979 979 984 972 972 928 928 928 928 928 905 905 905 905 891 891 871 872 872 867 840 840 790 790 790 765 765 765 788 788 788 732 732 732 732 732 727 727 733 733 616 616 616 616 616 616 616 616 664 638 638 638 620 620 591 591 512 512 512 513 513 512 512 512 512 501 501 501 501 436 436 436 436 436 436 436 309 309 423 423 424 309 309 309 394 309 383 357 357 130 130 130 130 329 329 306 306 269 269 269 130 130 130 255 255 256 130 130 130 130 183 183 183 176 176 169 169 39 39 39 39 39 39 39 39 39 39 84 84 40 40 40 40 51 30 30 30 8 8 
979 979 979 984 973 973 928 928 928 937 937 905 905 905 905 891 891 871 872 872 867 840 840 840 840 790 765 788 788 788 788 789 727 727 727 727 727 727 727 733 733 554 699 616 616 616 616 616 616 664 638 638 638 620 620 607 607 512 580 580 513 513 513 552 436 436 501 501 436 436 436 492 472 472 472 436 436 309 447 424 424 424 309 398 309 309 309 375 375 375 130 130 130 130 329 329 306 306 269 308 130 130 255 255 255 256 256 201 201 231 130 130 130 183 183 183 169 169 39 39 39 130 130 130 122 105 105 39 39 39 70 70 30 59 30 30 41 31 8 8 
979 979 979 984 973 973 928 928 928 928 905 905 905 905 905 841 841 841 879 867 867 840 840 840 840 790 765 765 788 788 788 789 727 727 727 727 727 727 727 554 554 554 699 699 699 616 664 664 664 664 638 638 512 512 512 607 512 512 580 580 513 513 513 552 436 436 436 436 436 492 492 492 472 472 462 462 309 309 447 424 424 424 309 398 398 395 375 375 367 367 367 130 130 130 130 130 130 269 269 308 130 130 240 240 240 256 256 201 201 201 130 130 130 130 130 130 169 169 39 39 39 130 141 122 122 105 105 39 39 39 70 70 30 30 30 31 31 31 21 9 
979 979 979 979 928 928 928 928 928 928 905 905 905 906 906 841 841 841 879 867 840 840 840 840 840 790 821 765 765 765 765 789 727 727 727 727 727 727 747 554 616 616 616 616 616 616 664 681 664 664 656 512 512 617 512 512 512 599 580 580 580 513 513 552 436 436 436 513 513 492 492 492 462 462 462 448 309 309 309 437 424 424 309 309 309 395 375 375 367 367 367 130 130 130 130 330 130 269 269 269 269 130 240 240 240 256 256 201 201 201 222 209 209 170 170 130 130 130 130 130 150 130 141 9 9 9 105 39 39 39 9 9 9 9 9 31 21 21 21 9 
979 979 979 979 928 928 928 928 928 928 827 827 827 906 906 841 841 841 841 867 840 840 840 840 840 790 821 821 803 803 765 765 765 775 727 727 727 727 727 554 616 616 616 616 616 681 681 681 656 656 656 512 512 617 617 617 599 599 513 513 513 513 513 513 541 436 436 513 459 492 492 462 462 480 448 448 452 452 309 309 309 425 409 409 309 309 309 309 367 309 309 130 130 130 130 330 130 269 269 269 269 130 130 240 270 256 256 201 201 201 201 209 209 170 170 170 131 131 131 130 130 130 141 9 9 9 9 9 9 9 9 60 60 60 9 9 21 21 21 9 
979 979 979 979 979 928 928 928 944 944 827 827 827 827 827 884 884 884 841 841 841 841 841 840 840 790 826 804 804 804 765 765 765 765 727 727 727 727 727 554 554 554 554 554 681 681 681 656 656 639 639 645 512 512 621 599 599 600 513 513 513 570 513 513 513 513 513 513 459 492 492 462 462 462 448 463 452 452 448 309 309 425 409 410 376 376 376 309 309 309 309 130 130 130 130 330 130 130 315 130 130 130 130 240 240 240 240 247 201 201 201 201 201 201 187 170 131 131 131 131 131 131 131 131 9 9 9 94 94 60 60 60 52 52 52 9 9 21 21 9 
979 979 994 979 979 928 928 928 944 827 827 827 914 914 827 884 884 884 827 827 827 861 841 841 841 790 804 804 804 804 765 765 765 765 727 727 727 727 748 727 727 727 718 554 681 681 681 656 672 639 639 639 639 512 621 599 512 512 512 584 513 513 513 525 525 525 525 525 459 502 502 462 462 462 448 448 448 448 448 309 425 425 409 409 376 376 376 376 376 309 309 309 309 309 309 309 309 130 130 130 299 288 288 240 240 240 240 223 223 223 201 201 201 187 187 170 177 131 131 142 142 142 142 9 9 9 9 94 94 60 60 60 52 61 9 9 9 32 9 9 
985 985 985 985 980 928 928 928 928 827 827 827 892 892 827 827 827 827 827 827 827 827 827 827 827 790 804 804 804 804 765 771 771 771 771 727 727 727 727 727 718 718 718 554 554 554 554 656 672 639 639 639 639 512 512 599 512 512 512 584 513 513 563 525 525 525 526 526 459 459 459 462 462 462 464 464 448 448 309 309 425 425 409 409 399 376 376 376 376 309 368 309 341 341 309 309 309 130 130 259 259 288 288 240 240 240 240 223 223 223 201 201 201 187 188 170 170 170 142 142 142 142 9 9 106 106 106 98 85 85 60 60 52 52 9 9 9 32 9 9 
985 985 985 985 980 928 928 948 948 827 827 827 892 892 892 892 892 827 827 827 827 827 848 848 827 790 790 790 790 804 765 771 771 771 771 727 727 727 727 736 718 728 708 708 657 657 554 656 554 554 554 554 585 585 512 512 512 512 512 553 553 553 525 525 525 525 459 459 459 459 459 459 481 481 464 309 309 309 309 409 409 409 409 411 399 390 390 376 376 309 368 309 341 341 331 331 309 130 130 259 259 259 259 259 259 259 240 223 223 223 223 210 210 187 163 163 163 163 142 142 142 142 9 9 9 9 9 98 85 65 65 65 65 52 52 9 9 9 9 9 
985 985 985 985 980 928 928 929 929 929 929 827 827 915 899 899 893 873 873 873 862 862 848 849 827 827 790 790 790 804 765 771 771 771 771 702 702 718 718 718 718 728 708 708 657 657 554 656 554 665 657 554 585 585 622 512 512 593 593 553 553 553 525 525 525 525 459 459 459 459 493 459 481 464 464 426 426 426 426 409 409 409 409 390 390 390 338 338 376 309 309 309 190 190 331 331 309 130 130 259 259 259 279 279 190 190 240 240 240 224 224 210 187 187 163 178 178 163 163 151 151 132 132 9 9 115 9 98 85 65 65 65 52 52 52 9 9 9 10 10 
974 974 974 974 980 974 929 929 929 929 929 827 827 915 899 899 893 873 873 848 848 848 848 842 842 827 790 804 804 804 765 765 771 771 702 702 702 718 718 734 734 682 682 708 700 657 554 554 554 665 657 554 554 585 585 585 585 585 585 585 553 553 553 553 542 525 459 514 514 459 493 459 481 464 426 426 426 426 426 409 409 426 390 390 400 338 338 338 376 376 309 309 190 190 190 190 309 309 309 309 259 259 259 280 190 190 190 190 241 224 212 212 187 187 163 178 178 151 151 151 151 132 107 107 107 9 9 98 85 65 65 65 52 52 53 9 9 33 10 10 
974 974 974 974 974 974 929 929 949 929 929 827 827 827 827 827 827 827 848 848 848 842 842 842 827 827 790 790 790 790 798 765 782 702 702 702 702 755 718 682 682 682 682 682 700 657 657 657 657 657 657 554 554 586 586 586 586 586 586 586 553 553 554 554 542 525 459 459 459 459 493 459 459 464 426 426 426 426 426 426 426 426 390 338 338 338 338 338 377 377 309 309 338 338 338 190 190 190 190 190 259 259 259 280 190 190 190 190 224 224 212 212 187 187 163 184 151 151 151 151 151 132 107 107 107 9 98 98 85 65 65 71 52 52 22 22 33 33 11 11 
974 999 974 974 965 965 965 929 949 929 929 827 827 827 827 827 894 827 848 848 848 842 827 827 827 805 805 805 805 790 798 765 782 702 702 702 762 718 718 682 682 701 701 682 682 682 682 682 646 646 658 554 554 554 554 586 586 601 554 554 554 554 554 542 542 525 525 459 459 506 493 493 459 464 426 426 453 426 426 426 426 427 390 338 338 338 338 338 377 338 338 338 338 342 332 332 190 190 193 190 190 190 190 190 190 190 190 248 224 232 212 212 187 187 163 163 151 151 151 151 152 132 132 107 107 9 98 9 85 85 65 52 52 52 22 22 22 22 11 11 
974 974 974 974 975 975 966 929 929 929 929 827 827 827 827 827 827 827 880 848 848 842 827 827 827 805 805 805 805 790 798 765 765 765 765 702 702 718 709 709 682 682 701 701 701 682 682 646 646 646 658 627 627 627 554 586 586 554 554 571 538 538 538 542 542 487 487 487 487 487 493 493 459 459 465 465 453 426 426 426 426 427 390 338 338 338 338 338 338 338 310 310 342 342 332 332 310 310 193 190 190 242 242 242 242 242 190 248 224 232 212 213 187 187 189 163 179 164 164 132 132 132 132 107 107 9 9 9 65 65 65 52 52 52 22 22 22 22 22 11 
1002 974 974 974 966 966 966 950 950 929 929 929 827 827 827 842 842 842 842 842 842 842 827 827 827 805 805 805 805 790 790 790 765 765 765 765 702 702 709 709 735 682 682 682 682 682 682 646 646 646 627 627 554 554 554 554 554 554 554 571 571 571 538 542 542 487 487 487 487 487 487 487 487 459 459 459 453 453 432 432 432 427 390 390 338 338 338 338 381 350 350 310 310 310 310 310 310 310 193 300 300 242 242 242 242 242 190 190 224 212 212 190 190 202 189 163 179 164 164 132 132 132 132 132 107 107 107 65 65 11 11 11 11 11 11 11 11 11 23 11 
1002 967 967 967 966 966 966 950 950 929 929 929 827 827 827 842 833 833 833 857 857 857 857 827 827 805 805 806 805 805 790 790 765 765 763 763 763 702 709 709 709 682 682 682 682 682 682 646 646 646 627 627 554 554 554 554 554 554 554 587 564 564 538 538 543 515 515 515 515 488 488 488 473 473 473 459 453 453 432 432 427 427 390 390 401 338 338 338 338 350 350 350 350 310 310 310 310 310 193 300 300 281 281 281 242 242 257 190 190 212 190 190 190 190 190 163 163 164 164 132 132 132 132 108 108 108 108 86 86 11 11 11 11 34 34 34 42 11 11 11 
1002 967 967 967 967 966 966 957 945 945 907 907 907 907 907 833 833 885 833 833 833 857 857 827 827 827 827 806 806 806 791 791 763 763 763 763 763 702 709 737 709 709 709 709 702 647 647 646 646 646 646 627 640 554 554 602 602 602 555 555 564 564 564 538 538 515 533 515 515 488 488 488 473 473 473 459 459 438 438 427 427 428 401 401 401 338 338 338 338 343 343 350 350 343 310 310 310 310 193 300 300 281 281 281 242 249 249 249 190 190 190 163 163 163 191 163 163 164 164 132 132 133 133 108 109 109 86 86 86 86 11 34 34 34 54 34 34 34 11 11 
995 995 967 967 967 967 967 957 945 945 907 930 908 908 908 833 874 874 874 874 833 833 850 850 772 772 772 776 776 776 791 763 763 763 763 763 763 702 709 737 719 719 719 702 702 647 647 659 646 646 646 627 627 627 496 496 496 496 555 555 555 555 555 555 538 515 515 515 507 507 488 488 488 433 433 433 433 438 438 427 343 343 401 343 343 343 384 384 343 343 343 351 351 343 310 310 310 321 193 193 282 282 282 282 242 242 242 242 242 225 225 163 163 163 163 163 153 153 153 153 153 133 133 108 108 109 86 87 87 87 11 34 11 11 11 48 34 34 11 11 
995 995 967 967 957 957 957 957 908 908 908 908 908 833 833 833 833 833 833 833 833 833 850 772 772 772 772 776 776 776 776 792 702 702 702 702 702 702 749 737 719 719 702 702 647 647 647 659 659 659 646 646 627 627 496 496 496 496 496 555 555 555 555 538 538 538 507 507 507 494 494 494 433 433 474 466 433 438 438 427 427 343 343 343 402 343 384 384 343 358 343 343 343 343 310 310 310 321 316 193 282 282 282 260 260 242 242 243 243 225 225 163 163 163 163 185 153 133 133 133 133 133 133 133 108 109 86 86 11 11 11 11 11 11 11 11 11 11 11 11 
995 995 967 967 957 957 957 957 908 908 908 908 908 833 833 833 833 833 833 833 833 850 850 772 772 772 772 776 776 807 776 792 702 702 702 702 756 756 737 737 702 702 702 647 647 693 647 647 673 659 659 647 627 628 496 496 603 603 496 496 496 496 496 538 538 538 507 527 494 494 433 433 433 466 466 466 433 438 438 427 427 427 343 343 402 343 343 343 343 358 358 358 343 343 310 310 310 316 316 193 193 193 289 260 260 260 153 153 153 153 153 153 153 153 153 153 153 133 165 143 143 143 143 108 108 109 109 86 11 11 11 11 11 11 55 24 24 11 11 11 
995 995 967 967 957 957 958 958 908 908 908 908 908 833 833 833 833 833 833 833 833 850 833 833 832 832 772 776 776 807 776 776 776 702 702 702 757 757 737 737 702 720 720 647 674 674 674 647 647 647 647 647 627 628 496 496 496 496 496 496 572 572 496 496 496 507 507 527 494 494 494 433 433 466 467 467 433 433 438 427 427 427 343 343 324 324 343 343 283 283 283 283 283 310 310 310 310 316 310 310 193 193 289 260 260 261 153 153 153 226 226 211 211 180 180 180 180 133 143 143 143 143 108 108 62 62 62 86 11 11 11 11 11 11 11 24 24 35 24 11 
995 995 995 976 976 976 886 886 908 908 908 931 908 908 833 833 833 833 881 875 833 833 833 833 833 833 772 807 807 807 776 776 776 702 766 766 702 702 702 702 702 647 647 647 674 694 674 674 674 628 628 648 627 628 496 496 496 496 496 496 572 572 556 556 496 507 507 496 496 494 494 495 466 466 433 433 433 433 438 427 427 324 324 324 324 324 343 343 283 359 283 283 283 310 310 310 310 310 310 311 193 193 193 193 261 261 153 153 153 226 226 211 211 180 133 133 133 133 143 143 143 143 108 108 62 116 62 11 11 11 11 11 11 12 11 24 24 24 24 11 
976 976 996 976 976 886 886 908 908 908 908 908 922 908 908 833 833 886 875 875 833 833 741 741 741 741 772 807 807 776 776 776 776 702 702 702 702 702 702 702 729 729 647 647 674 694 675 675 675 628 628 628 641 628 496 496 608 594 594 556 556 556 556 557 496 496 496 496 496 496 466 466 466 433 433 468 433 433 438 438 433 324 324 324 324 324 343 343 283 359 359 359 283 283 333 333 310 310 317 283 283 283 290 193 193 153 153 153 153 214 214 214 180 180 192 108 108 108 108 108 108 108 108 108 62 116 62 11 11 11 11 11 11 12 11 11 11 11 11 11 
976 976 976 976 976 886 968 908 908 908 938 908 908 908 908 833 833 886 875 876 833 833 741 741 741 741 772 772 772 776 776 776 776 776 772 702 702 702 702 702 618 618 618 710 674 674 675 675 675 628 628 628 628 628 475 475 475 594 556 556 556 556 324 324 324 324 496 496 516 496 466 466 466 433 433 433 449 449 449 433 433 324 403 403 324 360 360 360 283 283 369 283 283 283 283 283 283 312 312 283 283 283 283 283 193 153 153 153 153 214 214 214 180 180 180 108 108 108 144 144 108 108 108 108 62 62 62 76 76 76 76 62 62 12 43 43 43 12 12 12 
976 976 976 986 976 886 968 908 908 923 923 908 908 909 909 833 833 886 875 858 858 858 741 741 741 741 741 816 772 772 777 777 777 777 772 730 730 730 730 618 618 618 618 710 674 674 675 675 666 666 618 618 618 618 475 475 475 556 556 556 556 556 324 544 544 324 324 516 516 496 503 496 466 433 433 433 449 449 449 433 324 324 403 403 324 360 360 360 382 283 283 283 283 283 283 283 283 283 312 312 283 291 291 193 193 262 258 153 153 153 153 214 180 180 180 108 108 171 144 144 144 144 144 62 62 62 62 62 62 62 62 62 62 12 43 43 43 12 12 12 
976 976 976 986 976 886 886 886 923 923 923 923 923 909 909 833 833 886 875 858 858 858 858 851 741 741 741 816 816 772 777 777 777 772 772 730 738 738 730 730 730 618 674 674 674 674 618 618 666 666 618 618 618 618 618 475 475 556 556 556 556 539 539 539 539 539 324 324 517 496 496 496 466 466 433 433 449 449 449 433 324 416 416 403 324 324 391 360 360 360 360 360 283 283 283 283 324 283 312 312 283 291 291 193 250 250 258 153 153 153 153 153 153 180 180 144 144 144 144 144 154 144 144 62 62 117 62 62 62 88 77 62 62 12 12 43 43 12 25 13 
976 976 976 976 976 959 959 886 886 939 939 886 886 886 886 886 886 886 875 858 858 858 858 851 741 834 772 772 772 772 777 777 777 772 730 730 738 738 738 738 730 618 618 674 674 674 618 618 618 618 618 649 618 629 618 475 475 573 556 556 556 539 539 539 534 534 534 324 324 324 324 324 466 466 433 433 433 433 433 433 324 403 403 403 403 324 324 370 360 360 370 324 324 324 324 324 324 283 283 283 283 292 292 193 250 250 250 250 153 153 153 153 153 180 180 144 144 144 144 144 154 144 144 62 62 62 62 62 62 77 77 62 66 62 12 12 12 12 13 13 
976 976 981 981 981 959 959 959 886 886 886 886 910 910 910 887 887 887 875 851 851 851 851 851 741 772 772 772 772 772 772 772 772 772 730 738 738 739 739 739 730 730 618 695 695 695 618 618 618 667 618 618 618 629 618 618 475 573 573 573 573 475 475 475 534 475 475 504 504 504 504 324 324 324 324 433 433 433 439 439 324 403 403 403 403 396 324 370 370 370 370 324 344 344 301 301 301 301 301 301 301 292 193 193 250 250 250 215 215 215 227 180 180 180 180 180 154 154 154 154 154 145 145 62 62 62 62 62 77 77 62 62 66 62 36 36 44 36 13 14 
976 976 981 981 981 910 910 910 910 910 886 886 910 916 887 887 875 875 875 851 851 851 851 741 741 772 772 772 772 808 783 783 783 730 730 738 738 739 739 739 618 618 618 695 618 618 618 618 618 618 623 545 545 545 545 545 475 573 573 588 573 475 475 475 475 475 475 475 475 475 475 475 475 324 324 433 433 433 439 439 324 324 396 396 396 396 324 324 324 324 324 324 301 301 301 301 301 292 292 292 292 292 193 193 193 263 193 193 193 215 215 180 180 180 180 180 154 172 154 154 145 145 134 134 62 62 99 99 77 62 62 66 66 62 36 36 36 36 13 14 
976 976 910 910 910 910 951 951 951 910 910 910 910 887 887 875 875 887 851 851 851 851 809 741 741 835 772 772 772 808 783 793 730 730 731 731 731 731 731 740 618 618 618 618 618 618 618 618 618 618 623 545 545 545 545 545 475 475 475 475 573 573 475 475 475 475 535 528 475 475 475 475 475 324 324 324 433 433 439 439 324 324 396 396 396 396 324 324 324 324 361 361 301 292 292 292 292 292 313 313 293 293 284 284 193 193 193 251 193 193 215 215 154 154 154 154 154 62 62 62 145 145 134 123 123 62 99 99 77 62 62 62 62 62 36 36 45 13 13 14 
976 976 910 910 910 977 951 951 940 940 940 910 910 887 887 887 887 887 851 851 851 851 809 836 741 741 741 741 741 741 783 730 730 778 731 731 731 750 731 731 731 731 618 618 618 618 618 618 618 618 623 623 623 545 545 545 595 595 595 475 475 475 475 475 545 475 475 528 475 475 475 489 489 324 324 324 324 454 324 324 324 417 417 404 404 324 324 324 324 324 361 361 301 292 334 334 292 292 313 313 293 293 293 264 264 244 244 244 244 193 215 215 154 203 62 62 62 62 62 62 62 62 134 123 123 62 77 77 77 62 62 36 36 36 36 36 13 13 26 14 
910 910 910 951 951 951 951 951 940 900 900 900 900 900 900 900 895 882 882 863 863 863 809 836 836 836 741 741 741 741 741 730 730 778 731 767 731 750 750 741 731 731 618 703 703 618 618 618 618 618 623 623 623 623 623 545 545 545 545 545 545 574 558 558 545 475 475 475 475 508 475 475 475 475 475 324 324 454 324 440 404 404 404 404 404 324 324 324 301 301 362 362 301 292 334 335 292 292 264 264 293 293 264 264 264 244 244 193 193 193 215 215 154 154 62 62 62 173 62 62 62 62 134 62 62 62 77 77 77 72 72 36 36 36 36 13 13 26 26 14 
910 910 910 951 951 895 895 960 940 900 900 900 900 900 895 895 895 882 882 863 863 863 809 809 809 809 741 741 741 809 741 778 778 778 731 767 731 741 741 741 618 618 618 618 704 618 676 676 676 650 650 650 596 596 596 596 596 596 596 545 545 574 558 558 545 475 475 529 475 475 475 475 476 476 476 324 324 324 324 440 404 404 404 404 404 385 385 385 301 301 301 301 301 292 334 325 325 264 264 264 293 293 264 264 264 244 244 193 193 193 193 193 193 154 154 154 62 155 155 155 155 62 134 62 73 73 77 77 77 72 72 36 36 36 36 13 26 26 14 14 
895 895 951 951 951 895 895 895 940 900 900 900 900 900 895 895 863 863 863 863 837 837 837 837 843 809 809 822 809 809 741 778 741 741 731 731 731 741 741 741 618 618 721 618 704 618 676 618 618 650 596 596 596 630 596 596 596 596 596 545 545 545 545 545 545 475 475 529 475 475 475 475 476 476 450 450 450 450 450 440 404 404 385 385 385 385 386 386 301 301 301 301 301 292 325 325 264 264 318 264 264 264 264 264 264 264 193 193 193 233 216 216 193 193 193 62 62 155 62 62 62 62 134 62 73 118 77 77 72 72 72 36 36 36 36 36 26 26 14 15 
895 895 895 895 895 895 946 895 895 895 895 900 900 917 895 895 863 863 863 837 837 837 837 837 843 837 809 822 809 810 741 778 741 741 741 741 741 741 741 741 618 618 618 618 704 618 618 618 618 650 596 651 596 596 596 596 596 597 597 581 581 545 545 545 475 475 475 475 475 509 475 475 475 450 450 440 440 440 451 440 404 404 385 385 385 385 301 301 301 378 301 292 292 292 325 325 325 292 292 292 292 292 292 264 264 264 193 252 193 216 216 194 194 194 194 62 155 155 166 62 62 62 62 62 73 73 77 77 72 72 72 72 36 36 36 36 36 14 14 14 
895 895 895 895 895 895 946 946 946 946 895 895 895 895 895 901 863 863 863 837 837 837 837 837 837 837 809 809 809 810 741 741 741 742 742 742 742 742 742 742 618 618 618 618 618 618 618 618 618 650 596 596 596 596 596 596 609 597 597 581 581 545 545 545 475 475 475 475 475 509 475 475 475 450 450 440 440 440 440 440 404 404 385 385 385 385 301 301 301 301 301 292 292 292 292 292 292 292 292 292 292 292 292 264 264 264 193 193 193 216 216 194 194 194 194 62 62 62 62 62 124 124 124 124 124 73 73 73 73 73 73 73 36 36 36 36 36 14 14 14 
