956 956 956 956 913 913 913 913 913 913 921 921 913 872 872 881 881 788 788 788 788 788 788 788 788 788 788 797 797 788 762 762 762 762 731 731 731 693 693 693 632 632 632 665 665 665 665 655 421 421 421 421 421 421 421 421 421 421 421 421 518 518 518 518 518 518 518 518 481 481 481 481 481 474 442 442 426 426 426 426 377 377 408 377 377 377 377 377 366 293 293 293 293 309 309 309 309 293 293 293 265 265 265 265 109 109 147 147 147 147 147 147 147 175 175 175 147 147 147 109 109 130 109 109 109 92 92 65 65 65 65 65 19 19 19 19 19 19 19 1 
956 956 956 956 913 913 913 913 913 913 913 913 913 872 872 872 872 788 788 788 788 788 834 834 788 788 788 788 788 788 762 772 731 731 731 745 731 693 693 693 632 632 632 632 632 665 665 655 421 421 421 421 421 607 607 421 421 421 421 421 518 518 537 537 537 518 518 518 481 474 474 474 474 474 442 426 426 426 377 377 377 377 377 377 377 377 385 366 366 293 293 293 293 309 309 293 293 293 293 293 265 265 265 266 109 109 109 109 147 147 147 147 147 147 147 147 147 109 109 109 109 109 109 110 110 92 92 65 65 65 65 65 19 1 1 1 19 19 20 1 
956 956 956 956 956 956 913 913 913 927 927 872 872 872 872 872 872 788 788 855 809 809 809 809 789 789 789 789 789 789 762 772 731 746 746 731 731 731 693 693 632 632 632 632 632 665 665 655 652 612 612 612 421 421 607 421 421 421 421 421 421 518 518 537 537 518 518 518 481 474 491 491 474 474 442 426 426 426 377 377 377 377 377 377 377 366 366 366 367 293 293 293 293 293 293 293 310 265 265 265 265 276 276 109 109 246 242 109 147 147 147 147 190 190 165 165 109 109 131 131 131 131 123 110 110 93 93 19 19 19 19 19 19 1 1 1 34 1 1 1 
996 956 956 927 927 956 956 927 927 927 928 872 872 872 872 872 872 872 788 788 809 809 841 809 789 789 789 789 789 762 762 772 731 731 746 731 731 731 693 716 632 632 632 632 632 675 655 655 652 612 612 612 627 421 607 607 421 421 568 568 421 421 518 518 518 518 421 421 481 504 491 491 475 475 442 426 426 436 377 377 377 377 377 377 377 366 378 378 367 293 293 293 293 293 293 293 310 265 265 276 276 276 277 109 246 246 242 109 230 212 212 202 190 190 165 165 109 109 131 131 131 131 123 110 110 93 94 19 19 19 19 19 19 51 1 1 1 1 1 1 
992 992 927 927 927 927 927 927 928 928 928 872 914 872 872 890 788 788 788 788 846 809 809 809 827 818 762 762 762 762 747 747 763 763 746 746 731 731 693 693 693 632 632 632 652 652 655 652 652 612 612 612 627 421 421 421 421 568 568 568 568 421 421 421 421 421 421 421 481 421 421 421 475 475 442 442 442 436 377 377 377 353 353 353 353 366 366 367 367 346 346 310 310 310 310 310 310 265 265 276 276 276 276 109 109 109 242 109 212 212 213 202 109 109 165 165 165 109 131 131 131 131 123 93 93 93 94 19 19 19 19 19 19 51 1 1 2 2 2 2 
992 992 927 928 928 928 957 928 928 872 872 872 872 872 872 872 788 788 788 788 846 846 809 809 809 818 762 762 762 790 747 747 747 747 747 747 718 718 717 717 693 693 693 632 652 652 652 652 632 632 632 612 612 612 612 560 560 560 560 560 569 421 421 511 511 511 511 421 421 421 497 421 421 421 442 442 442 436 436 377 377 353 353 353 353 366 366 367 346 346 346 310 310 310 310 310 265 265 276 276 283 283 276 247 247 109 109 109 212 109 109 202 109 109 109 109 109 109 131 131 123 123 123 93 93 66 66 70 70 19 19 19 55 1 1 1 2 2 2 2 
997 992 927 928 963 928 928 928 872 872 872 872 872 905 872 872 788 788 788 788 846 846 809 809 809 809 809 762 762 790 747 747 747 747 718 718 718 718 717 718 693 693 632 632 652 652 652 632 632 640 632 632 574 574 613 560 560 560 560 560 560 560 511 511 511 511 511 519 511 459 459 459 459 421 421 421 442 442 421 421 421 353 353 353 389 346 346 346 346 346 346 310 310 310 310 265 265 231 231 276 276 276 276 247 247 247 109 109 109 109 109 109 109 123 109 109 109 109 123 123 123 124 124 93 93 66 66 70 70 19 19 19 19 1 1 1 1 21 21 3 
997 992 927 928 963 963 928 928 872 872 872 872 872 872 872 891 788 788 868 835 835 847 842 809 809 809 810 762 762 747 747 747 747 747 718 718 718 718 717 718 693 693 632 632 632 652 652 632 632 640 640 633 574 574 560 560 560 560 560 573 561 561 511 511 511 511 511 519 511 459 459 459 459 421 421 421 421 421 421 427 353 353 353 353 389 346 346 346 346 346 346 346 265 265 265 265 298 231 231 231 231 231 247 247 248 248 109 109 109 221 109 109 123 123 156 156 156 156 123 138 138 124 124 93 93 66 66 66 70 19 19 66 19 1 1 1 1 21 22 3 
927 992 927 928 963 963 928 928 929 929 856 856 906 872 872 891 788 788 868 835 835 835 842 835 809 809 810 747 747 747 747 747 747 718 718 748 718 718 718 718 619 619 632 632 632 632 632 656 632 645 633 633 574 574 560 560 560 580 580 561 561 543 543 543 511 511 511 511 511 459 459 459 459 459 459 459 421 421 422 422 353 353 353 353 389 389 353 353 368 265 265 265 265 317 317 317 298 231 231 231 231 231 247 247 231 231 109 109 109 203 203 203 123 123 123 123 123 123 123 115 115 115 115 93 93 66 66 66 70 70 70 66 19 1 1 1 21 21 3 3 
927 927 927 928 928 928 928 929 929 856 856 856 906 906 856 856 788 835 835 835 835 835 842 835 747 747 747 747 747 747 747 747 747 718 748 748 718 732 718 619 619 619 619 619 619 676 632 632 632 633 633 634 574 574 580 580 580 580 561 561 561 543 544 544 451 451 451 451 451 451 451 451 451 451 464 451 451 415 415 422 422 353 353 353 353 353 353 353 368 265 265 265 339 317 317 298 298 231 231 231 231 231 231 247 231 231 109 109 109 203 203 166 166 166 166 166 166 123 123 115 115 115 115 93 93 101 66 66 81 66 66 66 19 19 1 1 21 4 4 4 
927 927 927 928 928 928 928 929 929 856 856 856 856 856 856 856 788 835 835 835 835 835 835 835 747 747 747 747 747 747 747 773 769 718 718 718 718 718 718 619 708 694 694 619 619 619 619 619 633 633 633 614 614 574 574 574 592 592 561 561 561 543 544 544 451 451 451 520 451 451 482 482 451 451 451 451 452 415 415 415 415 415 353 353 353 353 386 353 265 265 265 265 265 317 317 298 298 298 298 231 231 231 231 231 231 231 231 231 231 222 195 195 195 167 167 167 167 5 5 101 101 101 115 115 101 101 66 66 81 66 66 56 56 4 4 4 4 4 4 4 
927 993 927 928 928 964 930 930 929 929 929 856 856 856 856 856 788 835 835 835 835 835 835 805 805 805 805 805 769 769 769 769 769 764 718 718 718 718 619 619 708 694 694 619 619 619 666 619 633 633 633 614 614 614 614 574 592 574 574 574 543 543 544 544 531 531 451 482 482 505 482 482 451 451 451 452 452 415 437 399 399 399 399 399 386 386 386 353 265 265 265 265 265 317 317 311 311 231 231 231 231 243 243 252 252 222 222 222 222 222 195 195 195 167 183 5 5 5 5 101 101 101 101 101 101 101 66 66 81 66 66 56 56 4 4 4 4 4 4 4 
927 927 927 930 930 930 930 930 930 930 930 856 856 856 892 892 788 856 856 856 836 836 843 805 805 805 769 769 769 791 769 769 764 764 718 749 718 619 619 619 619 619 694 619 619 619 666 619 615 615 615 615 615 615 615 574 574 574 581 543 543 562 544 544 531 451 451 482 482 505 482 482 482 451 451 452 452 415 437 399 399 399 386 386 386 386 386 353 353 359 353 243 243 243 317 311 311 231 231 231 231 243 243 222 222 222 222 222 204 223 204 204 167 167 183 5 5 5 5 5 5 5 125 101 101 101 66 66 66 66 5 5 56 44 44 4 4 4 4 4 
980 980 980 930 973 930 930 952 930 930 856 856 907 907 892 892 788 856 856 856 836 836 836 836 798 798 769 769 764 764 764 764 764 765 718 718 718 619 726 619 619 619 619 619 685 619 619 619 615 615 615 615 615 618 598 598 598 581 581 543 570 562 531 531 531 451 451 482 482 482 482 483 483 451 451 395 395 437 437 399 399 399 386 386 243 243 243 243 353 353 353 243 243 243 243 243 243 243 231 231 288 243 243 222 222 222 222 222 204 204 204 167 167 176 176 176 5 5 116 116 116 5 5 5 5 5 66 5 5 5 5 5 56 44 45 4 4 5 5 5 
980 980 980 930 930 958 958 931 931 931 856 922 907 907 788 788 788 856 856 856 836 836 798 798 798 798 769 769 764 764 764 764 757 757 757 739 739 619 619 619 700 700 619 619 619 619 619 657 615 615 615 628 628 618 598 599 599 581 581 543 543 562 531 531 531 531 451 451 451 451 483 483 476 476 395 395 395 361 361 361 361 361 243 243 243 387 387 243 243 243 243 243 243 312 312 312 243 243 294 294 243 243 243 243 243 222 222 167 167 167 167 167 167 167 184 116 116 116 116 143 116 116 116 116 5 5 5 5 74 74 5 5 44 44 45 5 5 5 5 5 
998 980 980 980 930 930 930 931 931 931 856 856 882 882 882 882 882 856 857 857 836 836 798 798 798 798 798 764 764 764 757 757 757 757 758 739 733 733 677 677 677 677 677 677 619 619 619 615 615 615 615 575 575 618 598 598 600 581 581 543 543 562 531 531 531 531 451 451 512 451 451 492 476 395 395 395 395 361 361 361 361 361 361 361 379 379 379 379 360 360 243 243 340 312 312 312 243 243 243 243 243 278 278 267 243 243 167 167 167 167 167 167 167 167 184 116 168 116 116 95 95 95 116 116 5 5 5 28 28 28 5 44 44 5 5 5 6 6 6 6 
965 965 965 965 965 965 930 931 931 931 931 856 882 882 882 882 882 856 857 858 836 836 798 798 798 798 798 764 764 757 757 757 757 757 739 739 733 733 677 677 677 677 677 677 677 677 619 615 615 615 575 575 575 598 598 598 600 582 582 543 543 531 531 531 531 532 451 451 451 451 451 476 476 395 395 395 438 438 438 361 361 361 409 361 361 361 380 380 360 360 243 243 243 243 318 312 312 243 243 289 289 253 253 267 243 243 167 238 167 167 184 184 184 184 184 116 157 157 148 95 95 95 95 95 95 5 5 28 28 28 5 5 5 5 28 28 6 6 6 7 
965 966 966 966 966 966 930 931 931 931 931 856 908 908 882 882 856 856 857 806 849 806 806 798 798 798 798 764 764 757 783 739 739 739 739 750 733 733 677 709 709 677 677 677 677 677 619 615 615 575 575 575 575 598 598 598 598 582 582 575 531 531 531 531 531 532 451 451 506 506 498 476 484 400 400 395 395 395 395 361 361 361 409 361 361 361 380 380 360 360 243 243 243 243 318 318 299 299 299 253 253 253 253 267 243 243 167 167 167 167 184 184 148 148 148 148 157 148 148 95 95 95 95 117 95 102 95 28 28 28 57 57 57 52 28 28 6 6 6 6 
965 923 923 923 967 967 930 930 932 931 931 856 908 908 882 882 856 856 857 806 806 806 806 798 798 798 798 798 798 757 739 739 740 740 740 740 740 677 677 709 710 677 677 677 677 677 619 615 615 575 575 575 575 575 575 598 598 575 575 575 531 531 531 531 513 513 528 451 451 451 498 476 476 400 400 443 443 443 395 395 395 395 409 395 395 361 361 361 361 361 243 243 243 243 299 299 299 299 299 253 253 253 253 253 253 243 243 148 148 148 148 148 148 148 148 148 148 148 117 117 126 126 126 117 95 102 95 28 28 28 57 28 28 52 28 28 6 6 6 6 
965 923 968 923 923 923 923 930 932 932 932 856 856 900 900 856 856 856 857 844 844 806 806 819 819 819 811 739 739 757 739 739 740 740 740 677 677 677 709 709 701 701 677 677 677 678 619 619 619 619 619 619 619 619 575 575 575 575 583 576 531 531 552 531 513 513 513 513 513 451 451 451 476 400 400 400 444 444 400 400 400 395 395 395 396 347 347 361 361 332 332 332 332 332 299 299 299 299 290 290 253 253 279 254 254 249 148 148 224 224 148 148 148 149 149 149 169 158 117 117 117 117 117 117 95 95 95 28 28 28 28 28 28 28 28 28 28 28 6 8 
965 923 968 968 968 923 923 930 930 923 923 923 856 856 856 856 873 873 857 859 844 806 806 806 806 806 811 739 739 739 739 739 740 740 740 677 677 677 709 709 701 701 677 677 677 513 513 513 513 619 619 513 513 513 575 575 576 576 576 576 531 531 531 531 513 507 507 507 514 476 476 476 476 400 400 400 444 444 400 400 400 400 400 400 320 347 347 361 361 332 332 332 332 332 299 299 313 299 290 290 253 253 253 254 255 249 148 148 148 148 148 148 148 149 149 149 169 158 117 117 117 117 9 9 9 9 9 9 9 6 6 6 6 6 6 28 28 29 6 6 
923 923 968 968 968 923 923 930 930 923 901 901 915 874 874 857 857 857 857 857 844 844 844 806 806 806 806 739 739 740 740 774 740 740 740 677 677 677 677 677 677 513 513 690 513 513 513 513 513 513 513 513 608 513 513 576 576 577 577 577 513 513 513 513 513 507 507 507 507 476 485 485 485 400 400 400 445 445 400 400 416 416 400 400 320 347 347 347 347 347 347 347 332 332 299 299 299 299 300 290 253 253 253 254 249 249 148 148 225 148 148 148 177 149 149 149 149 149 149 67 67 117 9 9 86 86 86 86 9 6 6 6 6 30 6 6 29 29 23 6 
923 923 923 923 968 968 923 923 923 923 901 901 901 901 874 874 883 857 857 857 844 844 837 837 820 820 806 806 739 740 740 774 740 740 740 513 513 513 513 677 677 513 513 513 513 658 658 658 635 635 608 608 608 620 513 513 577 577 513 513 513 553 507 507 507 533 507 493 507 476 476 486 486 465 465 400 445 400 400 428 416 417 320 320 320 347 347 347 354 354 354 320 320 320 299 319 299 300 300 290 290 254 254 254 249 249 148 148 225 225 205 205 177 191 149 149 170 67 67 67 67 117 117 9 9 9 9 9 9 6 6 6 6 30 46 6 6 6 23 6 
988 974 974 923 923 923 923 923 941 941 901 901 901 901 901 874 874 874 857 857 844 844 837 820 820 821 739 739 739 740 740 740 740 740 740 513 513 513 513 513 711 513 686 513 513 658 659 659 635 635 608 608 608 608 608 513 513 513 513 554 554 553 507 507 507 507 507 493 507 507 476 486 486 465 465 400 400 400 416 416 416 417 320 320 320 347 347 347 354 354 355 320 341 320 299 299 299 254 254 254 254 254 256 256 256 239 239 239 205 205 205 206 177 177 177 67 67 67 150 67 67 117 117 9 9 9 96 9 9 75 9 9 58 30 30 30 30 6 6 6 
988 974 974 974 974 923 941 941 941 942 901 901 901 893 893 893 875 875 857 857 837 837 837 820 820 739 739 695 695 695 695 775 740 740 751 741 741 513 513 513 513 513 686 686 686 658 635 635 635 635 635 635 608 608 608 608 584 584 584 554 554 553 553 521 521 521 521 493 493 493 493 477 477 477 257 400 400 410 410 410 410 417 320 320 347 347 381 381 354 354 320 320 320 320 254 254 254 254 257 257 268 268 256 256 239 239 239 239 205 205 206 206 177 177 177 67 67 67 67 67 139 67 67 9 9 9 9 9 9 9 9 9 9 9 30 30 30 30 9 9 
988 974 974 974 923 923 941 941 933 933 933 901 901 893 893 893 875 875 857 857 837 837 837 739 739 739 739 695 784 784 695 695 695 766 751 751 727 727 513 513 513 513 687 687 658 658 635 635 538 538 635 635 538 538 609 609 584 584 584 554 554 554 554 521 493 493 493 493 493 493 493 477 477 477 257 257 257 257 257 429 410 410 410 320 320 320 320 320 320 320 320 348 320 320 323 320 257 257 257 257 257 268 268 268 239 159 159 159 159 205 159 159 159 159 177 177 67 67 67 67 67 67 67 67 67 97 97 76 76 9 9 67 9 9 9 9 9 9 9 10 
988 988 988 974 923 923 959 933 933 933 893 893 893 893 860 860 860 860 860 860 837 837 837 739 739 739 739 695 784 784 695 695 695 751 751 751 727 727 727 513 513 513 513 687 658 679 658 658 538 538 538 538 538 538 538 610 585 585 585 554 554 554 554 521 493 493 493 493 493 493 499 477 477 460 460 257 257 446 257 257 411 411 390 390 390 320 320 320 320 320 320 333 333 320 320 320 257 304 257 257 257 257 257 269 239 159 159 159 159 159 159 196 196 159 159 159 67 67 67 67 67 132 67 67 67 97 97 76 76 76 67 67 9 9 9 9 9 9 24 10 
999 989 989 974 975 923 923 933 933 933 893 893 893 893 860 860 860 860 860 860 739 739 739 739 739 739 812 695 784 784 767 767 695 751 751 751 727 727 513 513 513 513 513 687 658 658 658 646 646 646 538 538 538 538 538 610 585 593 538 538 538 538 555 521 521 493 493 493 493 499 499 493 460 460 460 460 257 257 257 257 411 411 390 390 390 320 320 320 320 356 356 333 333 333 321 321 257 257 257 257 257 257 257 257 239 239 159 159 159 159 159 159 159 159 159 159 159 159 127 127 127 132 67 67 67 97 97 76 76 76 67 68 59 9 9 9 9 9 24 10 
999 989 990 974 923 923 923 948 933 933 893 893 893 893 902 776 776 776 776 861 739 739 739 739 739 739 799 799 799 784 784 767 695 695 695 752 695 695 513 513 513 513 513 687 687 646 646 646 637 538 538 538 538 621 593 593 585 593 538 538 538 538 538 538 521 521 521 521 493 493 493 493 460 460 453 453 257 257 257 257 257 411 411 390 390 390 320 320 257 257 257 333 333 333 321 321 257 257 257 257 280 280 280 257 159 159 159 159 159 159 159 159 159 159 159 159 160 160 127 127 127 127 127 67 67 97 97 67 67 76 67 59 59 9 9 12 10 10 10 10 
999 989 989 974 923 923 923 948 948 902 902 902 893 893 902 776 876 876 776 776 850 739 739 822 822 822 799 799 792 792 785 767 695 695 695 695 695 695 695 719 702 702 646 646 646 646 646 637 637 538 538 538 593 593 593 593 585 593 538 538 538 556 556 538 538 522 522 522 468 468 468 487 487 460 453 453 453 418 418 430 257 257 257 257 257 257 257 257 257 362 257 257 257 333 324 257 257 259 259 295 280 280 257 257 159 159 159 159 159 159 214 159 159 159 159 159 159 127 127 127 127 67 67 67 67 67 67 67 67 67 67 59 59 9 9 12 10 25 10 10 
981 981 989 974 974 923 923 948 948 902 934 902 902 902 902 776 776 776 869 776 776 776 822 822 799 799 799 799 792 792 785 767 767 767 695 695 720 720 695 695 702 702 646 646 646 646 646 637 636 641 641 538 538 616 616 593 593 593 538 538 538 556 522 522 522 522 468 468 468 468 468 487 487 460 453 453 453 418 418 418 418 418 257 257 257 257 342 257 257 257 257 257 257 324 324 257 257 259 259 295 280 280 257 257 257 250 159 159 159 159 159 207 159 159 159 159 159 127 127 144 127 67 67 67 67 82 67 67 12 12 12 12 12 12 12 12 10 25 10 10 
981 981 981 981 953 953 953 948 948 902 902 902 902 902 776 776 776 776 776 776 776 776 822 822 799 799 799 799 792 792 785 776 647 647 695 695 720 720 720 695 695 695 695 642 642 642 667 637 636 636 636 636 538 538 538 538 538 538 538 538 538 556 522 522 522 522 468 487 487 487 487 487 487 460 466 453 453 418 418 418 418 418 257 257 257 257 342 257 257 257 257 257 257 324 324 257 257 259 259 259 280 280 257 257 250 250 240 240 159 159 159 207 159 159 159 159 171 127 127 144 127 67 67 67 67 82 82 82 12 77 48 48 10 10 10 10 10 25 25 11 
981 981 981 981 953 969 953 953 902 902 902 902 909 909 776 776 776 776 870 776 776 776 776 776 776 776 776 776 776 776 785 776 647 647 703 703 703 703 720 720 642 642 642 642 642 642 667 637 637 637 637 637 601 601 538 538 538 538 538 538 538 556 522 522 522 522 468 468 468 468 460 487 487 460 357 357 454 418 418 418 418 418 257 257 257 257 342 342 342 342 342 349 257 257 257 257 301 301 301 259 280 280 250 250 250 250 240 240 178 178 178 178 178 178 178 178 127 127 127 127 127 67 67 67 67 103 82 82 12 77 48 48 10 47 47 39 26 26 26 11 
981 981 981 981 953 953 953 953 902 902 902 909 909 909 776 776 884 776 776 776 776 776 800 800 800 800 800 800 800 776 776 776 647 647 647 647 647 703 703 703 642 642 642 642 642 667 667 637 637 642 642 601 601 601 601 601 601 594 538 538 538 536 536 536 515 515 515 515 515 468 460 460 460 460 467 357 357 418 418 418 418 418 257 257 391 391 334 334 334 334 342 342 342 334 257 257 301 301 301 259 259 259 250 258 258 250 178 178 178 178 178 178 178 178 172 172 127 127 127 127 133 133 83 83 83 103 82 87 12 12 48 48 10 47 10 39 26 26 11 11 
981 981 981 982 953 953 953 953 902 935 935 909 909 909 776 776 776 776 776 776 776 800 800 800 800 800 800 800 800 776 776 777 647 647 647 647 647 721 721 703 703 703 642 642 642 642 668 637 637 642 643 601 601 601 601 601 601 594 538 538 536 536 536 536 515 515 515 515 515 468 461 461 461 461 461 461 357 357 357 357 357 357 401 370 370 392 334 334 334 334 334 334 334 334 257 257 257 257 259 259 259 259 250 250 250 250 178 178 178 178 178 178 197 172 172 172 172 128 128 128 128 128 83 118 83 103 82 82 82 12 48 48 10 10 10 35 35 26 11 11 
981 902 902 982 953 953 953 954 902 935 877 877 877 894 894 776 776 877 776 776 776 800 800 800 800 800 800 800 800 776 776 777 770 753 647 647 647 721 721 721 669 669 669 669 669 642 668 642 642 642 643 602 602 602 602 602 602 594 536 536 536 545 545 545 515 529 529 523 468 468 461 461 461 461 461 357 357 357 357 357 357 357 401 370 370 370 370 334 334 334 334 334 335 335 257 257 257 257 259 259 259 259 270 270 198 198 178 178 178 178 151 151 151 172 172 172 172 128 128 128 128 128 83 83 83 83 83 83 83 12 48 48 48 48 48 35 35 26 11 11 
902 902 902 902 902 902 902 902 902 935 877 877 877 894 894 894 877 877 776 862 776 828 828 828 828 813 813 770 770 770 770 770 770 753 753 753 647 647 647 722 669 669 669 669 669 642 642 642 594 594 643 602 602 602 602 602 594 594 536 571 571 545 545 545 515 515 515 523 468 468 468 461 461 461 461 357 357 357 357 357 357 357 401 370 370 370 370 334 334 334 334 334 335 336 291 291 291 305 259 259 259 259 270 270 198 198 178 178 178 178 151 151 151 192 172 172 161 161 128 128 128 128 128 83 83 83 12 12 12 12 12 12 12 12 12 12 12 26 12 12 
902 970 970 976 976 970 902 902 935 935 877 877 877 877 877 877 877 776 776 776 776 828 828 828 829 813 813 770 770 770 770 770 712 712 712 712 742 734 647 722 669 669 669 669 669 680 642 642 594 594 594 594 594 594 594 594 594 595 536 571 515 545 545 546 534 534 515 515 508 508 468 461 461 357 357 357 357 357 357 357 357 357 401 401 370 370 335 334 334 335 335 350 335 291 291 322 291 305 259 259 259 259 270 270 198 198 178 178 178 178 151 151 151 192 185 161 161 161 128 128 128 83 83 83 104 104 12 12 12 12 12 40 40 40 40 40 12 12 12 13 
902 970 970 976 970 970 949 949 935 943 877 877 916 903 903 877 877 776 776 776 828 828 829 829 829 778 778 807 770 770 770 770 712 712 712 712 712 734 647 647 647 647 647 647 669 669 669 594 594 594 594 594 594 595 595 594 594 595 536 515 515 563 515 515 534 534 515 515 508 508 468 461 461 357 357 431 431 431 431 431 363 363 363 402 370 370 335 335 335 335 335 335 335 291 325 322 291 291 291 291 291 259 259 259 259 198 198 178 226 226 151 208 185 185 185 161 161 161 128 128 128 83 119 119 104 104 12 88 12 12 60 40 40 41 41 41 12 12 13 13 
902 970 970 970 970 970 949 949 935 943 936 924 903 903 828 828 828 828 828 828 828 828 829 778 778 778 778 807 778 778 778 778 712 712 712 712 712 712 712 712 712 647 647 647 647 647 670 594 594 594 594 594 594 595 595 595 595 595 536 515 515 515 515 515 534 534 515 524 508 508 468 494 468 468 357 357 357 432 432 432 363 363 363 402 370 370 369 369 335 335 291 291 291 291 291 322 296 296 296 296 271 271 271 271 198 198 198 178 226 226 151 185 185 193 173 173 161 161 151 83 83 83 119 111 111 12 12 12 12 71 60 40 40 41 12 12 12 12 13 13 
902 902 902 970 970 970 960 949 935 935 936 924 903 828 828 878 878 878 828 828 828 828 829 778 823 823 778 778 778 793 648 648 712 712 712 712 712 712 713 713 713 647 647 660 660 647 670 594 594 594 594 594 594 595 595 595 603 536 536 578 515 515 557 515 515 515 515 455 455 455 468 468 468 468 468 357 357 432 432 432 363 363 393 393 393 370 369 369 369 291 291 351 291 291 291 291 296 296 271 271 271 284 271 271 198 178 178 178 226 226 151 185 151 151 173 173 173 151 151 83 83 83 119 111 111 12 12 12 78 71 60 60 60 41 12 12 12 12 13 13 
902 902 902 902 935 935 960 949 949 935 895 924 903 828 878 878 828 828 828 863 778 778 829 778 823 824 801 801 801 648 648 648 712 712 712 712 712 735 713 714 714 647 647 660 660 647 647 647 647 647 622 622 622 622 603 611 603 536 586 564 564 564 535 535 515 515 455 455 455 455 468 468 468 357 357 357 439 439 439 363 363 363 393 393 393 370 370 370 370 291 343 343 343 291 291 291 271 271 271 284 284 284 271 271 198 178 178 178 152 152 151 151 151 151 151 151 151 151 83 83 83 83 119 119 89 89 89 89 78 71 71 60 60 41 41 41 31 31 14 14 
902 902 902 902 935 935 935 935 935 935 895 924 903 828 828 828 828 863 863 863 778 778 778 778 823 824 801 801 801 648 648 648 712 712 712 712 712 713 713 714 714 660 660 660 660 660 647 647 623 623 622 622 622 622 603 603 603 536 586 564 564 564 535 535 515 515 455 525 455 455 468 468 468 357 439 439 439 439 439 363 363 363 363 403 393 393 370 370 371 291 291 291 291 291 291 291 271 302 272 272 272 285 271 271 198 178 178 152 152 152 152 152 152 151 151 174 151 151 83 83 83 83 83 119 89 89 89 89 78 78 72 31 31 31 31 41 31 31 14 15 
977 902 902 983 911 911 911 911 911 944 895 924 903 895 895 895 851 851 864 864 778 778 778 823 823 824 648 648 648 648 648 648 712 648 648 713 713 713 728 714 714 660 660 660 660 660 660 660 623 623 623 623 603 603 603 603 603 536 536 536 536 536 535 535 515 515 455 525 455 455 468 468 488 357 357 357 357 357 357 357 363 419 363 403 363 363 363 363 363 363 291 291 291 291 291 291 271 302 272 272 272 272 272 272 198 244 244 152 232 152 152 152 152 152 174 174 152 152 152 83 83 134 83 119 105 105 89 89 72 72 72 31 53 53 31 31 31 31 14 15 
977 977 977 983 911 911 911 911 911 911 895 903 903 895 851 851 851 851 851 851 851 778 778 814 814 824 648 648 648 648 648 648 648 648 648 648 648 736 704 704 704 704 660 660 660 681 660 660 623 623 623 623 603 603 603 603 603 579 579 579 536 536 558 535 535 535 455 455 455 455 455 495 455 455 455 462 455 440 440 357 363 419 363 363 363 382 382 382 363 363 291 291 291 291 291 291 271 302 302 272 273 273 273 273 198 244 244 152 152 152 215 152 152 152 174 174 152 152 135 135 83 134 83 83 105 105 89 89 72 72 72 31 31 31 27 27 27 14 14 15 
977 977 977 977 977 911 911 911 911 911 895 903 895 895 851 851 851 851 851 851 851 814 814 814 814 814 814 648 648 648 648 779 648 648 759 754 648 648 704 704 704 705 660 660 660 681 623 623 623 623 623 623 623 623 565 565 604 579 579 579 536 536 536 536 536 536 530 455 455 509 455 455 455 478 455 455 455 440 357 357 363 363 363 357 357 382 372 372 372 364 352 352 271 271 271 271 271 302 302 272 273 273 273 273 198 198 233 233 233 209 209 209 152 152 186 174 174 152 135 135 83 83 83 83 112 73 73 73 72 72 72 31 31 31 27 27 27 14 27 15 
977 977 984 984 911 911 961 911 911 945 895 895 895 910 851 851 885 851 865 865 851 814 814 786 786 786 786 794 794 794 786 661 754 754 754 754 648 648 704 704 648 648 648 648 648 648 623 623 623 623 623 623 623 565 565 565 565 565 565 565 565 565 490 490 536 536 530 471 471 471 471 455 455 469 469 440 440 440 357 420 420 420 357 357 357 382 372 372 364 364 352 352 271 271 271 271 271 303 303 272 272 228 228 228 228 198 233 233 233 209 209 209 152 152 152 152 152 152 135 135 135 135 84 84 73 73 98 73 73 73 42 61 61 31 27 27 14 14 27 15 
977 977 984 911 911 911 961 911 911 911 911 917 917 910 851 851 851 851 851 851 851 848 814 786 786 786 786 794 786 786 786 661 661 754 754 648 648 737 704 704 648 688 688 688 688 648 648 539 539 629 629 629 629 565 565 565 565 565 565 565 490 490 490 490 490 490 530 471 471 471 471 469 469 469 470 440 447 447 357 420 420 420 357 357 357 382 372 372 364 364 306 306 306 337 271 271 271 303 303 272 272 228 228 228 228 198 198 198 198 198 209 209 152 152 153 153 153 153 153 84 84 136 84 73 73 98 98 73 73 73 42 61 42 42 27 27 27 27 27 15 
977 977 984 911 911 911 911 911 911 925 911 917 910 910 851 851 851 852 848 848 848 848 814 786 786 786 786 794 786 795 661 661 661 754 754 648 737 737 704 704 648 648 696 671 671 671 648 539 539 539 539 539 539 539 565 565 596 596 547 547 547 547 547 490 490 490 530 471 471 471 471 469 469 469 440 440 447 447 357 357 357 357 357 357 357 357 357 357 357 357 306 306 306 306 314 271 271 303 303 272 272 272 228 228 228 228 198 198 227 198 198 198 198 152 153 153 84 84 84 84 84 84 84 73 73 73 73 73 84 73 42 42 42 42 42 42 27 27 15 15 
994 994 984 984 911 911 911 911 911 925 911 911 911 911 886 886 886 852 848 848 848 848 814 814 814 786 786 794 786 795 661 661 661 760 760 648 648 648 704 704 648 648 696 671 671 671 648 539 539 539 539 539 539 539 596 596 596 596 547 547 547 566 547 547 490 490 530 471 516 471 471 471 471 471 440 440 440 433 433 433 357 357 388 388 388 388 357 357 357 357 357 306 306 306 314 314 314 216 216 216 216 216 216 274 260 228 241 241 227 227 152 152 152 152 153 153 84 162 84 84 84 84 84 84 84 84 84 84 84 73 73 42 42 36 36 36 27 27 15 15 
994 950 950 950 950 950 950 950 950 925 925 925 911 911 886 886 886 852 852 852 852 814 814 814 786 786 786 786 786 795 661 661 661 760 760 697 697 648 648 723 648 696 696 671 682 682 648 648 539 539 539 539 539 596 596 596 596 596 547 566 566 566 547 547 490 530 530 471 471 471 489 433 433 471 471 440 440 433 434 434 357 357 388 404 397 388 357 357 357 357 357 306 344 306 306 306 315 216 216 216 216 286 216 260 260 228 228 228 228 228 152 152 152 152 153 153 84 162 84 140 140 84 84 106 106 106 84 84 62 62 62 62 62 36 36 36 36 15 15 15 
994 950 950 950 950 950 950 950 950 946 925 925 911 911 830 853 853 853 871 853 853 814 814 814 786 786 786 802 802 661 661 697 697 697 697 697 697 738 648 648 648 696 696 671 671 671 671 648 648 648 539 547 547 547 547 597 597 597 547 566 566 566 490 490 490 490 490 526 471 471 489 489 433 433 433 440 433 433 388 388 388 388 388 397 397 388 388 357 357 357 357 306 306 306 307 306 315 216 216 297 216 216 216 260 260 234 234 234 234 216 216 152 199 179 179 179 84 84 84 140 141 84 84 106 90 90 90 90 62 62 62 69 49 49 36 36 36 15 16 16 
994 995 946 946 946 946 946 946 946 946 832 832 832 832 830 853 853 853 853 853 830 830 830 830 830 761 761 802 802 661 661 697 697 697 697 697 697 697 697 648 648 696 696 661 661 661 661 661 648 648 539 547 547 547 547 547 547 547 547 566 566 566 490 548 490 490 490 526 471 471 500 489 489 479 433 433 433 448 388 388 388 388 412 397 397 388 388 365 365 357 357 307 307 307 307 306 315 306 297 297 216 216 216 260 260 234 234 234 235 216 217 152 152 179 140 140 140 140 140 140 141 129 129 99 99 99 99 62 62 62 62 62 49 36 36 36 36 15 16 16 
994 995 946 946 946 946 946 946 946 947 832 832 896 896 830 853 853 853 853 853 830 845 845 830 830 761 761 761 761 761 661 697 697 697 755 755 661 661 697 697 697 697 697 661 672 672 672 539 539 539 539 547 547 547 547 566 566 566 572 572 572 566 490 490 490 490 490 490 490 490 490 490 490 479 448 448 448 448 388 388 388 388 388 388 328 328 328 365 365 365 358 307 307 307 307 306 306 306 297 297 251 251 216 216 216 234 234 234 216 216 152 152 152 179 140 163 163 163 140 140 129 129 99 99 107 99 99 62 62 62 62 62 49 36 36 36 37 15 15 16 
994 995 946 946 946 946 946 946 946 947 937 832 896 896 830 830 830 853 853 853 830 838 838 838 761 761 761 761 761 761 661 661 661 661 661 661 661 661 661 661 661 661 661 661 663 663 663 539 649 649 547 547 547 547 547 566 566 566 572 572 566 566 490 490 490 490 490 490 490 490 490 496 479 479 448 448 448 448 388 388 388 388 388 388 328 328 328 365 365 365 358 307 307 307 307 297 297 297 297 297 251 251 216 216 216 216 216 234 216 152 152 210 179 179 140 163 163 145 145 145 129 129 99 120 107 54 54 54 85 62 62 62 49 49 49 15 15 32 15 16 
994 946 946 946 946 962 962 937 937 937 937 832 896 896 896 896 830 866 866 866 830 838 838 838 761 761 761 761 761 761 780 780 706 706 706 706 706 724 661 661 691 691 698 663 663 663 663 539 630 630 644 547 547 617 617 566 566 566 566 572 566 566 490 549 490 501 490 490 490 490 490 496 479 479 449 449 456 388 388 388 388 398 398 398 328 328 328 328 328 328 358 307 307 326 326 297 297 297 297 297 251 251 251 251 216 216 216 216 216 152 218 179 179 187 140 140 145 145 129 129 129 129 99 99 107 54 54 54 54 62 62 62 49 49 15 15 15 15 15 16 
994 946 946 985 946 962 962 937 938 938 938 832 904 904 904 897 830 830 830 830 830 838 838 838 808 808 815 803 803 761 780 780 706 706 706 706 706 724 724 724 691 691 698 663 663 663 663 539 630 630 630 630 630 617 617 566 566 566 566 566 566 566 490 490 490 501 490 490 490 490 449 449 449 449 449 449 456 388 388 388 388 398 405 398 398 394 373 373 373 328 328 328 307 307 307 297 297 297 297 297 251 251 251 251 251 251 216 216 236 229 179 179 200 187 187 140 145 145 129 146 129 129 99 99 107 107 54 54 54 63 63 63 63 15 15 33 33 15 15 16 
994 994 946 946 946 962 962 937 937 938 938 832 904 879 879 897 887 830 830 830 830 838 838 838 808 808 808 803 803 761 761 761 761 761 761 706 706 706 725 725 691 691 691 691 663 663 663 539 539 539 638 638 539 539 539 539 539 539 539 539 539 539 539 539 539 501 490 490 490 490 449 449 449 449 449 449 449 423 423 423 423 398 405 405 394 394 373 383 328 328 328 328 338 338 307 307 316 251 251 251 251 275 275 275 54 54 54 179 179 229 179 179 179 187 187 140 140 145 129 146 99 99 99 113 113 54 54 54 54 54 63 63 63 15 15 15 33 15 15 16 
986 986 986 986 978 880 880 937 937 939 939 832 832 879 879 879 887 830 830 830 830 808 808 808 808 825 808 808 768 768 768 768 761 761 761 706 706 706 725 706 706 706 663 663 663 663 662 662 653 539 638 638 539 587 587 587 539 539 539 539 539 539 559 539 539 501 490 490 490 490 449 449 449 472 449 449 449 423 423 423 423 398 413 394 394 373 373 383 328 328 338 338 338 327 327 307 316 251 251 251 251 275 275 54 54 54 54 179 179 179 179 179 179 179 179 140 140 145 129 99 99 99 99 113 113 54 91 91 54 54 63 63 63 15 15 15 33 33 16 16 
986 986 986 978 978 880 880 880 880 880 899 899 832 832 832 879 887 879 830 830 830 808 808 808 808 808 808 808 768 768 768 768 761 761 761 706 706 706 725 706 715 663 663 663 663 662 662 662 653 539 539 539 539 587 587 587 587 587 587 540 540 550 550 550 540 501 490 490 501 501 449 449 472 472 449 449 449 449 423 423 423 398 413 394 394 373 374 374 374 328 338 338 338 327 327 307 316 251 251 251 251 275 275 54 54 54 180 179 179 179 219 179 179 179 179 140 140 140 129 99 99 99 99 99 99 54 91 54 54 54 54 63 63 54 15 15 33 33 16 16 
971 971 986 978 978 880 880 880 880 880 899 899 918 832 832 879 879 879 830 830 830 831 831 831 831 808 808 808 768 768 768 768 768 683 683 729 729 706 706 706 715 663 663 663 663 662 662 662 653 539 539 539 539 539 588 588 588 588 588 540 540 540 540 540 540 501 501 501 501 501 449 449 472 472 472 449 449 450 398 398 398 398 373 373 373 373 374 374 375 328 328 338 338 327 327 307 307 251 251 251 251 275 275 261 261 54 180 179 179 179 180 180 180 180 180 140 140 140 129 54 54 54 99 99 99 54 54 54 54 54 54 54 54 54 15 15 15 15 16 16 
971 971 971 971 971 971 880 880 880 880 880 899 918 832 832 898 832 832 832 832 832 831 831 831 831 808 808 808 804 768 768 768 768 768 683 729 729 729 729 663 663 663 663 689 663 663 663 663 653 539 539 539 539 539 588 588 588 540 540 540 541 541 541 541 541 501 501 501 501 501 449 449 449 480 449 449 398 398 398 414 414 414 373 373 373 373 374 374 329 329 328 328 328 328 328 307 307 251 251 251 251 281 281 261 261 54 180 180 180 180 180 211 180 180 180 180 54 54 129 54 54 54 54 54 54 54 54 54 54 79 54 54 43 43 43 43 15 15 16 16 
971 971 971 987 971 971 955 955 880 880 880 899 899 899 832 832 832 832 832 867 832 832 832 832 832 808 808 804 804 768 768 768 768 768 683 729 729 663 663 663 663 663 663 689 689 683 653 653 653 539 539 539 539 590 590 590 588 540 540 540 541 541 541 542 542 501 501 501 501 501 501 407 449 449 449 398 398 398 398 414 414 414 414 308 308 384 384 384 329 329 329 329 329 329 329 307 307 307 261 261 261 261 261 261 261 54 245 180 180 54 54 54 54 54 54 54 54 54 54 54 54 108 108 100 100 100 100 54 54 79 54 54 43 43 43 43 15 15 16 16 
971 971 971 955 955 955 955 955 880 880 880 919 919 899 899 899 888 832 832 839 839 839 839 839 787 787 787 804 804 768 768 781 768 768 683 683 683 663 663 663 663 683 683 683 683 683 650 650 650 539 539 539 539 624 590 590 605 540 589 540 540 540 541 542 542 502 502 502 502 502 502 407 407 407 407 398 457 398 398 424 414 414 308 308 308 384 308 308 376 308 308 308 308 308 308 308 307 307 261 261 261 287 262 262 54 54 54 54 54 54 220 121 121 121 188 121 121 121 54 54 142 108 108 100 100 100 64 64 64 64 64 64 64 43 43 38 38 15 15 15 
971 971 971 979 979 955 955 955 880 880 940 919 919 899 899 888 888 832 832 839 839 839 839 787 787 826 787 787 787 787 683 683 683 683 683 683 683 730 663 663 683 683 692 692 684 684 650 664 650 650 626 626 631 590 590 605 605 540 540 540 540 540 541 502 502 502 527 527 517 510 407 407 407 407 407 398 398 398 441 424 414 414 308 406 308 384 384 308 308 308 330 330 330 330 330 308 307 307 262 262 292 262 262 262 54 54 54 237 237 220 220 121 181 121 121 121 154 121 121 121 142 108 108 108 108 108 64 64 64 18 18 18 18 18 18 38 38 15 15 15 
972 972 991 912 912 912 912 912 926 880 880 880 920 888 888 888 832 832 832 839 839 839 839 787 787 787 816 787 787 787 683 683 771 683 683 683 683 730 730 683 683 707 692 692 684 684 650 650 654 626 626 626 625 590 590 590 590 590 540 540 502 502 502 502 517 517 517 517 517 510 407 407 407 407 407 407 407 425 425 424 424 308 308 406 308 308 308 308 308 308 308 308 308 308 308 308 262 262 262 262 262 262 263 262 262 237 237 237 237 220 121 121 181 194 121 121 154 164 121 121 121 121 121 108 108 18 18 18 18 18 18 18 18 18 18 38 38 15 15 15 
972 972 972 912 912 912 912 912 926 926 926 880 880 888 888 888 832 832 832 839 839 839 833 833 833 787 787 787 796 787 787 683 683 683 683 756 683 683 683 683 650 650 673 673 673 673 673 650 626 626 639 625 625 590 590 590 606 590 590 502 502 502 502 551 517 517 517 517 510 510 407 407 407 407 473 407 407 425 425 435 425 308 406 406 308 308 308 308 308 308 308 308 308 331 331 262 262 262 262 264 264 264 263 263 263 237 237 237 237 220 121 121 181 181 121 121 154 164 121 121 121 137 121 121 114 18 18 18 18 18 18 18 18 18 18 18 17 17 17 17 
972 972 972 912 912 912 912 912 912 912 926 926 880 888 888 888 889 832 832 854 854 833 833 840 787 787 787 787 796 782 782 782 683 683 683 683 683 683 683 650 650 650 673 673 673 650 650 650 626 651 639 625 625 590 590 590 606 502 502 502 502 502 502 551 517 517 517 517 510 510 407 407 407 407 473 407 458 425 425 425 425 308 406 406 308 308 308 308 308 308 308 345 345 331 331 262 262 262 262 264 264 264 264 264 264 237 237 237 237 220 220 121 182 181 181 181 154 154 154 121 121 137 122 114 114 18 18 18 18 18 18 18 18 18 18 18 17 17 17 17 
972 972 972 972 912 912 912 912 951 912 926 926 880 880 880 889 889 880 833 833 833 833 840 840 787 817 817 787 796 782 782 782 743 743 743 743 743 683 683 650 650 650 650 650 673 650 674 626 626 651 639 639 625 625 606 606 606 502 591 502 502 567 502 502 502 502 502 502 503 503 503 463 463 463 473 407 407 425 425 407 407 308 308 308 308 308 308 308 308 308 308 345 345 331 331 262 262 262 262 121 121 282 282 121 121 121 121 121 121 220 220 121 182 182 189 182 154 154 155 137 137 137 122 114 18 18 18 18 80 80 18 18 18 18 18 18 17 17 17 17 
972 972 972 972 972 972 912 912 951 912 912 912 912 912 880 880 880 880 833 833 833 833 840 840 787 787 787 787 796 796 782 782 743 743 743 743 744 683 683 650 650 699 699 650 650 650 674 626 626 626 626 626 626 626 606 606 606 502 502 502 567 567 502 502 502 502 502 502 503 503 503 463 463 463 463 463 407 407 407 407 407 407 407 407 308 308 308 308 308 308 308 308 308 308 308 308 308 308 121 121 121 121 121 121 121 121 121 121 121 121 121 121 201 182 182 182 154 154 155 137 137 137 122 122 18 18 18 18 18 18 18 18 18 18 50 18 18 18 18 18 
