977 977 853 853 853 853 853 853 853 874 874 874 874 874 874 874 853 853 853 755 755 755 755 755 755 765 765 765 765 765 765 765 664 664 664 664 664 664 664 664 664 664 664 664 664 664 664 572 572 572 572 572 572 611 571 571 578 578 571 562 510 510 510 510 510 510 510 371 371 371 371 371 371 371 371 454 438 438 423 423 423 269 269 398 398 269 269 269 269 338 338 338 338 269 269 269 287 287 287 287 287 211 211 232 232 232 232 232 211 211 211 136 136 136 136 136 136 136 136 136 136 136 68 68 68 68 68 68 68 79 58 58 58 23 23 23 23 1 1 1 
853 853 853 958 936 936 936 853 853 874 874 874 874 874 853 853 853 854 854 755 816 755 755 816 755 765 765 765 765 765 765 765 664 664 664 664 664 664 664 664 664 664 679 679 679 664 664 572 572 572 620 620 572 571 571 571 571 571 571 562 510 510 510 510 510 510 510 371 489 489 371 371 371 371 371 371 438 423 423 423 423 269 269 398 269 269 346 346 269 338 338 269 269 269 269 269 287 211 211 211 211 211 211 232 232 232 233 233 211 211 211 136 136 136 172 172 136 136 136 136 136 136 68 68 68 68 68 68 68 68 58 58 59 23 23 23 23 1 1 1 
853 968 968 958 936 936 853 853 917 917 874 874 894 890 853 854 854 854 755 755 816 816 816 816 755 755 765 765 765 765 765 765 755 664 664 664 664 664 679 679 679 679 679 679 679 572 572 572 620 620 620 572 572 571 571 571 571 572 572 562 510 510 510 521 521 510 510 371 489 489 371 371 371 371 371 371 438 423 423 423 423 269 269 269 269 346 346 269 269 269 269 269 339 269 269 287 287 211 211 211 254 254 211 232 232 232 233 233 211 211 211 136 136 136 136 173 166 136 136 136 139 123 123 68 68 68 68 68 68 68 68 58 58 23 23 23 23 23 1 1 
853 853 853 958 853 853 853 853 853 853 890 890 890 890 853 854 827 827 827 836 836 816 816 816 755 755 755 755 755 755 755 755 755 664 664 664 734 734 679 679 679 679 696 572 572 572 572 620 620 637 637 572 572 572 572 572 572 572 573 562 510 510 510 521 521 511 511 371 371 371 371 371 463 463 371 371 371 371 371 371 410 269 269 269 269 346 346 269 269 269 339 339 339 269 269 269 269 300 300 211 211 254 211 232 232 232 242 211 211 211 211 190 190 190 136 166 166 136 136 136 139 123 123 68 113 68 68 68 68 80 58 58 58 23 23 23 23 23 1 1 
952 952 853 958 853 853 853 853 853 853 853 853 853 853 853 854 827 827 827 827 827 816 816 816 755 755 755 780 780 780 664 664 664 664 664 734 734 572 572 720 679 679 679 572 572 572 572 620 620 620 620 628 572 572 594 594 562 562 562 562 510 510 532 532 511 511 490 490 490 490 371 371 463 463 463 371 371 371 371 371 410 410 410 390 390 390 346 346 269 269 339 339 339 269 269 269 269 294 294 294 211 254 211 211 211 242 242 211 211 190 190 190 190 190 136 166 136 136 136 136 139 123 123 68 68 68 68 68 68 58 58 2 2 24 23 23 23 23 2 2 
952 952 853 853 853 907 907 907 907 907 907 853 853 854 854 854 827 827 802 802 827 827 816 816 755 755 780 780 781 781 664 664 664 664 664 572 572 572 572 720 679 679 679 572 572 656 656 620 620 644 620 620 620 594 594 562 562 579 562 562 490 490 490 490 511 511 490 371 371 371 371 455 455 470 455 455 439 439 371 371 415 415 390 390 390 390 381 346 346 346 339 339 269 269 294 294 294 294 211 211 211 254 254 254 211 211 211 211 211 190 212 190 190 190 136 166 136 136 154 127 127 127 123 123 68 68 68 81 81 58 58 2 2 24 24 24 24 24 2 2 
960 952 969 952 952 907 907 925 925 902 902 902 854 854 854 854 854 859 802 802 802 802 802 802 802 802 780 780 780 780 664 664 664 572 572 572 738 572 572 572 572 572 572 572 572 656 656 656 651 629 629 594 594 594 602 562 562 562 562 562 490 540 540 490 490 490 490 371 371 371 484 455 455 455 455 456 439 439 371 371 371 371 390 378 378 378 381 331 331 346 346 346 269 294 294 317 269 269 211 269 269 269 269 254 254 254 211 211 222 190 212 190 190 190 136 136 136 136 154 127 140 127 127 124 68 68 68 81 81 81 2 2 2 2 2 2 2 2 2 2 
960 952 952 952 907 907 907 925 925 902 903 903 854 854 854 854 854 859 802 802 802 817 817 817 802 802 682 682 780 780 664 664 664 572 572 738 738 572 572 572 680 680 572 572 673 651 651 651 651 629 629 594 594 594 594 594 580 580 490 490 490 540 541 533 490 490 512 365 365 365 455 455 464 455 455 347 347 347 347 347 347 371 371 378 378 378 378 331 331 331 331 331 269 269 269 269 269 269 211 269 206 206 206 206 206 206 234 234 222 190 190 190 190 190 182 154 154 154 154 127 127 127 127 124 68 68 68 2 2 2 2 2 2 2 2 2 3 3 2 2 
960 960 959 959 907 907 907 902 902 902 903 903 895 854 854 802 802 802 802 802 802 803 803 803 803 803 682 682 682 682 664 664 572 572 572 738 621 621 680 680 680 680 687 687 673 651 651 652 652 629 629 594 594 594 594 594 580 581 490 490 540 540 533 533 515 515 512 365 365 365 455 455 464 455 455 347 347 347 347 430 347 347 371 371 371 371 378 378 371 331 331 331 269 269 269 269 269 269 211 269 206 206 206 206 206 216 216 216 222 190 190 206 182 182 182 154 154 154 154 125 125 125 125 125 68 68 103 2 2 2 2 2 2 2 2 2 3 3 3 3 
982 960 959 959 907 907 907 902 902 895 895 895 895 891 854 802 802 802 802 802 803 803 803 803 682 682 682 682 682 682 766 766 572 572 572 738 621 621 621 697 697 680 687 687 673 673 651 652 652 645 629 629 603 603 603 580 580 490 490 490 540 540 533 533 515 512 512 365 365 455 455 455 464 464 464 347 347 347 347 424 424 347 347 347 347 371 371 371 371 331 331 331 331 331 269 269 269 269 269 269 206 206 266 266 206 206 243 216 216 216 206 206 182 182 154 154 154 154 154 125 125 125 125 114 114 47 47 47 47 47 2 2 2 2 2 39 3 3 4 4 
982 960 960 960 907 907 907 926 926 895 895 895 891 891 854 875 802 802 802 802 803 803 803 803 682 682 682 682 682 756 756 756 572 572 572 738 621 621 621 621 697 680 680 680 673 673 651 645 645 645 595 595 603 603 603 580 580 490 490 490 490 515 515 515 515 512 513 365 365 365 365 365 365 365 347 347 347 347 347 424 399 399 399 399 347 347 347 347 347 347 347 347 331 331 154 154 154 154 154 154 206 206 154 154 154 206 206 206 206 206 206 154 154 154 154 154 154 114 114 147 114 114 114 114 47 47 63 63 47 47 63 63 47 47 47 39 4 4 4 5 
961 961 960 960 909 909 937 908 908 908 908 891 891 854 854 875 868 802 802 812 812 812 812 818 812 682 682 682 682 572 572 756 756 572 572 572 572 621 621 621 697 697 697 680 680 651 651 645 645 595 595 595 595 612 490 490 580 490 490 490 490 515 515 515 522 512 513 365 365 365 365 365 365 365 347 440 440 440 347 424 399 399 399 399 347 347 347 347 372 347 347 154 154 154 154 301 301 301 301 154 154 278 154 267 154 154 154 235 217 217 154 154 154 154 183 154 154 114 114 114 114 128 128 47 47 108 63 63 63 82 63 63 47 48 39 39 4 20 20 5 
961 961 961 961 909 909 909 909 908 908 891 891 854 854 885 868 868 819 819 812 812 812 812 812 812 682 791 791 787 572 572 572 572 572 572 572 572 621 621 621 697 697 688 688 645 645 645 657 645 595 595 630 595 612 490 490 490 490 574 490 549 515 515 515 512 512 513 365 365 365 365 471 471 471 347 440 440 441 347 347 347 399 399 399 399 347 347 347 356 356 356 154 154 288 288 301 295 295 295 295 154 278 154 267 258 154 154 235 217 217 154 154 154 156 156 156 160 114 114 114 114 128 128 47 108 108 104 63 63 63 63 63 47 48 39 39 4 4 4 5 
961 978 938 938 909 909 909 909 918 918 891 854 854 868 868 868 869 819 819 819 819 812 812 819 813 682 787 787 787 572 767 767 572 572 572 572 572 621 621 621 704 704 688 688 645 674 645 645 645 646 595 595 595 612 490 490 582 582 490 490 549 549 515 515 512 512 512 365 365 365 365 471 471 471 347 441 441 441 347 347 347 399 373 373 373 347 382 347 356 348 348 348 154 154 288 288 295 295 295 295 154 154 154 267 258 154 235 235 217 217 154 154 154 156 156 156 160 160 114 141 141 47 47 47 108 108 104 63 63 63 69 47 47 48 39 39 4 4 21 5 
961 961 938 938 938 909 909 909 918 891 891 854 896 860 860 860 860 830 830 830 819 828 819 819 813 682 787 787 572 572 767 767 572 572 572 572 739 621 621 704 704 621 621 621 645 645 645 645 645 595 595 595 595 595 595 490 490 490 490 563 515 515 515 534 496 496 512 365 365 365 365 365 365 365 347 347 347 347 347 347 347 347 373 373 373 347 382 347 347 348 348 348 154 154 323 288 288 288 288 288 288 258 258 258 258 154 217 217 217 154 154 198 198 156 156 156 160 160 114 114 47 47 126 126 47 47 104 63 63 47 47 47 60 48 39 39 4 4 5 5 
961 961 938 938 938 909 909 909 918 891 891 854 860 860 860 860 860 830 830 830 819 819 819 813 813 682 682 787 572 782 572 572 572 572 572 572 572 621 728 621 621 621 698 621 621 645 645 645 645 595 595 613 613 613 595 595 564 564 515 515 515 535 496 496 496 496 496 365 365 365 475 475 475 365 365 365 392 392 392 347 347 347 373 373 373 347 347 347 347 357 357 154 154 323 323 154 154 154 296 288 288 258 258 258 154 154 217 217 217 154 174 174 174 174 156 156 160 160 114 114 47 47 47 47 47 47 104 47 47 47 47 47 60 48 48 4 4 4 5 5 
961 970 970 938 938 909 909 909 909 909 854 854 860 860 860 860 860 860 830 830 774 774 774 813 813 804 682 682 572 572 572 572 572 572 572 572 572 621 621 621 621 621 698 689 621 621 665 645 645 647 595 595 595 595 595 595 564 515 515 555 555 535 496 496 496 496 496 365 365 365 475 475 475 365 365 365 392 392 392 392 411 411 373 373 373 383 383 373 373 341 341 154 340 154 154 154 154 154 296 296 289 223 223 223 154 154 154 154 217 154 174 174 174 174 156 156 160 160 114 114 114 114 114 114 47 47 104 47 90 6 6 6 6 48 48 4 4 4 5 5 
961 970 962 962 938 938 938 909 909 909 854 854 860 860 860 860 861 861 830 774 774 774 774 774 774 804 682 682 773 773 773 572 572 753 749 572 689 689 689 689 689 698 698 689 621 621 665 645 645 647 595 595 595 595 596 596 564 515 515 555 555 535 535 535 496 496 496 496 496 365 475 475 475 365 365 365 392 392 392 392 411 411 411 391 373 373 384 373 373 341 341 154 154 154 244 244 154 154 154 289 289 223 270 223 223 223 223 154 154 154 174 174 174 174 184 156 160 160 114 114 70 70 70 114 47 47 104 47 90 6 32 32 32 49 49 32 32 5 5 5 
961 970 962 962 938 938 939 909 909 909 909 854 854 854 860 860 861 830 830 774 774 774 774 774 774 804 682 682 682 682 682 749 749 749 749 689 689 689 689 689 689 689 689 689 621 666 653 653 653 647 595 595 595 587 587 587 564 583 515 515 515 535 535 496 496 518 496 496 365 365 479 479 476 465 465 365 392 392 392 392 392 405 405 391 391 373 373 373 373 341 341 244 244 244 244 244 289 289 154 289 223 223 270 223 223 223 223 154 154 175 175 199 174 174 184 156 156 142 142 148 70 70 70 70 115 47 47 47 90 6 32 32 32 32 32 32 33 5 5 5 
961 970 961 961 931 931 931 931 909 909 910 854 854 854 886 861 861 830 774 774 774 774 774 774 774 774 774 682 682 731 682 682 682 682 682 689 689 689 689 689 689 689 621 621 621 666 653 653 647 647 587 587 587 587 587 587 564 564 515 515 515 515 542 496 505 505 505 505 365 479 479 479 476 465 465 365 392 392 431 431 392 405 405 405 391 391 379 379 365 365 341 244 244 244 244 244 289 289 289 289 223 223 270 223 223 223 223 223 223 175 175 199 199 174 174 174 156 142 142 142 142 70 70 70 70 47 47 6 6 6 32 32 32 32 50 25 25 25 5 5 
961 961 961 961 931 931 931 931 910 910 910 854 854 854 854 861 861 830 774 774 774 829 774 774 774 774 774 774 774 731 731 731 757 682 682 729 729 729 729 699 699 699 621 621 681 666 666 653 647 647 587 587 587 587 587 587 587 564 564 564 515 515 542 496 496 496 514 365 365 479 479 479 476 465 465 365 365 442 431 432 392 392 392 392 392 392 379 379 365 365 341 341 341 244 244 302 302 289 289 244 244 223 223 223 223 223 223 224 224 175 175 175 175 175 175 175 156 142 142 142 143 70 70 70 70 47 47 6 6 6 6 25 25 50 50 25 6 6 6 6 
983 946 946 946 946 931 931 931 910 910 910 854 854 854 854 861 861 830 774 774 774 774 774 774 774 774 768 768 774 774 774 731 757 682 682 682 682 730 730 699 699 699 699 621 621 621 621 653 647 647 587 587 614 614 543 543 543 565 565 565 515 523 523 523 523 365 365 365 365 365 365 476 476 465 465 457 365 365 431 365 365 365 365 365 365 365 365 365 365 365 349 349 342 244 244 302 302 302 302 244 244 223 223 224 224 224 224 224 224 175 175 175 176 176 176 176 156 156 117 117 117 117 70 70 116 91 91 91 91 83 6 25 25 50 50 25 6 7 7 7 
946 946 971 946 946 931 931 931 904 904 904 904 897 862 862 861 861 830 830 830 830 830 823 774 774 774 768 775 775 775 775 731 700 700 700 741 682 730 682 682 682 682 682 682 682 621 621 653 647 647 621 621 543 543 543 543 543 565 565 565 515 523 523 524 524 365 365 365 365 365 365 476 476 366 366 457 450 365 365 365 365 365 366 366 366 385 385 366 366 366 349 332 342 244 244 318 302 302 303 244 244 244 244 224 224 224 224 224 224 175 175 175 176 176 176 176 156 156 117 117 70 70 70 91 91 91 70 70 70 83 6 6 25 25 25 25 6 7 7 7 
946 946 946 946 932 932 932 932 904 911 911 897 897 862 862 862 862 862 792 792 837 823 823 797 797 805 768 775 775 775 731 731 700 700 700 741 682 682 682 705 705 705 700 621 621 621 621 621 621 621 621 621 543 604 604 543 543 565 565 565 515 524 524 524 525 365 365 365 497 365 365 366 366 366 366 450 450 366 366 365 365 365 366 406 366 366 366 366 349 349 349 332 332 244 244 307 307 244 244 244 279 279 244 244 191 191 191 191 191 175 175 175 176 176 176 176 156 155 155 117 70 129 129 91 91 91 70 95 70 70 70 6 40 40 40 40 6 7 7 7 
946 946 946 946 932 904 904 904 904 897 897 897 898 792 792 792 792 792 792 792 837 823 797 797 797 797 768 768 768 768 731 731 758 700 700 700 700 700 700 700 715 700 700 621 621 621 621 621 621 621 621 621 543 543 543 597 543 543 543 543 515 515 515 515 515 515 365 365 365 365 480 366 366 366 366 450 366 366 366 365 365 365 366 366 366 366 366 366 349 349 349 350 332 244 307 307 307 244 244 279 279 244 244 244 191 191 191 191 191 191 175 175 200 191 156 156 156 155 155 117 70 70 70 70 70 91 70 71 71 71 71 6 6 6 51 6 6 7 7 7 
946 946 946 946 953 904 904 927 927 897 897 792 792 792 876 876 792 792 855 792 792 823 797 797 797 797 797 768 768 768 776 731 731 700 700 700 716 716 721 700 700 700 622 622 638 638 638 638 638 638 638 621 621 605 543 543 543 543 543 543 515 515 543 515 515 515 365 365 365 491 480 480 366 366 450 450 366 366 366 365 365 366 366 366 366 393 366 366 349 367 332 332 332 244 319 319 307 307 244 279 279 244 271 244 244 191 191 191 191 191 191 191 191 191 156 156 167 117 117 117 70 70 117 117 70 70 70 71 71 71 71 6 6 6 6 6 7 7 7 7 
946 946 946 946 946 946 904 927 792 792 792 792 792 863 863 877 792 792 855 792 792 823 792 792 797 797 797 768 768 776 776 731 731 700 700 700 716 716 721 721 622 622 622 622 638 638 638 658 638 638 622 622 622 605 605 598 543 543 575 543 556 543 543 515 515 515 515 481 481 481 481 366 366 366 450 366 366 366 366 365 365 366 366 366 366 349 366 366 349 367 332 332 244 244 244 244 244 244 244 279 279 244 244 244 244 244 244 149 149 149 149 149 201 149 149 156 156 117 117 117 70 70 117 117 70 70 70 71 71 84 41 41 41 41 41 41 7 7 7 7 
946 946 946 946 904 904 904 792 792 919 792 792 792 863 863 877 792 792 792 792 823 823 792 792 792 792 797 768 768 776 776 731 731 700 700 716 716 716 721 721 622 622 622 622 622 622 622 622 622 622 622 615 615 615 598 598 588 543 575 543 543 543 543 536 515 515 515 481 481 481 481 366 366 366 366 366 366 366 366 425 425 366 366 366 400 349 349 349 349 367 332 332 244 244 244 245 245 244 244 245 245 245 245 245 245 245 245 149 213 213 213 149 201 149 149 149 156 156 156 117 117 117 117 117 70 70 70 84 84 84 41 41 41 41 41 42 26 26 7 7 
946 946 972 946 904 904 920 792 792 792 899 899 899 863 863 877 792 792 792 792 792 792 792 792 792 792 797 768 768 768 768 768 731 731 731 716 716 716 716 716 622 622 622 622 622 622 622 622 622 622 622 615 615 616 598 588 588 543 543 543 543 543 543 536 515 515 515 492 492 481 481 481 366 366 366 458 366 366 366 366 366 366 366 366 282 282 367 367 367 367 332 149 343 149 149 245 245 245 245 245 149 149 149 149 149 149 149 149 213 213 213 149 149 149 149 149 149 149 149 149 84 84 84 117 117 84 84 84 41 41 41 41 41 41 52 26 26 27 8 8 
984 946 946 946 904 904 920 792 792 792 899 899 878 878 863 877 792 792 792 792 792 792 792 792 792 792 792 792 768 768 768 706 706 706 731 731 731 731 731 716 716 622 622 690 622 622 622 622 622 622 622 631 615 616 598 588 588 543 543 550 550 550 536 536 492 492 492 492 492 492 481 481 366 366 366 435 435 366 366 416 416 416 366 366 282 282 367 367 367 367 332 149 149 149 149 245 245 245 149 149 149 280 272 218 218 218 218 218 213 213 207 207 149 149 149 158 158 84 84 150 84 84 84 117 117 84 72 72 41 41 41 41 41 41 52 26 26 8 8 9 
984 979 904 904 904 904 920 928 928 920 878 878 878 878 863 863 863 863 792 842 792 792 792 777 777 792 792 793 768 768 768 706 759 706 706 742 706 706 706 706 706 622 622 690 622 622 622 622 622 622 615 615 615 616 598 598 536 536 536 550 550 550 536 536 492 498 498 366 366 366 366 366 366 366 366 435 435 435 435 416 416 282 282 282 282 282 282 282 282 282 332 332 149 149 149 245 245 245 149 149 272 272 272 218 218 218 246 218 207 207 207 158 158 149 149 158 158 84 84 84 84 84 84 84 118 84 72 72 72 72 72 8 8 8 43 43 26 8 8 9 
979 979 904 904 904 904 920 920 929 920 878 878 878 878 878 863 863 864 792 842 792 792 792 777 777 777 777 777 768 768 777 706 706 740 706 706 706 722 722 722 706 706 622 622 622 622 622 622 622 622 615 615 615 615 598 598 536 544 544 544 544 544 544 536 492 498 498 366 366 366 366 459 459 459 466 435 435 416 416 416 416 282 282 282 282 351 351 282 282 282 282 332 332 332 149 149 149 245 149 149 218 218 218 218 218 218 218 218 207 207 207 158 158 158 158 158 158 84 157 84 84 84 84 84 84 84 72 72 72 72 73 8 61 8 43 26 26 8 8 9 
979 979 904 904 940 940 940 920 920 920 878 878 878 878 878 878 820 820 792 792 792 792 792 777 777 777 777 777 777 777 777 706 706 740 740 740 740 722 723 723 706 706 622 622 622 622 615 659 615 615 615 615 615 615 606 576 536 544 544 566 544 544 536 536 492 498 498 366 366 366 366 459 459 459 435 435 435 416 416 416 416 416 282 282 282 351 351 351 351 368 282 282 282 282 308 308 149 149 149 218 218 281 218 218 218 247 247 236 207 207 207 158 158 192 185 177 158 84 84 84 84 84 84 109 109 109 72 72 72 72 73 8 8 8 26 26 8 8 9 9 
973 973 973 904 904 905 905 905 905 905 905 878 878 878 820 820 820 820 820 820 820 820 820 820 777 777 777 706 706 706 706 706 760 740 740 740 740 722 723 707 707 526 526 526 526 526 615 615 615 639 639 526 526 606 606 576 536 536 536 536 536 536 536 492 492 498 498 498 498 366 366 459 459 435 435 416 416 416 416 416 416 416 282 282 282 282 351 351 351 351 351 351 282 282 308 308 308 308 218 218 281 281 218 259 259 218 218 236 218 218 177 177 185 185 185 177 158 84 84 84 84 84 84 109 109 109 72 72 72 73 73 8 8 8 26 8 8 9 9 9 
973 973 904 904 904 905 905 905 905 905 905 905 878 878 820 820 820 820 820 843 777 777 777 777 777 798 798 706 706 783 708 708 708 708 708 740 740 722 723 707 707 707 667 667 683 526 526 660 526 526 526 526 526 606 607 576 576 576 576 567 545 545 545 492 492 492 498 498 498 459 459 459 459 435 435 416 416 416 416 416 416 416 401 401 401 282 282 282 351 351 352 352 282 282 282 282 309 309 218 218 218 282 218 259 260 218 218 218 218 177 177 177 185 185 177 177 158 158 158 84 84 130 130 85 85 72 72 72 72 73 73 8 8 8 8 8 10 9 9 9 
973 973 904 905 905 905 941 905 905 905 905 905 820 820 820 820 820 820 843 843 777 824 824 706 706 798 706 706 706 783 708 708 708 708 708 708 708 722 723 707 707 707 667 667 667 675 526 526 526 632 632 632 526 606 567 567 567 567 567 567 545 545 545 492 492 492 498 498 498 459 482 482 459 472 459 459 282 282 282 416 416 416 401 401 282 282 282 282 282 282 282 333 333 333 282 282 309 309 218 218 282 282 218 259 218 218 218 218 177 177 177 177 177 177 177 168 168 159 159 84 84 130 130 85 85 72 72 72 72 74 74 64 8 53 53 10 10 10 10 10 
973 980 904 905 905 947 905 905 905 905 769 769 820 820 820 820 820 820 843 843 777 777 777 706 706 706 706 783 783 783 708 708 761 708 708 708 708 722 723 708 708 708 667 667 667 675 667 654 654 632 632 632 526 526 567 567 567 567 567 526 526 526 526 492 492 492 492 498 498 459 459 459 459 472 459 460 282 282 282 417 417 417 282 282 282 344 282 282 282 282 282 333 333 333 282 282 282 282 282 282 282 283 218 218 218 237 237 237 177 177 177 177 177 131 131 168 168 159 131 131 131 131 131 85 85 96 96 96 92 74 75 64 8 8 8 10 10 10 11 11 
973 980 904 905 905 905 905 905 905 769 769 769 769 769 769 769 769 838 838 844 777 777 777 706 706 706 783 783 783 783 743 743 743 754 708 708 708 708 708 708 708 709 667 667 667 667 667 654 654 617 617 617 623 526 526 567 567 567 567 526 551 551 526 526 492 492 492 499 499 459 459 459 459 459 459 460 282 282 282 282 282 282 282 402 402 344 344 344 344 344 344 333 333 225 225 310 310 310 304 282 282 283 225 225 261 237 237 225 225 177 177 177 131 131 131 131 131 131 131 137 137 137 85 85 85 92 92 92 92 74 64 64 8 8 8 10 10 28 11 11 
973 904 904 905 905 905 942 921 921 769 900 900 900 769 769 879 769 769 838 844 838 777 777 706 777 777 777 777 777 777 743 743 743 743 743 743 708 708 708 708 708 667 667 667 667 667 654 654 654 617 640 617 623 617 526 589 589 526 526 526 551 551 526 526 519 519 492 492 500 459 459 459 467 467 467 460 443 443 418 418 282 282 402 402 358 358 344 344 344 369 344 333 333 225 225 225 225 225 304 282 282 225 225 225 225 225 225 225 226 131 131 131 131 131 131 169 169 119 119 137 137 137 85 85 85 92 74 74 74 74 64 8 8 34 34 34 34 12 12 12 
973 904 954 954 954 921 921 921 921 769 769 870 870 870 870 870 870 769 838 838 838 777 777 777 777 806 777 777 777 777 743 743 744 744 743 743 717 717 708 708 717 667 667 667 667 667 654 654 654 617 617 617 617 617 526 526 526 526 557 557 557 526 526 519 519 501 501 492 492 492 451 451 451 451 460 460 443 443 418 418 418 418 386 386 358 358 344 344 344 369 344 353 344 225 225 225 311 225 225 282 282 225 225 262 262 238 238 238 131 131 186 131 131 193 131 131 131 119 119 137 137 138 85 92 92 92 74 93 93 64 64 8 8 34 34 34 12 12 12 12 
904 904 954 921 921 921 933 933 921 921 769 870 870 870 871 871 871 769 769 845 769 769 799 799 806 806 777 777 743 743 743 743 744 744 743 743 717 717 717 717 717 617 617 617 617 617 661 661 617 617 617 617 617 590 590 526 526 557 557 552 552 526 526 526 526 501 501 501 501 451 451 451 451 451 460 451 451 443 418 433 386 386 386 386 386 358 358 344 344 369 344 344 344 225 225 225 311 311 225 225 225 225 225 262 262 238 238 238 131 131 186 186 131 131 131 131 131 119 119 137 137 138 85 85 92 92 93 93 93 64 64 8 8 34 8 8 12 29 12 12 
904 904 954 921 955 948 933 933 921 921 769 870 870 870 870 880 825 825 769 769 769 769 799 799 806 806 799 743 743 743 743 743 744 744 743 743 717 717 617 617 617 617 617 691 617 617 661 661 617 633 633 633 590 590 590 590 590 527 527 552 552 552 526 526 527 501 501 506 451 451 451 451 451 451 451 451 452 443 418 433 386 386 386 386 386 394 358 358 358 358 358 320 320 320 324 225 225 312 225 225 273 225 225 208 208 208 208 131 131 131 214 186 186 186 186 133 133 161 119 119 119 119 132 85 92 92 93 93 93 64 64 8 8 8 8 8 12 12 12 12 
904 904 904 921 921 948 769 769 769 922 769 870 870 892 870 880 825 825 825 825 825 769 769 799 799 799 799 743 743 743 743 743 744 744 744 717 717 717 617 617 617 710 617 617 617 617 617 617 617 633 633 633 590 590 590 590 590 527 527 527 527 527 527 527 527 506 506 506 451 451 451 461 461 461 461 461 443 443 418 418 418 386 386 386 386 394 358 358 320 320 320 320 320 320 320 320 225 225 297 297 273 273 273 208 208 208 208 131 131 131 214 208 186 186 187 133 133 133 133 133 144 119 132 85 85 85 85 85 85 85 16 16 16 8 8 8 16 16 13 13 
904 904 904 921 921 948 769 769 769 922 769 831 870 870 870 831 831 831 831 831 825 825 769 769 807 807 769 769 769 769 769 769 744 744 744 717 717 617 617 617 617 617 701 617 617 676 633 633 633 633 633 624 624 527 527 527 527 527 568 568 527 527 528 528 528 506 507 507 451 451 485 461 461 461 461 418 418 418 418 418 418 386 386 386 386 394 358 358 320 320 320 320 320 320 320 313 313 225 225 284 284 208 208 208 248 248 208 208 227 208 208 208 186 186 187 133 133 133 133 133 144 119 119 85 85 85 85 85 85 85 16 65 16 55 16 16 16 16 13 14 
921 921 921 921 921 948 769 769 769 922 769 831 831 831 831 831 856 856 856 831 839 825 825 769 769 769 769 770 769 769 769 769 744 744 744 744 717 617 711 711 711 617 617 692 617 676 633 633 633 633 633 624 624 527 527 527 527 527 568 553 553 553 528 528 528 506 345 345 502 485 485 473 473 461 461 418 418 418 345 345 345 345 345 345 386 394 358 358 320 320 359 320 320 325 325 313 313 313 225 284 284 208 208 208 248 248 248 208 227 208 194 194 194 194 133 133 133 133 133 133 120 120 119 119 119 85 85 85 86 86 16 16 16 16 16 16 16 16 13 14 
921 921 921 921 921 948 912 912 769 769 769 769 831 831 881 881 856 856 856 831 831 831 808 808 814 808 770 770 769 769 770 770 717 717 717 717 717 617 711 711 711 711 617 617 617 668 668 641 641 633 633 634 608 608 608 527 527 553 553 553 553 553 528 528 528 506 345 345 345 485 473 473 473 473 468 345 345 418 345 345 345 345 412 345 386 386 386 345 345 320 320 320 320 325 313 313 225 225 225 284 284 284 208 208 248 248 249 208 208 208 194 194 194 195 133 133 133 133 133 133 120 120 120 120 120 85 85 97 16 16 76 16 56 56 13 13 13 13 13 14 
912 912 963 963 956 912 912 912 923 769 769 769 856 856 881 856 856 808 808 846 808 808 808 808 808 808 770 770 770 770 770 717 717 750 717 717 617 617 712 712 712 608 608 608 668 668 641 641 641 641 641 608 608 618 560 599 527 553 553 558 558 477 477 477 477 506 345 508 345 345 473 473 468 468 468 345 345 345 345 345 412 412 412 345 387 387 387 345 345 345 345 354 345 325 313 313 225 225 225 285 284 284 208 208 248 248 249 228 228 219 194 209 202 151 151 151 151 133 133 133 133 77 77 77 77 97 97 97 16 16 16 16 56 56 13 35 35 14 14 14 
912 912 912 912 956 912 912 912 923 769 769 769 856 856 881 856 856 808 808 808 808 809 809 809 809 809 770 770 770 784 717 717 750 750 745 745 617 735 712 608 608 608 702 608 668 668 641 641 641 641 641 608 503 503 560 560 527 527 553 553 559 477 477 477 477 506 345 345 345 345 486 473 468 468 345 345 345 345 345 361 361 345 345 345 387 387 387 345 345 360 345 345 345 313 313 313 225 305 305 285 285 285 274 208 255 255 228 228 194 219 194 209 202 151 188 151 151 151 151 151 133 77 77 77 77 77 77 77 16 16 16 16 15 15 13 13 36 14 14 14 
912 974 974 912 912 912 912 923 923 769 769 769 856 856 856 856 856 808 847 847 809 809 809 809 809 809 770 794 770 784 717 717 750 750 745 745 617 712 712 724 608 608 702 608 608 608 608 655 655 608 608 608 503 503 503 560 560 527 577 553 553 553 477 477 477 477 477 509 345 493 473 473 345 345 345 345 345 444 345 345 361 345 407 407 345 345 345 345 345 360 360 313 313 313 326 225 225 225 225 225 225 274 274 208 208 256 228 228 194 194 194 202 202 151 151 151 152 152 152 152 133 77 77 77 77 105 105 77 77 77 77 16 15 15 13 13 36 14 14 14 
912 912 975 912 912 912 912 923 923 923 906 906 856 856 887 865 865 808 808 848 809 809 809 809 809 770 770 794 770 784 778 717 762 750 750 617 617 712 712 712 712 712 693 693 608 608 608 655 608 608 642 503 503 619 503 600 560 527 577 569 553 553 477 477 520 520 477 509 345 345 473 345 345 469 469 345 345 345 345 345 361 345 345 345 345 361 361 345 345 313 313 313 326 326 326 225 225 225 225 225 225 274 208 208 208 256 228 228 228 194 194 203 203 152 152 152 152 152 152 153 133 77 77 77 77 105 105 98 78 78 78 16 15 15 13 15 15 30 15 15 
964 912 912 912 912 912 912 912 906 906 906 856 856 856 887 865 865 865 808 808 840 808 808 815 815 770 770 770 770 770 778 717 717 717 617 617 693 693 693 693 693 693 693 694 608 608 608 655 608 648 503 503 619 619 503 503 560 560 560 569 560 503 503 477 477 477 477 477 477 345 345 345 414 414 414 414 445 445 419 419 361 413 413 345 345 361 361 361 361 313 313 313 225 225 225 225 225 225 225 239 239 239 239 239 239 239 228 228 228 162 162 162 204 152 152 170 170 152 152 153 133 133 133 77 77 105 105 98 78 78 16 16 62 15 15 15 15 15 15 15 
964 912 912 964 915 915 943 912 906 906 906 856 856 856 887 822 822 822 822 808 808 808 808 785 785 785 785 770 770 770 778 717 717 717 617 693 693 693 693 725 693 693 694 694 608 608 608 608 608 648 503 635 619 619 609 503 503 503 560 560 560 503 503 503 529 477 477 446 446 446 446 446 414 414 414 414 414 419 419 419 361 361 361 361 361 361 361 361 361 313 313 313 225 327 327 225 225 306 306 239 239 239 239 239 239 239 250 239 162 162 162 162 204 152 152 170 152 152 152 152 98 98 98 98 121 98 98 98 78 78 16 16 16 16 37 37 37 15 15 15 
964 964 964 964 915 915 943 912 906 906 906 856 856 856 887 822 832 822 822 849 808 808 808 785 785 785 785 785 785 785 778 717 717 717 617 617 736 736 643 643 718 643 643 643 643 643 643 662 648 648 503 503 609 609 609 591 591 503 503 503 503 503 546 503 503 477 477 446 446 446 446 446 414 414 414 414 414 419 419 419 419 419 414 361 361 362 361 361 361 361 361 225 225 327 327 225 225 268 268 239 239 239 239 268 239 239 239 239 162 220 162 162 162 152 152 152 152 152 152 152 98 98 98 98 98 98 106 78 78 78 78 16 16 16 37 37 22 22 15 15 
915 915 915 915 915 915 943 912 924 924 912 856 856 856 887 822 832 832 832 832 841 826 826 785 785 785 785 788 788 778 778 617 617 617 617 617 736 736 643 643 643 643 643 643 643 677 643 648 648 593 593 503 609 609 591 591 592 503 503 503 503 503 503 503 503 477 446 446 446 446 446 446 414 414 414 414 414 414 414 414 426 420 414 403 403 362 362 362 362 362 362 225 225 225 328 225 225 268 268 268 268 286 268 268 257 257 229 229 229 196 196 196 162 162 162 152 152 152 152 152 98 98 98 98 98 78 78 78 87 78 78 16 16 16 16 22 22 22 16 16 
915 981 915 965 915 915 943 912 912 912 912 856 856 887 887 822 857 857 857 832 841 826 826 785 785 810 785 788 788 778 778 617 617 617 617 617 643 643 643 643 643 643 643 663 643 643 643 648 648 593 593 503 625 591 591 592 592 503 503 503 503 503 503 503 477 477 446 446 446 446 446 446 414 414 414 414 414 414 414 414 414 420 414 403 403 362 362 374 374 362 362 329 329 225 225 225 225 225 268 268 268 268 268 257 257 257 229 229 196 196 197 196 196 196 162 162 162 162 152 152 98 98 98 98 98 78 78 78 87 87 78 44 44 16 16 22 22 22 16 16 
915 981 915 915 915 949 913 913 913 913 856 856 856 887 887 822 822 857 857 832 832 832 785 785 785 785 785 732 732 778 778 617 617 617 746 746 643 643 643 643 643 643 643 663 663 663 663 648 648 593 593 503 503 591 591 592 503 503 503 503 503 503 477 477 477 516 516 494 494 446 483 483 414 414 414 414 414 414 414 434 414 414 414 363 363 374 374 374 363 363 363 329 329 329 225 225 314 225 268 268 268 268 275 257 257 257 229 229 196 197 197 197 197 197 163 163 171 152 152 100 100 100 107 107 122 78 99 99 87 87 78 44 44 16 16 22 22 22 22 16 
915 915 915 915 915 915 915 913 913 913 856 856 856 822 822 822 822 857 857 832 832 833 785 785 785 785 785 732 732 778 778 617 617 727 727 727 727 727 643 643 713 713 643 663 663 663 663 663 649 649 593 593 503 591 591 591 503 503 503 503 503 503 477 477 477 516 516 494 494 446 483 483 414 414 414 414 446 446 436 427 427 336 336 363 363 363 374 374 363 363 363 329 329 329 329 225 225 225 268 268 290 196 196 196 196 196 251 196 196 197 197 197 163 163 163 163 152 152 152 100 145 100 100 107 122 78 78 78 78 78 78 44 44 44 16 16 16 16 16 16 
935 915 915 950 950 950 915 873 873 913 913 856 856 822 822 858 858 850 850 850 732 732 732 785 785 785 785 732 732 732 732 617 617 727 727 727 727 727 643 643 643 643 643 663 684 663 663 663 649 649 593 593 503 591 591 591 503 538 538 547 547 503 477 477 477 477 477 477 494 446 446 483 446 446 414 414 446 436 436 427 428 336 336 363 363 363 363 363 363 370 329 329 329 329 329 196 196 196 196 290 290 196 252 252 263 196 196 196 205 205 205 205 163 163 163 163 152 152 152 100 145 100 100 107 107 78 78 57 57 57 57 57 57 44 44 44 17 17 17 17 
935 976 976 950 950 950 915 873 873 873 901 901 822 822 822 858 858 850 850 850 732 834 732 732 732 732 732 732 764 764 732 732 727 727 747 747 643 643 643 726 703 703 703 663 663 663 643 643 643 643 593 593 503 610 610 503 503 538 538 547 547 503 503 537 477 477 477 477 494 494 446 446 446 446 414 414 446 436 436 427 427 336 336 336 336 336 388 363 363 370 329 329 329 315 315 196 196 196 196 196 196 196 252 252 263 196 196 196 205 205 205 205 205 163 163 163 163 163 100 100 145 100 100 100 107 107 107 57 94 38 38 38 57 57 44 44 17 17 17 18 
935 976 976 935 935 915 915 873 873 873 901 901 822 822 858 858 858 850 851 851 732 834 732 732 800 800 800 764 764 764 764 732 727 727 747 747 643 643 726 726 703 703 643 643 643 643 643 650 650 643 643 593 503 503 503 503 593 538 538 547 547 547 503 503 477 477 477 477 487 487 487 446 446 446 446 446 446 447 336 336 427 336 336 336 404 336 336 363 363 370 334 334 334 334 315 321 196 196 196 196 196 196 252 263 263 196 196 196 205 205 205 205 205 163 163 178 163 100 100 134 134 134 134 100 107 107 57 57 94 38 38 38 38 38 38 38 38 31 17 18 
935 935 935 935 935 915 915 934 873 873 914 901 901 822 858 882 858 866 851 851 732 800 800 800 800 801 801 764 789 786 732 732 763 727 727 727 727 643 643 643 643 643 643 685 685 669 669 650 650 650 517 593 593 593 593 593 593 538 538 547 547 547 547 503 530 477 487 487 487 477 477 477 477 449 449 462 336 336 336 336 336 336 336 408 404 336 336 363 363 334 334 334 240 335 315 315 196 196 196 196 196 196 252 252 252 252 252 240 205 205 205 205 205 66 163 163 163 100 100 134 134 134 135 100 100 100 100 100 38 38 38 45 45 45 45 38 38 31 17 18 
957 957 957 957 935 915 915 934 873 873 822 822 822 822 858 858 858 866 858 732 732 800 800 800 801 801 801 764 764 786 732 732 732 727 727 727 727 643 643 714 714 627 627 627 686 669 669 650 650 517 517 626 626 538 538 538 538 538 538 547 547 547 503 503 530 477 477 477 477 477 488 449 449 449 449 449 336 448 336 336 336 336 336 395 404 336 336 363 363 334 334 334 240 335 315 315 315 196 196 196 196 196 264 264 264 240 240 240 205 205 205 205 205 66 189 66 66 66 100 100 134 134 110 110 110 110 88 88 38 46 46 45 45 45 45 45 31 31 17 18 
957 957 957 957 935 915 934 934 873 873 822 822 822 822 822 858 858 858 858 732 732 732 821 821 801 801 801 764 764 786 732 732 732 727 727 727 727 727 727 714 714 627 627 650 650 678 650 650 650 517 517 626 626 538 538 538 538 538 538 547 547 547 503 530 530 503 503 503 503 376 376 449 449 449 449 449 336 336 336 429 429 336 336 395 395 395 336 336 336 336 364 240 240 335 315 322 315 240 240 298 240 240 240 240 240 240 240 240 205 205 205 205 205 66 66 66 164 66 66 100 66 66 110 110 110 110 88 88 88 46 46 46 46 46 45 45 31 31 17 18 
985 957 957 966 935 915 915 915 873 873 873 822 822 893 822 883 822 822 822 732 732 835 790 790 790 795 795 764 764 764 779 771 732 751 751 732 732 732 727 727 714 714 627 650 650 650 650 517 517 517 517 626 626 538 538 538 538 538 538 554 554 554 503 503 503 503 376 376 376 376 376 449 449 449 449 449 449 449 375 375 375 336 336 395 395 396 375 375 375 336 364 240 240 335 315 315 315 240 240 240 240 276 276 230 230 230 230 230 230 205 205 210 205 66 66 179 164 164 66 66 66 66 111 110 110 110 88 88 88 88 46 46 46 46 45 45 31 31 17 18 
985 957 966 966 935 935 944 915 915 915 873 888 888 888 822 822 822 867 822 732 732 732 790 790 790 795 795 795 790 764 779 771 732 751 751 732 733 732 732 719 719 627 627 627 627 670 670 517 517 517 517 517 517 517 517 517 584 584 538 538 538 538 538 538 503 503 376 376 376 376 376 376 376 376 376 376 376 376 375 375 375 375 375 375 375 375 375 376 376 336 336 355 240 335 315 315 316 240 291 291 291 230 230 230 230 230 230 230 231 221 205 205 205 165 165 165 165 165 66 66 66 66 111 111 111 111 66 66 88 88 66 66 46 46 54 31 31 31 17 18 
985 957 957 957 957 935 935 935 915 915 873 888 888 888 888 872 872 822 822 732 732 732 790 790 790 790 790 790 790 764 771 771 732 751 751 732 733 733 733 719 719 627 627 627 627 670 670 517 517 517 517 517 517 585 585 517 517 517 517 570 538 538 539 539 531 478 478 495 495 376 376 474 376 376 376 376 376 376 375 375 375 375 409 409 376 376 376 376 330 330 336 336 240 240 240 240 240 240 291 299 292 230 230 230 230 230 230 230 231 221 215 205 205 165 165 165 165 102 102 102 66 66 112 112 112 112 66 66 66 89 66 67 46 46 54 31 31 31 17 17 
985 957 957 967 951 951 935 935 915 915 873 888 888 889 889 872 872 822 852 822 822 822 790 790 811 811 796 796 764 764 771 772 732 752 752 732 671 671 671 671 671 671 695 627 627 670 670 627 627 627 627 517 517 585 585 585 585 585 517 517 517 517 517 517 531 478 478 478 495 495 376 474 474 474 376 376 376 376 375 375 375 421 409 409 376 397 330 330 330 330 330 336 336 336 240 240 291 291 291 291 292 230 230 230 230 230 253 215 215 221 215 180 180 180 180 180 102 102 102 102 146 66 66 66 66 66 66 101 66 66 66 67 46 46 46 46 31 31 17 17 
916 916 916 916 951 951 935 935 930 915 873 873 889 889 884 884 822 822 852 822 822 822 822 822 796 796 796 796 764 771 771 772 732 752 732 732 671 671 671 671 671 671 695 627 627 627 627 627 627 627 627 517 517 585 585 585 586 586 517 517 561 548 548 517 517 478 478 478 504 376 376 376 376 376 376 376 376 376 376 376 376 376 376 376 376 330 330 380 330 330 330 336 336 337 330 291 291 291 291 291 265 265 265 265 265 241 241 241 215 215 215 180 180 180 181 181 102 102 102 102 102 102 66 66 101 101 101 101 66 66 67 67 17 17 17 17 31 31 17 19 
916 916 916 916 916 916 916 916 930 915 915 873 889 889 884 884 822 822 852 852 822 822 822 822 796 796 796 796 764 764 764 772 732 732 732 748 737 737 671 671 671 671 695 695 671 671 671 627 627 627 627 636 627 585 585 585 586 586 548 548 548 548 517 517 517 478 478 478 504 376 376 376 478 376 376 376 453 376 376 422 422 422 330 330 330 330 389 330 330 330 330 330 330 337 330 291 291 291 291 291 265 265 277 265 265 241 241 180 180 180 180 180 180 180 181 102 102 102 102 102 102 102 66 66 101 101 101 102 17 17 17 17 17 17 17 17 17 17 17 19 
986 916 916 916 916 945 945 916 916 916 916 873 873 873 873 873 873 822 822 822 822 822 822 822 796 796 796 796 764 764 764 764 764 732 732 748 737 737 671 671 671 671 671 671 671 672 672 627 627 627 627 627 627 585 585 601 586 586 548 548 548 548 517 517 517 517 517 478 478 478 478 478 478 376 376 376 376 376 437 422 422 422 330 330 330 330 330 330 377 330 330 330 330 330 330 291 291 291 293 293 293 265 265 265 265 241 241 180 180 180 180 181 181 181 181 102 102 102 102 102 102 102 102 102 102 102 102 102 17 17 17 17 17 17 17 17 17 19 19 19 
