994 994 994 956 956 968 932 932 932 932 932 889 889 889 889 889 889 889 852 852 867 722 722 722 722 722 722 722 722 722 722 722 786 722 722 754 754 754 738 738 575 575 575 575 668 668 668 668 673 668 575 575 575 575 575 622 622 498 498 498 498 498 498 498 498 498 498 498 498 498 502 502 502 498 480 480 480 416 416 416 416 415 415 415 391 391 391 391 338 338 338 338 338 338 338 338 338 338 290 290 290 290 290 290 243 243 265 243 243 243 176 176 176 176 207 176 176 176 176 152 152 152 69 69 69 69 69 69 69 69 69 69 69 62 1 1 1 1 1 1 
994 994 994 956 956 968 932 932 932 932 932 889 897 897 897 897 852 852 852 852 852 722 836 836 836 722 722 722 722 722 722 722 722 722 722 722 722 738 738 575 575 722 575 575 668 668 668 668 673 668 575 575 575 645 575 622 622 498 498 498 498 498 498 498 498 498 498 521 521 498 502 502 502 498 480 480 480 416 416 416 416 415 415 415 391 391 391 391 338 338 338 338 290 290 290 290 290 290 290 317 317 243 243 243 243 243 243 243 176 176 176 233 225 176 176 176 176 176 177 152 152 152 69 69 69 69 69 69 69 1 1 1 1 62 1 1 1 2 2 2 
995 995 995 956 956 956 963 932 932 932 932 932 897 897 897 897 852 852 852 852 852 722 836 836 836 722 722 722 806 806 722 775 775 780 722 722 722 738 738 575 722 722 575 575 668 668 668 668 668 668 575 575 575 575 575 622 622 575 575 575 498 498 569 569 498 498 498 521 498 498 498 498 498 498 465 465 465 465 465 457 416 442 415 415 415 415 391 338 338 338 338 338 290 290 290 290 308 290 290 317 243 243 243 243 274 274 198 198 198 198 198 198 225 198 198 198 1 1 1 152 152 152 152 1 1 1 1 1 1 1 1 75 1 1 1 33 33 2 3 3 
995 995 995 956 956 956 963 932 932 932 932 932 897 897 897 897 852 852 852 852 852 722 722 836 836 722 824 722 722 722 722 775 775 780 775 722 722 738 738 575 722 691 691 575 575 575 575 575 575 575 575 575 575 575 575 575 575 575 575 575 575 575 526 526 526 554 521 521 498 498 498 465 465 465 465 457 457 457 457 457 416 416 416 431 391 391 391 338 338 338 338 338 355 290 290 290 308 317 317 317 243 243 243 243 274 198 198 198 198 226 226 198 198 198 208 199 1 1 1 164 164 1 1 1 132 1 1 102 1 1 1 1 52 52 52 33 33 2 3 3 
995 995 995 956 956 905 905 932 932 946 932 932 897 897 904 723 723 852 852 873 852 852 722 845 722 722 824 722 722 722 722 775 775 775 775 722 722 755 722 722 722 691 691 575 575 674 674 674 674 639 639 575 575 575 575 575 575 612 575 575 575 575 526 570 526 554 521 521 521 521 521 465 457 457 492 457 324 324 443 443 449 443 416 416 391 391 391 391 391 391 379 379 355 355 355 290 308 317 317 317 308 308 198 198 198 198 266 258 226 226 226 226 198 198 199 199 1 1 1 1 1 1 132 132 132 1 1 102 102 1 1 1 1 52 52 2 2 2 3 3 
995 995 995 956 956 905 905 932 932 919 919 919 927 897 723 723 723 723 723 723 723 852 722 845 722 722 722 818 807 807 722 722 787 746 746 772 722 722 722 730 691 691 691 639 639 674 674 674 674 639 639 639 639 639 639 575 575 575 575 575 575 575 526 526 526 526 526 526 465 465 465 465 457 457 457 457 324 324 443 443 443 443 435 416 416 416 290 290 290 290 379 290 290 290 290 290 308 308 328 308 308 309 198 198 198 198 266 258 226 226 226 226 199 199 199 200 1 1 178 1 1 1 132 133 133 108 108 108 84 84 1 1 1 53 53 2 2 2 3 3 
1006 995 995 956 905 905 905 905 905 919 919 919 897 897 723 723 723 723 723 723 723 852 722 722 830 830 722 818 807 722 722 722 787 746 746 746 746 746 746 730 691 691 691 639 639 639 639 639 639 639 639 639 623 623 623 623 575 575 604 575 575 575 575 526 526 526 526 526 465 465 465 465 457 324 324 324 324 324 324 450 450 435 435 416 416 417 290 290 290 290 379 290 290 290 119 119 119 308 308 308 318 298 298 198 198 275 258 258 226 226 226 199 199 201 201 178 178 178 178 1 1 1 132 108 108 108 108 108 84 84 84 70 70 53 53 2 2 2 3 3 
1006 995 995 956 905 905 905 905 905 905 919 919 897 918 723 723 723 723 723 723 723 852 852 723 723 723 722 722 807 722 722 722 787 746 746 746 746 746 730 730 691 691 715 639 639 639 623 623 623 623 623 623 623 628 628 623 623 576 576 576 576 576 576 526 526 526 526 526 465 465 465 465 324 324 394 394 470 470 324 450 435 435 417 417 427 417 290 290 290 290 290 290 290 290 119 119 119 119 329 298 298 298 299 275 275 275 258 259 226 226 226 199 199 201 201 178 178 103 103 103 108 108 108 108 134 103 103 103 103 93 70 70 63 63 2 2 2 2 3 3 
1006 996 996 956 956 956 956 956 956 905 919 919 897 897 897 897 897 874 874 874 723 853 853 723 837 723 723 722 807 722 722 792 731 731 731 731 756 756 730 730 730 691 691 691 691 623 623 623 623 623 623 623 628 628 628 577 577 576 605 576 576 576 576 526 526 526 546 526 526 526 324 324 324 394 394 394 394 324 324 450 435 417 417 417 417 417 290 392 392 392 290 119 119 119 119 119 339 119 119 298 291 291 275 275 236 236 258 244 244 244 226 199 199 201 201 201 103 103 179 103 108 108 103 103 103 103 103 103 93 93 70 70 63 63 2 2 2 2 3 3 
996 996 985 985 956 956 905 905 905 905 919 919 919 919 897 897 898 874 874 723 723 723 723 723 837 723 723 722 722 722 722 792 731 731 731 731 731 731 747 730 730 691 691 691 691 623 685 623 623 623 623 623 628 628 628 577 577 576 576 576 577 577 577 526 526 526 526 526 526 526 324 324 503 394 394 394 394 324 324 324 435 417 418 418 418 418 290 392 290 290 290 119 119 119 119 349 339 339 119 291 291 291 291 291 236 236 236 244 244 244 226 199 199 199 209 179 179 179 179 103 103 103 103 135 135 85 85 93 93 94 85 63 63 63 2 2 34 3 3 3 
996 1004 985 985 969 969 905 905 905 905 905 905 905 920 905 874 874 874 874 723 723 723 854 846 723 723 825 723 723 722 722 792 731 731 731 731 731 731 731 731 731 691 691 697 697 623 685 623 623 623 623 623 653 646 628 577 577 577 577 577 577 571 571 571 503 503 503 503 503 324 324 324 503 394 394 394 324 324 324 324 324 418 418 418 418 418 290 290 290 290 290 380 119 119 119 119 119 119 119 291 291 291 236 236 236 236 236 244 244 244 226 199 199 199 209 179 179 179 135 135 135 103 103 135 136 85 85 93 93 85 85 63 63 4 4 4 4 3 3 3 
996 996 985 985 969 970 940 940 905 905 940 905 905 920 905 874 874 874 846 846 846 846 846 846 723 831 723 723 723 723 792 792 731 731 731 731 764 731 731 723 723 723 691 691 691 623 623 623 653 653 653 653 653 646 628 628 577 577 606 503 503 503 503 503 503 527 527 527 503 324 514 514 503 394 394 394 324 324 324 324 324 418 418 418 418 418 408 332 332 332 332 369 119 119 119 119 119 330 330 245 245 291 236 292 236 236 236 236 236 236 226 226 226 185 185 185 185 185 135 135 135 135 135 135 85 85 85 85 85 85 4 4 4 4 54 4 4 19 19 4 
996 996 985 985 969 970 940 940 940 940 940 905 905 905 905 874 874 874 846 846 846 846 846 846 723 723 723 819 810 723 723 723 723 731 731 731 731 731 748 723 723 723 691 691 691 691 623 623 653 653 653 606 606 646 628 628 606 606 606 503 503 503 503 503 503 515 547 527 503 503 503 503 503 394 324 324 324 324 444 444 444 444 324 324 324 324 408 332 332 393 332 369 369 362 119 345 119 330 331 245 245 291 236 236 236 245 245 245 245 236 236 185 185 185 185 185 180 180 180 145 145 145 145 145 85 85 109 109 4 4 4 76 45 45 54 4 4 19 19 4 
996 996 985 985 969 969 940 958 940 940 941 906 906 906 803 803 803 803 803 803 847 847 847 847 723 723 803 803 810 758 758 758 723 723 723 731 731 723 723 723 705 705 691 691 691 691 623 623 653 653 653 606 606 606 606 629 606 613 572 572 503 503 503 561 561 515 515 527 503 503 504 504 504 394 324 444 444 444 444 324 324 324 324 428 428 324 332 332 332 393 332 332 370 362 119 345 119 330 330 245 245 245 300 245 245 245 245 245 245 245 185 185 185 185 185 185 180 180 180 145 159 159 145 145 85 85 109 109 4 86 86 76 45 45 45 45 4 19 19 4 
940 940 940 940 940 969 940 941 941 941 941 906 906 906 803 803 803 890 885 803 847 847 803 803 803 803 803 803 803 758 758 758 758 758 723 723 757 723 723 739 705 705 675 675 675 675 623 623 675 606 606 606 647 647 606 606 606 613 572 572 503 503 503 561 561 515 515 527 535 527 394 394 394 394 324 324 324 324 324 324 324 419 419 428 428 324 332 332 332 332 332 332 362 362 345 345 119 119 330 245 245 245 245 245 245 245 245 245 227 227 185 185 185 185 185 119 119 119 119 145 145 145 153 137 137 109 109 109 35 35 35 76 45 45 45 46 4 19 19 4 
940 940 986 986 940 940 940 941 947 947 906 906 921 921 803 803 885 885 885 803 803 803 803 848 803 803 776 776 803 803 758 758 758 758 758 723 757 757 723 705 705 705 675 675 675 675 675 675 675 606 606 657 647 647 606 606 624 613 572 572 572 572 572 572 562 515 548 527 527 527 394 394 394 394 394 394 394 471 324 324 324 419 419 419 419 324 324 332 332 332 332 332 362 362 345 345 345 119 119 119 119 119 119 119 283 119 119 119 227 227 227 227 227 185 185 119 119 119 119 145 145 153 153 137 137 109 109 109 35 55 35 35 35 35 35 35 4 4 19 4 
1007 940 986 987 940 941 941 941 899 899 906 906 906 906 906 803 803 885 885 803 803 803 803 776 776 776 776 776 803 803 758 758 758 781 758 723 723 723 723 705 705 705 675 675 675 675 669 669 669 669 606 606 606 606 613 613 613 613 572 572 572 572 572 562 562 515 515 515 527 527 515 515 420 420 420 420 394 394 394 324 324 419 394 394 419 419 324 332 332 332 332 332 332 332 332 332 332 332 119 119 301 301 301 119 119 119 119 119 227 227 227 219 219 219 119 119 119 119 181 119 119 153 153 119 119 119 119 35 35 55 55 55 55 55 55 35 35 4 4 4 
940 940 986 986 940 933 933 933 899 899 899 899 899 899 899 899 803 885 885 803 803 803 803 776 788 788 776 776 803 803 803 776 776 776 758 765 765 732 749 740 732 705 705 705 582 582 669 669 582 582 582 654 654 606 613 613 572 572 572 572 572 578 578 562 562 515 515 515 515 515 515 516 420 420 420 420 394 394 394 394 394 394 394 394 394 394 324 332 332 332 332 381 332 332 350 350 332 332 332 324 301 310 293 293 267 267 119 119 227 227 227 219 219 119 119 202 191 119 119 119 119 153 153 119 35 35 35 35 35 35 36 36 36 55 55 36 36 20 20 5 
940 940 986 986 940 933 933 933 899 899 899 899 900 900 900 900 803 891 803 803 803 803 803 849 788 788 776 776 776 776 776 776 788 776 758 765 765 732 732 740 732 716 716 582 582 582 582 582 582 670 582 582 582 606 606 572 572 572 572 572 572 572 555 555 555 555 549 515 515 515 420 420 420 420 420 420 481 466 466 432 432 432 432 432 429 394 324 324 324 332 332 332 332 332 332 351 332 332 332 324 301 310 293 293 267 267 267 119 119 119 119 119 119 119 191 191 191 119 119 119 119 119 119 119 35 124 35 104 104 35 36 36 36 55 55 36 20 20 21 5 
1008 940 940 940 940 933 933 933 933 933 933 899 900 900 900 900 803 803 803 862 788 788 788 788 788 788 776 776 776 776 793 793 788 776 758 758 758 758 732 732 732 716 716 582 698 582 582 582 582 670 582 582 582 606 606 572 572 572 607 572 572 572 555 555 420 420 549 515 515 515 420 420 493 493 493 420 481 466 466 432 432 432 432 432 429 394 401 401 324 332 332 332 332 332 332 324 324 324 324 324 301 301 301 276 276 276 260 260 119 119 237 171 171 171 171 171 171 119 119 119 146 146 119 119 35 124 35 104 104 35 35 36 36 36 36 36 20 26 5 5 
977 977 977 940 940 933 933 933 933 933 933 933 900 907 907 900 803 803 862 862 788 788 788 788 788 788 788 788 776 776 788 788 788 776 776 717 717 717 717 733 733 716 716 582 582 582 582 582 582 582 582 606 606 606 582 582 582 614 582 582 582 582 555 555 420 420 420 420 420 420 420 420 493 493 493 420 420 420 420 432 432 432 432 432 429 394 324 324 324 324 324 324 324 324 324 324 340 340 301 301 319 301 301 276 277 277 260 260 251 186 186 171 171 171 186 186 171 171 171 171 146 146 146 146 35 124 35 35 35 35 35 36 36 36 47 47 20 5 5 6 
977 977 977 940 940 933 933 933 908 908 934 934 900 900 900 900 803 803 862 862 862 862 788 788 788 826 826 788 788 788 788 788 788 717 717 717 759 759 717 733 699 699 699 699 699 582 582 582 582 582 582 582 582 582 582 630 582 582 582 582 583 583 555 555 420 420 420 420 420 517 517 517 493 493 493 472 472 472 420 445 445 445 429 429 429 394 324 324 324 324 301 301 301 363 301 301 301 301 301 301 319 301 301 276 277 251 251 260 251 186 186 186 228 186 186 186 186 186 171 171 146 146 146 146 35 35 35 87 87 87 87 35 35 64 47 20 20 5 6 6 
977 977 988 988 977 933 933 933 908 908 934 908 908 908 900 900 892 892 886 875 855 855 855 788 788 826 826 788 788 794 794 794 717 717 717 717 759 759 717 717 717 717 717 699 699 582 582 592 592 582 582 658 592 592 592 592 592 582 582 582 583 583 555 555 420 420 420 420 420 517 494 494 494 494 494 472 472 472 420 445 420 420 429 420 420 394 394 394 383 383 301 382 301 301 301 301 301 301 301 301 301 301 301 276 276 251 251 251 251 186 186 186 186 186 192 192 192 111 111 172 146 146 146 110 110 110 35 35 35 35 35 35 35 47 47 20 20 5 5 7 
977 977 988 988 977 933 933 908 908 908 908 908 928 908 900 900 886 886 886 875 855 855 855 788 838 832 811 811 811 794 795 795 717 717 717 717 734 734 734 734 734 683 683 706 592 592 592 592 592 592 592 658 592 631 631 631 592 592 582 582 583 583 555 555 420 420 528 528 528 494 494 472 472 472 472 472 451 451 420 420 420 420 420 420 420 420 394 394 383 383 301 301 301 301 301 301 341 341 301 301 301 311 276 276 276 251 251 238 238 238 186 186 220 192 192 111 111 111 111 172 146 146 146 110 110 110 110 110 35 35 35 35 35 47 47 47 20 20 5 5 
977 977 977 977 977 933 933 908 942 942 942 886 886 908 908 886 886 875 875 875 788 788 788 788 838 832 811 811 811 794 795 795 717 717 717 717 734 750 750 683 683 683 683 706 592 592 592 592 592 592 592 592 592 631 631 608 608 592 592 592 592 555 555 555 420 420 528 528 528 494 494 472 472 472 472 451 451 451 451 451 451 433 433 433 421 421 394 402 383 383 383 301 301 301 301 301 301 301 301 301 301 311 276 276 276 251 251 238 238 238 238 220 220 192 210 111 111 187 111 111 165 111 111 111 111 111 111 111 35 35 35 35 71 47 47 37 37 5 5 5 
977 977 977 977 977 886 886 908 942 942 886 886 886 886 886 886 875 875 876 876 788 838 838 838 838 832 811 811 811 794 795 795 717 717 734 734 734 750 750 683 683 683 683 683 683 592 592 592 592 536 536 536 536 631 631 608 608 608 608 592 592 555 555 555 420 420 539 528 528 528 494 505 505 472 472 451 467 467 433 433 433 433 421 421 421 394 394 394 394 394 383 383 301 301 356 311 311 311 311 311 311 311 276 276 276 251 251 239 239 239 239 220 220 192 192 192 111 111 111 111 111 111 147 147 111 111 95 95 105 95 35 35 65 65 56 37 38 5 5 5 
997 997 997 977 977 886 908 908 942 942 886 935 901 901 875 875 875 876 876 876 788 838 838 838 838 832 811 811 794 794 795 795 648 648 734 734 734 734 741 741 683 683 683 683 683 683 683 592 592 536 536 536 536 631 631 608 608 608 536 536 536 536 536 536 536 536 539 539 528 528 494 494 494 494 451 451 467 433 433 458 436 436 421 421 421 394 394 394 395 395 383 383 311 311 311 311 311 311 325 294 294 294 294 294 239 239 239 239 211 211 211 211 220 220 111 111 111 111 111 111 111 160 147 147 138 95 95 95 95 95 77 77 65 56 56 37 5 5 22 8 
997 997 998 989 886 886 908 908 886 886 886 935 901 901 901 875 875 876 876 876 788 788 788 788 788 832 812 812 812 648 648 648 648 648 734 734 734 734 741 742 683 724 683 683 683 683 683 683 615 615 536 536 536 536 631 631 608 608 536 573 573 573 573 573 563 536 536 536 536 451 451 451 451 451 451 488 467 467 467 436 436 436 421 421 404 404 403 403 395 395 311 311 311 311 311 311 311 311 325 294 294 294 294 294 239 239 239 239 211 211 211 211 220 220 111 111 111 111 111 160 160 160 37 37 138 95 120 95 95 96 77 77 65 56 56 37 5 27 22 8 
997 997 998 989 886 886 886 886 886 886 886 886 901 901 901 901 893 893 877 877 788 788 839 788 788 832 788 788 648 648 766 766 766 648 734 734 734 734 741 683 683 724 683 683 683 683 683 615 615 615 663 536 536 536 536 536 536 536 536 536 593 573 573 563 563 556 540 540 451 451 522 451 451 436 436 436 436 436 436 436 452 436 436 404 404 404 403 403 371 371 311 311 311 311 311 311 311 311 325 325 294 294 294 294 239 239 268 211 211 211 211 211 220 220 111 111 111 111 160 160 166 161 37 37 37 95 95 95 95 65 65 65 65 37 37 37 5 22 22 8 
1005 1005 989 989 886 886 886 886 886 886 886 886 886 893 893 893 893 894 877 877 788 788 839 788 788 788 788 788 788 788 766 766 766 648 648 648 741 741 741 683 683 683 683 683 683 683 683 615 615 615 663 536 536 536 536 625 625 536 536 536 556 556 556 563 563 556 540 540 451 451 522 451 451 436 436 436 473 473 436 436 452 436 436 404 404 404 409 371 371 371 311 311 311 311 311 342 342 342 312 312 312 268 268 268 268 268 268 211 211 211 229 229 220 220 111 111 188 188 148 148 148 161 37 37 37 125 95 95 95 65 65 65 37 37 5 5 5 22 9 9 
1005 989 989 990 886 886 959 959 886 948 886 886 886 893 893 893 894 894 877 877 856 856 839 839 839 788 788 788 788 788 766 766 777 777 777 648 648 741 741 700 700 700 718 700 700 648 648 648 648 615 615 615 615 615 615 615 615 615 556 556 556 584 556 556 556 556 451 451 451 451 451 451 436 436 495 436 436 436 436 436 436 436 404 404 404 404 409 371 371 371 371 384 311 311 311 342 342 342 312 326 312 268 268 278 278 278 252 252 211 211 229 229 229 111 111 203 173 173 148 148 148 148 154 37 37 37 121 37 37 37 37 37 37 66 5 5 22 22 9 10 
989 989 999 978 978 886 886 886 886 948 936 936 929 893 893 893 868 868 856 856 856 856 856 839 839 788 788 788 788 788 804 766 777 777 648 648 648 741 741 700 700 700 700 700 701 648 648 676 648 648 664 640 640 615 615 615 615 556 556 584 584 584 579 451 451 451 451 451 451 523 523 451 436 499 436 436 436 436 436 436 453 436 404 404 404 404 404 404 371 371 371 371 311 311 311 312 312 312 312 326 312 312 268 268 268 268 252 252 211 211 211 230 230 111 203 203 173 173 173 148 148 148 154 37 37 37 37 37 78 78 78 78 5 5 5 5 22 22 9 10 
989 1000 978 978 971 971 886 886 936 936 936 929 929 893 893 868 868 868 856 856 856 856 856 839 839 804 804 804 804 804 804 766 777 777 648 648 648 743 743 743 700 700 700 707 648 648 648 676 676 648 640 640 640 640 640 632 556 556 579 579 579 579 579 451 451 451 451 451 523 523 523 451 436 436 436 436 436 404 404 436 436 436 404 422 422 388 388 405 371 371 388 371 371 311 311 312 312 312 302 302 302 302 302 284 284 268 252 252 252 211 211 211 211 111 111 111 173 189 173 148 148 154 154 148 37 37 37 37 78 78 78 78 5 5 57 9 9 9 9 9 
989 1000 1000 971 971 856 937 937 936 936 929 929 868 868 909 868 868 868 856 856 856 856 856 839 839 804 820 820 766 766 766 766 777 777 648 648 648 743 743 648 648 707 707 707 648 648 648 677 677 648 640 640 640 640 640 632 556 556 556 599 580 580 580 451 451 451 451 451 523 523 523 451 468 468 468 404 404 404 404 404 404 404 404 422 388 388 388 388 388 388 388 357 357 357 357 302 312 312 302 270 270 270 270 284 268 268 252 252 253 211 211 211 211 211 211 111 173 173 173 173 148 148 148 148 139 37 37 37 106 78 78 79 5 5 57 9 39 9 23 9 
989 971 971 971 979 856 937 937 949 949 929 929 868 868 868 868 868 868 878 878 856 856 857 808 808 804 804 804 766 766 766 766 782 782 648 648 648 751 751 648 648 648 648 708 648 648 686 677 648 648 648 648 648 648 632 632 556 556 556 580 580 585 451 451 451 451 550 451 451 451 451 451 468 468 468 404 474 474 404 404 404 404 437 422 388 388 388 388 388 388 357 357 372 287 287 302 302 302 302 270 320 270 270 268 268 269 252 252 253 246 211 211 212 212 212 111 193 139 139 139 167 148 148 149 139 37 37 37 106 5 5 5 5 57 57 9 9 9 9 9 
989 971 971 856 856 856 964 937 937 937 929 929 868 868 868 868 868 868 868 868 868 856 857 808 808 808 808 804 813 766 766 766 782 778 778 648 648 751 751 648 648 648 648 648 648 648 677 677 648 648 648 655 655 632 632 633 556 556 556 580 580 585 451 451 557 557 550 506 506 529 506 506 468 468 496 404 404 404 404 404 404 404 437 422 388 388 388 398 398 388 357 385 287 287 287 287 287 287 287 287 287 270 270 268 285 269 269 253 253 246 211 211 212 213 213 111 111 139 139 139 139 139 149 149 139 37 112 112 5 5 9 9 9 9 58 9 9 11 11 11 
989 989 856 856 964 964 964 937 937 937 929 929 910 910 910 868 868 868 868 869 869 856 856 808 808 808 808 804 813 804 804 766 766 778 778 648 648 751 751 648 648 648 709 709 648 648 677 678 678 665 665 655 655 632 633 633 556 556 556 586 580 580 580 451 557 557 550 506 506 506 506 506 468 468 496 468 468 468 468 404 404 404 404 422 388 388 388 388 388 388 357 287 287 358 358 352 287 287 327 327 287 287 270 270 270 270 270 253 253 246 212 212 212 111 111 111 111 139 139 139 139 139 139 139 139 37 112 112 5 5 5 9 9 9 9 9 40 11 11 12 
989 989 856 964 964 972 937 937 937 937 937 910 910 911 911 868 868 868 868 869 869 856 856 808 808 808 827 804 804 804 760 760 766 766 766 766 648 648 752 648 702 702 702 702 702 677 677 678 678 665 665 655 655 632 633 633 556 556 556 586 580 580 451 451 541 541 550 506 506 506 506 506 506 468 468 468 482 468 468 454 454 374 374 422 422 422 388 388 388 388 357 287 287 287 287 352 287 287 287 287 287 287 286 286 286 271 271 253 253 246 212 111 111 111 111 150 150 139 139 139 139 155 155 139 139 37 112 112 5 5 5 5 5 5 5 5 5 11 11 12 
1009 856 856 964 964 972 937 937 937 950 937 910 910 910 912 868 868 887 887 856 856 856 858 808 840 808 808 808 808 808 760 760 760 760 760 766 766 648 648 648 702 702 702 710 677 677 687 649 649 665 665 649 649 649 609 609 609 609 556 586 586 586 451 541 541 541 541 541 506 506 506 518 468 468 468 468 482 454 454 454 454 374 374 374 410 410 410 357 357 396 357 364 364 364 287 352 287 287 287 287 287 287 286 286 253 253 272 253 246 246 212 111 111 111 111 150 150 150 150 150 150 150 156 139 139 37 112 112 5 5 5 5 5 48 48 48 5 5 5 12 
856 856 964 964 964 972 965 856 856 950 937 910 910 910 856 856 856 856 856 856 863 863 808 808 814 814 814 808 808 808 760 796 760 760 760 760 760 760 648 648 702 702 702 710 677 677 666 649 649 649 649 649 650 650 609 634 609 609 556 556 451 451 451 541 541 541 541 542 518 518 518 518 468 468 468 468 482 454 454 454 454 374 374 374 410 374 374 357 357 357 357 333 333 333 287 287 287 287 287 287 287 287 286 286 253 253 253 253 246 246 212 212 212 212 214 72 72 72 182 162 162 150 150 139 139 37 37 37 97 97 5 5 5 5 48 48 5 5 5 12 
856 856 856 972 972 972 965 856 856 937 937 937 922 922 856 856 856 895 879 879 808 808 808 814 814 833 814 808 808 808 760 760 760 760 760 760 760 761 648 648 702 702 719 688 688 666 666 649 649 649 650 650 650 609 609 451 451 451 556 556 451 518 518 518 518 518 518 518 518 507 507 507 507 468 468 423 423 423 423 455 455 374 374 374 410 374 374 357 357 357 357 333 373 333 333 343 343 343 287 287 287 287 287 295 253 253 253 246 246 246 221 221 212 212 72 72 140 72 182 162 162 162 150 150 140 37 37 37 37 37 67 5 5 5 59 5 5 28 5 12 
856 856 856 972 972 965 965 856 856 937 937 937 922 923 856 879 879 879 879 880 808 808 808 814 814 808 814 821 808 808 805 760 760 760 688 688 688 688 688 688 688 688 688 688 688 666 666 666 679 649 649 649 649 609 641 451 451 451 451 451 451 518 518 518 518 489 489 489 537 489 489 489 489 489 497 423 475 475 423 423 423 374 374 374 374 374 374 357 357 357 357 333 333 333 333 333 333 333 333 287 287 313 287 287 287 253 253 246 254 221 221 221 212 212 72 140 140 182 182 150 150 150 150 150 140 37 37 37 37 37 67 5 5 5 59 5 5 5 5 12 
1010 856 856 856 856 965 856 856 856 922 922 922 922 923 856 879 879 879 880 880 808 808 808 808 808 808 814 814 814 805 805 760 760 760 688 688 688 688 688 688 688 725 688 688 688 688 688 666 649 649 649 649 649 609 609 451 451 489 489 451 451 518 518 518 518 489 489 489 537 489 519 519 508 489 497 423 475 423 423 423 423 423 423 423 423 423 374 374 374 386 386 386 374 333 359 334 334 334 334 303 303 303 303 287 287 246 246 246 221 221 221 221 221 72 72 140 194 140 140 150 150 150 150 150 140 37 37 37 67 67 67 5 5 5 5 5 41 29 12 12 
1010 856 856 856 856 856 856 856 856 922 922 922 856 856 856 850 850 850 850 850 850 850 850 850 815 815 815 822 815 805 805 789 789 688 688 688 688 762 688 725 725 725 692 692 692 692 667 666 649 649 649 649 651 651 609 616 616 489 489 587 587 587 489 489 489 489 489 489 489 489 519 508 508 489 497 423 423 423 423 423 446 446 423 423 430 424 406 406 374 374 374 374 374 333 359 334 334 344 335 246 246 303 303 296 246 246 221 221 221 247 221 221 221 72 72 140 140 140 140 140 140 140 140 140 140 37 37 88 67 67 67 67 67 67 49 49 29 29 12 12 
872 872 872 872 980 856 856 856 856 922 922 856 856 913 913 864 864 881 881 881 850 850 850 850 815 815 815 815 815 789 789 789 790 688 779 688 688 688 688 725 725 725 692 692 692 693 667 666 666 666 659 659 609 609 609 616 616 616 489 587 587 588 489 558 558 558 530 530 530 530 519 508 508 489 489 489 423 423 459 459 446 424 424 424 424 424 406 406 375 375 375 333 333 333 334 334 334 334 335 246 246 246 246 296 246 261 221 221 221 221 221 221 221 221 72 174 174 174 183 140 140 88 88 151 88 88 122 88 88 88 88 49 49 49 49 50 29 29 12 12 
872 980 980 980 980 966 966 856 856 951 943 856 913 913 864 864 864 881 881 882 864 864 859 815 815 815 816 816 789 789 797 797 790 688 688 688 720 720 753 725 725 725 692 692 692 693 667 666 666 666 659 660 609 609 642 617 617 489 489 587 587 588 489 558 558 559 530 530 530 531 519 519 483 483 483 483 483 446 446 446 446 424 424 424 424 406 406 406 375 375 375 333 365 365 334 334 334 334 335 246 246 246 246 296 246 261 221 221 215 215 240 234 72 72 72 174 174 174 183 174 88 88 88 88 88 88 88 88 88 88 88 49 49 49 49 29 29 29 12 12 
872 952 952 981 981 966 966 856 943 943 943 856 913 913 864 864 864 864 864 882 864 864 859 815 815 815 815 816 789 789 797 790 790 688 688 688 720 720 720 735 735 720 720 680 680 693 667 667 667 666 659 643 643 609 609 617 617 489 489 587 587 588 489 489 489 559 530 530 530 519 519 519 483 483 483 483 484 446 460 460 438 438 424 424 424 406 406 406 375 375 375 333 333 333 334 334 334 334 334 246 246 246 304 246 246 261 215 215 215 215 234 234 72 72 72 204 174 174 174 174 88 88 88 141 141 126 88 88 88 88 88 49 49 49 49 29 13 13 12 12 
872 952 952 952 982 966 966 856 943 943 943 856 913 913 864 864 864 864 864 882 864 864 859 815 815 815 815 816 816 789 797 790 790 688 688 688 720 763 720 735 720 720 680 680 680 680 667 667 667 666 659 659 643 643 609 609 617 617 489 489 489 489 489 489 489 551 551 509 509 519 519 519 509 483 483 483 483 446 446 461 438 438 424 424 406 406 406 366 366 366 375 375 375 333 333 353 334 334 334 246 246 246 246 246 261 261 215 215 215 215 234 231 231 72 72 204 174 174 174 175 88 88 88 88 88 126 88 98 98 88 88 49 49 29 29 29 13 13 12 12 
872 872 1001 952 982 966 966 856 856 856 856 856 930 864 864 864 860 860 864 864 864 789 859 789 789 789 789 816 816 789 797 798 790 767 767 773 720 763 720 720 720 726 680 680 680 680 667 667 667 666 666 626 626 643 643 609 609 609 609 489 489 543 489 489 564 551 551 509 509 509 509 509 509 476 476 483 483 476 446 446 438 438 438 424 406 425 406 366 366 366 375 375 376 366 333 337 337 305 305 305 305 246 246 261 261 279 215 215 215 248 231 231 72 72 72 72 190 190 88 88 88 88 88 88 88 88 88 98 98 98 80 80 29 29 29 29 13 13 13 13 
1011 872 872 952 957 957 957 960 957 924 924 924 924 864 864 864 860 860 860 860 860 789 789 789 789 789 789 789 789 789 797 797 790 767 767 767 720 720 720 720 726 726 680 680 694 694 680 680 667 667 667 626 626 652 626 626 609 609 594 594 594 543 564 564 564 509 509 509 511 511 509 509 510 476 476 483 476 476 446 446 438 439 439 424 406 406 406 366 366 366 366 366 366 366 333 337 337 305 305 305 305 305 305 261 261 261 261 261 215 248 231 231 72 72 72 72 190 190 88 88 88 88 157 113 113 113 113 113 98 98 80 80 29 29 29 29 13 13 13 13 
872 872 872 952 957 957 957 957 957 924 924 924 924 924 902 902 860 860 888 860 860 789 789 841 841 789 789 789 790 790 797 797 790 767 767 767 767 720 726 726 726 727 680 680 680 680 680 680 680 667 667 626 626 626 626 626 626 618 594 594 594 543 543 565 565 509 509 509 511 511 511 511 476 476 476 476 476 446 446 462 438 439 439 424 424 406 406 366 366 366 366 366 366 366 333 322 337 305 336 321 321 261 261 261 261 261 261 262 215 215 215 215 215 222 215 72 195 72 72 168 168 127 127 113 113 113 30 30 30 30 89 13 13 13 13 13 13 13 13 13 
872 872 872 952 952 957 957 957 957 924 944 902 902 902 902 860 860 860 860 860 860 860 860 841 841 789 828 789 790 790 797 797 790 767 767 767 767 720 726 726 726 727 680 680 680 680 680 680 626 626 626 626 656 618 618 618 618 618 594 594 594 543 543 565 565 509 509 509 511 511 524 511 511 490 490 426 426 446 446 438 438 424 424 424 424 366 366 366 387 387 387 387 333 333 333 322 337 305 336 321 321 261 288 288 288 261 261 262 255 232 232 215 215 222 215 72 72 72 72 72 127 127 127 127 127 127 30 30 30 30 89 13 13 13 51 51 13 13 13 13 
872 872 991 991 952 952 952 952 952 924 924 924 914 914 914 860 860 860 860 860 870 842 842 841 841 789 789 789 790 797 797 797 790 767 767 768 768 720 726 744 727 727 680 680 590 590 680 680 626 626 626 656 656 618 618 618 627 594 594 594 594 543 543 565 565 509 509 532 532 532 500 500 500 490 490 426 426 426 426 438 438 424 424 424 366 366 366 366 366 387 387 333 333 333 333 322 337 305 305 321 321 261 261 261 261 261 273 255 255 232 232 215 215 215 215 115 115 115 72 72 127 128 128 128 128 128 30 30 30 30 89 13 13 13 13 13 13 13 24 13 
872 872 991 991 914 914 961 961 952 952 914 914 914 915 915 871 871 860 860 860 870 842 842 842 842 789 789 790 790 797 797 799 790 720 720 768 720 720 726 726 727 721 721 590 590 590 590 590 671 671 626 656 656 618 618 618 627 594 610 594 594 589 543 566 566 509 509 532 532 532 500 500 500 500 490 426 426 477 426 426 438 424 424 424 366 366 366 366 366 368 368 333 333 333 333 322 337 337 305 305 305 306 306 261 261 261 255 255 256 232 232 232 232 215 215 115 115 115 72 127 127 128 128 72 72 72 30 30 107 30 30 13 13 13 13 13 42 13 13 13 
872 973 973 914 914 914 961 914 914 914 914 938 914 914 871 871 871 871 871 871 842 842 842 809 809 809 809 790 797 797 797 799 790 720 720 720 720 726 726 726 721 721 590 590 703 689 689 590 590 626 626 656 656 626 626 635 594 594 600 600 589 589 543 566 509 509 532 532 533 533 500 500 500 500 490 490 426 426 426 426 426 424 424 424 426 426 399 399 399 368 368 333 333 367 333 322 322 337 305 305 305 305 307 261 261 261 255 255 241 241 241 216 216 216 216 115 115 115 72 72 72 128 128 72 129 72 72 99 99 99 30 30 60 60 60 30 30 30 13 13 
872 973 973 914 914 914 914 914 953 953 945 938 914 925 871 871 896 896 871 871 842 842 842 809 843 809 809 790 790 790 790 790 790 720 720 720 720 726 726 726 721 728 590 590 590 689 681 681 590 626 626 656 656 626 626 635 594 594 600 601 589 589 543 543 509 509 509 509 509 512 512 512 512 426 426 426 478 478 426 426 426 426 426 426 426 399 399 368 368 368 368 368 333 333 333 333 322 337 337 322 322 305 280 280 280 280 255 255 241 241 241 216 216 216 115 115 115 115 72 72 72 72 72 72 129 129 72 72 72 90 90 30 60 60 30 30 25 25 25 14 
872 872 973 992 914 914 967 914 914 914 945 938 914 925 871 871 871 871 871 871 871 843 843 843 843 809 809 809 809 809 800 800 720 720 720 704 704 721 721 721 721 590 590 590 590 681 681 681 590 590 626 626 626 626 626 626 626 594 600 595 595 574 574 543 509 509 543 543 509 512 512 512 512 426 426 426 426 426 426 426 426 426 399 399 399 399 411 368 389 389 389 368 333 333 333 333 322 322 322 322 314 314 280 280 280 280 255 241 241 241 241 216 216 216 115 115 115 115 72 72 115 115 115 115 123 123 123 72 72 90 90 30 30 30 30 25 25 14 14 14 
1012 872 973 973 973 914 914 914 954 914 914 938 914 914 871 871 871 871 871 871 871 843 843 843 843 809 809 823 809 809 800 800 720 783 704 704 704 721 721 590 590 590 711 711 681 681 690 681 681 590 590 603 603 644 644 626 626 594 594 594 574 574 574 543 543 543 543 509 509 512 512 426 426 426 426 479 479 479 426 426 426 426 399 399 399 399 411 368 389 389 389 368 377 368 346 346 346 322 322 314 314 281 281 281 281 281 255 241 241 241 241 216 216 216 217 184 184 115 115 115 115 115 115 115 123 123 123 72 72 72 72 81 72 68 14 25 25 14 15 15 
1012 872 973 973 973 973 914 914 954 954 914 914 914 914 916 871 871 834 834 834 834 834 843 843 843 829 829 800 800 800 800 800 720 783 704 704 704 704 704 590 590 590 711 711 681 681 681 681 590 590 590 603 603 603 603 636 594 594 594 594 574 574 574 543 543 552 552 509 509 426 426 426 513 426 426 479 485 434 434 434 426 426 440 399 399 399 411 368 368 389 389 368 368 368 346 346 346 316 316 314 314 281 282 255 255 255 255 217 217 249 242 217 217 217 217 184 184 184 184 169 169 142 142 115 115 130 114 114 82 82 72 72 72 68 14 14 14 14 15 15 
1012 872 872 974 973 973 914 914 954 954 931 931 931 844 916 871 871 834 834 834 834 834 843 843 829 829 829 800 800 800 720 720 720 783 704 704 769 704 704 590 590 590 711 711 695 695 681 681 590 672 603 603 603 603 603 597 594 619 594 594 596 574 574 574 509 509 509 509 509 426 426 447 447 426 426 479 479 434 434 434 434 434 440 399 399 399 399 399 354 354 354 360 360 360 346 346 346 316 316 314 314 281 282 282 282 282 217 217 217 242 242 217 217 217 184 184 196 73 73 73 73 142 142 142 115 114 114 115 82 82 82 82 68 68 31 31 31 31 15 15 
983 983 872 974 974 974 931 931 931 931 931 872 872 844 916 871 871 834 834 834 834 834 834 851 829 829 829 800 800 800 720 720 720 720 704 704 769 704 704 704 712 712 712 712 695 695 681 590 590 603 603 603 603 603 603 597 594 594 594 594 594 574 574 574 509 509 509 509 426 426 426 447 447 447 447 479 479 434 434 456 456 434 440 434 399 399 399 399 354 354 354 360 360 360 316 316 316 316 316 316 281 281 289 289 289 217 217 263 217 242 217 217 223 223 184 184 196 73 73 73 73 73 73 142 115 115 115 115 82 82 82 83 68 68 31 31 31 31 15 15 
983 983 872 975 975 975 931 931 931 931 872 872 872 844 844 844 844 844 844 865 865 865 834 834 834 834 785 785 800 800 720 720 791 720 774 774 737 737 737 704 704 704 704 704 695 695 681 590 682 603 603 603 603 603 603 597 620 594 594 602 594 412 412 412 412 412 509 509 426 426 426 447 412 412 447 447 447 447 469 447 447 434 434 434 399 399 399 397 397 354 354 378 360 360 316 316 347 316 316 316 281 315 217 217 217 217 263 263 217 217 217 235 223 223 184 184 73 73 131 73 73 73 73 142 73 73 73 116 82 82 82 68 68 68 31 31 31 31 16 16 
983 983 872 872 872 872 931 931 931 931 872 872 872 866 866 866 866 866 844 844 844 844 844 834 834 834 785 785 800 800 801 720 720 720 720 720 737 737 737 737 713 713 713 704 704 696 681 590 590 603 603 603 603 603 603 597 620 620 594 594 594 412 581 412 412 412 412 412 538 534 412 412 412 412 486 447 447 447 469 447 447 447 412 412 412 412 412 397 397 354 354 378 378 360 316 316 347 316 281 281 281 315 217 217 217 217 224 224 257 217 217 235 224 224 184 184 73 73 131 73 73 73 73 142 73 73 73 73 91 91 91 68 68 68 61 31 31 16 16 17 
983 1002 872 872 983 872 931 931 931 872 872 872 872 866 866 866 866 866 866 866 866 866 844 834 834 834 785 785 785 785 801 801 720 784 720 720 770 737 737 737 713 713 713 696 696 696 681 681 590 590 590 603 603 603 603 597 597 597 597 597 597 412 412 412 412 412 553 412 412 534 412 501 501 412 486 486 486 447 447 447 412 412 412 412 412 413 413 397 354 354 354 378 378 360 316 316 316 316 281 315 315 315 217 217 217 217 224 224 257 224 224 224 224 218 218 73 73 73 131 170 170 73 73 142 142 73 92 73 73 73 73 73 73 61 61 31 31 32 17 17 
983 1002 1002 983 983 872 931 931 931 872 939 939 872 872 866 866 866 866 866 866 866 866 844 844 844 835 785 785 785 785 802 802 720 720 720 770 770 737 745 745 713 713 713 696 696 681 681 681 661 661 590 590 590 637 603 603 603 611 611 590 590 590 567 567 567 412 544 544 412 412 412 501 501 412 412 412 412 412 463 463 412 412 441 407 407 413 413 397 354 354 354 361 361 360 360 316 316 323 281 281 281 281 297 297 224 224 224 224 224 224 224 224 224 218 73 73 73 73 131 170 170 73 73 143 143 73 92 92 92 100 73 73 61 61 43 43 43 17 17 18 
983 983 983 983 984 872 872 931 931 872 939 785 785 872 872 866 866 866 866 866 866 866 835 835 835 835 785 785 785 785 802 802 720 720 770 770 770 737 745 713 713 729 713 713 681 681 681 681 661 661 661 661 590 637 637 637 603 611 611 590 598 591 567 567 412 412 544 545 412 412 525 501 501 501 412 412 487 412 463 412 412 412 441 407 407 407 397 397 400 354 354 361 361 361 361 316 316 323 323 281 281 281 297 297 224 224 224 224 250 250 224 224 224 218 73 205 73 73 131 131 131 131 73 143 143 73 117 117 92 100 73 73 61 61 43 43 43 17 17 17 
962 962 962 962 962 976 872 872 872 872 939 785 785 926 872 903 866 866 883 883 866 866 835 835 835 785 785 785 785 785 785 785 720 720 770 770 770 737 745 713 713 713 713 714 681 681 681 681 681 662 662 590 590 637 637 603 603 603 603 590 590 591 412 412 412 544 544 545 464 464 464 520 501 501 487 487 487 412 463 412 448 448 407 407 407 407 397 397 400 354 390 361 361 361 354 354 316 316 323 281 281 281 224 224 224 224 224 224 224 218 218 218 218 218 73 73 73 163 163 163 163 131 73 73 144 73 117 117 92 92 92 61 61 61 43 43 44 17 17 17 
962 962 1003 993 962 962 872 872 955 785 785 785 785 785 872 872 872 872 872 872 872 861 861 835 835 785 785 785 785 785 785 785 770 770 770 770 771 737 745 736 736 713 713 684 684 684 684 684 681 662 662 590 590 590 590 603 603 603 603 603 590 591 412 568 568 544 544 545 464 464 464 464 501 501 487 487 487 412 412 412 448 448 407 407 407 414 414 397 397 354 390 354 354 354 354 348 348 316 323 281 281 281 224 224 224 224 224 224 224 218 73 73 73 73 73 73 73 163 163 163 163 131 158 73 73 73 118 118 101 101 61 61 61 61 17 17 17 17 17 17 
962 962 993 993 962 962 872 872 955 785 785 785 785 785 917 785 785 785 785 785 785 861 861 785 785 785 785 785 785 785 785 785 770 770 770 770 771 737 736 736 737 684 684 684 684 684 684 681 681 662 662 662 590 590 590 638 621 621 603 603 590 591 544 544 544 560 544 544 464 464 491 464 464 464 464 464 464 412 412 464 407 407 407 407 407 407 407 407 397 354 354 354 354 354 354 348 348 316 323 323 323 316 224 224 224 264 264 264 218 218 73 73 73 73 206 206 197 163 163 163 163 131 131 73 73 131 118 118 101 101 61 61 61 17 17 17 17 17 17 17 
962 962 993 993 962 962 962 962 955 955 785 785 785 785 785 785 785 785 884 884 785 785 785 785 785 785 785 785 817 785 785 785 785 785 770 770 771 737 737 737 737 684 684 684 684 684 684 681 681 662 662 662 590 590 590 590 590 590 590 590 590 591 544 544 544 544 544 544 464 464 491 491 491 491 491 491 464 464 464 464 407 407 407 407 407 407 407 407 397 397 354 354 354 354 354 348 348 316 316 316 316 316 224 224 224 264 264 264 218 218 73 73 197 197 197 197 197 163 163 163 163 163 131 131 131 131 118 118 101 101 61 61 74 17 17 17 17 17 17 17 
