988 988 939 939 939 963 939 939 939 939 806 806 908 908 806 806 847 847 847 847 852 852 847 813 813 813 813 813 632 632 632 632 632 632 632 632 733 733 733 683 683 683 683 683 683 683 631 631 631 631 631 631 631 545 545 545 545 545 545 584 545 545 545 545 545 539 481 481 481 481 492 492 398 398 398 398 398 423 423 423 423 337 337 337 337 337 337 337 332 332 332 336 336 332 230 230 230 284 284 284 284 230 230 230 230 230 230 230 230 230 200 200 200 200 183 183 152 152 152 152 152 2 2 2 2 2 2 2 1 1 1 1 63 1 1 1 1 1 1 1 
939 939 939 939 939 963 939 939 939 940 806 806 908 806 806 806 806 863 863 847 847 847 847 813 813 813 813 814 632 632 632 779 779 632 632 632 632 734 734 632 632 632 708 632 632 632 631 664 631 631 545 545 545 545 545 545 545 545 545 584 545 539 539 539 539 539 481 514 514 481 481 493 398 398 471 398 398 423 423 423 423 337 337 337 337 337 337 337 332 361 332 332 332 332 230 230 230 230 230 284 284 230 230 230 200 200 200 200 200 200 200 213 200 200 183 184 152 152 152 158 2 2 2 2 121 2 2 2 1 1 1 1 63 1 1 37 19 19 19 2 
939 989 939 939 939 939 939 939 939 940 806 806 806 806 806 806 806 863 863 847 847 847 847 813 813 813 813 814 632 632 632 632 632 632 632 666 632 734 734 632 721 632 632 632 632 632 631 631 631 631 545 545 545 545 610 610 545 545 545 545 545 539 539 539 539 539 481 481 481 481 481 398 398 398 398 398 437 437 437 437 423 337 417 405 344 344 344 344 332 332 332 332 332 332 230 230 306 306 230 292 230 230 230 230 200 200 200 200 200 200 200 143 143 143 183 152 152 158 158 158 2 2 2 127 2 2 93 93 93 1 1 1 1 1 1 37 19 19 19 2 
939 939 939 939 939 958 940 940 940 940 806 924 806 806 806 806 890 863 863 863 863 806 806 813 813 826 632 632 632 632 790 632 632 762 762 666 632 632 632 632 721 715 632 632 632 632 678 631 631 631 644 632 632 545 545 592 592 592 545 545 571 571 539 539 481 481 481 481 481 481 398 398 398 398 398 398 398 398 398 438 423 337 337 405 344 344 344 344 332 332 332 325 325 325 325 317 306 306 230 230 230 230 230 230 260 200 200 200 200 200 200 143 143 143 143 152 152 152 128 128 128 128 127 127 2 2 2 2 2 2 2 2 64 2 2 19 19 19 19 2 
993 939 939 939 939 958 940 940 940 941 806 909 909 806 806 806 806 864 864 864 864 806 806 806 806 826 632 632 632 632 632 632 780 762 762 666 735 735 735 715 715 715 666 666 689 632 632 665 631 631 631 632 545 545 545 592 592 592 592 546 546 546 546 546 481 481 481 481 515 481 398 494 398 398 457 457 398 398 398 398 423 423 337 344 344 344 344 344 332 332 332 325 325 293 293 317 313 293 293 230 230 230 230 230 260 200 200 200 200 200 143 143 143 143 143 143 152 152 128 159 128 128 127 127 2 2 2 70 70 70 70 2 2 2 2 19 19 19 2 2 
993 990 964 964 939 958 940 940 941 941 909 909 909 909 895 895 806 864 864 806 806 806 806 806 806 826 632 632 632 791 791 667 667 667 667 666 666 666 736 715 722 666 666 666 666 666 632 665 631 631 631 632 545 545 545 592 592 585 585 546 546 546 546 546 546 481 481 521 481 481 398 398 398 472 457 457 457 431 431 398 398 337 337 344 344 344 344 344 344 344 344 344 325 325 293 293 313 293 293 230 230 260 260 260 260 200 200 200 200 200 143 143 143 143 143 143 152 152 128 159 128 128 127 127 2 2 2 70 70 70 70 70 4 4 2 2 2 2 2 3 
993 990 964 964 939 958 958 910 910 942 909 909 909 909 895 895 806 806 864 806 806 806 848 806 806 826 632 632 632 632 792 667 667 772 667 667 667 666 666 715 666 666 667 667 667 666 632 665 632 632 632 632 633 620 620 592 600 600 585 585 546 546 546 546 516 516 516 516 481 481 481 481 481 472 472 431 431 431 431 398 398 337 337 337 397 344 344 344 344 358 358 314 314 314 293 293 293 293 293 293 252 252 252 264 261 200 200 143 143 143 143 143 143 143 143 143 178 152 153 153 153 128 128 128 108 108 108 70 70 70 70 70 4 4 4 4 2 2 2 2 
990 990 964 964 939 910 910 910 910 942 916 916 916 910 873 873 891 806 806 806 806 806 848 806 806 806 815 815 806 632 632 667 667 667 667 667 667 667 666 666 666 667 667 700 667 666 632 632 632 633 633 633 633 620 620 592 592 592 585 585 560 560 560 499 499 499 499 516 516 499 499 473 473 473 473 431 431 431 431 398 398 337 337 337 397 344 344 344 344 358 358 314 314 314 293 293 293 252 252 252 252 252 252 252 261 200 200 143 214 143 143 143 143 143 193 143 143 152 153 153 153 143 108 108 108 115 71 71 71 71 71 71 4 4 4 4 2 2 2 2 
990 964 964 939 939 910 910 910 910 910 916 916 916 910 873 873 873 873 873 819 819 819 819 806 806 806 806 806 806 632 632 667 667 667 667 667 748 667 667 667 667 667 709 667 667 666 666 666 611 611 645 611 611 620 620 611 592 592 560 560 560 560 560 499 499 499 499 499 499 499 473 473 473 473 473 431 431 431 431 439 398 337 337 337 337 344 344 344 344 345 345 345 314 314 314 314 314 252 252 252 252 252 252 252 261 252 143 143 214 214 214 214 143 193 193 143 143 152 143 143 153 143 108 122 122 115 71 71 71 71 77 65 65 4 4 4 2 2 2 4 
990 964 983 939 939 910 910 910 910 910 934 916 916 910 873 873 873 873 874 819 819 819 819 843 831 806 806 816 632 632 793 667 667 763 763 748 748 667 667 667 667 667 709 667 690 666 666 667 611 611 645 611 611 611 611 611 592 592 560 560 560 560 561 499 499 499 500 500 500 500 473 473 473 473 473 431 458 431 431 439 398 337 337 406 337 337 345 345 371 345 345 345 314 314 314 314 252 252 252 252 252 274 252 252 252 252 143 215 215 215 215 215 143 143 143 143 152 152 143 143 143 143 108 108 115 115 71 71 71 71 71 65 66 4 4 4 2 2 2 4 
990 964 964 964 939 910 910 910 910 910 910 910 910 910 867 867 867 867 867 867 819 819 819 843 831 806 806 816 632 632 632 667 667 763 763 748 749 667 667 667 709 709 709 667 667 667 667 667 611 611 645 611 592 592 592 592 592 592 593 560 560 561 561 499 499 499 500 500 500 500 500 473 473 473 473 431 431 431 431 439 398 337 337 406 398 337 345 345 345 345 333 333 333 314 314 314 252 252 252 252 252 252 252 252 252 252 143 143 143 143 143 143 143 143 143 143 143 143 143 160 108 108 108 108 115 116 71 71 71 71 71 65 66 4 4 4 4 28 20 4 
990 964 964 964 939 939 939 939 939 910 910 925 900 900 867 867 867 885 867 867 819 843 843 843 831 806 806 816 794 794 748 748 748 748 763 748 667 667 667 709 709 709 658 658 658 658 658 668 611 611 611 611 592 592 592 592 592 592 561 561 561 561 561 540 540 540 501 501 511 511 501 473 473 473 473 431 431 431 431 439 398 398 398 398 398 337 337 337 372 333 333 346 333 314 314 314 252 252 252 252 252 252 252 252 252 143 143 143 143 210 210 210 143 143 143 143 143 143 143 108 108 108 108 129 115 65 65 65 65 65 65 65 38 38 5 5 4 4 20 4 
990 918 918 964 939 939 959 917 917 917 917 917 900 900 900 867 867 885 867 867 819 819 819 819 831 806 806 794 794 794 748 781 781 748 748 748 667 667 667 709 709 709 658 658 658 658 658 658 611 611 611 611 621 621 592 592 577 577 561 561 561 561 561 540 540 541 501 501 501 501 501 451 451 479 431 431 459 431 431 431 431 398 398 378 378 378 378 337 337 333 333 333 333 333 314 314 307 307 252 252 252 275 252 252 252 143 143 143 143 210 210 210 143 143 143 143 143 143 143 108 108 138 138 115 115 65 109 65 65 65 65 72 38 38 5 5 34 4 20 4 
918 918 918 964 964 964 917 917 917 917 917 917 917 853 853 853 885 885 853 853 853 819 819 819 819 806 806 794 794 794 748 748 750 750 750 750 750 742 658 658 658 658 658 658 658 658 658 658 611 611 611 611 621 621 592 592 577 577 577 577 577 562 562 540 540 541 501 501 501 501 495 495 451 451 431 431 431 431 407 407 407 407 418 378 378 390 378 378 337 333 333 333 333 276 276 276 307 275 275 275 275 275 237 237 237 237 237 108 108 108 210 210 210 108 108 185 108 108 108 108 108 99 99 115 115 65 65 94 94 65 65 38 38 38 38 5 34 4 20 4 
918 918 918 968 964 964 917 917 917 917 917 917 917 853 853 853 868 868 853 853 853 853 820 820 819 819 819 748 748 794 794 748 750 750 750 750 751 742 658 658 658 658 710 658 658 658 658 669 611 611 611 611 621 625 612 612 577 577 577 577 578 562 562 540 540 540 495 495 495 495 495 482 482 451 451 451 451 451 407 407 407 407 407 407 399 337 337 337 337 333 333 333 333 276 276 276 276 275 294 294 285 237 237 237 237 253 237 108 236 108 108 216 108 108 108 108 108 99 99 99 99 99 99 99 99 99 65 65 65 65 65 38 38 38 38 5 5 4 20 4 
918 918 918 968 968 918 918 918 918 918 918 918 918 853 853 853 868 868 868 853 853 820 820 820 820 820 820 748 748 748 748 748 750 750 764 723 723 742 658 658 684 684 684 684 684 658 658 658 658 611 611 611 621 612 612 613 577 577 547 547 547 547 547 540 540 540 495 482 482 495 495 482 483 451 451 451 451 451 407 407 407 399 399 399 399 337 337 337 373 333 333 333 333 276 276 276 276 275 275 275 285 237 237 237 237 253 237 108 108 108 108 216 108 194 194 108 108 166 166 161 123 123 123 123 123 99 99 99 65 65 65 39 39 39 38 38 5 4 4 4 
918 918 918 969 969 918 918 918 943 943 918 918 911 911 784 853 868 886 868 868 853 820 820 820 748 748 748 748 748 748 748 748 750 750 764 723 723 723 723 727 684 684 684 701 684 658 658 670 612 612 611 611 621 612 612 612 577 577 547 586 547 547 547 540 540 540 495 482 482 502 502 482 451 451 474 451 451 451 407 407 407 399 400 400 400 337 337 337 337 337 337 337 337 276 276 276 276 300 300 275 237 237 237 186 186 253 237 237 237 231 108 108 108 194 195 117 117 161 161 161 123 123 123 123 123 65 65 65 65 78 78 39 39 39 39 39 5 5 5 5 
918 918 918 918 970 918 902 902 784 784 784 784 911 784 784 853 868 868 868 853 853 820 820 820 748 748 748 750 750 750 750 750 750 750 764 723 723 723 723 727 684 684 684 684 684 684 612 612 612 612 611 611 621 621 621 612 587 587 547 547 547 572 547 547 547 495 495 482 482 482 503 482 451 451 451 451 399 399 399 399 399 399 400 326 326 326 326 326 362 362 326 326 326 326 326 318 276 275 275 275 237 237 237 186 186 186 186 237 237 231 108 108 194 194 117 117 117 161 161 161 123 123 123 123 123 65 65 65 65 78 78 6 6 6 6 6 6 6 6 6 
984 984 984 918 918 918 902 902 784 784 784 784 784 784 901 853 853 853 853 853 854 854 820 820 748 748 748 750 750 750 750 750 750 750 764 723 723 723 737 691 691 691 691 684 684 684 612 612 612 612 612 612 612 612 612 612 587 587 587 587 547 547 553 553 548 495 529 482 482 482 503 482 482 452 452 460 399 399 399 399 432 400 400 326 326 326 385 326 362 326 326 338 338 276 276 318 276 286 286 286 286 186 186 186 242 242 186 186 186 231 108 108 194 194 117 117 117 161 161 161 123 123 123 123 65 65 65 65 65 65 78 6 6 6 6 6 6 6 6 6 
984 973 973 973 902 902 902 902 784 784 784 784 784 784 875 875 875 875 875 784 784 855 820 844 748 748 748 748 748 748 756 756 756 756 756 723 723 723 723 691 691 691 691 684 684 684 612 612 612 612 612 612 626 626 594 594 604 587 587 547 547 547 553 548 548 495 495 482 482 482 482 482 482 452 452 460 386 386 386 386 432 400 400 326 326 326 326 326 326 326 338 338 276 276 276 276 276 286 286 276 276 186 186 186 242 242 242 242 186 217 217 217 194 194 117 117 117 161 161 161 123 123 130 130 65 65 65 65 65 65 6 6 55 55 40 40 6 6 6 6 
984 973 973 973 902 902 902 902 944 944 784 784 784 784 875 875 875 876 876 784 784 855 820 820 748 748 821 748 748 748 756 756 756 756 756 756 723 723 723 728 691 691 711 684 684 684 612 612 659 612 612 612 594 594 594 594 594 594 594 547 547 547 553 548 495 495 495 482 482 482 482 452 452 452 452 460 386 386 445 386 386 386 386 386 386 386 326 326 326 363 338 338 276 276 276 276 276 276 276 276 276 186 186 186 186 186 186 186 186 186 186 186 211 186 186 186 117 161 161 161 73 73 130 130 65 65 65 6 6 6 6 6 6 6 40 40 6 6 7 7 
973 973 974 974 902 902 902 944 944 945 784 784 784 784 875 875 875 784 784 784 784 784 820 820 748 748 821 748 748 748 723 723 723 723 723 723 723 723 723 728 691 691 711 691 691 685 646 646 646 646 646 612 594 594 594 594 595 595 573 573 573 573 553 548 495 495 495 495 482 482 482 482 452 452 452 460 460 386 386 386 386 386 408 408 386 386 326 326 374 326 326 326 326 276 276 276 308 308 276 276 276 276 186 186 186 186 186 186 186 186 186 186 211 186 186 186 117 167 167 73 73 73 73 73 65 65 65 6 6 6 6 6 67 6 50 29 29 29 7 7 
973 973 973 975 902 965 902 902 902 902 902 926 784 784 875 875 875 784 784 795 795 784 820 820 820 820 784 784 784 748 723 765 765 765 765 723 723 723 723 728 691 691 691 691 685 685 646 646 612 612 612 612 634 594 594 594 594 595 573 573 573 553 553 548 495 495 495 495 475 475 482 482 452 452 452 465 386 386 386 386 433 386 386 386 386 386 386 326 326 326 347 347 326 276 276 276 308 308 276 276 287 254 254 265 186 186 186 186 186 186 186 186 186 186 186 186 117 167 167 73 73 73 73 73 73 100 100 100 6 6 6 6 67 6 41 41 7 7 7 7 
973 973 973 973 902 953 953 902 902 946 902 902 784 784 896 896 784 784 784 795 795 784 784 784 784 784 784 784 784 802 723 723 723 723 723 723 723 723 723 691 691 691 691 702 685 686 646 646 612 656 594 594 594 594 594 614 594 595 595 466 466 553 553 548 495 495 495 495 475 475 482 482 452 452 452 452 386 386 386 386 386 386 386 386 386 386 279 279 279 339 339 348 326 326 276 276 254 254 254 254 254 254 254 254 254 254 212 212 212 232 212 212 173 173 187 187 117 167 167 162 73 73 131 131 73 100 100 73 73 73 79 73 6 6 41 41 7 30 7 7 
973 973 973 973 902 953 953 953 902 902 935 902 902 784 784 784 784 869 869 869 795 856 784 784 784 784 784 784 784 784 784 784 773 773 743 743 723 723 723 691 691 691 691 685 685 612 612 612 612 594 594 594 594 627 594 594 594 466 466 466 466 548 548 548 495 495 495 495 475 475 475 475 475 452 452 452 452 452 434 434 434 391 391 391 391 391 279 279 279 279 339 339 339 326 326 319 254 309 254 254 254 254 254 254 254 254 212 212 212 212 212 212 212 173 187 187 117 168 168 162 73 73 117 117 73 73 73 73 95 73 73 73 6 6 6 41 7 7 7 8 
902 902 902 902 902 953 953 953 902 902 902 902 902 902 877 877 877 869 869 869 795 856 784 784 784 784 784 817 766 766 766 766 773 743 743 743 723 723 723 723 723 691 691 685 685 612 612 594 594 594 641 641 594 605 605 615 605 466 466 466 466 548 548 548 495 495 495 495 475 475 504 475 475 452 452 453 453 453 434 434 391 391 391 350 350 350 387 279 279 279 279 277 277 277 277 319 254 254 254 254 254 254 254 196 196 254 212 212 212 212 225 212 212 173 173 173 117 117 117 162 117 117 117 117 117 117 73 73 95 80 80 44 44 44 6 6 6 7 7 8 
902 991 902 902 902 954 954 954 902 902 902 902 902 902 877 877 877 877 877 795 795 795 795 795 832 817 817 817 766 766 795 766 743 743 743 743 743 743 716 716 716 716 685 685 685 685 612 594 594 594 594 594 594 605 605 605 605 466 466 466 531 531 531 531 530 530 530 517 517 475 475 475 475 475 475 453 453 446 446 434 391 391 391 350 401 350 350 379 279 279 279 277 277 277 277 277 277 254 254 254 254 254 254 196 196 196 212 212 212 212 196 196 196 196 196 173 173 173 117 117 117 117 117 101 101 101 101 101 80 80 44 44 44 44 21 21 6 6 6 6 
902 902 902 976 902 902 955 955 902 902 902 902 919 902 902 877 877 878 878 795 795 795 833 795 795 795 795 795 795 795 795 766 743 743 743 743 743 744 716 716 685 685 685 685 692 685 612 594 594 647 594 594 605 605 466 466 466 466 466 466 531 531 531 531 530 530 530 517 517 440 440 484 484 453 453 453 453 446 446 434 434 391 391 350 350 350 350 379 279 279 349 349 277 277 320 320 277 301 301 277 277 254 254 196 196 196 212 212 212 196 196 197 196 196 197 144 144 144 144 144 144 144 101 101 80 80 80 80 80 44 44 56 56 56 21 21 21 21 21 6 
994 807 807 971 971 902 955 902 902 902 902 902 919 902 902 877 877 878 878 795 795 857 833 833 833 795 795 795 795 796 796 766 766 766 766 752 752 738 738 685 685 685 685 685 692 685 612 612 612 647 647 605 605 466 466 531 531 531 531 531 531 466 466 531 531 531 531 517 517 440 440 440 485 453 453 440 440 440 440 440 434 391 391 350 350 350 350 350 350 279 279 279 279 277 277 277 277 277 277 277 277 277 196 196 196 196 212 212 212 196 218 197 197 197 197 144 144 144 169 101 101 101 101 132 80 118 80 80 80 44 44 44 44 44 42 42 21 21 22 6 
807 807 807 971 971 902 902 902 950 903 903 903 903 903 903 877 877 877 879 795 795 807 807 807 834 807 807 807 807 796 796 766 766 752 752 752 738 738 738 685 685 685 685 685 685 685 612 612 612 612 605 605 635 466 466 531 466 466 466 466 466 466 466 466 466 532 532 517 517 440 440 440 440 440 440 440 454 454 440 440 434 391 391 350 350 380 380 380 350 350 279 279 279 277 327 277 277 277 302 278 278 278 196 196 196 196 196 196 196 196 218 218 201 201 144 144 144 144 169 101 154 132 132 132 80 80 80 68 68 44 44 44 44 44 42 43 22 22 22 6 
807 807 807 807 807 807 807 807 950 903 807 807 912 912 877 877 877 877 879 795 795 807 807 807 807 807 797 797 797 797 797 752 752 752 752 752 738 738 738 650 650 650 650 685 685 671 671 671 612 612 605 605 616 616 466 466 466 563 563 563 563 563 563 466 466 532 532 440 440 440 440 440 440 466 466 466 434 434 434 441 434 409 409 409 350 380 380 350 350 350 350 350 279 277 277 277 302 302 302 278 278 278 196 196 196 255 246 196 196 201 201 201 201 201 144 144 144 144 101 101 154 132 132 132 80 80 68 68 68 44 44 44 57 57 42 42 22 22 22 6 
807 807 807 807 903 903 903 903 903 903 807 807 807 807 877 877 877 877 879 858 858 858 807 807 835 827 797 797 808 803 752 752 752 774 752 752 729 729 729 650 650 650 650 703 693 671 612 612 612 612 648 605 616 616 616 616 563 563 563 563 549 549 549 466 466 532 532 440 440 440 440 440 466 466 467 467 434 381 434 434 434 409 409 409 350 350 350 350 350 350 350 351 279 279 279 279 279 279 279 288 278 278 266 266 246 246 246 219 219 201 201 201 201 201 101 101 101 101 101 133 133 133 133 133 80 80 68 96 68 68 68 44 44 44 44 44 23 23 6 6 
807 807 807 903 903 903 903 807 807 807 807 807 807 807 807 807 807 807 858 858 807 807 807 807 835 827 797 797 803 803 752 752 752 774 752 757 729 729 729 729 650 650 693 693 693 671 612 612 612 612 605 605 616 616 616 616 563 535 535 535 549 549 549 554 466 466 533 440 440 440 440 466 466 480 467 467 434 381 434 434 381 381 419 410 350 350 351 350 350 350 350 351 315 315 315 279 279 280 279 288 288 279 266 266 246 246 246 219 219 201 201 201 201 202 101 101 101 174 133 133 145 145 133 133 102 102 68 96 96 68 68 44 44 44 44 23 23 23 6 6 
807 807 807 807 807 807 807 807 807 807 904 904 904 904 904 807 807 807 858 858 807 807 807 807 827 827 797 797 803 804 752 752 752 752 752 729 729 729 739 650 650 693 693 693 693 671 671 605 605 605 605 616 616 616 563 563 563 535 535 535 535 549 549 549 549 466 466 440 440 466 466 466 486 476 476 434 434 381 447 381 381 381 381 410 381 381 351 351 351 351 351 351 334 334 315 315 315 280 279 279 279 279 266 266 246 246 246 219 219 226 226 201 201 188 188 188 101 133 133 163 35 35 134 134 102 102 68 96 96 68 68 44 44 44 44 23 23 23 6 6 
985 985 985 807 807 966 807 807 807 807 904 927 870 870 870 892 892 807 807 807 849 849 849 807 827 827 797 797 803 752 752 752 752 775 729 729 730 730 739 650 650 650 650 650 650 650 671 605 660 649 649 616 616 616 563 563 563 563 535 535 535 549 549 534 534 534 466 466 466 466 496 496 476 476 476 434 381 381 447 381 381 424 381 381 381 381 381 381 351 351 351 351 334 238 238 315 315 280 280 280 280 280 266 266 262 247 247 219 219 219 219 219 188 188 188 188 101 133 35 35 35 35 134 134 102 102 68 68 68 68 68 68 68 23 23 45 23 23 6 6 
985 985 985 807 807 936 936 936 936 947 904 927 870 870 870 870 887 887 807 807 807 807 807 807 836 797 797 782 803 785 785 785 729 729 729 758 730 730 730 730 650 650 694 694 694 650 671 605 605 649 649 506 506 506 563 563 563 563 535 535 579 564 564 534 534 534 534 466 466 466 496 496 476 476 476 434 381 381 381 381 381 424 381 381 381 382 382 382 364 364 238 238 334 238 238 238 238 238 238 295 280 280 262 262 262 247 247 219 219 219 219 219 188 188 101 101 101 133 35 35 35 35 139 35 35 102 102 102 68 68 81 23 23 23 23 23 23 23 23 6 
995 977 977 977 951 951 936 936 936 936 904 927 870 870 870 870 887 887 807 807 807 836 836 836 836 797 797 782 803 785 785 785 729 729 730 730 730 745 729 729 650 650 687 687 695 650 650 650 605 605 506 506 628 506 563 535 535 535 535 535 535 564 564 535 535 535 535 466 466 466 496 496 476 476 434 434 442 442 442 424 424 424 381 411 381 382 382 382 364 359 238 238 238 238 238 238 238 238 238 238 289 262 262 256 256 256 101 101 101 101 101 101 101 101 101 101 101 133 35 35 35 146 35 35 35 35 35 81 81 81 81 58 58 58 6 6 6 23 23 6 
995 977 951 951 951 951 888 888 888 936 904 927 870 870 870 870 870 870 870 870 836 836 836 836 797 797 797 782 782 782 782 782 782 729 729 745 745 745 729 729 687 687 687 687 679 679 679 650 650 650 650 628 628 506 506 617 596 596 596 535 535 535 535 535 550 535 535 522 466 466 496 477 477 477 434 442 442 455 442 424 424 425 381 381 381 382 382 382 364 359 238 238 238 238 321 321 238 238 238 238 262 262 256 256 256 256 101 101 101 220 220 101 101 101 101 189 35 35 35 35 35 35 35 135 103 103 35 81 35 35 35 58 6 6 6 46 6 6 6 6 
977 977 951 978 951 951 888 888 888 936 904 904 836 836 905 836 836 836 836 836 836 859 836 836 797 797 797 797 797 782 782 786 767 767 729 729 745 745 729 729 687 687 687 687 679 679 679 650 650 651 651 628 628 628 506 506 596 596 596 535 535 535 535 535 466 466 536 522 466 466 496 477 487 477 434 434 443 443 442 442 424 425 402 402 402 364 364 364 364 359 359 238 238 321 321 322 238 238 238 238 262 256 256 256 256 256 243 243 101 220 220 220 203 203 179 179 35 35 35 35 35 35 35 103 103 103 35 35 35 88 35 35 6 46 46 46 6 6 6 6 
977 951 951 978 951 951 888 888 888 936 936 904 836 836 836 836 836 836 871 871 767 767 836 836 797 797 767 767 767 767 767 767 767 767 767 729 729 729 729 729 687 687 687 687 687 687 661 661 661 651 636 636 636 565 565 506 506 506 596 535 535 574 506 506 466 466 466 466 466 466 466 477 487 477 477 434 434 443 443 443 424 402 402 402 402 364 364 364 364 340 340 340 238 238 322 322 238 238 238 238 262 256 256 256 256 256 243 244 101 233 203 203 203 203 179 179 179 175 136 136 35 35 35 103 103 103 35 35 35 35 35 35 6 6 9 47 6 6 9 9 
977 951 978 978 951 951 888 888 888 888 888 904 836 836 897 897 836 836 871 871 767 767 828 828 797 797 767 767 767 783 783 783 783 740 740 753 753 729 729 651 651 651 651 651 651 651 651 651 651 651 636 606 606 565 565 565 565 506 506 506 506 506 506 506 466 466 466 523 466 466 466 477 434 434 434 434 434 342 342 342 424 402 402 402 364 364 364 364 364 340 340 340 340 238 322 322 238 238 238 238 262 262 243 243 243 243 243 244 101 101 203 203 203 203 179 180 175 175 136 136 136 136 136 136 103 103 35 89 89 89 82 6 6 6 9 9 9 9 9 10 
977 951 978 978 888 888 888 948 948 948 888 904 904 836 836 836 836 888 860 860 860 767 767 828 828 828 767 809 809 740 740 740 740 740 740 740 740 740 740 651 724 651 651 704 696 651 651 672 636 636 636 606 606 565 565 565 565 506 506 580 580 565 565 506 506 506 466 466 466 477 477 477 434 461 461 461 461 342 342 342 342 412 412 412 364 364 364 341 341 341 310 310 310 238 238 238 238 296 296 238 238 243 243 243 243 248 248 227 227 101 101 101 101 101 101 180 175 175 136 136 124 124 136 136 103 103 35 35 35 90 82 6 6 6 6 6 10 10 10 10 
977 951 951 951 888 888 888 948 948 948 888 888 888 888 888 888 893 888 860 860 860 860 767 767 767 767 767 809 740 740 740 740 768 768 768 759 740 740 651 651 651 717 696 696 696 597 597 597 636 636 636 606 606 606 618 618 565 565 565 565 565 565 509 509 509 506 506 518 518 477 477 497 434 461 448 448 448 342 342 444 342 412 412 413 364 364 364 341 341 341 310 310 310 310 310 310 238 296 296 296 238 243 243 243 243 243 249 227 227 234 204 204 204 204 101 180 175 175 170 136 124 124 124 124 103 103 35 35 35 35 82 35 35 51 51 6 10 11 11 11 
977 977 977 951 951 888 888 888 888 888 888 888 888 888 888 888 888 888 860 860 861 861 809 809 809 809 809 809 740 759 759 759 759 759 759 759 746 746 651 651 651 696 696 705 597 597 597 597 636 636 636 606 606 606 606 606 606 565 565 565 566 566 509 509 509 542 506 506 519 477 477 477 434 461 448 448 448 342 342 342 342 412 412 413 364 364 364 365 365 341 341 310 238 238 238 310 238 238 238 238 238 281 243 243 243 243 249 227 227 227 227 101 101 101 101 180 180 170 170 136 124 124 124 124 124 103 110 103 35 35 35 35 35 10 10 10 10 11 11 11 
996 977 977 977 951 888 888 888 888 888 888 888 920 888 888 888 888 888 860 740 740 740 809 809 809 822 809 809 740 740 740 740 776 776 746 746 746 746 696 696 696 696 705 705 597 597 597 597 636 636 636 606 606 629 606 606 565 565 565 565 566 566 566 509 509 509 506 506 519 477 477 477 434 461 461 448 448 448 448 342 342 342 342 342 342 342 365 365 365 365 341 310 238 238 238 238 238 238 238 238 238 243 243 243 243 243 243 227 227 227 227 101 101 101 198 170 170 170 170 136 136 124 124 103 103 103 103 103 35 35 35 74 35 35 35 10 10 10 12 12 
996 977 977 977 951 888 888 951 951 888 920 920 920 888 906 888 888 888 860 740 740 740 740 740 740 822 822 740 740 740 740 740 746 746 746 746 746 746 696 718 718 718 705 705 642 642 642 597 597 597 652 606 606 607 607 607 565 565 565 581 581 567 567 509 509 509 506 506 506 498 498 498 434 434 461 448 448 342 342 342 392 392 342 342 403 342 365 342 342 366 341 310 310 238 238 238 297 297 297 297 238 243 243 243 257 257 243 243 238 227 227 101 101 101 170 170 170 170 170 136 136 103 103 103 125 103 103 36 36 36 83 35 35 35 35 10 10 10 12 13 
979 979 979 979 951 960 960 951 951 888 888 888 888 888 889 889 889 889 860 860 740 740 740 845 740 740 740 740 740 740 740 740 746 746 696 696 696 696 696 718 712 712 712 705 642 642 642 673 597 597 637 637 637 607 607 607 607 568 568 568 568 568 568 509 509 509 509 506 506 498 498 488 488 434 434 434 434 342 383 383 383 392 392 403 403 342 342 342 342 342 341 341 310 310 310 238 297 297 297 297 238 243 243 267 238 238 238 238 238 235 221 221 101 101 170 170 170 136 136 136 155 103 103 125 125 103 36 36 97 36 36 35 35 35 35 35 35 31 12 13 
979 979 979 980 951 960 951 951 951 921 921 888 888 907 889 889 889 880 880 860 860 860 837 837 837 740 740 740 740 740 740 740 696 696 696 705 705 705 705 718 712 712 705 705 642 642 642 597 597 637 637 597 597 597 597 597 597 568 568 568 568 569 569 509 509 509 509 506 506 462 462 488 488 434 434 434 434 342 342 342 383 383 392 392 392 392 383 383 375 342 352 341 341 310 310 238 297 297 263 263 238 238 238 238 238 238 238 101 101 235 221 221 101 205 170 170 170 136 136 136 103 103 103 103 103 103 36 91 91 91 36 35 35 36 36 24 24 31 12 12 
967 967 967 951 951 951 951 921 921 921 921 888 888 907 889 889 889 880 880 860 860 860 837 837 838 740 740 740 740 740 696 696 696 696 696 674 674 674 705 705 705 705 705 705 680 680 642 597 597 637 637 597 622 597 597 608 597 597 568 568 568 569 509 509 509 509 524 524 506 462 462 462 488 434 434 434 434 434 434 384 384 383 414 414 404 383 383 384 375 342 352 352 342 310 328 238 238 238 263 263 263 263 263 263 263 101 101 101 101 101 101 101 101 205 170 190 105 105 136 136 103 103 103 103 119 119 36 36 36 36 36 36 36 36 36 36 24 24 24 12 
967 967 967 951 951 951 961 921 921 921 921 921 921 907 907 889 889 880 880 872 850 850 850 824 824 824 740 740 777 777 696 696 674 674 769 674 754 674 705 705 725 705 705 705 680 680 642 642 597 597 597 597 622 622 622 608 608 597 597 569 569 569 509 509 509 509 524 524 506 462 505 462 462 462 462 462 462 434 434 384 384 383 383 383 404 383 384 384 375 342 353 353 342 310 310 310 310 238 263 263 263 263 270 263 263 101 101 101 239 222 222 222 170 170 170 105 105 105 105 147 147 147 103 103 104 104 104 104 36 36 36 36 36 59 36 36 25 25 25 12 
967 967 967 921 921 921 921 921 937 937 921 921 922 881 881 889 889 880 880 872 850 850 850 824 839 823 823 777 777 777 777 674 674 674 674 674 719 719 719 719 725 719 674 674 674 680 680 642 642 642 638 638 638 609 609 609 609 555 555 569 582 555 555 555 509 509 524 524 506 462 505 462 462 462 462 462 462 434 449 384 384 426 420 383 383 383 384 375 375 342 342 342 342 310 310 323 310 238 238 298 270 270 270 101 101 101 101 101 101 222 206 206 170 170 170 105 105 105 105 140 140 148 103 103 104 104 98 98 36 36 36 36 36 36 36 36 25 25 25 12 
967 986 921 921 937 937 937 937 937 937 937 913 913 881 881 881 881 872 872 872 846 846 850 824 824 823 823 777 805 805 777 674 674 674 719 719 719 719 719 719 725 719 674 706 674 674 674 674 642 642 638 638 638 609 609 555 555 555 555 582 582 555 555 555 509 543 506 506 506 462 462 462 489 462 462 462 462 434 434 384 384 384 420 393 393 393 384 375 354 354 354 354 323 323 323 323 310 310 238 238 270 270 101 101 250 250 101 101 101 101 206 206 206 206 170 170 105 105 105 140 140 140 140 98 98 98 98 98 98 36 84 36 36 36 36 36 36 12 12 12 
967 986 921 921 921 937 937 937 949 913 913 913 913 881 881 881 881 872 881 846 846 846 824 824 824 829 777 777 805 805 777 787 674 674 719 719 719 719 741 731 719 719 674 623 623 623 623 675 642 642 642 642 555 555 555 555 601 601 555 555 555 555 555 555 509 543 506 506 506 506 506 462 489 462 462 462 462 434 434 384 384 384 384 393 384 384 384 375 354 354 354 335 335 323 323 303 303 303 303 238 270 270 101 258 250 250 250 101 101 101 206 206 207 207 170 170 176 176 105 105 105 149 141 98 98 98 98 36 36 36 84 36 36 36 36 48 12 12 12 12 
967 986 986 921 921 937 937 937 949 913 928 928 913 913 881 881 881 881 881 846 846 846 824 824 829 829 777 798 798 805 777 777 674 674 674 674 674 719 741 731 719 720 674 623 623 623 623 623 653 653 653 555 555 555 555 601 601 588 588 588 556 556 556 556 509 509 537 506 506 507 507 462 489 462 462 462 434 434 384 384 384 427 384 384 384 394 375 375 354 354 354 335 335 335 329 303 303 271 271 271 270 270 101 258 258 258 101 101 240 228 228 206 207 207 170 170 176 176 105 105 105 141 141 105 105 98 98 36 36 36 84 36 60 60 48 48 12 32 12 12 
967 967 967 913 913 913 913 956 949 913 913 913 914 914 881 881 882 882 882 846 846 846 846 824 824 824 777 777 798 798 798 777 674 674 770 674 674 719 719 731 719 719 674 697 697 623 623 623 653 653 555 555 639 555 555 601 601 588 588 588 556 575 557 557 509 509 462 462 462 462 508 462 462 462 462 462 434 434 384 415 415 415 384 384 394 394 375 375 375 312 312 335 335 329 329 303 303 271 304 271 271 271 101 101 101 101 101 101 101 228 208 208 176 176 176 176 181 176 105 105 105 141 142 105 105 105 111 36 36 36 36 36 60 60 48 48 12 12 12 14 
967 967 967 913 913 913 913 913 949 949 913 913 914 881 881 881 799 799 799 799 799 799 846 846 840 824 824 777 810 799 799 777 777 777 674 674 674 674 719 719 719 719 674 697 697 623 623 623 653 653 555 555 555 555 555 555 601 601 588 588 556 556 557 557 509 544 462 462 462 462 462 462 462 468 384 384 434 434 384 384 428 415 415 415 394 395 375 375 312 312 312 312 312 329 330 303 303 271 271 271 290 271 271 245 245 245 245 245 101 228 208 208 208 208 199 176 176 176 105 105 105 141 105 105 126 105 111 85 85 36 36 52 52 52 52 12 12 12 12 14 
967 967 967 967 967 913 913 913 913 913 913 929 914 881 881 898 799 799 799 799 799 799 799 799 840 799 799 777 777 799 778 778 778 778 674 674 674 674 719 719 674 674 674 674 623 623 676 676 653 653 555 555 640 551 551 555 555 556 556 556 556 556 551 551 509 509 509 525 462 462 462 462 462 468 468 384 384 450 450 384 428 367 367 367 394 394 312 312 312 355 355 355 312 329 303 303 303 305 305 290 290 241 241 245 245 245 245 245 101 101 208 208 191 191 199 191 76 76 164 164 105 105 105 126 126 105 105 85 85 85 85 52 52 53 53 12 12 12 12 12 
981 981 967 967 967 967 913 913 913 938 938 929 914 914 881 881 881 881 883 799 799 799 799 799 799 799 799 799 799 799 778 747 747 747 674 674 674 674 674 674 674 674 674 674 623 623 676 676 653 653 555 555 640 551 551 619 555 556 556 556 556 551 551 551 551 509 509 525 509 509 509 462 462 469 468 468 384 450 384 384 428 367 421 367 367 394 312 355 355 355 312 312 312 329 303 303 303 305 305 290 291 241 241 241 259 259 245 245 223 223 223 223 191 191 191 191 76 76 76 76 105 105 106 106 112 112 105 105 85 85 86 52 52 53 53 12 12 12 12 12 
981 981 967 967 972 957 957 957 929 929 929 929 881 881 881 881 881 881 883 799 799 811 811 811 841 811 811 778 778 778 778 747 747 747 674 674 674 726 726 726 726 674 674 674 698 623 623 623 662 640 640 640 640 551 555 555 555 555 556 551 551 551 551 551 551 509 509 509 509 464 464 490 490 469 469 384 384 384 384 428 428 367 367 367 367 355 355 355 367 367 312 356 312 312 273 273 273 311 291 291 291 241 272 241 241 241 245 245 223 223 223 223 191 191 191 191 76 76 76 76 156 106 106 106 112 112 112 92 92 92 52 52 69 61 15 15 15 15 12 12 
981 981 987 929 929 957 929 929 929 923 923 923 881 881 881 881 881 881 883 799 799 811 811 811 841 811 811 778 747 747 747 747 747 747 771 674 674 726 726 681 681 674 674 674 698 663 663 623 623 640 654 640 640 551 551 555 555 555 551 551 551 551 551 551 551 509 509 464 464 464 464 464 469 469 469 384 384 384 429 428 428 428 367 367 367 355 388 367 367 368 312 312 312 312 273 273 273 273 291 273 273 241 241 241 241 241 241 241 241 223 223 191 191 191 191 191 76 76 76 76 76 106 106 106 112 112 112 92 92 92 52 52 61 61 15 15 15 15 12 12 
981 981 981 929 929 929 929 929 929 923 923 923 923 881 881 899 881 881 865 865 865 811 811 811 811 811 811 778 747 747 760 760 760 747 747 747 747 726 726 681 681 698 698 698 698 663 663 663 623 640 640 640 640 551 551 551 551 551 551 589 551 551 551 551 526 526 526 464 464 512 464 464 469 478 478 469 456 456 429 429 429 429 367 367 367 396 367 367 360 360 360 312 312 312 312 312 316 273 273 273 273 282 241 241 241 241 251 241 241 191 191 191 191 191 76 76 76 76 76 76 76 106 106 106 112 112 112 106 75 75 75 52 61 49 49 49 15 15 26 15 
982 982 981 929 929 865 865 865 865 865 923 923 881 881 881 881 881 881 865 865 865 842 842 842 842 811 811 778 778 778 760 760 760 760 747 747 747 726 726 681 681 681 681 681 699 681 681 663 623 623 623 623 623 551 551 551 551 558 558 558 558 558 558 558 526 526 526 526 464 512 464 470 469 478 469 469 456 456 429 429 367 367 367 367 367 367 367 360 360 269 269 269 343 312 312 312 312 312 273 273 273 273 241 241 241 241 251 241 241 191 229 191 191 191 76 76 76 171 171 157 157 106 106 106 106 106 106 106 75 75 75 52 52 49 49 49 15 15 15 15 
982 982 981 981 865 865 865 865 952 865 923 923 881 881 881 881 865 865 865 842 842 842 818 818 811 811 811 811 811 778 800 760 760 760 747 747 747 747 726 726 657 657 713 681 681 681 663 663 663 623 623 623 623 630 551 551 551 558 558 590 526 526 526 526 526 526 538 527 464 464 464 470 469 469 469 456 456 456 367 367 367 367 422 370 370 376 376 360 376 269 269 269 343 268 268 268 268 268 273 273 273 273 241 241 241 241 241 241 241 191 191 191 192 192 192 192 76 76 76 157 76 76 106 106 106 75 75 75 75 75 75 75 52 52 16 16 16 16 16 16 
982 982 982 982 865 931 931 931 952 865 865 930 865 865 865 865 865 842 842 842 862 862 818 818 811 811 811 818 778 778 760 760 760 726 726 726 726 726 726 726 657 657 707 707 663 663 663 677 663 623 623 623 623 623 623 551 551 602 526 526 526 570 570 559 526 526 527 527 464 464 464 470 470 470 470 456 463 367 367 367 367 367 370 370 370 376 376 376 376 269 269 269 269 268 268 268 268 268 273 273 273 283 273 241 241 241 241 241 241 192 192 192 192 150 150 150 150 150 76 76 76 76 137 137 76 76 76 75 75 87 87 76 16 16 16 17 17 17 27 17 
992 992 865 865 865 931 962 931 931 931 865 865 865 894 894 842 842 842 842 842 842 842 818 818 811 811 825 818 778 760 760 760 760 726 726 726 755 657 657 657 657 657 707 707 663 663 663 663 663 623 623 623 623 623 624 583 583 583 526 526 526 552 552 559 527 527 527 528 464 464 464 470 470 470 470 456 456 367 367 367 367 430 370 370 370 376 389 377 377 269 269 269 269 331 331 268 268 268 299 299 273 283 273 268 241 241 241 241 241 192 150 150 150 150 150 150 150 150 172 76 76 76 76 76 76 76 76 76 76 76 76 76 16 16 16 17 33 17 17 17 
992 992 865 865 865 931 931 931 931 931 931 931 894 894 894 842 842 842 842 866 842 842 818 818 818 818 818 818 778 760 760 760 760 726 726 726 657 657 732 732 657 657 714 657 657 657 682 657 657 623 623 623 623 623 624 583 583 583 526 526 526 552 552 552 527 527 527 464 464 464 464 367 367 470 470 470 456 456 367 367 435 370 370 370 370 376 376 377 269 269 269 269 269 331 331 268 268 268 299 299 273 273 273 268 241 241 241 150 150 192 150 150 150 150 150 150 150 150 150 150 150 150 113 113 113 76 76 76 16 16 16 16 16 54 54 17 33 33 17 17 
992 992 865 865 933 933 933 932 932 932 932 932 894 915 894 894 842 842 884 866 842 842 842 788 788 788 778 778 778 778 801 788 760 760 760 760 657 657 657 657 657 657 657 657 657 657 682 657 657 657 623 623 623 583 583 583 583 598 598 552 552 552 552 552 527 527 513 464 464 464 464 464 367 367 367 367 367 367 367 367 435 370 370 416 370 376 376 377 269 369 269 269 269 331 331 268 268 268 268 268 268 268 268 268 241 241 241 150 150 150 150 150 150 150 150 150 182 151 151 151 151 151 113 113 113 120 107 107 16 17 17 17 17 54 54 17 16 16 16 16 
865 865 865 865 933 933 933 932 932 932 932 932 894 894 894 894 894 842 884 866 866 842 842 830 830 788 788 778 778 778 801 788 760 760 761 761 657 657 657 657 657 657 657 657 657 657 657 657 655 655 623 623 623 583 583 583 583 583 599 552 552 576 552 552 552 513 513 464 464 464 510 464 464 464 367 367 464 436 436 436 436 370 370 416 370 376 376 377 269 269 269 269 269 269 269 269 269 269 269 269 269 269 241 241 241 241 241 150 150 150 150 150 150 150 150 150 182 151 165 151 151 113 113 113 113 120 107 107 16 17 17 17 17 17 17 17 16 16 16 16 
865 865 865 933 933 933 933 932 932 932 932 932 894 894 842 842 842 842 884 842 842 842 851 830 830 830 788 812 812 788 788 788 760 760 761 761 657 657 657 657 657 657 688 688 688 688 655 655 655 655 655 643 583 583 583 603 603 583 583 591 552 552 552 552 552 513 520 520 520 513 491 491 491 464 464 464 464 436 436 436 436 370 370 370 370 376 376 370 370 269 269 357 269 269 269 269 269 269 269 269 269 269 241 241 241 241 209 209 209 224 224 224 150 150 151 151 151 151 165 165 113 113 113 113 113 113 113 16 16 17 17 17 16 16 16 16 16 16 16 18 
865 865 865 933 933 933 933 933 933 933 933 933 894 894 842 842 842 842 842 842 851 851 851 830 830 830 788 788 788 788 789 789 760 760 761 761 657 657 657 657 657 657 688 688 688 688 655 655 655 643 643 643 583 583 583 603 603 603 583 583 583 552 552 552 552 513 513 513 513 513 491 491 491 464 464 464 464 436 436 436 436 370 370 370 370 370 370 370 370 370 269 269 269 269 269 324 269 269 269 269 269 269 269 269 241 241 209 209 209 209 209 209 209 209 151 151 151 177 165 165 113 113 113 113 113 113 114 16 16 16 16 16 16 62 16 16 16 16 16 18 
