933 933 933 966 933 933 933 933 933 858 858 858 867 867 867 867 867 867 867 798 798 798 798 798 798 798 798 788 788 788 788 715 715 715 757 715 715 715 715 715 715 661 661 661 661 661 661 661 651 574 574 574 574 574 574 574 574 574 574 580 501 501 501 501 501 501 501 501 521 501 501 467 467 467 467 467 467 386 386 386 386 416 416 416 353 353 385 385 338 338 338 338 338 338 338 282 282 282 282 282 287 287 287 253 253 253 253 253 189 189 189 189 209 189 189 189 156 156 156 156 129 129 129 129 105 105 105 105 53 53 53 53 47 47 47 1 1 1 1 1 
933 933 933 933 933 954 933 933 858 858 858 858 867 898 867 867 867 798 798 798 798 798 798 798 825 798 798 788 797 715 715 715 772 715 757 715 740 715 715 716 716 661 701 651 651 651 651 651 651 574 574 574 617 617 574 574 574 574 574 501 501 501 501 501 501 538 538 501 521 501 501 467 467 490 467 467 468 386 386 386 386 386 353 353 353 353 353 353 338 338 338 338 338 332 332 282 282 282 316 282 287 287 288 253 253 253 218 218 189 189 189 189 189 189 189 189 156 156 156 129 129 135 135 105 105 119 53 53 53 53 53 53 47 47 47 1 1 1 1 1 
987 933 933 933 933 948 948 858 858 858 858 858 867 867 867 867 867 798 798 825 825 825 825 825 825 798 814 788 797 715 715 715 715 715 715 715 740 715 715 661 661 661 651 651 673 673 673 634 634 634 641 634 617 617 617 574 574 574 574 501 501 501 501 501 551 538 538 501 501 501 501 501 467 467 468 468 468 386 386 386 386 386 353 353 353 353 397 353 338 338 338 360 353 332 332 282 282 282 282 282 291 291 253 253 253 253 218 218 189 189 189 217 189 189 190 190 156 156 156 129 129 135 136 105 125 97 53 53 53 53 53 63 63 29 29 29 29 1 1 1 
987 933 933 933 933 948 948 858 858 858 918 858 902 867 867 867 858 858 798 798 798 798 798 830 798 798 814 788 788 788 715 715 715 661 661 661 740 661 661 661 702 702 651 651 651 651 651 634 634 634 634 634 617 617 617 574 574 574 581 581 574 501 501 501 501 539 539 501 501 517 501 501 467 467 459 459 459 386 386 386 386 386 353 353 353 353 397 353 353 353 353 353 353 332 332 332 282 282 298 298 253 253 253 253 253 218 218 218 218 218 189 189 189 189 190 190 156 156 156 129 129 144 136 125 125 97 53 53 95 87 53 53 53 29 29 29 29 1 19 1 
933 933 970 933 933 934 934 934 934 918 918 858 858 899 858 858 858 858 858 858 798 798 798 798 798 814 814 798 798 788 788 715 715 661 661 661 661 661 721 721 702 702 702 651 651 662 651 651 634 634 604 604 604 617 617 574 574 574 574 574 574 501 501 501 501 539 502 502 502 502 501 501 467 467 459 459 459 386 334 334 442 353 353 417 353 353 397 334 334 353 353 361 333 333 339 333 282 282 298 298 253 253 253 253 272 218 218 218 218 218 218 218 202 202 150 150 157 157 129 129 129 129 136 125 125 97 53 53 87 87 53 53 53 53 29 29 29 1 19 1 
933 933 933 933 933 934 918 918 918 918 884 884 858 899 858 858 858 858 858 798 798 831 831 798 814 814 798 798 661 661 661 661 661 661 661 750 661 661 722 722 702 702 702 662 662 662 651 651 634 634 604 635 604 604 604 604 604 582 582 582 575 501 501 552 552 502 502 522 522 502 502 502 467 467 459 459 459 386 386 334 334 353 353 353 353 353 397 334 334 334 334 333 333 333 333 333 282 282 298 298 298 253 253 282 272 272 218 218 218 228 228 219 202 202 150 150 157 157 129 129 129 129 97 97 125 97 96 96 87 87 53 53 53 53 29 30 30 1 1 1 
933 933 967 967 933 918 918 918 918 884 884 884 858 858 858 858 858 858 858 798 798 831 831 798 814 814 798 798 661 661 661 764 764 764 750 750 661 661 722 722 702 702 662 662 662 662 651 651 634 604 604 604 604 604 604 605 605 582 582 582 575 501 501 552 552 502 502 522 503 503 511 503 459 459 459 475 459 459 386 386 334 334 423 353 353 334 334 334 334 334 334 333 333 282 282 282 282 322 298 282 282 282 282 282 272 272 218 218 219 219 219 219 150 150 150 150 157 157 169 129 129 129 97 97 97 97 96 96 96 87 53 53 64 29 29 30 22 22 2 2 
933 933 967 967 933 918 918 918 918 884 884 884 884 884 858 858 878 870 798 798 798 831 831 798 798 798 798 798 661 764 764 764 764 764 758 734 734 734 680 680 680 680 662 662 662 662 662 662 634 604 604 604 604 604 604 564 564 582 582 583 575 552 552 552 552 502 502 503 503 503 503 503 459 475 475 475 459 453 453 386 443 334 423 353 353 334 334 334 373 373 334 333 333 282 282 298 298 298 298 282 299 254 254 254 254 254 218 218 219 150 150 150 150 203 195 150 150 157 157 129 129 129 97 96 96 96 96 97 97 87 53 53 29 29 30 30 22 22 2 3 
933 933 971 933 933 918 918 903 903 903 903 885 885 884 884 884 870 870 798 798 831 831 838 798 798 798 798 798 661 661 661 661 661 661 758 734 734 734 680 680 680 680 680 686 686 680 674 634 634 634 634 564 564 564 564 564 564 575 575 575 575 552 552 502 502 502 540 503 523 503 503 504 459 459 459 459 459 453 453 386 386 334 423 334 334 334 386 386 373 373 334 299 299 299 282 282 282 282 282 282 299 254 254 254 254 254 254 219 219 150 150 150 195 195 195 150 150 177 157 157 129 129 97 97 97 97 97 97 87 87 29 29 29 54 30 30 22 22 2 2 
933 933 971 933 903 903 903 903 935 903 903 885 885 885 884 884 870 870 798 798 831 831 831 798 798 798 798 798 799 759 759 759 773 661 661 661 661 723 723 680 680 680 680 686 680 680 674 634 634 634 634 564 613 613 613 613 564 575 575 575 575 552 552 502 502 502 540 503 503 503 503 497 497 476 476 476 431 431 431 431 386 334 334 334 334 334 386 386 373 373 334 299 299 299 299 299 299 299 282 282 299 219 219 219 278 254 254 219 219 239 150 150 195 195 195 150 170 170 170 150 150 87 87 87 120 120 87 87 87 29 29 29 29 54 48 30 30 2 2 2 
933 933 933 933 903 903 903 935 935 903 903 885 885 885 885 885 870 870 798 859 808 808 831 831 799 799 799 799 799 759 789 759 759 661 661 661 661 723 723 680 680 680 680 680 680 674 674 663 634 634 564 564 613 613 613 613 564 575 575 564 564 564 564 502 502 502 540 503 503 503 503 497 497 476 476 476 431 431 431 431 386 424 424 386 386 386 386 386 373 373 334 362 299 299 299 306 306 299 299 299 299 219 219 219 219 254 254 254 219 239 150 210 210 150 150 150 170 150 150 150 151 87 87 87 87 87 87 87 87 29 29 29 48 48 48 39 2 2 4 4 
982 981 933 933 903 955 903 903 903 903 903 885 885 900 885 798 798 798 798 808 808 808 832 832 799 799 799 799 759 759 789 759 759 759 759 661 723 723 723 723 674 674 674 674 674 674 675 663 564 564 564 636 606 606 613 613 564 596 564 564 565 565 565 502 502 502 502 503 503 503 433 433 433 482 482 431 431 431 431 448 386 386 386 386 411 386 386 387 373 373 334 334 334 334 334 306 306 299 299 219 219 219 219 283 219 219 219 219 219 150 150 210 210 150 150 150 150 150 158 158 145 87 87 87 87 113 113 87 87 29 29 73 29 29 29 39 2 23 4 4 
982 981 941 941 903 903 903 903 903 903 903 909 885 900 885 798 798 798 808 808 854 808 808 808 808 808 815 808 759 765 765 759 759 759 661 661 723 723 723 674 674 674 674 674 674 663 663 663 564 636 636 636 606 606 606 606 564 564 564 518 518 518 518 518 502 502 502 503 503 503 433 433 433 482 482 433 449 449 431 431 431 431 411 411 411 378 378 378 378 348 348 348 334 334 334 334 306 306 306 219 219 219 219 244 244 219 219 229 229 150 210 210 210 150 150 150 150 178 145 145 145 87 87 113 113 113 87 87 98 29 29 29 29 55 29 29 2 2 4 4 
982 982 941 941 941 903 903 903 903 903 903 909 885 885 885 798 798 798 798 846 846 808 808 808 808 808 815 808 759 765 765 774 774 765 661 751 661 661 661 674 717 674 674 674 674 663 676 664 564 636 636 636 606 606 606 606 606 518 518 518 518 518 518 518 502 502 502 503 503 433 433 433 433 433 433 433 449 449 431 431 432 432 411 411 378 378 378 378 378 348 348 348 334 334 335 335 306 306 306 219 219 219 219 244 244 219 219 229 229 150 150 150 150 150 150 150 150 178 145 159 145 145 87 87 87 87 87 29 29 29 29 29 29 29 29 29 31 2 4 4 
941 941 941 960 941 941 941 903 903 903 903 903 903 886 886 886 798 798 798 846 846 808 808 808 808 808 808 808 759 765 765 765 765 765 661 661 661 661 661 674 717 564 564 564 564 663 663 664 564 642 642 606 606 606 606 606 606 518 518 518 518 518 518 518 553 529 529 503 503 433 433 460 460 460 460 460 449 449 449 449 432 432 411 411 378 378 378 378 378 348 348 348 348 348 335 335 306 306 306 306 219 219 289 244 244 273 255 229 229 229 229 150 150 150 150 191 152 152 145 145 145 130 130 130 87 87 29 29 88 88 29 31 31 31 31 31 31 2 2 5 
941 941 941 960 960 941 941 941 886 886 904 903 903 886 887 887 846 846 846 846 846 846 808 808 816 816 816 759 759 765 765 765 765 765 760 661 661 661 674 674 717 564 564 564 564 663 663 564 564 412 412 606 606 606 606 606 518 518 591 518 518 518 518 518 553 529 529 529 433 433 433 460 460 460 460 460 460 460 433 433 432 432 411 411 378 378 398 388 363 363 363 363 349 349 335 335 327 306 306 306 219 219 289 244 255 255 255 255 229 229 230 150 150 150 150 191 152 152 152 152 130 130 137 131 87 87 29 29 88 29 29 2 2 2 32 32 32 2 2 5 
972 972 941 941 941 941 949 886 886 886 904 910 904 886 887 887 846 860 846 846 846 846 816 816 816 817 759 759 800 760 760 760 760 760 760 661 661 735 674 674 661 661 564 564 564 564 564 564 412 412 412 412 412 606 606 606 518 518 518 518 518 518 518 518 524 524 524 524 433 433 433 498 498 433 433 433 433 433 433 433 433 433 374 374 374 388 388 388 363 363 363 363 349 336 336 323 327 306 317 306 219 219 289 244 255 255 255 255 229 229 230 182 182 182 182 182 152 152 152 152 130 146 131 131 87 87 114 29 29 29 2 2 65 2 2 40 2 2 5 5 
972 972 972 949 949 949 949 886 886 886 904 904 904 886 887 887 846 860 860 860 846 846 816 816 816 817 759 800 800 760 760 760 661 661 661 661 661 732 732 661 661 661 564 652 652 681 564 564 412 412 412 412 412 620 597 597 518 518 518 584 518 518 518 518 524 524 524 524 524 518 433 498 498 433 433 433 450 450 450 434 434 434 374 374 374 388 388 374 374 363 363 363 349 336 336 323 323 306 306 306 289 289 289 244 274 274 244 244 244 211 211 182 182 182 182 182 182 152 152 160 130 130 131 131 114 114 114 29 29 66 2 2 2 2 2 40 2 5 5 6 
973 973 973 949 949 886 886 886 886 919 919 886 886 886 887 887 868 868 833 833 833 833 833 833 817 817 759 759 759 760 760 760 661 661 661 661 661 732 732 661 661 661 564 564 652 652 652 665 412 412 412 412 412 412 597 597 597 597 518 584 570 570 518 518 524 524 524 518 518 518 433 433 433 433 433 433 450 450 450 434 434 434 374 374 374 374 374 374 374 349 349 349 349 336 336 336 323 323 261 261 289 289 289 244 244 244 244 245 245 211 211 211 182 182 182 182 182 152 152 152 152 130 138 114 114 114 106 106 66 66 66 66 66 2 2 2 2 5 5 6 
973 886 886 886 949 886 905 905 886 886 886 886 886 886 886 868 868 868 833 833 833 833 833 833 817 817 817 759 759 794 760 760 661 661 661 741 741 732 732 661 661 687 564 564 652 652 652 652 652 646 412 412 626 412 412 597 597 598 518 518 570 518 518 518 518 518 518 518 412 412 505 505 433 433 433 433 450 450 450 450 434 434 374 418 374 374 374 389 374 349 349 354 354 261 261 261 261 261 261 261 261 261 261 261 261 261 261 245 245 211 211 211 211 182 182 183 183 152 130 130 130 130 138 114 114 114 106 66 66 66 66 66 66 2 2 2 33 24 5 6 
886 886 974 886 949 886 905 905 920 920 920 886 886 886 886 868 868 868 868 801 801 801 801 801 801 801 801 759 759 759 760 760 661 661 661 661 661 661 661 661 661 687 564 564 564 564 652 652 646 646 412 412 412 412 412 614 607 592 592 518 518 518 566 412 412 412 412 412 412 412 412 412 412 412 412 412 412 412 412 412 434 434 374 374 374 374 374 389 374 374 349 349 355 261 340 261 261 261 261 261 261 261 261 279 275 246 246 246 139 139 139 220 139 139 196 152 152 152 130 130 130 130 130 130 126 106 106 66 66 66 67 67 67 2 49 5 5 24 5 5 
886 886 886 886 886 886 950 905 905 905 905 905 905 886 886 888 868 871 801 801 847 847 801 801 801 822 801 759 759 759 759 775 724 724 661 661 661 661 724 724 718 687 687 693 687 564 666 666 646 646 412 412 412 412 412 607 607 592 592 518 518 412 412 412 412 412 530 530 512 512 512 483 483 412 412 477 451 451 451 412 412 412 412 412 412 374 379 379 379 349 349 349 355 261 340 261 261 261 261 261 261 261 261 279 275 246 246 246 139 139 139 139 139 139 152 152 161 161 130 130 139 139 139 2 126 106 106 2 2 2 2 2 2 2 5 5 5 5 5 5 
975 975 886 886 886 886 886 905 905 886 886 911 886 886 886 868 868 871 801 801 847 847 801 801 801 822 801 801 759 759 759 775 724 724 724 724 724 724 724 718 718 687 687 693 687 564 666 666 643 643 621 621 621 621 412 607 607 412 412 412 412 412 512 512 512 512 512 512 512 483 483 483 483 412 412 451 451 461 451 451 412 412 374 374 374 374 379 379 379 349 349 349 355 261 261 261 328 261 261 307 261 261 279 279 275 275 262 246 246 139 139 139 139 139 152 192 161 161 161 161 139 139 140 2 126 2 2 2 74 74 74 74 2 2 5 5 5 5 5 5 
975 975 886 886 886 886 886 886 886 886 886 886 886 868 868 868 868 801 801 801 839 847 839 801 801 779 779 801 801 775 775 775 775 707 707 707 742 707 707 718 718 687 687 687 687 564 643 643 643 643 621 621 621 621 412 607 607 412 412 412 412 412 512 554 554 512 512 525 525 483 513 469 469 469 469 451 461 461 425 425 425 425 374 405 374 374 379 379 379 349 349 350 261 261 261 261 292 292 292 307 261 261 279 279 279 262 262 139 139 231 231 139 139 139 152 152 184 139 139 139 139 139 2 2 2 2 107 107 74 82 82 34 34 34 5 5 5 5 5 5 
975 975 975 942 942 886 886 886 886 886 921 868 868 868 868 868 868 801 861 861 839 847 839 809 779 779 779 779 802 775 775 775 775 707 707 707 707 707 707 707 707 707 687 687 564 564 643 643 643 643 643 621 621 621 412 412 593 593 593 412 412 412 512 512 512 512 512 483 483 483 513 469 469 469 469 451 451 462 425 425 425 425 425 405 380 380 379 379 379 349 349 350 350 350 341 292 292 324 292 292 292 292 262 262 262 262 263 139 139 231 231 139 212 139 139 139 139 139 162 162 139 139 2 2 2 107 107 74 74 82 82 34 68 34 5 5 5 5 5 5 
975 975 976 942 942 886 886 886 886 886 868 868 868 868 868 868 879 801 861 861 839 839 839 809 779 779 779 779 779 779 779 779 752 752 707 707 707 733 733 694 708 708 687 687 564 627 627 627 627 627 627 627 627 412 412 412 593 412 412 412 412 412 512 512 512 512 512 483 483 483 483 483 452 469 469 469 469 452 452 425 425 435 425 405 380 380 380 380 380 349 349 341 341 341 341 292 329 292 318 292 292 262 262 262 262 263 263 139 139 240 139 139 204 204 162 162 162 162 162 74 74 74 74 107 107 107 107 74 89 34 34 34 34 34 5 5 5 5 7 7 
906 906 906 906 942 886 886 942 886 886 868 912 868 868 868 889 801 801 861 861 818 818 818 809 809 779 779 809 707 707 780 780 752 752 752 752 707 733 733 694 694 694 694 694 564 564 677 627 627 644 644 585 585 412 412 412 593 412 412 571 571 571 512 512 512 512 512 512 514 514 514 483 452 452 452 452 452 452 452 425 425 425 425 405 405 405 381 381 381 349 349 341 341 341 341 292 292 292 300 300 300 262 262 262 262 263 263 256 139 139 139 204 204 204 162 193 154 171 171 74 74 74 74 107 107 107 107 74 89 34 83 75 34 34 50 5 5 20 20 8 
906 906 906 906 942 942 942 942 886 886 868 868 868 889 889 889 801 801 801 818 818 848 818 818 809 809 809 809 707 707 707 707 776 707 707 707 707 564 564 564 564 564 564 564 688 564 564 653 653 585 585 585 585 585 585 412 412 412 412 571 571 512 512 512 512 512 512 512 514 514 514 483 483 491 470 470 470 452 452 425 436 436 426 400 400 406 381 381 381 356 356 356 341 341 341 213 213 325 300 290 290 290 262 262 262 256 256 256 247 185 185 204 204 204 162 154 154 171 171 74 74 74 74 74 74 74 74 74 89 34 34 75 69 34 34 34 34 20 20 8 
906 983 906 906 906 906 906 906 906 906 906 906 906 889 889 872 872 872 801 818 707 707 707 818 818 809 809 707 707 707 707 707 776 707 709 709 709 564 564 564 564 564 564 564 564 564 564 653 585 585 585 585 622 622 585 585 571 571 571 571 571 512 512 512 512 512 531 531 514 514 484 484 483 483 470 470 452 452 454 425 425 426 426 400 400 399 381 381 381 356 356 356 356 213 213 213 213 325 300 290 301 290 290 247 247 256 256 247 247 185 232 162 162 162 162 154 153 153 153 153 153 74 74 74 74 74 90 90 89 89 34 34 69 34 34 41 20 20 20 8 
906 983 906 906 906 906 906 906 936 929 907 907 907 889 889 872 872 872 801 707 707 849 707 707 818 818 818 707 766 707 707 707 707 707 709 709 709 709 719 719 719 564 564 564 564 653 653 653 585 585 585 585 585 623 585 585 571 571 571 572 572 572 556 556 531 531 531 526 526 484 484 484 484 483 483 452 452 452 452 452 425 426 390 400 400 399 399 390 356 356 356 356 357 213 213 213 213 325 213 213 213 290 290 247 247 247 247 247 248 185 185 162 162 162 162 154 153 153 153 153 153 74 74 74 74 74 90 90 90 34 34 34 20 20 20 20 20 20 20 8 
906 891 891 891 891 906 906 906 929 929 907 872 872 872 872 872 872 872 801 707 707 707 707 707 707 707 819 707 766 766 766 766 766 766 709 709 743 709 719 719 719 564 564 564 564 653 653 647 647 647 585 585 585 623 585 585 608 571 571 556 556 556 556 515 531 531 531 526 526 484 484 484 484 484 484 452 452 452 425 425 425 426 390 390 400 400 400 390 356 356 356 356 357 213 213 213 213 325 213 308 213 213 213 247 247 247 248 248 248 185 185 221 162 205 162 154 154 154 153 153 74 74 74 74 74 74 108 108 90 34 34 34 20 42 42 42 8 8 8 8 
906 891 977 891 891 929 929 929 929 907 907 872 872 872 872 872 872 872 801 707 707 707 707 826 826 707 707 707 766 766 766 766 709 709 709 709 709 709 709 709 709 709 564 564 564 653 653 667 654 585 585 585 585 585 585 585 608 556 556 556 556 556 557 515 515 531 531 531 515 515 515 484 484 484 484 478 425 425 425 425 425 426 427 390 390 390 390 390 293 293 293 293 293 213 213 213 213 325 213 308 213 213 213 213 213 213 248 248 248 185 185 185 162 162 162 154 154 154 163 163 74 74 74 74 74 74 108 108 90 90 34 34 20 20 20 20 8 8 9 9 
906 891 977 891 891 929 929 929 937 907 922 872 872 872 872 872 872 872 801 707 707 840 840 826 826 707 707 803 781 781 781 781 709 709 709 709 709 709 709 709 709 709 564 564 564 654 654 654 654 585 585 585 628 585 585 556 556 556 556 556 556 556 557 557 515 531 531 531 515 478 478 492 492 492 478 478 425 425 425 425 425 426 390 390 390 390 390 390 293 293 293 293 293 213 213 213 213 213 213 308 213 213 249 249 213 213 213 213 213 213 213 185 185 185 185 185 185 154 154 154 154 74 74 91 91 99 99 99 99 34 34 34 20 20 20 20 8 8 9 9 
906 906 891 891 891 929 929 929 937 907 922 872 872 872 869 869 872 872 801 801 855 801 841 823 823 823 803 803 781 781 709 709 709 709 709 709 744 709 709 709 710 710 695 695 654 654 654 654 654 585 585 585 585 585 585 556 556 556 556 556 576 558 558 558 515 547 515 515 515 478 478 478 478 478 478 479 425 425 425 425 425 426 390 390 390 390 390 390 293 293 293 293 293 213 213 293 293 293 293 293 293 293 249 249 213 213 213 213 213 213 213 222 213 185 185 186 186 172 172 164 91 91 91 91 91 91 91 100 100 34 34 34 20 56 20 20 8 25 9 9 
906 906 891 929 929 929 929 929 937 907 907 907 907 869 869 869 872 872 869 801 801 801 841 823 823 823 803 803 803 709 709 709 709 709 753 753 709 709 725 725 710 711 695 695 654 654 654 654 654 585 585 585 585 624 585 556 556 558 558 558 558 558 558 558 515 547 515 471 471 478 471 471 471 471 479 479 425 425 425 425 444 382 382 382 382 382 391 391 293 293 370 364 293 342 293 293 293 293 293 293 249 249 249 249 249 249 213 213 213 213 233 213 213 185 185 186 186 172 173 164 91 91 91 121 121 121 91 84 84 84 8 8 20 20 20 8 8 9 9 9 
988 891 891 891 891 956 862 862 862 923 923 913 869 869 890 869 873 873 869 801 801 823 823 823 827 804 804 804 804 709 709 709 767 767 753 753 709 709 725 725 710 710 654 654 689 654 654 585 585 585 585 585 629 624 585 585 585 558 558 558 559 559 559 559 515 515 515 471 471 478 471 506 471 471 479 471 471 425 425 425 444 382 382 413 413 382 391 391 293 293 364 364 293 342 293 309 309 309 309 249 249 249 249 249 249 249 213 257 213 213 213 213 214 197 197 164 164 172 164 164 141 141 141 121 121 122 91 84 84 84 84 8 8 8 51 8 35 9 9 9 
988 891 891 891 891 956 862 862 862 862 862 913 869 869 869 869 873 873 869 801 801 823 823 834 804 804 804 804 649 649 649 709 709 709 709 709 709 709 709 709 710 710 654 654 654 654 654 585 655 585 585 585 624 624 585 585 585 594 594 558 558 558 558 541 541 541 541 471 471 471 471 506 471 471 471 471 463 463 444 444 444 382 382 413 413 382 382 382 382 364 364 365 293 342 293 293 293 326 309 249 249 249 249 249 249 249 213 213 213 213 213 223 197 197 198 164 164 164 164 165 141 141 141 115 115 122 91 91 91 91 85 8 8 8 51 8 35 9 9 10 
988 915 915 915 891 891 862 862 862 862 862 862 862 862 869 869 869 869 869 835 835 823 823 804 804 804 804 804 649 782 649 649 649 736 736 736 709 709 709 709 654 654 654 690 690 585 585 585 655 585 585 585 624 624 585 585 585 585 585 558 558 558 558 541 541 541 471 471 480 480 480 480 480 485 485 480 463 463 444 445 445 382 407 407 407 407 293 293 293 364 293 293 293 342 342 293 293 326 309 309 249 249 280 280 280 249 249 249 249 223 223 223 197 164 164 164 174 174 174 115 115 115 115 115 115 122 115 43 43 43 85 57 57 8 51 8 8 10 10 10 
988 915 915 915 961 891 891 891 891 891 891 862 862 862 869 869 880 874 835 835 835 823 823 804 804 804 804 804 805 782 782 782 649 736 736 736 736 736 709 709 654 690 690 690 690 585 585 585 585 585 577 577 577 577 609 609 609 585 585 558 558 558 558 541 541 471 471 532 480 480 480 507 480 480 480 480 463 463 444 445 445 382 407 407 408 408 293 392 293 293 293 351 351 351 293 293 330 302 302 302 249 249 280 280 224 224 224 224 224 224 224 224 197 197 197 59 59 175 175 115 115 115 127 127 115 115 115 43 43 43 85 57 57 8 51 8 8 10 10 10 
984 984 978 915 951 951 891 891 891 891 891 862 862 862 862 862 874 874 835 835 835 850 823 823 823 804 804 783 783 783 783 783 649 768 736 736 745 703 703 703 654 690 690 690 690 654 654 577 577 577 577 637 577 577 609 609 609 585 585 585 558 558 558 541 541 471 471 480 480 507 507 507 480 480 480 480 444 444 444 445 445 382 409 409 408 408 293 293 293 351 351 351 293 293 293 330 330 302 302 302 302 224 224 224 224 264 264 234 234 234 234 206 206 206 59 59 59 115 115 115 59 59 127 127 101 101 101 109 43 43 43 58 57 8 8 8 36 10 10 10 
984 978 978 915 951 951 951 943 891 891 891 891 891 862 862 862 874 862 862 862 835 850 835 835 823 804 804 783 790 790 783 783 649 737 737 737 737 703 703 703 654 654 654 654 654 654 654 577 577 577 577 637 577 577 618 609 609 577 577 577 577 516 516 516 516 548 471 480 480 507 507 480 480 480 480 480 444 382 382 382 446 382 409 409 408 408 383 383 293 293 366 366 293 343 343 293 293 302 302 224 224 224 224 224 264 264 234 234 206 206 206 206 206 59 59 59 59 115 59 59 59 59 127 127 101 101 101 109 43 43 43 58 57 57 26 26 26 26 11 11 
984 978 978 915 943 943 943 943 924 924 891 891 891 891 891 862 862 862 837 837 835 835 835 836 823 804 804 810 806 790 790 649 649 737 726 726 737 737 703 703 703 712 703 654 654 654 654 577 577 577 577 577 630 577 577 577 577 577 586 586 516 516 560 560 516 516 471 471 480 480 507 480 480 480 480 480 444 382 382 382 446 382 419 409 409 409 383 383 383 293 293 293 293 293 293 293 293 293 293 224 224 224 224 276 264 264 234 234 206 241 206 225 206 59 59 59 59 59 59 59 59 59 127 127 127 101 101 43 43 43 43 58 58 58 26 26 26 26 11 11 
984 984 915 915 943 943 943 944 924 924 924 837 837 837 837 837 837 837 837 837 837 835 835 823 823 804 804 804 806 790 790 649 649 737 726 726 726 738 703 703 703 703 703 654 654 654 678 577 577 577 577 577 630 577 577 577 577 577 516 516 516 516 516 516 516 516 516 471 471 480 480 480 480 444 444 444 444 382 382 382 382 382 419 419 409 409 358 358 358 367 367 293 293 344 344 293 293 293 293 224 224 224 224 276 276 276 234 234 206 206 206 206 206 59 59 59 59 155 155 155 59 59 127 127 101 101 116 43 43 43 76 76 58 58 26 26 37 11 11 11 
915 915 915 968 943 944 944 944 924 925 925 837 837 837 837 837 837 875 837 837 837 837 823 823 823 804 804 804 784 784 784 784 649 649 726 754 726 726 726 726 696 704 704 654 654 654 654 654 654 577 577 577 577 577 577 577 577 577 516 516 516 516 516 516 516 549 516 516 471 480 480 480 480 444 444 444 444 382 382 382 437 437 358 358 358 358 358 358 358 367 367 367 293 293 293 293 310 310 310 224 224 224 224 206 206 206 234 234 250 206 147 147 147 59 59 194 155 155 155 155 59 59 127 127 101 123 101 101 101 43 76 77 26 26 26 26 11 11 11 11 
915 985 968 968 943 944 944 944 924 914 914 837 837 837 837 837 837 875 837 837 837 837 823 823 823 804 804 804 784 784 791 777 777 649 726 726 726 726 726 726 696 696 696 696 654 654 654 654 654 577 577 577 610 610 577 577 577 577 516 516 567 567 567 516 516 516 516 516 519 480 480 480 480 444 444 444 444 464 382 382 437 437 358 358 358 401 401 358 358 367 367 367 358 293 293 294 294 310 310 310 224 224 224 206 206 206 265 206 206 206 147 226 147 147 147 147 155 179 155 155 59 59 127 127 101 101 101 101 102 43 76 26 26 26 26 26 11 11 11 11 
915 968 968 943 943 957 924 924 924 914 914 914 837 837 892 804 804 804 837 837 837 837 837 837 804 804 804 804 784 784 777 777 649 649 726 726 726 726 726 727 654 654 705 697 654 654 654 668 656 577 577 577 610 610 610 610 610 577 577 587 567 567 567 516 533 516 516 533 519 519 493 493 493 493 444 444 464 464 382 382 438 438 358 358 358 393 393 393 358 358 358 358 358 293 293 294 294 310 310 310 224 224 224 206 206 206 206 206 242 242 147 226 147 147 147 147 155 155 155 155 59 59 59 59 59 101 101 101 102 43 76 26 26 26 26 26 26 11 11 11 
915 968 968 943 943 943 924 924 924 926 926 837 837 837 892 804 804 804 837 837 837 837 804 804 804 811 811 811 784 784 777 777 649 649 726 726 726 726 726 727 654 654 697 697 654 654 654 668 656 577 577 577 610 610 610 610 577 577 577 577 578 567 567 516 533 533 533 533 493 493 493 499 499 486 486 252 252 252 252 252 438 358 358 414 414 393 393 375 375 358 358 358 224 224 294 294 294 294 294 294 224 224 224 206 206 266 266 242 242 147 147 147 147 207 147 147 147 155 155 166 155 13 13 13 59 59 59 43 43 43 76 78 26 26 26 26 26 11 11 11 
915 829 968 943 943 943 945 945 924 924 837 837 837 837 892 804 804 851 851 851 851 851 804 804 828 811 811 795 795 784 784 649 649 649 746 746 746 726 726 727 654 697 697 654 654 682 657 657 657 577 577 577 577 577 577 577 577 577 577 577 567 567 567 516 516 516 516 516 493 494 494 486 486 486 487 252 472 410 410 252 252 358 252 252 252 393 393 375 375 358 358 358 224 224 224 294 294 294 294 294 224 224 224 284 206 266 266 242 242 147 147 147 147 207 147 147 147 180 155 155 155 13 13 13 128 59 59 43 76 76 76 78 26 26 26 26 26 26 11 11 
915 829 968 968 924 924 924 924 924 924 837 837 837 892 892 804 804 804 863 863 804 804 804 804 828 792 792 795 795 795 649 649 746 746 746 649 649 728 728 654 654 654 654 654 679 679 657 658 658 577 577 577 631 588 588 588 588 588 588 588 567 567 567 516 516 516 516 516 493 493 494 494 494 494 487 252 472 410 410 410 252 358 252 286 252 252 252 252 375 375 358 358 224 224 224 294 294 294 294 294 294 294 224 284 206 206 266 242 242 243 235 147 147 13 13 13 147 147 147 147 147 147 13 13 13 59 43 43 43 43 43 43 43 43 43 26 26 26 11 11 
915 829 968 968 924 924 924 924 924 930 829 829 829 892 892 804 881 804 804 804 804 804 804 804 792 792 792 792 792 792 649 649 746 649 649 649 649 649 728 654 654 654 654 679 679 679 679 658 577 577 577 577 631 588 599 599 599 599 550 550 579 550 550 516 516 516 516 516 516 516 516 487 487 487 487 252 472 410 410 410 252 252 252 286 286 286 286 252 252 252 358 358 224 224 224 224 224 311 311 311 294 294 224 281 281 206 206 206 206 235 235 147 13 13 199 13 13 13 147 147 148 148 13 103 13 59 43 43 43 92 59 59 59 59 43 43 26 26 11 11 
915 829 924 924 924 924 924 930 930 930 829 829 829 804 804 804 804 804 804 804 856 804 842 792 792 812 812 792 792 792 792 649 649 649 755 755 649 649 728 728 654 654 654 679 679 588 588 658 577 648 588 588 588 588 599 599 599 600 550 550 550 550 550 534 534 516 516 527 527 516 516 487 487 487 487 252 252 410 410 410 447 252 252 286 286 286 286 384 384 252 252 252 252 252 252 312 224 224 224 224 224 224 224 281 281 206 206 206 206 235 235 147 13 13 13 13 167 13 13 13 13 13 13 103 13 59 59 59 59 59 59 70 70 38 38 11 11 11 11 12 
915 829 924 924 924 958 930 930 938 829 829 829 829 804 893 804 804 804 804 804 804 804 842 792 812 812 812 812 748 748 748 748 748 769 755 755 649 649 649 649 654 654 654 698 679 679 588 658 658 648 588 638 632 615 615 599 599 600 550 550 550 550 550 534 534 534 542 527 527 508 508 508 487 495 488 252 252 410 410 410 410 410 410 410 410 286 286 286 286 376 252 252 359 252 252 312 312 312 312 312 224 224 224 285 277 277 267 206 206 147 147 147 215 208 13 13 167 167 167 167 132 132 103 103 13 13 13 13 13 13 86 70 70 38 38 11 11 11 11 12 
915 829 924 924 924 930 930 829 829 829 927 829 829 804 893 804 804 804 804 804 804 804 842 792 812 787 787 787 748 748 785 785 748 755 755 755 649 649 649 649 654 654 654 698 679 679 588 588 588 648 588 588 632 615 615 599 599 600 550 550 550 550 561 561 534 534 542 527 527 508 508 487 487 488 488 455 455 410 410 410 410 428 428 410 410 394 394 394 286 286 359 359 359 252 313 312 312 313 313 313 224 295 224 277 277 267 267 206 206 147 147 147 147 208 13 13 13 132 132 132 132 132 103 103 103 103 103 110 103 13 13 13 70 38 38 38 11 12 12 12 
915 829 829 829 962 930 930 829 927 927 927 829 829 804 804 804 804 852 852 852 852 852 842 792 812 787 787 787 748 748 748 748 748 755 755 755 649 649 649 649 649 649 698 698 679 679 588 588 588 648 588 588 615 615 615 599 599 568 568 568 568 550 561 561 534 534 534 534 487 487 487 487 500 488 455 455 455 455 455 420 420 420 410 410 394 394 395 395 286 286 252 252 252 252 313 312 312 313 314 314 224 224 224 277 277 267 267 206 206 206 236 147 147 13 187 13 13 132 132 132 132 132 132 132 44 44 103 103 103 79 79 13 13 38 38 38 11 11 21 11 
915 915 915 829 829 829 829 829 927 927 927 829 829 804 804 804 804 852 852 852 852 853 842 792 812 812 787 787 748 748 748 761 748 755 755 691 691 691 691 691 691 649 649 649 649 649 669 669 588 648 588 588 615 615 615 599 599 568 568 568 568 550 562 562 535 535 535 535 487 487 488 488 488 488 455 481 455 455 456 420 420 420 410 410 410 410 395 395 286 286 252 252 252 252 313 313 313 313 224 224 224 224 206 206 206 267 267 206 206 206 147 147 13 13 187 13 13 13 132 132 132 142 142 44 44 44 44 44 79 79 79 79 13 13 38 38 38 11 11 11 
964 964 915 963 963 829 829 915 915 915 915 829 829 894 894 804 804 852 852 857 857 842 842 792 792 812 812 787 807 761 761 761 748 748 755 691 691 691 691 691 691 691 691 691 691 649 649 670 588 588 645 588 615 615 615 615 568 568 568 568 568 550 550 550 535 535 535 535 487 487 488 488 488 488 455 481 455 455 455 368 368 420 410 410 402 402 402 368 368 286 286 286 286 252 252 252 252 252 224 224 224 224 206 206 206 267 267 258 206 206 147 147 13 13 187 187 187 13 132 132 142 142 44 44 44 44 44 44 79 44 44 44 71 13 13 13 13 11 11 13 
964 964 915 915 915 915 915 915 931 931 915 915 829 894 894 804 804 852 852 857 842 842 843 792 792 792 792 787 787 761 761 786 748 748 729 747 747 691 691 691 691 691 699 699 683 683 649 649 659 588 588 588 615 611 611 611 568 568 568 568 568 568 568 550 550 550 535 535 487 487 509 488 488 488 455 481 455 455 455 368 368 420 420 420 402 402 368 368 368 368 368 286 286 252 252 286 286 252 319 224 224 206 206 206 268 268 268 258 206 227 227 147 147 13 13 13 13 13 176 142 142 142 44 44 44 44 44 44 44 44 44 44 44 44 52 44 13 13 13 13 
964 964 915 915 931 931 931 931 931 931 915 915 829 895 895 804 882 852 852 857 842 843 843 792 792 792 792 792 787 787 761 748 748 770 729 729 729 691 691 691 671 671 671 671 683 639 639 649 649 649 639 639 611 611 611 611 611 568 568 568 568 568 568 563 536 536 536 457 487 487 509 509 496 496 455 455 455 455 455 368 368 368 368 368 368 368 368 368 368 368 368 286 286 252 252 286 286 252 252 224 224 206 206 206 206 206 206 258 206 206 227 227 147 188 188 188 176 176 176 142 142 142 44 44 111 111 111 111 44 44 44 72 72 44 44 44 14 14 14 14 
964 964 969 969 931 931 931 931 939 931 916 916 829 895 896 804 804 804 804 843 843 843 844 792 792 762 762 762 762 787 761 748 748 748 748 748 729 729 691 691 671 671 706 671 639 639 639 639 639 639 639 639 611 611 611 612 612 568 568 568 568 568 568 563 536 536 536 457 457 457 457 496 496 465 465 465 465 455 455 368 368 368 403 368 368 403 403 368 368 377 368 368 286 345 345 286 286 252 252 269 269 269 269 269 269 269 206 206 206 206 206 206 147 188 188 188 176 176 112 112 112 112 112 133 111 111 111 111 44 44 72 72 60 60 44 44 14 14 14 15 
964 964 964 964 931 931 952 931 939 931 916 829 829 895 876 876 876 876 804 843 829 829 829 829 829 762 762 762 762 787 761 761 761 761 761 748 748 729 671 671 671 671 706 671 639 684 639 639 660 639 639 639 595 595 595 595 595 595 595 568 569 569 569 563 536 536 536 536 457 457 457 496 465 465 465 465 465 455 455 368 439 439 403 403 403 403 403 368 368 377 368 369 286 286 286 286 286 252 320 269 303 269 269 269 269 269 269 259 206 206 206 206 147 200 200 188 188 112 112 149 149 149 112 112 112 15 15 15 60 60 60 60 60 15 15 15 15 15 15 15 
986 964 964 964 964 940 940 931 931 931 916 829 883 883 876 876 876 804 804 804 829 820 820 820 820 820 820 762 762 787 787 787 762 762 762 729 729 729 671 671 671 671 671 671 639 639 639 639 639 595 595 595 595 619 619 595 595 601 563 563 563 563 563 563 536 543 543 457 457 496 496 496 465 465 465 465 465 465 368 368 404 404 404 403 403 403 403 368 368 368 368 331 331 331 331 286 286 252 252 269 251 269 269 269 269 251 251 259 251 206 206 206 147 200 200 188 188 112 134 134 143 143 143 134 15 15 117 15 15 15 15 80 15 15 15 15 15 27 16 16 
986 986 965 965 965 940 940 931 931 932 916 829 883 883 883 883 883 804 804 804 829 820 820 820 820 820 762 762 796 762 762 762 762 762 762 729 729 729 729 729 671 671 671 692 692 639 639 639 639 595 595 595 595 619 619 563 563 601 563 589 536 536 536 536 536 543 457 457 528 465 465 465 465 465 465 465 465 466 368 415 404 404 404 403 403 403 368 368 368 371 371 331 337 331 331 286 286 286 252 252 251 251 251 251 251 251 251 251 251 206 206 206 147 200 200 112 112 112 112 134 143 134 134 134 15 124 15 15 93 93 15 15 15 61 15 15 15 16 16 17 
986 986 965 965 940 940 940 946 940 916 916 829 883 883 883 883 804 804 804 864 829 820 820 820 820 820 762 813 796 762 762 762 763 763 763 729 729 730 730 730 713 713 671 692 692 639 639 639 650 595 595 633 633 619 619 563 563 563 563 589 536 536 555 555 555 537 457 457 528 465 465 465 465 465 465 465 465 466 368 415 415 404 404 421 368 368 368 396 368 371 371 331 337 331 331 331 331 286 321 252 296 296 270 270 270 270 270 147 147 147 147 147 147 200 200 112 112 112 112 134 134 134 112 112 15 15 15 15 15 15 15 15 16 16 16 16 16 16 18 17 
979 979 979 940 940 959 940 940 940 916 829 829 829 829 829 829 804 804 804 829 829 820 820 820 820 824 762 762 796 796 762 762 763 763 763 756 714 714 714 731 713 713 671 671 671 671 671 671 650 650 633 633 625 625 563 563 573 573 573 573 573 536 555 555 537 537 457 457 528 520 489 489 489 489 465 465 473 429 429 429 415 440 404 421 368 368 368 368 368 371 371 331 337 337 337 337 286 286 321 252 252 297 270 252 252 252 271 147 147 147 237 147 147 147 147 112 112 112 112 112 112 112 112 112 112 112 112 112 104 15 15 15 16 62 16 16 28 28 18 18 
979 979 979 940 959 959 953 940 940 916 829 829 829 829 829 829 829 865 865 829 829 820 820 820 820 824 762 762 796 796 762 756 756 756 756 756 714 714 714 731 714 714 671 671 672 671 671 633 633 633 633 616 616 616 563 563 573 573 573 573 573 536 536 555 537 544 457 457 528 520 489 489 489 489 473 473 473 429 429 429 415 440 404 404 404 404 404 372 372 371 371 331 352 352 304 304 286 315 315 315 252 252 270 252 252 252 252 252 252 147 237 147 147 147 147 147 112 112 112 112 112 112 112 112 118 112 112 104 104 15 15 15 16 16 16 28 28 16 16 16 
979 979 940 940 940 940 953 916 916 916 928 901 901 901 897 829 829 865 865 865 829 820 820 820 820 820 762 762 762 762 762 756 778 756 756 714 714 714 714 714 714 672 672 700 672 672 672 633 633 633 633 616 616 616 616 563 602 602 573 573 573 573 536 537 537 544 544 457 457 520 457 457 489 489 473 474 474 429 429 429 415 415 415 415 415 404 404 372 372 372 372 331 304 304 304 304 286 286 286 286 286 252 252 252 252 216 216 216 216 147 147 147 147 147 147 147 112 112 112 168 112 112 112 112 118 118 118 104 104 15 15 15 16 16 16 16 16 16 16 16 
979 979 940 940 940 940 953 916 901 901 928 901 908 897 897 829 829 829 829 866 829 829 829 820 820 820 762 762 793 793 793 756 756 756 756 714 749 714 714 714 672 672 672 672 672 672 672 672 633 640 640 640 616 616 616 563 563 603 573 573 536 536 536 537 537 537 537 537 457 457 457 457 489 489 473 473 430 430 430 429 429 429 429 422 372 372 372 372 331 331 331 331 304 346 346 304 304 304 304 304 286 286 216 216 216 216 260 260 216 216 216 216 216 147 147 147 147 147 112 168 112 112 112 112 81 81 81 81 81 81 81 45 45 45 45 45 16 16 16 16 
979 979 940 940 940 940 953 947 901 901 928 901 901 897 897 877 877 877 829 829 829 829 829 820 820 771 771 771 771 771 771 756 756 756 714 714 714 714 633 633 672 672 672 672 672 672 672 672 633 640 616 616 616 616 616 563 563 563 563 590 536 536 458 458 545 545 545 457 457 457 510 457 457 489 489 473 430 430 430 430 430 430 430 422 372 372 372 372 331 331 331 331 304 346 304 304 304 304 304 304 304 286 216 216 216 216 260 216 216 216 216 216 147 147 201 147 147 147 112 112 112 112 112 112 81 81 81 81 94 94 81 45 45 45 45 45 16 16 16 16 
979 979 980 947 947 947 953 947 901 901 901 917 901 901 877 877 877 877 829 829 829 829 829 820 820 771 771 771 771 771 771 756 756 756 714 714 714 739 633 633 720 633 633 685 685 685 633 633 633 616 616 616 616 616 616 563 563 563 563 590 536 536 458 458 545 545 546 457 457 457 510 510 457 457 457 457 457 457 457 430 430 441 422 422 372 372 372 372 331 331 331 331 304 304 304 304 304 304 304 305 305 286 216 216 238 238 238 216 216 216 238 147 147 201 201 147 147 147 112 112 112 112 112 112 112 81 81 81 94 81 81 81 45 45 46 46 16 16 16 16 
979 979 980 947 947 947 947 947 901 901 901 901 901 901 877 877 877 877 829 829 829 845 845 820 820 821 821 771 771 771 771 771 771 771 714 714 739 739 633 633 633 633 633 633 633 633 633 633 633 616 616 616 616 616 616 616 563 563 563 590 536 536 536 458 458 458 458 458 458 458 458 458 458 458 458 458 458 458 458 430 430 441 422 422 372 372 372 372 331 331 331 331 304 304 347 304 304 304 304 305 305 286 286 286 238 238 238 238 238 238 238 147 147 147 147 147 181 181 112 112 112 112 112 112 112 81 81 81 94 81 81 81 45 45 46 46 16 16 16 16 
