951 951 951 940 940 867 867 867 867 867 867 885 885 867 867 867 797 797 811 811 811 811 811 746 746 746 746 746 746 746 746 746 746 704 704 704 704 704 704 639 639 639 639 639 639 651 630 630 630 576 576 576 576 576 576 576 576 576 495 495 495 495 541 530 402 402 402 402 402 494 402 402 402 464 402 402 402 402 402 402 379 379 379 379 379 379 379 343 343 349 349 343 305 305 305 305 305 272 272 272 272 280 272 247 247 247 123 123 123 123 215 193 193 193 163 163 163 163 77 77 77 77 77 77 77 77 26 26 26 26 26 26 26 26 26 26 26 26 1 1 
951 951 940 940 867 867 867 867 867 867 867 867 867 867 868 868 797 797 811 811 811 811 811 746 746 746 746 777 764 764 746 746 747 704 704 692 692 692 692 639 639 639 639 639 639 651 630 630 630 576 601 601 601 576 576 576 495 495 495 495 495 495 530 530 402 402 402 508 402 402 402 465 402 402 402 451 432 432 380 402 379 379 379 393 393 343 343 343 343 343 343 343 305 312 312 306 306 272 272 272 272 272 272 247 259 247 123 123 123 123 123 193 193 194 163 163 163 164 77 77 77 137 77 77 77 77 26 101 26 26 26 26 48 48 48 17 17 27 1 1 
958 958 940 940 867 867 867 867 867 867 867 867 867 868 868 868 797 797 797 797 797 811 811 793 793 793 746 746 746 746 746 750 704 704 704 692 692 692 692 692 639 639 639 639 639 651 639 630 630 576 601 601 601 601 594 576 495 495 495 495 495 495 530 531 402 402 402 508 402 402 482 465 465 465 432 432 432 432 380 402 379 379 402 393 393 343 343 343 358 358 343 343 305 312 312 306 306 272 293 272 272 272 247 247 247 247 123 123 123 123 123 193 193 194 163 163 131 131 131 150 77 77 77 122 77 77 26 26 26 86 26 26 48 17 17 17 17 17 17 1 
958 921 921 921 921 921 921 921 913 867 867 891 886 868 868 868 797 797 797 798 797 797 797 793 793 793 746 746 746 746 750 750 704 731 731 692 692 692 705 639 639 656 656 656 639 651 639 576 576 576 601 601 576 576 594 576 577 577 495 495 495 495 530 530 508 508 508 508 483 483 432 432 432 432 432 432 432 432 380 402 402 402 402 343 343 343 343 343 343 294 294 305 305 312 312 312 272 272 293 272 272 272 247 247 247 247 247 123 123 123 123 193 193 123 123 123 131 165 131 131 131 131 131 77 77 114 107 26 26 86 26 26 48 17 40 40 40 17 17 1 
958 921 921 921 921 921 913 913 913 867 867 886 886 872 872 850 850 850 798 798 818 818 797 805 793 793 746 772 772 746 746 746 704 731 731 692 692 692 705 639 639 656 656 656 639 651 639 576 576 576 576 576 576 576 576 576 577 577 495 495 495 495 530 530 508 509 509 509 483 483 432 477 432 432 438 438 438 438 380 403 403 403 403 343 343 343 343 343 343 294 294 305 272 272 272 272 272 272 272 272 230 230 230 230 260 248 248 123 123 123 123 193 193 123 187 123 131 131 131 131 131 131 131 77 107 107 107 26 26 86 77 70 17 17 40 40 40 1 1 1 
921 921 921 921 921 921 913 914 914 886 886 886 887 872 873 850 850 851 798 831 818 818 797 797 797 746 746 746 746 746 760 746 704 731 731 692 692 692 692 693 639 677 656 656 639 639 639 579 579 576 576 576 576 589 589 589 567 567 567 495 495 495 495 508 508 509 509 510 483 483 432 432 459 459 438 438 438 380 380 403 403 380 380 384 384 343 343 343 368 294 294 294 272 272 272 272 272 272 281 281 281 281 230 230 260 248 248 123 123 123 193 193 203 123 123 123 131 131 158 123 123 123 123 77 77 115 77 77 77 77 77 70 17 17 17 17 1 1 1 1 
921 921 921 921 913 913 913 914 914 886 886 886 887 872 850 850 850 851 798 798 798 798 798 798 798 746 746 746 751 746 746 746 704 692 692 692 692 692 692 639 639 671 671 656 656 639 639 579 579 579 579 579 579 579 579 567 567 578 568 495 495 495 495 508 508 484 484 484 483 483 483 432 459 459 459 438 438 380 380 421 380 380 380 380 384 384 380 294 294 294 335 294 294 294 272 272 272 272 281 281 281 281 230 230 230 230 230 230 230 123 123 123 123 123 123 123 123 123 123 123 138 138 123 123 77 115 77 78 78 70 70 70 2 2 2 17 1 28 1 1 
913 913 913 913 913 913 928 922 851 851 851 887 887 872 850 851 851 851 798 798 798 798 812 778 778 778 788 751 751 751 751 751 704 692 692 692 692 710 706 639 671 671 666 666 640 640 640 579 616 616 616 579 579 602 579 567 567 567 568 495 495 495 495 495 508 484 484 484 484 484 484 432 432 432 432 439 439 439 380 380 380 394 394 380 380 380 380 294 359 359 335 335 335 294 294 294 272 272 281 281 261 261 261 261 230 230 204 204 204 204 204 178 178 178 178 2 2 2 151 151 138 138 2 2 77 77 77 78 78 70 70 70 2 56 2 2 1 1 1 2 
913 913 913 913 913 913 922 922 851 906 851 887 887 872 872 851 852 812 812 812 812 812 812 778 778 778 788 751 751 751 639 639 639 639 706 706 706 706 706 639 639 666 666 640 640 641 641 579 579 579 579 542 542 542 579 567 567 567 495 495 495 495 495 495 495 484 484 484 484 471 471 471 460 460 432 313 313 313 313 394 394 394 394 394 380 380 381 294 294 350 350 335 335 294 294 294 294 294 294 261 261 262 261 261 230 230 205 205 231 204 204 178 178 178 178 2 2 2 2 2 2 2 2 2 2 102 102 102 78 78 78 2 2 49 49 2 1 1 18 2 
959 913 913 900 900 934 922 923 851 851 851 887 887 872 872 851 852 852 812 812 825 778 778 806 778 778 778 751 751 751 639 639 639 639 639 706 706 706 706 639 639 666 672 640 657 641 579 579 579 579 579 542 542 542 579 579 579 579 495 495 495 495 495 532 495 484 484 484 484 471 471 471 460 432 432 313 313 313 313 394 313 313 404 394 394 313 313 313 294 350 294 294 294 294 294 261 261 261 261 261 261 262 261 261 261 205 205 205 205 204 204 211 178 178 178 2 2 2 2 2 2 124 124 124 2 2 2 2 2 2 2 2 63 49 49 2 2 2 2 2 
959 900 900 900 900 900 922 922 851 851 851 851 851 851 851 851 860 825 825 832 825 778 778 778 778 794 778 751 751 751 639 639 639 639 639 706 706 639 639 639 666 666 672 640 657 641 579 579 579 579 579 612 542 542 542 542 542 542 542 542 542 547 542 532 495 484 484 484 484 471 471 478 460 432 432 452 313 313 394 394 313 313 313 313 313 313 313 313 294 350 294 294 294 330 261 261 261 261 261 261 261 262 262 262 262 205 239 239 205 222 204 204 178 178 178 178 2 2 2 93 93 93 132 93 93 93 93 93 93 87 63 63 63 3 3 3 3 29 2 2 
959 900 900 900 900 900 900 922 851 880 880 880 880 880 851 851 825 825 825 825 825 778 652 652 652 652 778 751 751 751 639 639 639 639 639 639 639 639 640 640 666 640 640 640 657 641 641 607 607 607 607 607 542 542 542 569 569 569 569 542 542 542 542 532 495 495 495 471 471 471 471 478 460 460 432 432 432 313 313 313 313 313 313 313 313 385 313 369 294 294 294 294 294 294 261 261 261 261 261 261 263 263 262 262 205 205 239 205 205 216 216 204 204 178 178 2 2 166 2 93 93 93 93 93 93 93 87 87 87 87 63 63 63 3 3 3 3 3 3 3 
959 959 900 900 900 900 900 922 851 880 880 874 874 874 874 825 825 833 825 825 778 778 652 652 652 652 778 751 773 751 752 752 639 639 639 716 716 640 640 640 666 640 640 667 633 633 633 607 607 607 607 607 542 542 548 548 548 548 570 542 542 542 532 532 519 519 495 471 471 471 471 471 471 460 460 453 432 432 432 313 313 313 313 313 313 313 313 369 369 294 294 294 294 294 261 261 261 261 261 261 263 263 262 262 205 254 205 205 232 216 139 139 139 139 178 2 2 2 2 139 139 139 93 93 116 116 87 87 94 63 63 71 64 3 3 3 30 30 3 3 
946 946 900 900 941 900 900 922 851 907 851 851 875 875 875 825 825 833 833 833 778 778 652 652 652 652 778 751 751 751 717 717 717 639 639 639 717 640 640 640 666 640 640 667 633 633 633 633 607 607 617 607 607 548 548 571 571 548 548 548 548 548 532 533 519 495 495 471 471 471 471 471 471 460 460 453 313 313 313 313 412 412 313 313 336 336 371 371 344 344 344 294 294 331 261 261 261 261 261 261 263 263 262 262 205 205 205 205 205 216 139 139 139 139 139 139 139 139 139 139 139 139 116 116 116 63 63 87 63 63 71 71 64 3 3 3 3 3 3 3 
946 946 900 900 900 900 900 922 851 851 851 851 875 875 825 825 825 825 778 778 778 778 652 652 652 652 778 778 753 753 717 717 717 639 639 639 717 640 640 640 666 640 658 658 658 617 617 617 617 617 617 548 548 548 571 571 571 571 571 549 549 549 532 519 519 495 495 495 495 495 471 471 471 460 460 453 313 313 313 313 313 313 313 313 336 336 336 336 344 344 351 294 294 331 261 261 295 295 295 263 263 273 273 205 205 205 241 240 205 205 212 212 139 139 179 179 139 139 139 139 63 63 116 63 63 63 63 63 63 64 64 64 64 3 3 31 31 31 3 3 
946 946 900 900 900 908 900 900 900 900 900 851 888 825 825 825 825 825 778 834 778 778 652 652 799 652 779 779 753 753 753 753 717 717 717 717 717 707 707 640 640 640 658 658 658 617 634 634 520 520 520 548 548 548 548 571 571 571 549 549 519 519 532 519 519 495 495 504 504 453 453 479 453 453 453 453 313 313 313 313 417 313 336 336 336 336 336 336 336 344 344 344 336 313 313 313 263 263 263 263 274 273 273 205 205 205 241 240 205 205 195 195 195 139 139 180 167 167 139 139 63 63 63 63 63 63 108 63 63 64 64 64 64 4 4 31 31 31 4 4 
962 946 946 946 942 908 929 900 900 908 851 851 825 825 876 825 825 825 778 799 799 799 799 799 799 652 779 779 652 652 753 753 717 717 717 717 718 707 707 640 640 678 658 658 658 617 634 520 520 625 520 520 548 548 548 571 571 571 549 559 519 519 519 519 519 519 453 453 453 453 453 453 453 453 454 454 313 313 433 313 313 313 336 336 336 336 336 336 336 352 352 336 336 313 313 313 263 263 296 274 274 273 273 205 255 255 241 241 205 205 205 205 195 195 139 180 167 167 139 139 63 63 108 108 63 63 108 63 63 63 63 63 64 4 4 4 4 31 4 5 
901 901 935 935 942 908 929 900 900 908 851 892 825 825 876 825 825 825 778 799 826 799 799 807 652 652 780 780 652 652 761 652 652 652 652 727 652 652 707 694 652 652 652 668 659 617 634 520 520 520 520 520 520 590 548 548 548 549 549 519 519 519 519 519 519 519 485 485 485 485 485 453 453 453 398 398 313 313 433 313 386 386 386 336 336 336 336 336 336 352 352 336 313 313 263 263 307 263 296 274 274 274 274 205 205 205 205 205 205 205 205 205 205 139 139 180 167 167 139 139 144 63 63 108 108 108 108 63 63 88 63 63 64 4 5 5 4 31 4 5 
901 901 935 935 935 908 908 908 908 908 851 851 825 825 876 778 778 778 778 799 799 819 782 782 652 652 652 781 652 652 761 652 652 660 652 652 652 652 652 694 652 673 652 659 659 617 617 617 520 520 520 520 520 590 590 590 548 549 549 519 519 519 519 519 520 520 485 486 486 486 466 466 466 466 398 398 398 433 433 313 386 386 386 336 336 386 336 336 336 336 336 336 313 313 263 263 263 263 274 274 274 282 205 205 205 205 205 242 205 205 205 139 139 139 167 167 167 140 140 140 140 140 63 125 63 63 63 63 63 63 63 64 64 4 5 5 4 31 4 5 
901 901 935 935 935 935 901 901 901 901 901 851 825 876 876 778 853 853 844 799 799 819 782 782 782 782 652 652 652 652 652 652 652 660 660 660 711 711 652 652 652 673 652 659 652 652 617 617 520 520 520 520 548 548 548 548 548 520 520 560 520 520 520 520 520 485 485 486 486 486 466 466 398 398 398 398 398 422 422 313 313 386 386 386 386 386 336 336 336 336 336 336 336 313 263 263 263 263 274 274 274 282 205 205 205 205 205 242 223 223 139 139 196 196 167 167 167 140 140 140 140 140 63 63 63 63 63 63 63 63 79 4 4 4 50 5 4 4 4 5 
901 901 935 935 901 901 901 901 901 902 902 851 825 853 853 778 853 844 844 799 782 819 782 808 782 782 789 652 652 720 720 720 720 720 732 660 660 686 686 686 686 673 652 659 652 617 617 520 520 520 618 520 520 520 520 548 548 520 520 520 520 550 485 485 527 485 513 455 455 486 486 398 398 398 398 398 398 422 422 422 313 313 313 397 313 313 336 336 336 336 336 336 336 313 322 263 263 263 263 263 263 263 263 263 205 205 242 242 223 139 139 167 167 167 167 181 133 133 133 133 133 133 63 63 118 63 63 79 79 79 79 4 32 32 32 5 5 5 5 5 
901 901 901 901 901 915 915 915 915 902 902 851 825 853 853 853 853 844 844 799 782 782 782 808 782 782 782 782 720 720 754 754 720 720 732 660 660 686 708 686 686 673 652 652 652 617 617 520 626 626 520 520 608 520 520 520 520 520 520 520 550 550 485 485 485 485 513 455 455 486 486 398 455 455 455 455 398 398 398 413 413 413 313 313 313 313 313 313 313 313 313 313 313 313 322 263 263 263 297 264 264 264 264 263 263 139 139 139 223 139 139 167 167 167 133 133 133 133 133 133 133 133 133 4 4 4 79 79 79 79 4 4 32 32 32 32 32 32 6 6 
901 901 901 915 915 915 916 916 916 851 851 851 825 799 799 853 853 844 844 799 827 800 800 800 800 795 782 782 720 720 720 720 720 732 732 660 719 686 686 686 686 673 673 652 652 617 617 520 520 520 520 580 580 520 520 520 583 580 485 485 485 485 485 455 455 455 455 455 455 455 487 455 455 440 440 440 440 440 398 423 398 398 398 398 387 387 337 337 313 313 353 337 337 314 314 263 308 263 263 264 264 264 264 264 264 139 224 139 139 139 139 167 167 167 133 133 133 133 133 133 133 133 133 4 4 4 4 4 4 4 4 51 51 32 32 32 32 33 6 6 
901 901 952 915 930 930 916 916 851 851 851 851 825 799 799 799 799 844 844 799 827 800 800 800 795 795 783 783 720 720 720 720 720 720 720 660 660 660 660 660 660 660 660 652 652 617 619 619 520 520 580 580 580 580 580 583 583 580 485 543 543 543 543 455 455 455 514 505 505 455 455 455 440 440 461 440 440 440 398 398 398 399 399 399 387 387 337 337 313 313 353 337 338 314 314 263 263 263 263 264 264 283 264 264 139 139 224 224 139 139 167 167 167 167 188 133 133 133 133 133 133 133 133 4 4 4 4 80 80 80 80 51 51 51 32 32 32 6 6 6 
901 901 915 915 930 930 930 916 851 851 851 825 825 799 799 799 799 844 844 799 799 800 800 809 795 795 783 783 765 765 720 755 720 720 720 720 695 695 660 660 661 661 660 669 660 617 617 619 619 619 580 613 556 556 580 580 580 580 485 455 455 455 455 455 485 485 505 505 496 496 455 455 440 440 461 440 440 440 382 382 418 399 399 400 382 382 337 337 337 337 337 337 338 314 314 314 264 264 264 264 264 264 264 268 139 243 243 224 224 224 167 167 188 188 188 133 133 133 152 152 133 133 4 4 4 4 80 80 81 81 81 51 51 51 51 42 6 6 7 7 
901 901 915 915 930 916 916 916 917 851 851 825 825 799 799 799 799 799 799 799 799 800 800 721 721 721 783 783 765 765 720 720 720 720 720 720 695 695 695 695 661 661 660 660 660 617 617 619 619 619 580 613 556 556 556 556 581 581 485 455 544 544 544 485 485 485 505 496 496 440 440 440 440 440 456 456 405 405 382 382 382 414 382 382 382 382 382 354 354 354 354 338 338 314 315 315 264 287 287 287 287 264 264 268 139 243 243 243 225 225 182 182 188 188 188 133 174 133 133 73 73 73 4 4 4 80 80 80 72 72 72 51 51 42 42 42 6 6 6 6 
915 915 915 915 930 916 916 916 916 851 851 851 825 835 835 799 854 854 799 799 799 799 813 721 721 721 783 783 756 756 756 720 720 720 720 720 720 696 696 696 661 661 661 661 661 617 619 619 619 619 580 580 556 556 556 556 556 485 485 455 455 544 544 485 485 505 505 496 496 440 440 440 456 456 456 405 405 405 382 382 382 382 382 382 382 382 382 314 314 314 314 338 314 314 315 316 264 264 264 264 264 264 264 268 139 139 139 225 225 225 182 182 182 188 188 133 133 133 133 73 73 73 119 119 119 80 80 80 72 72 72 51 51 42 42 42 6 6 6 6 
915 915 915 915 930 930 916 916 916 825 825 825 825 835 835 799 799 799 799 799 799 799 813 721 721 721 721 721 756 756 756 720 720 740 721 721 721 696 696 696 661 662 662 662 662 617 619 619 619 619 619 580 580 580 556 556 556 485 572 455 455 544 544 485 485 505 505 511 440 440 440 440 456 456 456 405 446 405 424 424 405 405 405 382 382 382 382 314 360 360 314 314 314 315 315 316 288 288 288 288 264 264 264 139 139 139 139 225 225 225 182 182 182 133 133 133 175 133 133 73 73 73 73 126 80 80 80 103 72 72 72 72 51 57 42 42 6 19 19 8 
915 915 915 915 936 825 825 916 916 825 825 835 835 835 835 799 799 799 845 799 799 721 721 721 801 721 721 721 756 756 756 720 720 721 721 721 721 709 709 661 661 662 617 617 617 617 642 627 627 619 619 580 580 556 556 556 556 485 485 485 485 485 485 485 521 521 505 511 440 440 440 456 456 462 462 405 446 405 424 405 405 339 339 339 314 314 314 314 360 345 345 345 315 315 299 299 288 288 288 288 288 264 264 139 249 249 249 217 217 217 217 182 182 182 182 133 133 133 153 153 145 73 73 126 80 80 80 89 89 89 73 73 51 51 51 6 6 19 8 8 
915 915 953 915 936 825 825 918 918 825 825 835 835 835 835 861 861 845 845 828 828 721 721 721 801 721 721 721 756 756 756 756 721 721 733 709 709 709 661 661 687 617 617 642 642 642 642 627 627 627 582 582 582 556 556 556 556 556 573 485 485 485 485 485 521 521 505 505 440 440 440 440 472 405 405 405 446 405 405 405 339 339 406 339 314 314 314 314 360 345 345 315 315 299 299 299 139 139 139 139 139 139 139 139 249 249 217 217 217 217 218 197 197 197 182 133 133 133 133 145 145 73 134 109 109 109 109 89 89 73 73 6 6 58 6 6 8 8 8 9 
915 915 953 915 936 936 825 825 919 825 893 893 835 835 835 861 861 845 845 828 828 721 721 721 801 721 790 756 756 756 756 721 721 733 733 709 709 661 661 687 687 617 617 642 642 642 642 627 627 627 582 582 582 582 582 582 582 556 556 485 485 485 485 485 505 505 505 505 440 440 440 440 472 405 405 405 441 441 425 425 339 339 339 339 314 314 314 314 360 361 345 315 315 299 323 299 139 139 298 139 139 139 139 139 139 139 217 217 217 217 197 197 198 182 182 133 133 133 133 145 145 73 134 109 109 73 73 104 73 73 6 6 6 6 6 43 8 8 9 9 
915 915 915 915 943 924 924 825 825 825 893 835 835 881 835 835 835 835 835 835 721 721 721 721 801 721 790 756 756 756 756 721 721 733 733 728 709 661 679 679 679 679 617 632 632 632 632 635 627 627 582 582 582 582 595 582 582 556 556 556 556 485 485 505 505 522 505 505 440 440 467 467 467 405 405 405 441 441 425 425 339 339 339 339 388 388 314 314 360 345 345 315 315 299 299 299 299 139 298 139 139 139 275 139 139 139 219 219 219 219 197 213 198 182 182 182 145 145 145 145 145 73 134 109 109 73 73 104 73 82 6 6 59 59 43 43 8 8 9 9 
954 954 954 882 882 924 924 909 909 909 893 835 835 835 835 835 835 836 836 836 721 820 721 721 801 721 721 721 721 721 721 721 721 734 734 728 709 661 679 661 661 661 617 632 632 632 632 632 631 582 582 582 582 582 582 582 584 556 556 556 545 545 505 505 515 515 515 440 440 440 467 467 467 467 395 395 395 395 395 395 339 339 339 339 339 339 314 314 314 345 339 339 339 299 299 299 299 139 139 139 139 139 139 139 139 139 219 219 219 219 197 213 198 198 182 182 145 145 145 6 73 73 134 109 109 73 73 73 73 82 82 6 59 60 43 43 8 9 9 9 
882 882 882 882 882 882 924 909 909 893 893 894 836 836 836 836 836 836 846 837 721 820 734 734 734 734 734 734 734 734 734 734 734 734 728 728 709 661 661 661 688 661 617 632 632 632 632 632 631 582 582 582 609 582 582 582 584 556 556 556 545 545 545 440 440 440 440 440 440 440 467 467 467 468 395 434 434 434 434 395 339 339 339 339 339 339 314 314 314 345 339 339 299 299 324 299 299 302 299 139 139 284 139 256 256 256 219 219 219 219 197 213 197 197 182 182 145 145 159 6 73 73 73 73 109 73 73 73 95 6 6 6 59 52 52 8 8 9 9 9 
882 882 882 947 882 882 924 836 836 836 836 836 836 836 836 837 837 855 837 837 721 721 734 729 729 729 729 729 729 766 734 734 735 735 728 728 709 661 661 697 661 661 617 617 663 632 632 632 631 582 582 609 609 582 582 582 582 556 556 556 545 545 545 440 440 440 440 440 467 467 467 467 467 395 395 434 434 395 395 395 395 415 339 339 339 339 339 339 339 339 339 339 299 299 299 299 299 299 299 139 139 139 139 256 256 233 233 219 219 219 197 197 197 197 182 182 168 168 159 6 6 135 135 73 73 73 95 95 95 6 6 6 59 52 52 8 8 34 8 8 
882 882 882 947 882 882 924 836 836 836 836 836 836 847 837 837 837 855 837 829 829 721 734 729 729 729 729 784 729 757 757 757 735 735 735 728 709 712 661 661 661 674 674 617 663 632 632 632 632 551 551 551 551 551 551 591 582 582 551 551 551 551 440 440 440 440 440 440 467 497 467 467 395 395 395 395 395 395 395 395 395 395 395 395 395 362 362 362 362 362 355 325 325 332 299 299 309 221 221 221 221 221 276 233 233 233 233 219 219 219 219 168 168 168 183 183 168 169 159 154 6 135 135 95 95 95 95 95 95 6 6 6 59 44 44 44 8 8 8 8 
960 960 882 947 924 924 924 836 836 836 836 836 836 847 837 837 837 855 837 829 829 721 734 729 729 784 784 784 729 757 728 728 741 741 728 728 709 709 661 661 661 617 617 617 617 617 643 632 632 551 551 551 551 551 551 551 551 551 551 551 440 440 440 534 440 488 488 467 467 497 467 467 395 395 395 395 395 442 395 395 395 346 346 346 346 362 362 362 346 346 355 325 325 325 325 285 285 221 221 221 221 221 276 233 233 233 233 219 219 226 168 168 206 168 168 168 168 169 159 154 6 135 135 95 95 95 6 6 6 6 74 74 59 44 44 8 8 8 8 8 
882 882 882 947 924 924 924 924 836 836 836 877 877 847 847 869 837 837 837 838 721 721 734 729 729 729 729 729 729 728 728 728 728 728 728 709 709 709 661 661 661 617 617 617 617 617 551 551 551 551 551 551 551 551 551 551 551 551 574 551 440 440 440 440 440 488 488 467 467 467 467 467 443 443 395 395 395 395 395 426 395 346 346 390 346 389 346 346 346 346 346 325 325 333 285 285 285 285 285 285 285 221 221 233 233 233 233 233 233 168 168 59 59 59 59 59 59 59 159 154 6 135 135 95 95 95 6 105 90 90 74 74 59 59 44 8 8 8 8 10 
882 955 955 947 924 924 836 836 836 836 836 877 877 877 847 847 847 847 847 721 721 734 734 734 729 729 729 729 728 728 709 709 709 709 709 709 709 709 617 617 617 617 617 617 617 617 551 585 585 585 610 610 610 585 585 585 551 551 551 551 557 440 440 488 488 488 488 498 498 498 467 467 443 443 395 395 395 395 395 426 395 346 346 390 346 389 346 372 363 363 346 346 325 325 285 285 285 285 285 285 285 221 221 233 233 257 233 233 168 168 220 59 207 59 59 171 171 59 154 154 6 6 135 6 6 6 6 105 90 90 74 74 59 59 44 44 8 8 8 8 
882 955 947 947 931 931 836 836 836 836 903 877 877 877 847 847 856 856 721 721 821 734 734 734 729 729 729 729 728 767 709 709 709 709 709 709 722 617 617 617 617 680 551 551 551 551 551 585 585 585 610 610 585 585 596 585 585 546 546 546 546 546 546 488 488 523 488 488 488 488 488 443 443 443 395 395 443 443 395 395 395 346 407 390 346 389 346 346 363 285 285 285 285 325 285 285 285 285 285 285 285 221 221 221 221 221 221 221 168 168 220 59 59 171 171 171 59 59 154 59 59 6 6 6 59 59 59 59 59 59 59 59 59 44 44 44 8 8 8 8 
882 955 947 947 931 931 836 836 920 721 721 889 889 877 877 721 721 721 721 839 821 821 734 734 802 729 729 729 728 728 709 709 709 709 709 709 617 617 551 551 551 680 551 551 551 551 644 585 585 585 585 585 585 603 596 546 546 546 546 546 552 552 488 488 488 523 480 480 480 480 480 443 443 443 443 443 443 346 346 346 346 346 346 390 346 346 346 346 346 285 347 347 285 285 285 285 285 285 290 290 285 285 235 235 235 250 250 221 234 168 168 168 59 171 171 171 59 170 154 59 59 59 59 59 59 110 110 91 91 91 83 44 44 44 35 35 35 35 8 8 
882 955 947 947 931 937 904 904 904 904 721 721 721 721 721 721 862 839 839 839 814 814 729 729 729 729 729 729 774 728 709 748 748 709 709 617 617 617 551 629 551 551 551 551 644 644 644 585 585 585 585 585 585 585 596 546 546 546 546 546 516 516 488 488 488 523 480 480 480 480 480 480 346 346 346 346 346 346 346 346 346 346 346 390 390 390 346 346 346 285 285 285 285 285 285 285 285 285 290 285 285 285 235 235 235 221 221 221 221 221 221 168 59 199 171 171 59 59 154 59 59 59 59 91 91 91 91 91 35 35 83 44 35 35 35 45 35 35 8 8 
882 955 882 882 931 937 904 904 904 904 721 721 890 803 803 803 803 839 839 839 814 814 729 729 729 729 729 729 768 768 709 709 709 709 736 617 617 617 551 629 689 644 644 644 644 645 645 585 585 585 585 585 585 585 585 546 546 546 561 561 516 516 516 516 488 523 480 480 480 480 449 449 346 447 447 447 346 346 346 346 346 346 346 390 390 373 373 373 285 285 285 285 285 317 303 303 285 285 285 285 285 285 277 235 235 221 221 221 221 168 168 168 168 168 171 171 171 59 59 59 59 141 59 91 91 91 91 91 35 35 35 44 35 61 12 12 12 12 11 11 
882 882 882 882 931 931 904 904 904 904 904 803 803 803 878 803 803 840 840 814 814 814 814 729 729 729 768 768 768 729 729 742 742 742 729 729 723 551 551 629 629 644 644 644 664 645 645 628 628 628 585 585 585 585 585 546 546 546 546 562 516 516 516 516 516 516 516 499 499 499 449 449 346 447 447 447 447 416 416 346 346 346 346 390 390 373 373 373 285 285 285 285 285 317 303 303 285 285 285 285 285 277 277 235 221 221 221 221 168 168 208 208 208 168 136 136 171 59 59 155 59 59 59 91 91 91 91 91 35 35 35 35 35 61 12 41 41 12 11 11 
948 882 882 882 944 931 803 803 803 803 803 803 803 803 803 803 840 840 840 814 814 814 803 803 803 729 729 729 729 729 729 729 729 729 729 730 723 551 551 551 629 629 629 664 664 645 645 628 628 604 604 604 585 585 546 546 546 546 546 516 516 516 516 516 516 516 516 499 499 449 449 449 346 346 448 448 448 416 416 346 346 346 346 373 373 373 373 373 340 340 340 285 285 317 303 303 303 303 277 277 277 277 235 235 221 221 221 221 168 168 208 168 168 168 136 136 171 91 91 91 91 91 91 91 97 97 96 96 96 35 35 35 61 61 12 41 41 12 11 11 
948 882 882 882 882 931 803 803 803 803 803 803 803 803 803 870 803 803 840 840 803 803 803 683 683 683 683 683 683 683 683 743 743 743 723 723 723 551 551 551 629 629 629 629 629 645 645 628 628 604 604 604 604 604 546 546 546 546 553 516 516 516 516 516 517 517 517 449 449 449 489 449 473 346 346 346 346 416 416 416 416 416 346 373 373 373 373 374 340 340 340 340 340 317 317 317 277 277 277 289 289 235 235 168 168 168 168 168 168 168 208 168 200 200 136 136 171 171 91 91 91 91 127 127 97 97 96 96 96 35 75 75 12 12 12 41 41 12 12 12 
948 948 948 948 882 931 931 803 910 910 803 803 803 803 803 870 803 803 841 841 803 803 803 683 683 683 683 769 769 769 683 743 743 743 723 723 637 637 551 551 681 629 629 629 629 629 629 628 628 628 604 604 604 605 546 546 586 546 553 553 553 553 516 516 517 517 517 449 449 449 489 449 435 435 435 435 346 346 346 427 346 346 346 373 373 391 364 364 364 340 340 340 341 326 326 277 277 277 277 289 289 235 235 168 168 168 244 244 168 168 208 168 200 136 136 136 136 136 136 146 146 97 97 97 97 96 96 96 96 35 75 12 12 22 22 20 20 20 20 13 
948 948 949 949 882 803 803 803 910 910 803 803 803 803 803 803 803 803 841 803 803 683 683 683 683 683 683 769 769 769 683 683 683 683 737 637 637 637 637 637 681 629 629 629 629 629 629 628 628 628 604 604 604 604 597 546 546 546 575 563 535 535 535 535 517 517 517 449 449 449 489 449 435 435 435 435 444 444 346 346 346 346 346 391 391 391 364 364 364 340 340 340 341 326 277 277 277 277 277 235 235 235 235 168 168 168 244 244 168 168 168 168 136 136 189 136 136 136 136 146 146 97 97 97 96 96 96 96 96 12 12 12 22 22 22 20 36 36 21 13 
882 882 882 882 882 803 803 803 803 803 803 803 803 803 803 803 803 803 803 803 830 683 683 683 683 769 769 769 769 769 683 683 744 683 737 637 637 637 637 637 681 681 629 629 629 629 629 629 629 629 604 604 604 604 597 546 563 563 563 563 535 536 536 517 517 517 517 463 463 449 489 449 449 435 435 435 435 435 435 310 310 346 346 391 391 391 364 364 364 340 340 340 326 326 277 318 277 277 277 235 235 235 235 168 168 168 168 168 168 168 168 136 136 136 136 136 136 136 136 136 136 97 97 97 96 96 96 97 97 12 76 76 22 22 20 20 36 13 21 13 
882 882 882 882 938 803 803 803 803 803 803 879 879 803 803 803 803 857 822 822 822 822 683 683 683 769 769 785 769 769 758 758 744 683 683 683 637 637 637 637 637 637 675 629 629 646 646 636 620 620 620 597 597 597 597 546 563 563 563 535 535 536 536 517 517 517 517 463 463 449 449 449 449 469 449 449 449 310 310 310 310 396 396 391 391 391 364 364 364 364 319 319 326 277 277 277 277 277 277 277 278 278 235 265 265 235 235 235 168 168 190 136 136 136 136 160 160 136 136 147 136 136 136 97 97 97 97 97 12 12 76 76 65 22 46 46 13 13 21 13 
882 882 956 882 938 803 803 925 803 895 895 879 879 857 857 857 857 857 822 822 822 683 683 683 683 769 769 769 769 769 759 759 744 683 683 683 637 713 637 637 637 637 675 637 637 646 646 636 620 621 621 597 597 546 546 546 546 563 563 535 535 536 536 536 524 524 490 490 463 463 463 463 449 449 449 310 310 310 310 310 310 396 396 396 396 364 364 364 364 364 319 319 342 277 277 277 277 277 277 277 278 278 235 235 235 235 251 235 168 168 190 190 190 190 190 160 160 160 160 147 147 111 111 111 111 111 65 65 65 65 65 65 65 22 22 22 13 13 13 13 
882 882 956 882 938 938 803 803 803 895 895 895 879 857 857 857 857 857 822 822 822 683 683 683 683 769 769 769 769 769 759 759 744 744 683 683 637 637 637 698 637 637 637 637 637 637 637 637 620 621 621 546 546 546 546 546 546 535 535 535 535 537 537 537 524 524 490 490 490 490 490 463 449 449 449 310 310 310 310 310 310 396 396 396 396 364 364 364 364 365 319 319 319 319 319 319 277 277 277 277 278 278 278 251 251 251 251 235 235 209 209 209 209 172 172 172 172 172 148 148 148 111 128 128 111 111 65 65 65 65 65 65 15 15 22 22 37 37 13 13 
961 882 882 882 882 882 803 803 895 895 882 882 879 879 879 857 857 858 815 815 815 815 815 683 683 791 791 770 770 770 759 759 744 744 683 699 699 699 637 637 637 682 653 653 653 653 620 620 620 621 621 546 546 546 546 546 535 535 535 535 524 524 538 538 524 524 490 491 491 490 490 463 449 449 449 310 310 409 409 409 408 408 396 396 396 364 364 375 319 319 319 319 319 319 327 251 251 251 251 251 251 286 251 251 245 245 245 245 209 209 161 161 210 172 172 172 172 148 148 111 111 111 128 128 111 111 111 65 65 65 65 65 15 15 22 37 37 38 13 13 
961 882 882 882 882 882 932 882 882 882 882 882 882 882 815 815 815 815 815 815 815 815 815 683 786 786 770 770 503 503 759 759 744 744 683 699 699 699 699 699 653 653 653 653 653 654 620 620 620 546 546 546 546 546 546 546 535 535 535 564 524 524 524 524 524 525 490 490 491 491 491 463 474 449 449 457 310 310 310 409 408 408 408 396 396 310 310 310 319 319 319 319 327 327 327 251 251 251 251 251 251 286 251 269 245 258 245 245 209 209 161 161 161 161 176 176 176 148 148 111 111 111 111 111 65 65 65 65 65 65 84 65 15 15 22 22 22 22 22 14 
961 882 882 882 882 882 882 882 897 896 896 882 882 883 815 815 815 859 815 815 815 683 683 683 786 786 770 770 503 503 503 503 503 503 683 700 700 700 700 700 653 653 653 647 647 647 647 546 546 546 546 546 546 546 546 546 546 546 535 554 554 524 524 528 528 490 490 490 491 491 492 463 474 449 449 457 310 310 310 409 419 409 409 310 310 310 376 310 310 356 356 327 327 310 310 310 310 251 251 251 251 251 251 245 245 258 191 191 209 209 161 161 161 161 161 161 161 173 148 148 111 111 111 111 65 65 65 65 65 65 65 65 15 15 22 22 22 23 23 14 
961 961 882 882 882 882 926 926 897 896 896 896 815 815 815 815 815 815 815 815 815 683 810 810 786 786 770 770 503 503 503 503 745 745 683 700 683 683 683 701 653 653 653 647 647 647 648 546 546 546 546 546 546 546 546 546 546 546 535 554 554 554 490 490 490 490 518 500 500 500 492 463 474 470 457 457 310 436 436 409 409 409 310 310 366 366 376 376 310 310 310 327 327 310 320 320 245 245 300 251 251 251 251 245 245 191 191 191 227 227 161 161 161 161 161 161 161 173 161 106 106 106 106 106 106 65 65 65 65 65 65 66 66 15 22 22 22 23 24 14 
961 961 882 882 897 897 897 897 897 896 896 896 815 863 863 863 863 815 815 815 815 683 786 786 786 786 786 775 775 503 503 503 683 683 683 700 683 714 683 683 653 653 653 647 647 647 546 546 546 546 622 546 546 546 598 592 535 535 535 490 490 490 490 501 501 501 501 500 500 500 492 463 463 470 457 458 310 310 310 310 310 310 310 366 366 366 366 366 366 366 310 310 310 310 245 245 245 245 245 251 251 251 251 245 245 191 191 191 191 191 191 191 191 191 191 161 161 161 161 106 149 106 106 129 106 112 112 92 92 92 66 66 66 15 53 22 22 23 23 14 
961 961 882 882 897 897 897 897 897 897 897 897 815 863 863 815 815 815 815 815 815 683 786 786 786 786 786 786 771 771 503 503 683 683 683 700 683 702 702 683 683 683 623 623 647 647 546 546 546 546 546 546 546 546 598 592 535 535 535 490 490 490 490 501 529 501 501 512 506 492 492 463 463 457 457 401 401 401 410 410 410 410 410 366 366 366 366 370 370 328 328 328 328 334 245 321 304 304 245 279 279 279 279 245 191 191 191 236 236 184 184 184 106 106 106 161 161 106 106 106 129 129 129 129 106 112 112 92 92 92 66 66 66 15 53 23 23 23 23 14 
957 957 957 950 911 911 911 911 911 911 897 897 815 815 815 815 815 816 816 816 816 683 683 683 804 771 771 771 771 771 503 503 683 683 683 683 683 702 702 702 684 684 623 623 623 623 546 546 623 623 546 546 592 592 598 592 535 535 535 490 490 490 490 501 501 501 506 506 506 492 492 463 463 463 463 401 401 401 410 410 410 410 410 366 366 366 366 328 328 328 348 348 328 304 304 304 304 245 245 279 279 279 279 245 191 191 191 236 236 184 184 184 106 106 106 106 106 106 156 156 129 129 130 130 106 117 15 15 15 15 15 15 15 15 53 23 25 25 25 14 
957 950 950 950 911 911 911 911 911 849 849 849 849 849 815 815 815 816 816 816 816 816 816 683 804 771 771 771 771 771 503 503 683 683 738 684 684 684 684 684 684 623 623 623 623 623 623 623 623 623 623 592 592 592 592 592 535 535 535 490 558 490 490 539 501 501 501 501 501 501 401 401 401 401 401 401 401 428 410 410 410 410 410 366 366 366 366 328 328 328 328 328 328 304 304 304 304 245 245 245 245 245 245 245 185 185 185 185 185 184 184 184 184 106 106 106 106 156 156 106 106 106 106 106 106 117 15 15 15 47 47 53 53 53 53 23 25 25 25 14 
950 950 950 950 911 911 911 911 911 849 905 849 849 816 816 871 816 816 848 817 817 683 683 683 804 771 771 771 771 771 503 738 738 738 738 684 724 715 665 665 665 623 623 623 623 623 623 623 623 592 592 592 592 592 592 535 535 535 535 490 490 490 539 539 501 501 501 502 502 502 401 475 475 401 401 401 401 428 428 428 401 401 401 366 366 366 366 328 328 328 328 328 328 328 328 304 304 245 245 245 245 245 270 270 185 185 185 246 185 184 184 214 184 184 184 184 106 106 106 106 113 113 106 106 106 117 15 15 15 47 47 47 53 53 23 23 23 25 25 14 
950 950 950 950 911 911 911 911 911 849 849 816 816 816 816 816 816 848 848 817 817 683 683 683 804 771 771 771 771 771 503 503 749 739 739 684 715 715 665 703 665 685 623 623 623 655 649 623 623 592 592 614 592 592 592 535 535 535 535 535 535 535 501 501 501 501 501 502 481 481 401 401 401 401 401 401 401 401 401 401 401 401 401 401 383 383 383 328 328 328 328 328 328 328 328 304 304 304 245 245 245 245 270 185 185 185 185 246 185 185 185 185 185 185 185 185 157 157 157 157 113 113 106 106 106 117 106 106 15 15 85 47 62 62 23 23 23 25 14 14 
950 950 950 950 911 911 911 911 911 912 849 816 816 816 816 816 816 683 683 842 817 817 817 683 683 792 792 787 771 771 503 503 749 739 684 684 715 715 665 665 665 665 665 665 665 655 649 611 611 624 592 592 592 592 599 535 535 535 535 535 535 535 501 501 501 501 501 481 481 481 493 481 401 445 430 430 401 401 429 401 401 401 401 401 383 392 328 328 328 328 328 328 328 328 328 304 304 245 245 245 245 185 185 185 185 228 228 228 228 228 201 201 185 185 186 186 157 162 113 113 113 113 106 106 106 106 106 98 98 15 47 47 47 47 47 47 25 25 14 15 
950 950 950 950 911 911 911 911 849 849 849 816 816 816 816 816 816 683 683 683 683 683 683 683 683 792 787 787 503 503 503 739 739 739 684 715 715 715 665 665 690 649 649 649 655 655 649 611 611 624 624 592 592 592 599 587 587 503 503 535 535 501 501 501 501 501 501 481 481 481 481 481 401 445 430 430 401 401 429 429 411 411 411 383 383 392 328 328 328 328 328 328 328 238 238 238 238 245 245 245 185 185 185 185 185 157 157 229 229 229 201 201 185 185 157 157 157 162 113 113 113 113 106 106 106 106 106 98 98 15 47 47 47 54 54 25 25 39 14 15 
884 884 884 884 884 884 911 911 849 849 849 849 849 849 849 823 823 683 787 787 787 787 787 787 787 792 787 787 503 503 503 739 739 739 684 715 715 691 691 690 690 649 649 649 655 655 649 611 611 611 611 611 611 587 587 587 588 503 503 503 503 555 501 501 501 501 501 481 481 401 401 401 401 445 430 430 430 430 430 430 411 411 411 383 383 392 328 367 367 367 238 238 238 238 329 238 238 291 291 291 185 266 266 266 266 157 157 157 157 157 201 201 201 201 157 157 157 162 162 113 113 113 113 106 106 106 106 67 67 15 15 15 15 54 54 25 15 15 15 15 
884 884 884 884 945 884 933 898 898 898 898 898 865 865 849 823 823 823 787 787 823 823 787 787 787 787 787 787 503 762 762 726 726 684 684 725 725 691 690 690 691 649 649 649 655 655 649 611 611 587 587 587 587 587 600 503 503 503 503 503 503 503 501 501 501 526 501 501 501 401 401 401 401 445 445 445 445 445 328 328 328 328 328 328 328 328 328 367 367 238 238 238 238 238 238 238 185 185 301 185 185 185 185 267 267 157 157 157 157 157 157 201 201 157 157 177 177 142 142 142 142 142 113 120 120 68 68 67 67 67 67 67 15 15 15 25 15 15 15 16 
963 884 884 884 884 884 933 898 898 898 898 898 865 865 849 864 864 823 823 823 823 824 787 787 776 776 776 776 503 762 762 726 726 684 725 725 726 691 691 691 691 649 649 649 649 649 649 503 503 587 587 503 503 503 503 503 503 503 503 503 540 503 503 501 501 526 507 507 501 501 401 401 401 450 450 450 450 328 328 420 420 377 377 377 328 328 367 367 367 238 238 238 238 238 185 185 185 185 301 185 185 185 185 267 267 157 157 237 157 157 157 157 157 157 142 142 142 142 142 142 142 142 113 113 113 68 68 67 67 67 67 67 67 15 15 15 15 15 15 16 
884 884 884 884 884 939 884 884 898 898 898 898 865 865 849 849 849 849 849 823 823 824 776 776 776 796 776 776 503 762 762 726 726 726 725 725 726 691 691 691 691 649 649 670 649 649 650 503 503 503 503 503 503 503 503 565 565 565 565 565 540 540 503 501 501 501 507 507 507 501 401 401 476 450 450 450 450 328 437 420 420 377 377 377 377 377 367 367 367 357 357 238 238 238 185 185 311 185 185 185 185 185 185 238 238 252 252 237 237 157 157 157 157 202 142 142 142 142 142 142 142 142 113 113 113 68 68 68 68 68 68 68 68 15 55 15 15 15 15 16 
884 884 884 884 884 884 884 884 884 899 899 899 865 865 865 865 865 843 843 843 776 776 776 796 796 796 776 776 503 503 763 726 726 726 726 726 726 691 691 503 503 503 503 503 649 649 503 503 615 615 615 615 503 606 503 565 565 565 565 566 540 540 503 503 503 501 501 501 501 501 401 401 401 401 450 450 450 328 328 328 328 328 328 328 377 377 377 377 357 357 357 238 238 238 238 238 311 238 238 292 238 238 238 238 238 238 238 238 238 121 121 121 121 121 192 121 121 121 121 143 143 143 113 113 113 113 113 99 99 68 68 69 69 15 15 15 15 15 15 16 
884 884 884 884 884 884 927 927 884 884 884 884 884 884 865 865 866 843 843 843 776 776 776 776 776 776 776 776 776 503 503 503 503 503 503 503 503 503 503 503 676 676 676 503 503 503 503 638 615 615 615 615 503 503 503 593 565 565 566 566 540 540 540 540 503 503 503 503 503 503 401 401 401 401 450 450 450 328 328 431 328 328 328 328 377 377 377 378 357 357 357 238 238 238 238 238 238 238 238 238 238 271 271 271 238 238 253 238 238 121 121 121 121 121 121 121 121 121 121 121 121 121 121 121 121 113 113 99 100 68 68 69 69 15 15 15 15 15 15 16 
