937 937 937 937 937 915 915 915 852 852 852 852 863 863 863 859 809 809 809 809 823 809 809 801 801 699 699 699 699 699 736 736 736 736 736 699 699 713 713 698 698 602 602 602 602 602 602 602 642 611 611 611 611 602 596 556 556 556 556 556 556 502 502 502 502 502 502 502 502 449 449 477 449 449 449 449 402 402 374 374 374 374 277 277 277 277 277 277 344 344 344 277 277 277 277 277 277 277 277 277 277 211 211 211 211 211 211 211 211 211 211 182 182 182 182 139 139 139 139 139 139 132 42 42 42 42 42 42 42 42 42 42 42 42 42 42 32 1 1 1 
937 937 915 915 915 915 916 916 852 852 852 852 863 852 852 859 809 837 837 809 823 809 810 801 801 699 699 699 699 699 699 736 736 736 737 699 699 699 699 699 699 602 602 602 602 602 602 602 642 611 602 602 602 602 596 556 556 556 556 556 502 502 529 529 529 402 508 508 449 449 449 449 449 449 449 449 402 402 374 374 374 374 277 277 277 277 374 277 344 344 344 277 298 298 298 277 277 280 280 280 211 211 266 184 184 184 184 184 184 184 184 182 182 182 182 139 139 139 139 139 132 132 42 42 42 42 42 42 42 32 32 32 56 32 32 32 32 1 1 1 
961 915 915 931 931 931 916 852 852 852 852 852 852 852 852 809 809 837 837 809 809 809 810 801 801 699 699 699 699 699 699 736 736 736 699 699 699 699 699 699 677 677 677 602 602 602 602 611 611 611 602 596 596 596 596 556 556 556 556 556 502 546 529 529 529 402 449 449 449 493 449 449 449 449 449 449 402 402 427 374 374 374 374 277 277 277 374 277 344 277 277 277 298 298 297 297 297 280 281 281 184 184 184 184 222 222 233 184 184 184 184 182 182 170 170 170 170 155 155 132 132 112 112 42 42 42 42 32 32 32 57 32 56 32 33 33 2 2 2 2 
961 915 916 916 916 916 916 852 901 901 852 869 869 869 852 809 809 809 809 830 785 785 810 785 785 797 699 699 699 699 744 744 744 744 699 699 708 708 708 708 677 687 660 660 660 660 602 611 611 602 602 596 597 597 597 556 556 556 556 556 546 546 529 529 402 402 449 402 402 402 402 402 449 466 449 402 402 402 402 402 409 409 374 374 381 381 374 277 344 277 345 330 330 298 297 297 297 280 280 282 184 258 258 258 222 222 184 184 184 184 155 155 155 170 183 155 155 155 156 132 132 112 112 112 42 42 42 32 32 32 57 32 32 32 33 33 2 2 2 3 
961 915 915 915 938 916 916 852 852 852 852 869 869 869 852 809 809 817 809 785 785 785 810 785 785 785 785 785 699 699 744 744 753 699 699 699 708 708 709 709 677 677 677 565 565 565 602 602 602 602 596 596 590 590 590 590 575 575 479 479 546 546 537 537 402 449 449 402 487 487 487 402 449 449 449 402 420 402 402 402 402 402 402 374 381 381 374 277 277 277 345 330 330 298 322 297 297 297 280 280 184 258 258 258 222 222 222 222 222 155 155 204 155 170 170 155 155 155 155 79 79 112 112 112 42 42 42 32 58 58 57 66 57 33 33 43 2 2 2 3 
915 915 915 915 938 902 902 911 911 902 884 869 869 869 852 852 852 817 809 785 824 785 810 785 785 785 790 699 699 699 744 744 753 699 708 708 708 708 677 677 677 677 677 565 565 565 602 602 596 596 596 596 590 590 590 590 575 575 479 479 479 479 537 537 402 402 402 402 487 487 487 402 402 457 457 402 420 428 428 420 374 374 374 374 374 374 374 323 323 355 330 330 330 298 298 297 297 297 280 280 184 184 258 258 184 184 184 222 222 155 204 204 155 155 170 170 155 155 155 79 79 79 124 112 112 32 32 32 58 58 57 57 57 33 33 33 20 20 20 3 
915 915 915 915 902 902 902 902 902 902 884 869 869 869 852 852 817 817 809 785 785 785 785 785 785 785 790 699 699 699 744 744 699 699 708 708 677 677 677 700 700 677 677 565 565 565 565 565 596 596 596 596 590 590 590 590 479 575 479 479 479 479 479 479 479 402 402 478 478 478 478 478 402 402 402 402 420 428 428 420 374 374 374 374 374 366 366 323 323 323 330 330 330 298 298 298 298 298 280 283 184 184 184 184 184 184 184 205 205 155 155 155 155 155 155 155 155 155 155 79 79 79 79 79 79 32 32 32 58 58 58 58 58 33 33 33 20 3 3 3 
962 915 915 915 902 902 902 902 903 903 884 884 869 869 864 817 817 809 809 785 785 785 785 802 802 780 780 780 780 699 699 699 699 745 677 677 677 721 654 654 654 654 654 654 654 654 654 565 565 565 565 621 565 565 565 565 479 479 479 479 479 530 530 530 479 479 513 478 478 478 478 478 402 402 450 450 420 420 420 420 374 374 374 374 366 366 366 323 323 323 330 330 330 298 298 298 307 280 280 283 184 184 184 184 184 184 184 205 205 155 155 155 155 155 155 151 151 151 151 151 79 133 79 79 79 79 79 32 58 58 58 58 58 33 33 33 20 3 4 4 
941 941 915 915 902 902 917 917 903 885 885 864 864 864 864 817 844 809 809 785 785 780 780 780 780 780 780 755 755 754 754 754 677 677 677 721 721 721 654 665 665 665 665 665 665 654 654 622 622 622 565 565 565 565 565 565 565 570 570 565 557 530 530 530 530 479 479 479 503 478 478 383 383 383 383 383 442 420 420 374 374 410 374 374 366 366 366 366 323 323 330 330 330 298 298 316 280 280 283 283 184 184 259 259 184 184 184 205 205 155 155 155 155 155 155 151 151 79 79 79 79 133 79 79 106 106 79 32 58 58 3 3 3 33 33 44 33 3 4 4 
941 941 941 941 903 903 903 903 903 885 885 864 864 845 845 817 844 844 809 809 785 780 780 780 780 780 780 755 755 754 754 754 677 677 677 721 721 721 654 654 654 654 654 654 654 654 654 622 622 622 622 576 576 576 598 565 565 565 565 565 557 481 481 530 530 514 514 479 479 479 479 383 383 383 383 383 383 420 420 374 374 374 374 395 366 366 366 366 323 323 323 323 323 323 323 280 280 283 283 283 184 272 184 184 184 184 184 205 205 205 205 205 79 79 79 79 79 79 79 79 79 79 125 106 106 107 79 32 85 79 3 59 3 3 33 33 33 3 4 4 
963 941 941 942 903 903 903 912 912 885 885 885 845 845 845 817 844 844 785 785 785 780 780 791 791 791 791 755 755 755 754 754 754 677 677 721 721 722 678 678 678 654 654 654 654 655 655 647 622 622 622 576 612 576 576 565 565 565 557 557 557 481 481 481 481 514 514 488 488 488 479 479 383 383 383 383 383 429 429 347 347 395 395 395 347 347 367 367 323 346 346 323 323 280 280 280 308 283 283 283 184 184 184 184 184 242 184 228 212 212 79 79 79 164 164 164 164 164 79 79 79 79 125 106 107 107 79 32 85 79 3 59 59 3 3 3 3 3 4 4 
963 941 941 941 903 922 912 912 886 904 885 885 845 845 845 817 817 817 817 825 825 780 780 780 780 780 755 755 781 755 755 755 755 677 677 721 721 722 678 678 678 678 678 647 647 647 647 647 622 631 631 576 576 603 576 565 565 576 557 481 481 481 538 538 481 481 481 488 488 488 488 383 383 383 383 383 443 429 429 347 347 347 396 396 347 347 347 347 323 323 323 323 323 280 299 299 299 206 206 206 206 184 184 184 184 184 184 228 212 212 79 79 171 164 164 164 164 79 79 117 117 125 125 106 107 107 79 79 79 79 3 3 60 3 3 26 26 26 4 4 
963 941 941 941 903 922 912 912 886 886 886 845 845 845 845 853 817 817 817 825 825 780 780 780 780 780 755 755 755 755 755 755 755 746 677 730 730 722 678 678 678 678 678 647 647 647 647 647 622 631 631 576 576 603 576 576 576 576 557 481 481 538 538 481 481 522 481 488 488 488 383 383 383 383 443 443 443 347 347 347 347 347 396 396 347 382 347 347 356 323 323 323 323 280 280 280 299 206 291 206 206 234 234 184 184 184 228 228 212 212 212 79 171 171 176 176 79 79 157 117 117 125 125 106 113 86 86 86 86 3 3 3 6 6 6 6 6 6 5 5 
903 903 903 903 903 922 922 912 886 886 886 845 845 845 845 853 853 845 817 817 817 817 786 786 786 798 755 755 755 755 755 755 746 746 677 677 722 722 678 678 678 678 678 647 647 647 648 648 622 632 632 576 603 603 576 576 576 576 557 557 481 481 481 481 481 481 481 488 488 488 383 383 383 383 443 444 444 347 347 347 347 347 347 347 347 382 347 347 356 356 347 323 323 280 280 280 299 206 291 206 234 234 234 234 234 184 228 228 212 212 212 79 197 171 176 176 79 79 157 117 117 117 117 106 106 86 86 86 86 3 72 6 6 6 6 6 6 6 5 5 
903 903 912 912 912 912 912 912 886 886 886 886 845 845 865 853 853 845 811 811 818 818 786 786 786 786 786 755 755 755 755 755 746 746 738 677 722 678 678 678 678 678 679 647 647 647 622 622 622 632 632 576 603 576 576 576 576 481 481 481 481 481 531 531 531 421 421 509 489 489 489 421 421 383 443 444 444 347 347 347 347 347 375 375 375 375 375 347 347 347 347 280 280 280 280 280 299 206 291 284 234 234 234 234 234 184 184 229 212 212 212 79 171 171 171 171 171 79 157 114 114 114 117 117 106 106 3 3 3 3 72 6 6 6 6 6 6 6 6 5 
964 903 903 903 903 932 903 903 903 886 886 874 874 845 845 845 854 845 811 811 818 811 811 786 786 786 786 786 755 755 755 755 738 738 738 677 722 678 714 678 593 593 593 593 647 647 622 643 643 576 576 576 603 576 576 576 576 481 547 481 481 481 531 531 421 421 421 421 489 489 489 421 421 383 443 411 411 411 411 411 411 411 375 375 375 383 357 357 357 357 348 280 326 326 280 280 299 206 206 284 273 273 206 206 234 234 184 184 184 184 213 79 171 171 171 177 79 79 114 114 140 114 114 114 114 3 3 80 80 46 46 46 6 52 6 6 34 6 6 5 
939 939 939 939 903 903 903 831 831 831 831 874 874 831 831 845 845 845 811 811 811 811 786 786 786 786 786 755 755 755 738 738 738 738 738 677 722 678 678 678 593 593 593 593 666 622 622 643 643 576 576 576 576 576 481 481 481 481 547 481 481 481 531 531 421 515 515 421 421 421 421 421 421 383 383 411 411 411 411 411 411 412 383 383 383 383 357 348 348 348 348 280 280 280 280 280 299 299 206 206 273 206 206 206 250 234 234 184 184 184 213 79 79 79 79 79 79 165 114 114 114 114 114 114 114 3 3 80 80 46 46 46 6 6 6 6 34 6 6 6 
939 939 939 939 923 923 923 831 831 831 831 887 831 831 831 845 845 831 831 831 806 806 786 786 786 786 786 755 755 755 738 738 677 677 677 677 722 723 680 680 680 593 593 593 666 622 622 622 622 622 576 576 576 576 481 481 481 577 547 547 547 481 421 421 421 494 494 494 494 421 421 480 421 467 383 437 437 437 411 411 411 383 383 357 357 357 357 348 348 331 331 331 331 280 280 309 309 274 274 206 206 206 206 206 206 206 206 206 206 184 184 184 184 184 184 79 79 165 134 114 114 114 114 118 114 108 3 3 80 80 46 46 46 46 46 6 6 21 21 7 
950 939 939 939 923 923 923 831 831 831 831 831 831 870 831 831 831 831 806 806 806 806 786 786 786 786 787 787 755 755 738 738 677 677 677 722 722 723 680 680 680 680 680 593 593 593 622 622 622 622 576 576 576 576 591 591 481 481 481 481 547 481 481 421 421 494 494 494 494 494 472 472 421 467 383 383 437 437 383 383 383 383 357 357 331 331 331 331 331 331 331 331 331 309 309 309 310 274 274 206 206 206 206 206 206 230 230 230 206 215 184 184 184 184 185 79 79 165 134 114 114 114 114 114 114 108 100 3 87 46 46 46 46 46 46 6 6 21 7 7 
950 950 950 939 939 923 923 831 831 831 831 831 875 870 832 832 831 831 838 832 806 806 786 786 786 786 775 775 775 775 764 747 747 747 677 677 677 677 680 680 680 688 667 667 667 593 622 649 622 622 576 576 604 604 591 591 481 571 571 481 547 547 481 495 495 495 495 494 494 494 472 472 421 421 451 383 383 383 383 418 418 357 357 331 331 331 331 331 331 331 331 332 332 309 309 309 274 274 274 285 206 206 206 206 251 206 206 206 206 215 184 184 184 184 185 172 172 134 134 114 114 114 114 114 95 95 100 3 3 46 46 46 6 6 6 6 35 7 7 8 
950 950 951 905 905 905 905 905 831 831 897 870 870 870 832 832 832 832 832 832 806 806 806 806 775 775 775 764 764 764 764 747 747 747 677 677 677 715 680 680 680 688 667 667 593 593 622 622 635 635 576 576 541 541 591 591 481 571 571 481 481 548 481 495 495 495 495 494 494 494 472 472 472 421 451 451 430 430 430 418 418 357 403 331 376 376 376 331 331 331 331 332 332 309 309 309 274 300 274 285 206 206 206 206 206 206 235 206 206 206 134 134 134 134 134 172 173 134 134 141 141 114 114 114 95 95 95 95 3 81 61 61 6 6 6 7 7 7 22 8 
956 956 943 943 905 905 924 905 913 870 870 870 870 870 832 855 832 832 839 819 819 819 775 775 775 764 764 764 764 764 747 747 747 747 677 677 677 715 715 710 667 667 667 667 593 593 622 622 635 622 622 622 541 541 591 591 481 481 481 481 481 481 481 495 495 495 495 495 495 495 472 472 472 421 451 451 430 430 430 418 418 357 403 331 331 331 331 331 331 311 349 332 332 309 311 311 274 274 274 274 267 267 267 206 235 235 235 206 206 206 134 134 134 134 134 172 134 134 134 141 141 126 126 95 95 3 3 3 3 81 61 61 61 6 6 7 22 22 22 8 
956 956 943 943 905 905 905 905 913 870 870 870 876 832 832 855 855 832 832 819 819 819 775 792 764 764 764 764 764 764 747 747 747 747 677 677 701 701 701 710 667 667 681 667 593 593 622 622 622 622 623 623 541 541 591 591 481 481 481 481 398 398 398 495 495 495 495 495 495 490 490 472 472 421 421 421 421 438 421 421 404 404 384 384 331 331 362 362 362 311 311 311 333 311 311 311 311 274 286 274 267 267 267 206 206 206 206 206 206 206 206 206 134 134 134 134 134 142 142 142 126 126 95 95 3 3 3 3 62 62 62 62 62 6 7 7 22 22 22 8 
933 933 933 943 933 933 905 905 870 870 876 876 876 832 832 832 832 832 832 775 775 775 775 792 764 764 764 764 764 764 747 747 756 701 701 701 701 724 701 701 701 667 667 667 593 593 593 622 622 636 541 541 541 605 591 591 541 541 481 481 481 481 398 398 398 516 516 398 398 490 398 398 398 468 421 421 421 421 421 422 404 404 384 384 384 384 362 362 363 246 246 311 311 311 324 274 274 274 286 274 274 274 236 236 206 206 236 206 206 206 206 134 134 186 186 134 134 142 142 142 126 126 95 95 3 3 3 62 62 82 23 23 6 6 6 6 22 22 22 8 
933 933 933 933 933 925 925 905 870 870 870 870 870 832 832 832 832 775 775 775 775 775 775 792 792 792 792 765 765 765 765 756 756 701 701 701 701 661 661 661 661 667 667 674 593 593 593 636 636 636 541 606 606 599 599 541 541 541 541 541 541 481 481 481 398 398 398 398 398 490 398 481 398 398 458 413 413 413 413 362 362 404 404 362 362 362 362 362 363 246 246 246 311 311 324 274 312 286 286 286 236 236 236 236 236 236 236 206 206 206 206 134 198 186 187 3 3 3 3 142 142 3 3 95 3 3 3 62 62 23 23 23 6 6 6 6 22 22 8 8 
933 933 944 944 925 925 926 905 905 905 870 870 870 870 846 846 856 775 775 775 775 807 807 807 750 750 793 765 765 765 765 756 739 739 739 661 661 661 682 682 661 661 661 661 593 593 593 636 636 637 541 606 606 599 599 541 566 566 541 541 541 541 541 481 523 523 481 481 398 398 398 481 398 398 458 413 439 439 413 362 362 362 362 362 246 246 246 246 246 246 350 246 317 317 317 274 274 286 286 286 236 236 236 236 243 243 216 216 216 206 206 134 198 186 186 3 3 152 3 3 3 3 3 3 3 3 3 23 23 23 23 23 63 6 6 6 22 22 8 8 
933 933 925 925 925 926 926 905 905 888 888 888 877 846 846 846 856 775 775 775 775 807 807 807 750 750 750 750 766 766 766 756 739 740 740 661 725 725 682 682 682 682 682 661 593 593 593 593 593 593 541 606 606 606 541 541 566 566 566 566 541 541 460 481 481 481 481 481 481 481 481 481 398 458 458 413 413 413 413 362 362 362 405 246 246 246 246 246 246 350 350 246 317 317 317 317 274 292 292 260 260 159 159 159 243 243 216 216 216 134 134 134 134 134 186 178 3 152 152 3 3 3 115 115 115 3 3 23 23 23 23 23 23 6 6 6 36 8 8 8 
933 933 925 925 925 918 918 918 888 888 889 889 877 846 856 856 856 846 775 775 775 807 807 807 750 750 750 750 756 756 756 756 739 740 740 661 661 661 661 661 682 682 682 661 661 661 656 650 593 593 541 541 541 541 541 592 566 566 566 566 541 541 460 460 517 517 460 460 460 460 460 398 398 458 458 413 413 413 413 413 413 413 246 246 350 350 350 246 246 350 351 246 317 317 274 274 274 252 252 260 260 159 268 159 159 159 159 159 216 134 134 134 134 134 178 178 3 3 152 3 3 3 3 3 3 23 23 23 23 23 23 23 23 23 23 23 23 8 8 8 
957 957 925 925 925 918 918 918 888 888 846 846 877 846 846 846 846 846 775 775 775 807 807 807 803 750 750 750 756 756 756 739 739 748 740 661 661 661 661 661 682 682 682 661 661 656 656 650 593 624 624 624 584 584 584 584 584 566 566 549 549 549 460 460 517 517 460 460 491 491 460 398 398 398 398 414 414 413 413 413 413 413 246 350 350 385 350 350 350 350 351 246 317 317 274 313 313 252 252 260 260 159 159 159 159 244 159 159 216 134 134 134 134 134 178 143 143 3 152 152 3 3 3 3 3 23 23 23 23 73 9 9 9 53 23 23 23 23 23 9 
925 925 925 871 871 871 871 871 888 888 846 846 846 846 846 846 846 847 807 807 807 807 803 803 803 750 750 750 750 750 750 739 740 740 740 661 661 661 661 711 662 662 668 668 668 656 650 650 593 624 624 625 584 584 584 585 585 549 549 549 549 549 460 460 460 517 517 460 460 491 460 398 398 398 398 414 414 414 413 413 413 413 246 246 246 246 246 364 364 351 351 246 246 246 274 252 252 252 252 252 260 260 260 260 159 159 159 159 216 216 134 134 134 134 178 143 143 3 3 3 3 3 3 3 3 96 23 23 73 73 9 9 9 53 9 9 9 9 9 9 
925 925 925 871 871 891 891 871 871 871 846 846 878 846 846 860 847 847 807 807 807 812 803 803 803 750 750 750 750 776 750 739 740 740 741 661 661 662 662 662 662 662 668 650 650 656 650 650 593 638 613 613 613 585 585 585 585 549 549 532 532 532 532 532 460 460 460 460 460 491 460 460 460 398 459 414 414 414 414 414 414 397 397 389 389 351 351 351 351 351 246 246 246 246 274 252 252 261 261 252 252 252 252 252 252 159 159 159 159 217 134 134 134 192 144 144 143 143 143 143 143 134 3 3 3 96 96 96 73 73 73 9 9 9 9 27 9 9 10 10 
958 925 925 871 871 891 891 891 906 871 871 846 846 846 861 812 812 812 812 812 812 812 803 803 803 750 750 750 750 750 750 739 739 749 741 662 662 662 716 662 662 662 662 662 650 650 650 650 593 613 613 613 613 585 585 585 585 549 549 532 532 532 532 532 460 460 460 460 491 491 491 460 460 398 398 398 431 431 431 414 414 397 397 389 389 351 351 351 351 246 246 301 246 246 246 252 252 261 261 275 275 275 252 252 245 245 159 159 159 159 214 134 134 192 144 144 144 144 144 144 144 134 3 3 97 97 97 97 73 73 74 9 9 47 47 27 27 27 10 11 
958 958 871 871 871 891 891 891 906 906 871 861 861 861 861 812 812 840 840 812 812 820 812 750 750 750 782 782 767 767 739 739 739 739 741 662 726 726 662 662 662 662 683 662 662 662 614 614 593 613 633 593 593 593 600 586 586 549 572 532 532 532 532 532 532 473 473 473 491 491 491 460 460 460 460 398 398 431 431 414 414 414 397 397 389 351 351 351 351 246 246 301 246 246 246 301 301 301 261 261 261 261 261 261 245 245 159 159 159 159 134 134 199 144 144 166 166 166 158 134 134 134 3 3 97 64 64 64 83 83 9 9 9 47 10 10 10 10 10 11 
952 952 871 871 871 871 871 891 906 906 871 861 861 861 861 861 812 812 812 833 812 812 812 750 750 750 750 782 767 767 739 739 739 739 741 662 662 662 662 662 662 662 683 662 662 614 614 614 593 613 593 593 593 593 600 586 586 549 572 532 532 532 532 533 473 473 518 473 473 491 491 460 460 460 398 398 398 431 431 398 398 398 398 398 389 368 368 351 351 358 246 301 301 301 301 301 301 301 261 261 261 261 261 261 245 245 159 159 159 218 134 144 144 144 166 166 134 134 158 134 134 135 88 88 97 64 64 64 83 83 9 9 9 9 10 10 10 11 11 11 
952 952 952 871 871 871 871 891 891 891 871 890 861 861 861 861 812 812 812 812 812 804 804 750 750 751 750 782 782 767 739 739 727 727 727 727 727 727 663 663 663 663 683 662 662 614 614 614 593 593 593 626 593 593 593 593 549 549 572 532 532 550 533 533 473 473 473 473 473 473 473 460 460 460 398 432 432 432 432 398 419 415 389 389 389 368 368 368 358 358 246 338 301 301 318 318 246 246 246 246 246 246 246 246 246 246 231 231 159 218 134 144 144 144 144 144 134 134 158 134 134 88 88 88 97 64 64 64 64 64 9 9 9 9 10 10 10 11 11 12 
952 952 952 893 893 893 893 893 866 891 871 871 871 871 866 826 826 826 826 812 812 804 804 750 750 751 750 768 768 767 767 760 727 727 727 728 728 728 663 702 702 663 663 663 663 663 614 614 593 593 634 614 614 587 587 587 549 550 550 550 550 550 533 533 533 473 473 473 473 473 473 473 473 398 398 432 445 398 398 398 398 415 389 389 390 358 358 358 358 359 246 246 246 327 246 246 246 278 246 246 231 231 231 231 231 231 231 232 159 159 134 134 134 134 134 144 134 134 158 134 145 88 88 88 88 64 64 64 64 64 9 9 9 9 12 12 37 12 12 12 
952 952 952 893 893 934 893 893 866 891 891 891 866 866 866 826 834 834 826 826 826 804 804 804 804 751 750 768 768 768 768 760 727 727 727 663 663 663 663 702 702 663 663 663 663 663 614 651 634 634 634 614 615 587 587 587 549 549 558 558 558 482 482 482 482 482 519 473 473 496 473 473 398 398 432 432 398 398 398 398 398 389 389 389 358 358 358 358 288 288 246 246 246 246 246 302 302 278 278 231 231 231 231 231 231 223 223 223 223 159 134 134 188 188 134 134 134 134 134 134 127 127 88 88 88 88 88 88 88 64 9 9 9 9 12 12 12 12 12 12 
952 952 952 893 893 892 892 919 866 866 866 866 866 826 826 826 834 834 826 826 794 794 804 804 804 751 750 750 750 750 750 760 727 727 663 663 663 663 607 607 607 607 607 663 663 663 614 614 634 634 634 614 587 587 587 587 587 549 558 558 558 482 542 482 482 482 482 482 482 482 482 482 398 398 398 398 398 377 377 398 398 389 389 389 358 339 339 339 288 288 288 288 288 288 303 302 302 302 278 231 231 231 224 224 224 223 223 223 223 159 159 159 159 188 188 134 134 136 136 153 127 127 127 88 88 88 88 88 89 64 67 67 64 12 12 38 38 12 12 13 
952 952 952 893 892 892 892 892 892 892 892 892 879 826 862 862 834 834 834 834 794 794 804 804 804 751 751 777 777 777 750 750 750 750 663 663 663 607 607 607 607 607 607 607 607 607 607 614 614 634 634 614 587 587 587 587 587 549 558 520 520 482 482 482 482 524 482 482 482 482 452 452 452 452 452 452 377 377 377 377 377 389 389 389 358 339 339 339 288 288 288 288 288 288 303 303 303 303 278 231 231 231 224 262 224 224 223 223 223 159 159 207 159 159 159 174 174 136 136 136 136 136 89 89 89 89 89 89 89 64 64 64 64 12 12 12 12 12 12 13 
952 952 893 893 892 920 920 920 893 893 879 879 879 826 862 862 834 848 834 834 794 794 794 794 794 799 751 777 777 777 750 750 663 663 663 663 607 607 703 703 703 607 607 607 664 664 607 607 614 639 614 614 587 587 587 587 587 549 520 520 520 520 520 520 482 482 482 482 482 482 452 483 452 452 461 453 377 377 377 377 377 389 389 389 358 339 339 339 339 360 288 288 288 288 278 278 303 303 278 278 231 231 224 224 253 224 224 224 224 159 159 159 159 159 159 159 159 136 136 136 136 136 89 89 89 109 48 48 48 48 75 64 64 24 24 12 12 12 12 13 
952 952 893 893 893 893 893 893 893 893 879 879 879 826 826 826 834 834 834 834 794 794 794 794 794 751 751 788 777 777 761 761 663 663 663 663 607 607 607 607 607 607 607 607 607 607 607 607 614 614 614 627 607 607 549 549 549 549 520 559 559 534 534 520 520 482 482 482 482 482 452 452 452 446 446 453 446 377 377 377 335 335 358 358 358 339 339 339 339 360 288 288 288 288 278 278 278 278 278 278 231 231 231 224 224 224 224 224 219 219 159 159 200 159 159 179 159 167 159 91 91 128 128 119 109 109 48 90 90 48 75 64 64 24 24 39 39 24 24 13 
945 945 945 945 935 935 907 907 907 893 893 893 822 822 826 826 834 834 834 834 794 794 794 794 751 751 751 751 761 761 761 733 733 742 742 733 607 607 607 607 607 689 607 607 607 607 607 607 607 607 607 607 607 608 549 578 578 578 520 520 534 534 534 534 520 520 497 497 497 497 469 469 469 446 446 446 446 377 377 377 335 335 358 358 358 339 339 339 339 360 288 288 288 288 278 278 293 293 293 287 231 231 231 231 231 231 231 231 219 219 159 208 159 159 159 179 159 159 159 91 91 128 119 119 109 109 48 90 90 48 48 48 48 24 24 24 24 24 25 13 
945 945 945 945 935 935 907 921 907 907 822 822 822 822 867 834 834 834 834 834 794 794 794 794 751 751 751 751 761 761 733 733 733 733 733 733 607 607 607 689 689 689 607 607 669 644 644 644 644 628 628 607 607 608 549 549 549 579 520 520 534 534 534 534 534 520 497 497 497 469 469 469 469 446 446 446 446 377 335 335 335 335 334 334 334 339 339 339 339 339 339 339 334 288 319 278 278 294 294 287 231 231 231 231 254 231 231 231 219 219 159 159 159 179 179 179 159 159 91 91 91 119 119 91 91 91 48 48 48 48 48 48 48 24 24 24 13 13 13 13 
953 953 953 946 907 907 907 907 907 822 822 822 822 822 867 834 834 834 841 821 821 794 794 794 794 751 751 751 751 751 751 751 733 733 693 693 693 607 607 684 684 690 675 675 644 644 657 644 644 628 628 607 607 549 549 549 549 579 520 520 520 520 462 462 462 520 497 497 497 469 469 469 469 446 446 446 446 377 335 335 335 335 335 335 334 334 369 369 339 339 334 334 334 288 319 319 278 278 278 287 231 231 231 231 231 231 231 201 201 201 201 201 201 179 179 175 175 91 91 91 91 119 91 91 101 91 98 98 91 48 48 48 24 24 24 24 13 13 13 13 
953 953 946 946 907 907 907 907 907 822 898 822 822 867 867 834 834 841 841 821 821 821 794 794 794 751 751 751 751 751 751 751 733 733 693 693 693 607 607 691 684 684 675 675 644 644 644 644 644 628 628 607 607 549 549 549 549 573 573 520 520 520 462 462 462 520 520 497 497 497 462 462 469 377 377 454 377 377 433 335 335 406 406 335 335 334 334 334 339 339 334 340 288 288 319 319 278 278 278 278 263 263 231 231 231 231 231 201 225 209 209 209 180 180 189 175 175 91 91 91 91 91 91 101 101 91 98 91 91 48 48 48 24 24 24 24 13 13 13 13 
953 953 946 880 880 880 880 907 907 822 822 822 822 841 841 841 841 841 821 821 821 821 794 794 794 794 794 751 751 751 751 751 733 733 693 693 692 692 692 691 691 684 684 644 644 644 644 652 616 616 628 628 616 549 549 549 549 573 573 520 520 520 462 462 462 462 462 497 497 497 462 462 469 377 377 377 377 433 433 335 335 406 335 335 335 334 334 334 334 334 334 340 288 288 288 288 278 278 278 278 263 263 263 263 231 231 231 201 201 209 209 209 180 180 180 91 91 91 91 146 146 91 91 101 101 91 91 91 48 48 48 48 48 54 28 28 13 13 13 13 
880 880 946 880 880 880 880 907 907 822 822 822 822 841 841 841 822 822 821 821 821 821 794 794 800 800 769 769 769 751 751 751 733 733 693 693 692 692 692 692 691 691 644 644 543 543 652 652 616 616 616 616 616 549 549 549 549 549 549 549 525 525 462 462 462 462 462 462 462 498 462 462 469 377 377 455 377 377 434 377 377 406 335 335 335 370 370 334 334 352 352 335 335 288 288 288 278 278 278 278 278 247 247 264 231 231 231 120 201 201 201 201 180 180 180 180 120 120 146 146 120 120 120 120 101 101 101 48 48 48 48 68 48 48 28 28 13 13 13 13 
965 880 880 880 880 880 880 907 907 822 822 822 822 822 822 822 822 822 821 821 821 821 794 794 800 800 769 769 769 751 751 751 751 751 693 693 717 717 717 692 692 692 644 543 543 543 652 652 616 629 629 629 543 543 588 588 588 549 549 549 525 525 525 525 525 525 462 462 462 462 462 462 469 469 377 377 377 377 377 377 377 406 335 335 335 370 370 370 352 352 353 335 336 288 304 304 304 278 278 278 278 247 247 247 247 231 231 120 226 220 201 201 201 180 180 180 120 120 146 120 120 129 129 110 110 110 48 48 92 68 68 68 48 48 28 13 13 13 13 13 
965 947 947 947 880 880 880 880 880 880 880 880 880 827 827 822 822 822 821 821 821 757 794 794 800 800 769 769 769 751 751 762 743 743 743 693 717 693 693 692 692 693 644 543 543 543 543 616 616 629 543 543 543 543 543 543 543 543 543 549 525 525 543 510 510 526 462 462 504 462 462 462 474 462 462 423 423 377 377 377 377 335 335 335 335 335 370 370 335 335 353 335 335 288 288 288 304 304 278 278 247 247 247 247 247 231 231 120 226 220 201 201 201 193 120 120 120 120 120 120 147 129 129 110 110 110 48 48 48 68 68 68 48 48 28 13 13 13 13 13 
965 947 947 947 894 894 894 894 908 908 894 894 827 827 827 827 822 822 821 821 821 757 757 808 800 800 770 770 769 769 769 743 743 752 693 693 717 693 693 704 704 693 644 676 543 543 543 616 616 616 543 543 543 609 580 580 589 543 543 549 551 551 543 510 510 510 510 510 462 462 462 462 462 462 463 423 423 423 435 377 377 335 335 335 391 335 335 335 335 335 335 335 335 288 288 288 288 288 288 288 247 247 247 247 247 247 120 120 220 220 193 193 193 193 120 121 121 121 120 120 130 130 130 110 110 110 48 48 48 68 48 48 48 48 28 28 28 28 13 13 
965 947 947 947 894 894 894 894 908 908 894 894 827 827 827 827 822 822 821 821 822 822 757 757 805 770 770 770 770 770 770 743 743 752 693 693 693 693 693 693 693 693 644 676 543 543 543 543 543 616 543 609 609 609 580 580 580 543 543 567 551 551 543 510 510 510 462 462 462 499 462 423 423 463 463 423 423 423 423 423 377 416 377 377 391 335 335 361 361 361 314 314 314 314 314 314 314 237 237 237 247 247 269 247 247 247 120 220 220 193 193 210 194 194 120 120 120 121 121 154 130 130 130 110 110 110 48 93 93 68 48 69 48 48 28 28 28 28 13 13 
947 947 947 947 894 894 894 894 894 908 894 894 827 827 827 827 842 822 822 822 822 757 757 757 805 795 795 770 770 757 757 757 743 743 693 693 693 693 705 705 705 644 644 676 543 543 580 580 543 543 543 609 609 610 580 594 580 580 543 543 543 543 543 510 510 510 462 462 499 499 462 423 423 423 423 423 423 378 378 424 377 416 377 377 377 377 377 361 361 361 314 320 320 320 320 320 315 237 289 237 247 247 269 265 237 237 120 220 193 193 210 210 194 194 120 120 120 160 121 121 121 121 121 121 48 48 48 93 93 68 48 69 48 48 48 14 14 13 13 13 
947 947 947 947 894 894 896 896 894 908 894 895 827 827 827 827 842 842 842 827 827 757 757 757 757 795 795 757 757 757 771 757 757 743 693 693 731 644 644 712 644 644 580 580 580 580 580 580 580 580 580 580 580 610 580 581 581 561 561 561 560 500 500 500 511 511 511 462 462 462 462 423 470 470 464 378 378 378 378 378 377 377 377 386 386 386 378 314 314 314 314 320 320 320 320 321 315 237 289 237 237 237 237 265 237 237 120 220 193 193 193 193 120 120 120 168 160 160 160 121 121 121 121 122 48 48 48 48 48 68 48 48 48 14 14 14 14 13 13 13 
947 947 954 896 896 896 896 896 894 894 894 881 881 835 835 827 849 849 827 827 685 685 685 685 757 757 757 757 771 771 771 757 757 743 743 685 685 644 644 644 644 580 580 580 580 580 580 580 645 630 630 580 580 610 580 581 581 561 561 561 560 500 500 500 511 527 511 511 505 462 462 423 470 464 464 378 378 440 436 378 378 378 407 378 378 378 378 314 314 320 320 320 320 320 320 315 315 237 289 289 279 237 237 265 237 237 120 120 193 193 193 193 120 168 168 168 160 160 160 121 148 121 121 122 102 102 102 48 48 68 65 65 65 14 14 45 14 14 14 14 
954 959 954 896 896 896 927 896 896 896 896 881 881 835 835 827 827 827 827 685 685 685 685 685 685 685 685 685 685 685 685 685 685 685 685 685 685 644 644 644 694 580 580 670 670 580 580 580 645 630 630 580 580 580 580 581 581 581 561 561 561 500 500 511 511 500 500 500 505 462 462 423 423 464 447 447 378 440 436 378 378 378 378 378 392 387 314 314 314 320 320 320 320 320 315 315 315 237 279 279 279 237 265 265 237 237 237 120 193 193 193 193 120 168 168 168 168 160 160 121 121 121 122 122 102 102 102 48 48 48 65 65 65 14 14 45 14 14 14 14 
954 954 954 896 896 872 872 896 896 909 896 896 881 835 835 827 827 828 828 685 685 685 685 685 685 685 685 685 685 685 685 685 685 685 685 685 685 706 706 706 694 694 580 580 580 580 580 580 645 630 630 630 617 580 580 561 561 561 561 535 535 552 500 511 511 500 500 500 505 500 475 475 423 423 447 447 378 378 436 378 378 417 378 378 392 387 314 314 314 320 320 341 328 328 315 315 315 237 279 279 237 237 265 265 237 237 237 120 193 193 193 120 120 168 168 181 168 168 122 122 122 122 122 94 94 102 102 48 48 48 65 65 65 14 14 45 29 29 14 14 
966 928 928 948 872 872 872 872 872 872 872 872 881 835 868 827 827 828 828 828 828 685 685 685 685 685 685 685 685 685 685 685 685 685 685 685 729 706 718 706 706 640 640 640 640 658 658 640 640 630 630 630 617 561 561 561 535 535 535 535 535 535 500 500 500 500 500 500 500 500 475 475 475 423 447 447 447 378 436 378 378 417 378 378 392 387 314 314 314 328 328 341 328 328 295 295 295 237 279 279 237 237 237 237 237 237 237 120 193 193 193 120 202 168 168 181 137 137 122 122 122 122 122 94 94 94 94 48 48 48 14 14 14 55 14 45 29 29 14 14 
928 928 928 928 872 872 872 872 872 899 899 872 872 835 835 843 843 828 828 828 828 685 813 685 685 685 685 763 763 763 763 763 685 685 685 685 729 706 718 695 695 640 640 640 640 640 640 640 640 617 617 617 617 561 561 561 535 574 535 535 562 535 535 539 500 500 484 484 484 484 484 484 423 423 447 447 447 378 378 378 378 378 378 387 387 387 314 314 314 328 328 328 328 328 295 295 295 237 237 290 237 237 237 237 255 237 237 120 227 221 120 120 137 137 137 137 137 137 122 122 122 122 122 94 94 94 94 99 76 76 14 14 14 14 14 29 29 29 14 14 
928 960 928 928 940 872 872 872 872 873 873 873 872 872 835 843 843 843 843 828 828 685 685 783 783 763 763 763 763 763 763 732 732 732 685 685 729 706 706 695 695 695 640 640 640 640 653 653 617 617 617 617 617 561 561 561 535 574 535 535 553 553 535 535 535 484 484 423 423 423 423 423 423 465 465 378 378 378 425 425 378 378 378 387 387 388 314 295 295 295 295 295 295 295 295 295 295 295 237 237 237 237 238 238 238 238 238 120 120 221 120 137 137 137 137 137 137 137 137 137 149 111 111 111 111 111 94 94 76 76 76 14 49 49 49 29 29 29 15 15 
928 928 928 928 928 928 928 873 873 873 873 873 873 873 835 835 835 835 835 835 685 685 685 783 783 763 763 763 763 778 772 732 758 732 685 685 729 729 706 695 696 696 640 671 671 617 617 617 617 617 617 617 617 561 561 561 535 574 574 554 554 554 535 535 484 484 521 423 423 423 423 485 476 465 465 378 448 378 378 378 378 378 378 399 314 314 314 295 295 295 337 337 337 295 295 295 295 295 295 237 237 237 238 191 191 191 191 191 120 120 120 137 137 137 137 137 137 137 137 137 149 111 111 77 77 77 103 94 94 76 76 14 49 49 50 15 15 15 15 16 
949 928 928 928 928 928 928 873 873 910 873 873 873 835 835 835 835 835 835 836 685 685 685 783 783 796 796 763 763 772 772 732 758 732 685 685 685 685 706 695 696 696 640 671 671 617 617 617 646 617 601 601 601 601 601 535 535 512 512 554 554 554 512 512 512 512 521 423 423 501 423 423 476 465 465 378 378 378 378 378 378 314 314 314 314 379 365 365 295 295 337 296 296 296 296 296 237 237 237 237 238 238 238 191 256 191 191 191 195 195 195 195 137 190 190 137 137 137 137 137 137 137 77 77 116 77 103 77 77 77 77 14 14 49 15 15 15 15 16 16 
949 928 928 928 929 929 929 873 873 873 873 873 873 835 835 835 835 789 789 789 814 814 685 685 783 796 783 783 783 772 773 732 758 732 685 685 732 685 706 695 695 640 640 672 672 617 617 617 617 617 601 618 618 512 512 535 512 512 512 512 512 512 512 536 536 512 512 512 486 486 486 423 423 423 423 423 378 378 378 378 378 314 400 393 393 379 365 365 295 296 296 296 296 296 325 296 237 237 238 238 238 270 270 191 191 191 239 191 191 195 195 195 137 137 137 137 137 137 137 150 150 77 77 77 77 77 77 77 77 77 78 70 14 49 15 15 15 15 15 15 
949 928 955 928 929 929 929 873 873 873 873 873 873 873 835 835 857 850 789 789 814 814 814 685 783 796 783 783 783 772 773 732 732 732 734 734 732 685 685 685 695 640 640 672 673 617 617 640 640 640 601 618 618 512 512 512 512 582 555 555 555 555 544 536 536 486 486 486 486 486 486 486 314 314 423 423 378 378 378 314 314 314 400 393 393 379 365 365 295 295 354 342 296 296 325 296 237 237 238 238 270 270 271 248 248 191 191 191 191 196 196 195 195 161 161 161 161 161 161 150 77 77 77 77 77 77 77 77 70 70 70 70 14 14 15 15 15 15 15 15 
949 928 928 928 929 929 929 873 873 873 873 873 873 873 850 850 850 850 789 814 814 815 815 685 783 783 783 783 783 772 732 732 732 732 734 734 732 686 686 685 685 697 640 672 640 640 659 640 640 601 601 618 618 512 512 512 544 544 555 544 544 544 544 486 486 486 486 486 506 486 486 486 314 314 314 314 314 314 314 314 393 393 400 400 393 379 379 365 365 295 295 342 296 296 296 296 237 237 237 257 257 248 248 248 248 248 191 191 196 196 196 195 195 161 161 161 161 169 150 150 77 131 77 77 77 77 104 70 70 70 70 71 40 40 15 15 15 17 15 15 
949 928 928 949 929 929 929 873 873 900 900 873 873 873 850 850 850 851 789 814 814 815 815 685 685 772 772 772 772 772 732 759 759 732 732 732 732 686 686 686 685 697 640 640 640 640 640 640 640 601 601 512 512 512 512 512 512 544 544 544 545 545 545 486 486 486 486 486 471 471 471 471 314 314 314 441 441 441 314 314 393 393 393 393 393 380 380 371 343 343 295 295 296 296 296 296 296 296 237 237 257 248 248 248 248 240 240 191 196 196 196 195 195 195 161 161 169 169 150 150 77 131 131 77 70 70 70 70 70 70 18 18 40 40 51 15 15 17 17 17 
949 949 949 949 930 930 930 873 873 900 900 873 873 873 850 850 858 789 789 814 814 789 789 789 685 772 685 685 779 779 732 732 732 732 732 732 719 719 719 686 685 697 685 640 640 512 512 512 512 512 512 512 512 512 512 512 512 544 544 563 545 545 545 471 471 486 486 486 471 471 492 471 471 456 456 441 441 441 371 371 371 401 401 401 380 380 371 371 343 343 343 295 295 295 296 296 296 296 296 237 257 257 248 248 257 240 241 191 196 196 196 196 195 195 191 161 162 162 150 150 77 77 77 77 70 70 70 70 70 70 18 18 40 40 40 40 40 30 18 18 
930 930 930 930 930 936 873 873 914 873 873 873 882 850 850 850 858 789 789 789 789 789 789 789 685 685 685 685 685 732 732 732 732 732 732 732 719 719 719 686 685 685 685 640 640 512 512 512 564 564 564 564 564 564 595 595 564 564 568 563 563 471 471 471 471 486 486 486 471 471 492 471 471 456 441 441 441 441 371 371 371 371 371 371 380 380 371 372 343 343 343 295 295 295 305 305 296 296 296 237 237 257 257 257 257 240 191 191 196 196 196 196 196 196 191 162 162 162 150 150 150 84 84 123 70 70 105 70 70 70 18 40 40 30 30 30 41 30 18 19 
930 930 930 930 930 936 873 873 873 873 850 850 850 850 850 858 858 816 816 816 816 816 789 789 789 789 789 789 685 732 774 732 732 732 732 732 719 719 720 686 707 686 686 640 640 512 512 512 564 564 564 564 619 564 595 595 564 564 568 568 540 540 540 540 471 486 486 471 471 492 492 471 471 456 441 441 441 441 371 371 371 371 408 371 394 371 371 372 343 343 343 295 295 295 305 305 305 305 237 237 237 276 240 240 240 240 191 191 191 191 191 191 191 191 191 162 162 162 162 84 84 84 84 84 84 105 105 70 70 70 18 40 40 30 30 30 30 30 18 19 
930 930 930 930 930 930 873 873 873 850 850 850 850 850 850 858 858 816 816 816 829 816 784 784 685 685 685 685 685 732 774 732 732 735 735 735 619 619 619 686 686 686 619 619 619 619 641 641 641 641 619 619 619 564 564 564 564 564 564 569 540 540 540 471 471 528 471 471 507 492 492 471 471 456 456 456 441 441 371 426 371 371 371 371 371 371 372 372 343 343 343 343 329 329 305 305 305 306 237 237 237 240 240 240 240 249 191 191 191 191 191 191 203 191 191 162 162 162 162 84 138 138 84 84 84 84 84 84 70 70 18 18 18 18 18 31 31 31 18 19 
930 930 930 930 930 930 873 873 873 850 850 850 883 850 850 858 858 816 816 829 829 816 816 784 784 784 784 784 784 732 732 732 732 735 735 735 619 619 619 619 619 619 619 619 619 619 619 619 619 619 619 620 620 564 564 583 583 583 564 564 564 540 540 471 471 471 471 507 507 492 492 471 471 471 456 456 441 441 371 371 371 371 371 371 371 372 372 373 343 343 343 343 329 329 305 305 305 306 237 237 237 240 240 240 240 249 191 191 203 203 203 203 203 191 191 162 162 162 163 84 84 84 84 84 84 84 84 84 84 84 18 18 18 18 18 18 18 18 18 19 
