911 911 911 911 911 911 911 911 891 891 891 862 862 862 862 838 838 838 790 790 790 790 790 790 790 716 716 716 716 722 722 722 722 722 722 722 716 620 620 620 620 620 620 620 620 620 620 631 619 619 588 588 588 588 558 558 558 558 558 551 551 532 532 532 472 472 472 501 501 472 472 472 472 456 456 431 431 431 378 378 378 403 403 378 378 378 378 279 279 279 279 279 279 279 279 279 313 247 247 247 247 247 247 247 247 247 247 232 232 198 198 198 198 198 29 29 29 29 29 29 29 29 86 86 112 112 86 86 86 86 1 1 1 1 1 1 21 21 21 1 
911 948 911 911 911 911 912 912 891 891 891 862 862 863 863 838 838 790 790 825 790 790 716 716 716 716 716 716 716 722 722 722 722 722 722 716 716 620 620 683 683 620 620 620 620 620 620 631 619 588 588 596 596 558 558 489 489 489 489 551 551 532 472 472 472 472 472 472 472 472 488 466 466 456 431 431 431 431 378 422 378 378 378 378 279 279 279 279 356 356 356 339 339 325 325 279 313 247 247 247 247 247 247 247 247 254 232 232 233 198 198 198 198 199 29 29 176 29 29 29 29 29 86 86 86 86 86 86 93 1 1 62 62 1 1 1 1 1 1 1 
911 948 911 911 911 911 912 891 891 862 862 862 862 863 863 838 838 790 790 825 790 790 716 716 716 785 716 716 716 722 722 716 716 716 716 716 620 620 620 683 683 620 620 620 620 619 619 619 619 588 596 596 596 558 587 489 489 489 489 489 551 532 472 528 472 472 472 472 472 472 488 466 466 466 431 431 378 378 378 422 379 379 379 379 279 379 379 356 356 339 339 339 340 325 325 279 279 279 247 247 247 247 247 247 247 254 232 232 224 224 198 198 198 29 29 29 29 136 29 29 86 86 86 86 86 86 86 86 93 1 1 1 1 1 33 33 33 1 1 2 
911 911 911 911 911 911 891 891 902 862 892 862 862 863 863 832 832 832 790 790 790 790 806 639 716 716 716 716 716 754 754 716 740 716 716 620 620 620 620 675 675 675 620 620 620 619 619 619 619 588 588 588 596 558 587 489 489 489 489 489 551 532 472 528 472 472 472 472 472 472 489 466 466 466 431 431 378 378 379 379 379 379 379 379 379 379 356 356 339 339 343 343 340 214 214 279 279 279 247 247 247 247 275 248 248 248 232 232 224 224 198 198 198 29 29 29 29 136 29 29 86 86 135 86 86 113 86 86 86 86 34 34 54 54 33 33 33 1 1 1 
911 911 911 911 911 911 891 891 902 862 892 863 863 863 863 832 832 832 790 790 790 790 806 639 639 716 716 716 716 716 716 716 716 716 716 620 620 620 620 675 675 620 620 658 620 620 619 619 602 602 602 588 596 596 580 580 567 567 489 489 551 532 472 528 528 472 472 472 489 489 489 378 378 378 431 378 378 378 379 379 379 379 379 395 379 379 356 339 339 340 340 340 340 214 214 279 279 279 247 247 279 279 248 248 264 248 248 214 214 224 198 198 173 173 173 173 177 136 136 29 151 86 86 86 113 113 86 86 86 86 34 34 54 54 33 33 34 1 1 1 
911 891 891 891 891 891 891 891 862 862 863 863 863 863 863 813 813 832 790 790 790 790 790 790 639 639 639 639 767 716 716 750 716 716 716 620 620 708 620 620 620 620 666 639 639 620 620 632 602 602 602 588 588 588 580 580 567 567 489 489 489 532 472 472 472 472 472 472 489 490 490 378 378 378 378 378 378 378 379 379 407 407 379 379 379 356 356 339 340 340 344 214 214 214 214 279 279 279 290 290 279 280 248 248 214 214 214 214 214 224 173 173 173 173 173 173 177 136 136 29 29 29 29 29 29 29 29 87 87 34 34 34 34 34 34 34 34 3 3 3 
891 891 891 891 871 871 891 891 862 863 863 863 863 862 862 813 813 832 832 790 790 812 790 790 787 786 778 639 639 639 639 639 717 717 727 620 620 639 639 639 639 639 639 639 639 646 620 632 602 602 602 602 602 588 588 567 567 567 489 489 489 489 489 489 489 489 489 489 489 490 490 339 339 339 457 339 339 428 428 339 339 339 339 339 339 356 339 339 361 361 344 214 214 214 214 279 279 279 279 279 279 248 248 248 214 255 225 225 214 173 173 173 173 173 173 173 173 136 29 29 29 136 136 29 29 114 29 87 87 34 34 34 29 29 35 35 35 3 3 4 
891 871 871 871 871 871 871 862 862 863 863 863 862 862 862 813 813 832 832 790 812 812 790 791 787 786 778 639 639 639 639 639 717 717 717 717 717 639 690 690 639 639 659 659 639 646 620 620 620 620 567 567 567 567 567 567 567 567 489 489 552 489 489 503 503 503 502 502 502 490 490 339 473 339 339 339 339 428 428 339 418 339 339 387 339 356 339 361 361 344 344 344 214 214 214 279 279 306 214 214 214 214 214 214 214 255 225 225 214 173 173 173 173 173 173 185 173 136 29 29 29 136 136 114 114 114 29 87 87 87 29 29 29 29 29 29 29 29 3 4 
871 871 871 871 871 871 871 862 862 862 862 862 862 871 813 813 813 790 790 790 812 812 790 791 787 787 778 639 639 639 639 639 717 717 717 717 718 639 639 691 571 571 659 659 639 646 639 620 620 620 607 607 567 567 567 545 545 545 545 545 545 545 538 503 503 503 502 502 502 438 438 339 339 339 447 447 339 339 339 339 418 396 396 387 339 339 339 361 361 344 344 344 214 331 214 279 279 306 214 214 214 214 214 255 255 255 225 225 214 214 207 207 185 185 185 185 173 136 136 136 136 136 136 114 114 115 29 29 29 29 29 63 63 36 36 3 3 3 3 4 
871 871 871 937 871 871 871 871 862 862 882 882 871 871 813 813 850 790 790 790 812 812 790 791 778 778 778 639 639 639 639 751 639 639 717 717 718 709 639 691 571 571 659 659 639 646 639 620 620 620 607 607 567 567 567 570 570 484 484 484 484 484 538 503 523 523 503 503 503 438 438 483 474 339 447 447 339 339 396 396 418 396 396 387 387 387 373 373 361 361 344 344 214 331 214 214 214 214 214 234 234 234 255 255 255 256 225 225 225 214 214 185 185 200 185 185 173 173 136 136 137 137 137 114 114 115 29 29 36 36 36 36 36 36 36 3 3 3 3 3 
871 871 871 937 871 871 871 871 871 871 871 871 871 864 864 813 850 790 790 790 790 790 790 791 778 778 755 755 639 639 639 751 639 639 728 639 639 709 639 571 571 571 571 571 639 639 639 633 620 620 597 603 603 559 559 570 570 484 484 484 484 484 538 503 523 523 503 510 504 438 438 474 474 339 339 448 396 396 396 396 396 396 396 396 387 387 373 373 361 361 344 344 214 214 214 214 214 214 214 234 234 234 255 255 255 256 225 225 225 225 215 185 152 152 152 152 152 137 137 137 137 114 114 114 121 115 29 29 29 64 64 36 36 55 36 36 36 3 3 3 
871 871 871 937 871 871 913 871 871 871 871 875 875 864 864 813 850 790 790 826 790 790 790 791 791 778 755 755 639 639 639 751 639 639 639 639 639 639 639 571 571 571 667 571 571 647 633 633 571 571 597 603 597 597 559 559 559 559 484 484 484 484 484 503 503 503 503 504 504 438 438 474 438 438 339 339 396 396 396 396 396 396 396 396 387 387 369 369 369 362 214 214 214 214 214 214 214 250 250 284 284 234 255 255 256 256 225 225 225 225 215 185 152 152 190 152 152 137 137 137 152 114 114 114 115 115 29 29 29 64 64 64 64 47 47 3 3 3 3 3 
871 871 871 871 871 871 913 913 833 833 833 833 872 872 813 813 826 826 826 826 790 790 790 778 778 778 755 755 639 639 639 639 639 639 639 677 677 639 639 692 684 571 571 571 571 647 633 633 571 571 597 597 597 598 559 559 559 559 484 556 484 484 484 520 520 503 503 504 504 438 438 438 438 438 438 339 339 339 396 396 396 396 397 397 387 387 369 362 362 362 214 345 214 214 214 214 250 250 250 284 284 234 256 256 256 152 152 152 226 226 215 185 152 152 190 152 152 152 152 152 152 114 114 114 115 97 97 29 29 64 77 64 64 47 47 3 3 22 22 5 
926 926 925 925 925 925 913 913 833 833 833 833 872 872 813 826 826 839 826 826 790 790 792 792 778 778 779 755 755 755 639 639 639 639 639 677 677 639 639 639 684 571 571 571 651 647 640 571 571 571 597 597 571 571 559 559 559 559 484 484 484 533 533 520 520 520 520 438 438 438 438 438 467 467 438 449 438 339 429 419 419 397 397 388 388 388 369 362 362 362 214 214 214 214 326 250 250 307 250 250 250 234 234 234 234 234 234 152 152 152 215 185 152 152 152 178 152 152 152 152 138 138 138 128 115 97 97 97 64 64 64 64 65 47 47 47 3 3 5 5 
926 925 925 938 925 925 914 914 833 833 833 833 833 833 813 826 826 813 813 813 813 813 792 792 723 723 723 723 756 755 639 639 639 677 677 677 677 639 700 639 684 571 571 571 571 647 640 571 571 571 571 571 571 571 571 571 571 559 559 484 484 533 533 533 520 520 438 438 438 494 438 438 467 467 438 438 438 339 339 419 419 398 398 388 388 369 369 346 346 346 346 346 214 214 326 250 250 250 250 250 250 234 234 234 234 249 234 234 234 152 152 185 185 152 152 178 178 158 158 158 138 138 139 128 115 97 97 97 64 64 64 5 5 5 5 5 5 3 5 5 
926 925 925 925 914 914 914 876 876 876 833 833 833 833 813 813 813 813 819 819 819 792 792 792 723 723 723 723 756 755 755 639 639 677 677 719 719 639 639 639 639 676 571 660 571 640 640 571 571 581 581 581 589 589 589 484 484 568 560 484 484 484 484 484 484 438 438 511 438 438 438 438 467 467 438 438 339 339 339 339 419 398 398 398 369 369 346 346 346 346 346 346 214 214 214 314 314 250 250 250 250 265 265 265 265 249 249 227 227 227 152 185 185 152 152 178 178 158 115 115 138 138 128 128 115 97 97 78 78 64 64 5 5 5 5 5 5 5 23 5 
926 943 943 925 914 914 914 876 903 876 866 866 833 833 865 813 813 813 819 819 819 792 792 792 792 723 723 723 756 756 756 639 639 729 677 677 677 710 639 639 639 571 571 571 571 640 571 571 581 581 612 581 581 484 484 484 484 484 560 484 546 546 484 484 484 438 438 438 438 438 438 438 339 339 450 450 339 339 339 339 419 398 399 399 369 369 346 346 346 346 214 214 214 214 214 214 308 308 250 250 250 250 250 250 266 249 249 227 227 227 152 185 185 152 152 158 158 158 115 115 115 115 128 115 115 105 105 78 78 78 78 5 56 56 5 5 5 5 5 5 
926 926 926 925 925 914 914 876 876 876 866 866 833 873 865 813 813 813 833 772 772 772 772 772 793 723 723 723 768 756 756 639 639 729 729 723 677 677 677 677 677 571 571 571 571 571 571 581 581 581 581 581 581 484 484 484 572 484 484 484 484 484 484 524 524 524 438 438 484 484 484 484 339 339 339 339 339 423 423 423 399 399 399 369 369 369 380 346 346 346 214 214 214 214 214 214 308 285 285 285 285 250 250 250 250 250 250 227 227 227 152 152 152 152 158 158 144 144 115 115 115 115 115 115 122 105 106 78 78 78 79 5 5 5 5 5 5 5 5 5 
949 949 926 925 925 926 904 904 876 876 876 866 833 833 865 813 813 833 833 772 772 772 772 772 772 772 772 723 723 723 757 723 723 723 723 723 693 693 693 693 677 677 571 571 571 571 641 581 581 581 581 581 581 581 590 484 484 484 484 484 484 484 484 484 484 484 484 484 484 339 339 339 339 468 339 339 423 423 423 423 399 399 369 369 374 374 374 374 346 346 214 214 214 332 214 319 308 285 301 291 228 228 228 269 228 228 228 227 227 227 191 191 144 144 144 144 144 144 161 144 144 144 106 106 106 105 106 78 78 78 79 66 66 37 37 37 37 5 5 5 
949 949 926 926 926 926 904 904 904 876 876 866 866 833 833 855 833 833 820 820 772 772 772 772 772 788 772 723 723 723 723 723 723 724 724 724 693 693 693 694 648 648 652 652 652 571 571 571 571 621 581 581 581 581 581 581 484 484 484 484 484 484 513 513 512 512 512 512 339 339 475 475 475 451 451 451 423 423 423 423 369 369 369 369 369 369 341 341 341 341 347 347 214 214 214 319 308 285 285 291 228 228 228 228 228 228 228 228 228 228 191 191 144 144 144 144 179 144 144 144 145 145 106 129 106 106 106 78 78 78 79 66 66 37 37 37 6 6 6 6 
949 949 915 915 926 926 904 904 904 876 876 876 866 833 833 855 833 820 820 820 772 772 772 798 788 788 772 772 701 701 723 723 723 724 724 693 693 693 694 694 648 648 652 652 571 571 571 571 571 581 581 581 581 582 582 582 573 484 484 484 484 513 513 513 512 512 513 513 339 339 339 485 339 451 451 452 439 423 423 423 369 369 369 369 369 369 341 341 341 341 341 341 341 308 308 308 308 285 285 291 228 228 228 228 228 228 228 228 202 202 202 191 191 144 144 144 144 144 144 144 106 106 106 129 88 88 88 88 88 88 37 37 37 37 49 6 6 6 6 7 
953 885 885 915 915 915 915 915 876 876 876 876 866 833 833 833 833 820 820 820 820 772 772 788 788 772 772 772 701 701 701 724 724 724 724 693 693 693 648 648 648 648 652 652 571 571 571 571 571 581 581 581 561 561 582 582 573 484 484 484 484 513 513 513 513 513 513 495 495 495 339 485 339 451 451 452 439 423 423 423 369 369 392 392 369 369 341 341 341 348 348 348 308 308 308 308 315 285 291 291 228 228 228 228 228 228 228 235 202 202 202 202 191 191 191 144 144 144 144 106 106 106 106 88 88 107 37 37 37 37 37 37 37 49 49 6 7 7 7 7 
953 885 885 885 927 927 915 915 876 876 883 883 866 866 866 781 781 820 820 827 781 781 788 788 794 772 772 772 701 701 701 724 724 724 711 711 711 711 648 648 648 648 648 604 604 608 608 622 622 622 608 608 561 561 573 573 573 484 484 484 484 513 513 534 496 496 496 495 495 495 339 339 339 451 439 439 439 392 392 392 392 392 392 392 392 341 341 341 341 348 348 308 308 315 315 315 315 285 285 285 286 228 276 228 228 228 228 235 235 202 216 202 202 163 163 144 144 144 144 106 88 88 88 88 107 107 37 37 37 89 67 67 67 6 6 6 7 7 7 7 
953 885 944 885 885 885 885 885 885 876 876 876 876 874 781 781 781 781 781 781 781 781 788 788 794 773 773 773 701 701 701 724 724 724 711 711 711 711 648 648 648 648 648 604 604 604 608 608 608 608 608 609 561 561 573 573 514 514 514 484 484 534 534 534 496 496 496 496 496 496 339 339 476 451 439 439 439 392 392 392 392 392 392 392 392 341 341 341 341 363 348 348 285 285 316 316 316 302 302 285 286 228 228 228 154 154 154 154 202 202 216 202 202 163 163 144 144 162 162 88 88 146 88 88 107 107 107 37 37 89 67 57 57 6 6 6 6 6 7 7 
885 885 893 893 893 893 893 885 885 781 874 874 874 874 781 851 851 781 781 781 781 781 794 794 794 773 773 773 701 701 701 701 701 701 701 701 701 701 648 648 685 648 648 604 604 604 608 608 613 613 613 609 561 561 573 573 514 514 514 514 534 534 514 514 529 496 496 496 496 451 451 451 451 451 458 453 424 424 424 348 348 348 348 348 348 375 375 375 348 348 348 348 285 285 285 302 302 302 285 285 228 228 228 228 154 251 251 154 202 202 202 202 202 163 144 144 144 144 88 88 88 88 88 37 37 37 37 37 67 67 67 57 57 57 6 6 38 6 8 8 
885 893 893 885 885 928 893 916 905 781 874 874 874 874 781 851 851 781 781 794 794 794 794 742 742 773 773 773 701 701 701 701 730 730 730 701 701 701 701 648 648 648 648 604 604 604 604 634 613 613 613 609 561 561 561 561 561 561 561 514 534 534 514 514 529 496 496 496 496 451 453 453 453 453 453 453 424 424 424 348 348 348 348 348 348 348 348 348 348 349 349 349 285 285 285 302 302 302 285 228 228 281 154 154 154 251 251 154 202 202 202 202 202 163 144 144 144 144 88 88 88 88 37 37 37 37 67 67 67 80 80 57 68 58 38 38 38 6 8 8 
885 885 885 885 885 893 893 916 905 781 884 874 874 874 781 851 851 781 781 794 794 794 799 799 742 762 762 762 701 701 730 730 730 730 648 648 648 648 648 648 648 648 648 648 648 648 604 634 604 604 604 609 561 561 561 561 561 561 561 514 514 514 514 514 514 514 514 514 451 451 453 453 453 453 459 424 424 424 424 424 348 408 348 348 348 348 348 349 349 349 357 285 285 285 285 302 302 302 285 228 154 154 154 154 257 257 154 154 147 147 147 147 147 163 163 163 163 163 163 88 88 88 37 37 37 37 67 67 57 57 57 57 58 58 38 38 38 6 9 9 
950 950 885 885 885 893 905 905 905 781 884 884 781 781 781 856 852 781 821 821 794 794 799 742 742 762 762 762 762 730 730 730 730 730 648 678 678 648 648 695 678 678 635 635 635 604 604 634 604 623 604 609 604 561 583 583 561 561 561 539 539 451 451 451 514 514 515 515 451 451 440 440 440 440 440 440 440 401 401 425 348 348 348 400 348 348 348 348 357 357 357 285 285 285 327 302 302 302 285 228 154 154 277 154 252 252 154 243 147 147 147 208 147 147 147 147 180 163 163 147 147 147 37 37 116 116 67 67 57 58 58 58 58 59 38 38 6 6 9 9 
950 951 885 885 885 893 905 905 905 781 781 781 781 781 781 781 852 781 781 821 821 742 742 742 789 789 762 774 762 730 730 730 741 735 648 678 678 678 678 678 678 679 635 635 635 604 604 604 604 623 604 604 604 561 583 561 561 561 561 539 539 451 451 451 451 451 515 451 451 451 440 440 440 440 401 401 401 401 401 401 401 348 348 357 357 348 348 348 357 357 342 342 342 285 327 285 285 285 285 228 228 154 154 154 252 252 154 154 147 147 147 203 203 147 147 147 147 147 164 147 58 58 37 37 37 117 67 67 67 58 81 58 58 59 6 6 6 10 10 10 
950 951 885 885 885 893 893 917 893 893 893 781 781 781 781 781 852 840 781 822 822 742 742 800 762 762 762 774 762 731 731 731 731 735 648 648 678 678 702 696 635 635 635 635 635 635 604 604 506 506 506 506 506 561 561 561 561 561 562 539 539 451 451 451 451 451 451 451 454 454 454 454 440 440 401 401 401 401 401 401 401 357 357 357 357 381 381 357 357 357 342 342 342 285 285 285 292 292 292 292 228 270 270 270 252 252 252 154 154 203 203 203 186 186 186 186 147 147 147 147 58 58 37 37 37 117 67 67 67 58 58 58 69 6 6 39 39 10 24 11 
950 951 885 939 885 885 893 893 893 893 893 834 834 834 834 834 840 840 781 742 742 742 742 800 762 780 780 774 762 731 758 731 731 648 648 648 702 702 702 696 635 635 635 635 653 635 635 635 506 506 506 506 506 506 506 569 569 553 553 553 539 547 539 525 525 525 454 454 454 454 454 454 432 432 432 441 441 401 401 401 401 357 357 357 357 357 357 357 364 364 342 228 228 228 328 228 228 228 228 228 228 270 252 252 252 252 252 154 154 203 203 209 186 186 186 186 147 147 147 58 58 58 37 37 58 58 58 58 58 58 58 58 58 6 6 6 40 10 10 11 
950 951 885 885 885 885 918 918 834 834 834 834 834 834 834 834 840 840 781 742 742 742 742 800 762 762 762 774 762 731 731 731 731 648 648 648 702 702 702 696 635 635 668 635 635 642 642 506 506 506 614 575 575 575 506 506 569 553 553 553 539 539 539 525 525 454 454 454 454 477 454 454 432 432 432 432 432 432 401 401 401 409 357 357 357 357 357 357 342 342 342 228 228 228 228 228 287 287 228 228 270 270 252 252 252 252 154 154 186 186 217 186 186 186 186 186 147 147 58 58 153 58 58 130 58 108 108 90 90 90 58 58 58 6 6 6 10 10 10 11 
950 932 932 932 932 885 885 885 894 834 834 834 834 834 834 781 781 781 781 828 807 807 742 742 762 762 762 762 762 762 731 731 731 731 731 696 696 696 696 696 661 661 661 661 635 642 642 506 506 506 614 575 575 575 591 506 569 569 553 553 553 535 535 454 454 454 460 454 454 477 477 477 477 432 432 432 432 401 401 426 401 401 401 401 357 357 357 357 342 342 350 350 228 228 320 320 287 287 287 287 270 270 154 154 154 154 154 186 186 186 186 186 186 186 186 186 98 98 58 58 58 58 58 58 58 108 108 90 58 58 58 58 58 6 6 6 10 10 11 11 
932 932 932 932 932 922 922 885 894 894 894 834 834 834 834 781 841 841 807 807 807 807 807 742 762 762 762 762 731 731 731 731 742 654 654 696 696 696 696 696 661 635 635 635 635 506 506 506 506 506 614 575 575 575 575 506 574 563 563 535 535 535 535 454 454 516 460 460 460 460 486 486 460 460 460 432 432 401 430 382 382 382 382 382 382 389 382 228 228 228 228 228 228 228 287 287 287 287 287 287 287 270 154 154 258 154 154 186 186 186 186 186 186 192 192 186 98 98 98 98 98 58 58 58 118 118 90 90 58 58 58 58 58 48 48 6 6 10 10 12 
932 932 932 932 932 922 923 885 885 885 885 885 834 781 781 781 781 781 807 781 781 781 781 742 775 775 775 775 731 731 731 731 742 654 654 696 696 654 654 654 661 635 635 635 506 506 506 506 506 506 614 575 575 599 575 506 506 563 535 535 535 535 535 535 454 516 516 460 460 460 460 460 460 461 461 432 432 401 430 382 382 382 382 382 382 382 382 228 228 228 228 228 228 321 287 287 287 287 287 287 270 270 270 154 258 258 154 154 154 186 186 210 186 186 186 186 98 98 98 98 98 140 140 58 58 58 90 58 58 72 72 72 48 48 48 48 6 6 10 10 
834 834 945 932 932 834 834 834 834 895 895 834 834 781 781 781 781 781 781 781 781 781 781 742 742 742 742 742 731 731 731 731 742 654 654 654 654 654 703 654 661 661 635 635 506 506 506 506 626 584 584 584 584 584 575 575 506 563 535 535 506 506 535 535 454 516 516 460 460 460 460 461 461 461 432 432 432 401 430 420 420 382 382 393 376 376 376 376 228 228 228 228 228 321 287 287 287 287 287 287 270 270 270 154 154 154 154 154 154 186 186 204 204 154 154 154 154 165 98 98 131 131 131 131 58 58 90 58 72 72 48 48 48 50 50 41 41 6 6 10 
834 834 945 932 932 834 834 834 834 834 834 834 842 781 781 781 781 842 781 781 823 814 781 781 781 781 781 742 742 742 742 742 742 654 654 654 654 654 703 654 654 661 661 661 654 584 584 584 584 584 615 584 584 584 584 575 506 506 564 506 506 506 506 454 454 516 516 516 460 460 461 461 478 432 432 432 432 401 401 420 410 410 382 393 376 376 376 278 278 278 309 309 309 321 321 321 287 287 230 230 230 230 230 230 230 259 253 154 218 218 218 204 204 154 154 154 154 165 165 98 131 131 131 131 58 58 58 58 72 72 48 48 48 50 50 41 6 6 6 10 
834 834 834 834 834 834 834 834 834 834 834 834 842 842 842 857 842 842 814 814 814 814 687 687 781 781 687 687 742 742 752 654 654 654 654 654 654 654 686 686 654 654 654 654 654 584 584 584 584 584 615 584 584 584 584 575 575 506 506 506 554 506 506 454 454 516 516 497 497 497 461 461 461 432 462 432 433 401 401 420 410 382 382 393 393 376 376 278 278 278 309 309 309 309 309 309 309 309 230 293 230 230 260 260 230 230 253 154 218 218 218 154 154 154 154 187 166 166 166 98 131 131 141 98 98 98 98 98 91 91 48 48 48 51 51 41 41 6 6 10 
834 897 897 897 834 834 906 906 906 897 834 834 834 834 842 842 842 843 814 829 815 815 687 687 687 687 687 687 687 687 752 654 743 654 654 654 654 654 686 686 686 616 616 654 654 584 584 584 584 584 615 584 584 584 592 554 554 554 554 554 554 506 454 454 454 454 454 497 497 497 461 461 461 432 462 432 433 401 410 410 410 382 382 393 393 382 382 278 278 278 358 278 278 278 278 278 278 310 230 230 230 230 260 260 260 230 253 154 236 154 154 154 154 154 154 154 166 166 166 98 141 141 141 98 119 119 91 91 91 70 70 48 48 51 41 41 41 6 6 10 
834 897 897 897 897 897 897 897 907 897 834 834 834 834 834 834 843 843 814 814 815 816 687 687 687 687 769 687 687 687 752 654 654 654 654 654 654 712 686 686 686 616 616 616 655 584 584 584 584 615 615 584 584 584 592 554 554 554 554 554 506 506 454 454 454 454 454 497 497 497 487 487 461 432 462 432 433 401 401 410 410 411 382 402 382 382 382 278 278 278 278 278 278 278 322 322 278 278 278 288 288 230 230 230 260 230 253 154 154 154 154 154 193 193 193 154 154 167 167 98 98 98 98 98 119 91 91 91 91 70 70 51 51 51 41 41 30 30 25 10 
834 933 933 933 933 919 919 897 897 897 834 834 877 834 834 834 834 834 834 814 815 795 795 687 687 687 769 769 769 687 752 752 654 654 654 654 654 712 616 616 616 616 643 616 616 616 616 616 584 584 584 584 584 584 592 554 554 554 557 557 506 506 506 506 517 454 454 497 497 497 487 487 461 432 432 432 433 433 401 401 401 401 382 382 382 390 333 333 333 333 278 278 278 278 237 237 303 303 278 278 278 278 278 230 260 230 230 230 219 229 154 154 193 193 134 134 154 154 154 154 154 98 98 132 91 91 109 82 82 82 70 51 51 51 41 41 30 31 25 10 
834 933 933 919 919 919 919 919 908 834 834 834 877 834 834 858 814 814 814 814 815 795 795 801 795 687 687 687 687 687 744 744 654 654 732 654 654 712 616 616 616 616 643 616 616 643 643 616 616 616 584 584 584 592 592 554 554 554 557 557 555 506 506 506 517 454 454 454 505 491 491 461 461 469 432 432 442 401 401 401 401 401 382 382 382 390 333 333 333 333 333 351 333 333 237 237 303 303 303 237 237 278 278 230 260 260 230 230 219 219 219 194 194 194 194 134 181 148 148 148 148 148 91 91 91 91 109 82 82 82 70 70 70 41 41 30 30 25 25 10 
834 933 933 919 919 919 919 920 908 834 834 834 814 814 814 814 814 814 815 815 815 795 795 795 795 687 687 687 687 744 744 744 744 704 704 704 704 712 704 616 680 680 643 643 643 643 644 616 616 616 616 610 584 584 584 584 576 555 555 555 555 506 506 506 517 517 517 454 454 491 461 461 479 434 434 442 442 401 401 401 401 401 382 382 382 390 333 333 365 365 333 333 333 334 237 237 237 237 237 237 237 237 237 230 230 230 230 230 230 230 194 194 194 194 195 134 134 148 148 148 148 148 91 91 91 91 91 82 82 82 82 41 41 41 41 30 30 25 10 10 
834 834 940 919 919 919 919 908 908 834 834 886 814 867 867 814 814 814 815 815 795 795 795 795 796 687 776 776 687 687 687 687 745 704 704 704 704 704 704 616 616 649 669 643 643 610 610 610 610 617 617 610 600 600 576 576 576 555 555 555 555 506 506 506 506 506 517 517 454 491 461 461 461 461 434 434 434 434 401 401 401 401 366 366 366 390 366 366 365 365 295 295 295 295 237 237 237 294 237 237 237 237 237 237 237 230 230 230 230 230 194 194 194 194 188 188 134 134 168 148 148 148 91 133 91 110 91 91 94 10 10 41 41 41 41 42 42 25 10 13 
834 834 940 940 834 834 834 908 908 898 834 844 844 844 868 859 795 795 795 795 795 817 795 796 796 687 687 687 687 687 687 687 704 704 704 704 704 705 616 616 616 649 649 649 649 610 627 627 610 610 610 610 600 600 576 576 576 540 540 540 540 540 540 506 506 506 517 517 454 491 492 461 461 461 461 454 427 427 427 427 366 366 366 366 366 366 366 366 366 366 295 295 295 295 295 295 237 294 294 294 205 205 205 237 237 230 230 244 237 220 220 194 194 194 188 159 159 134 134 134 134 91 91 133 91 110 110 91 94 10 10 41 41 41 41 25 25 25 10 10 
834 834 834 834 834 834 834 834 834 898 834 844 868 868 868 859 795 795 795 824 824 795 795 796 796 687 687 687 687 687 687 687 704 704 704 704 704 705 616 616 616 616 649 649 649 610 610 627 627 521 521 521 521 521 576 576 576 540 540 541 541 541 541 526 526 506 506 506 454 491 491 461 461 461 461 454 427 427 427 427 366 366 366 366 366 366 370 370 370 295 295 295 335 335 295 295 237 311 205 205 205 282 205 237 237 244 244 244 237 220 201 201 201 201 188 159 159 159 134 134 134 91 91 91 91 91 91 91 94 10 10 10 10 10 25 25 25 10 10 10 
854 854 946 834 834 834 834 834 834 898 834 844 868 859 859 859 795 795 795 824 824 795 808 796 796 687 782 687 687 687 687 687 687 687 733 704 704 705 705 616 616 681 649 662 649 649 610 521 521 521 521 521 585 521 521 576 576 540 540 541 541 526 526 526 526 526 521 506 454 498 491 461 461 461 461 454 366 366 366 366 366 366 366 370 366 366 370 370 370 295 295 295 335 295 295 295 237 205 205 237 237 282 205 271 237 244 244 244 237 220 201 201 201 188 188 159 159 159 134 134 134 91 91 91 91 10 10 10 10 10 10 10 71 10 25 25 25 10 26 14 
854 854 946 854 854 929 834 834 834 834 834 844 844 859 859 859 795 795 835 824 824 795 808 687 687 687 687 687 687 687 687 687 687 687 687 725 687 687 687 687 687 681 649 649 649 610 610 521 521 521 521 521 585 585 521 576 576 540 540 540 526 526 526 526 521 521 521 506 454 454 491 480 480 454 454 454 366 366 366 366 366 366 366 370 366 366 370 370 370 295 295 295 295 295 170 170 237 205 205 237 237 282 205 205 237 245 245 245 237 220 201 201 201 188 188 159 159 159 134 134 134 134 134 134 91 10 10 10 95 10 10 10 71 10 10 10 10 10 26 14 
854 854 946 854 854 854 854 854 844 844 844 844 844 844 844 844 853 795 795 824 824 795 808 687 687 687 687 746 746 746 736 736 736 736 687 687 687 706 706 670 670 681 649 649 610 610 610 610 521 521 521 521 585 585 521 540 540 540 540 540 526 526 526 526 521 521 521 506 506 454 491 480 480 454 443 443 404 404 366 366 404 404 366 370 370 370 370 370 370 295 295 323 323 323 170 170 237 237 237 237 237 282 205 205 237 237 237 237 237 220 201 201 201 188 188 159 159 159 159 159 134 134 134 91 91 10 10 10 10 10 10 10 52 52 52 14 14 14 14 14 
952 854 854 854 879 879 887 854 844 844 878 878 878 844 844 844 844 844 795 824 824 795 802 802 797 687 687 746 746 746 736 736 736 736 706 706 706 706 670 670 670 670 670 610 610 610 610 610 521 521 521 585 585 521 521 540 540 540 540 540 540 526 526 526 530 521 521 506 506 454 454 454 454 454 443 443 404 404 404 404 404 404 366 371 371 383 383 352 352 352 295 295 295 323 170 170 170 304 304 170 170 170 205 205 205 237 237 205 205 220 205 205 205 188 188 182 182 159 159 160 134 134 134 91 91 91 91 10 10 52 52 52 52 52 52 14 14 15 14 14 
952 952 879 879 879 879 887 854 854 844 844 844 844 844 844 844 844 845 795 795 795 795 802 802 797 763 763 746 746 746 746 753 736 736 706 706 706 713 670 670 670 670 671 610 610 610 610 610 521 618 618 585 521 521 565 565 565 565 565 521 521 521 521 526 521 521 507 507 507 454 454 470 470 470 443 443 443 404 404 412 412 404 366 366 371 383 383 352 352 352 352 352 295 323 323 323 170 170 170 170 170 170 170 170 205 205 205 205 205 205 205 211 189 189 189 182 182 169 169 155 155 91 91 91 91 91 91 96 52 52 83 52 52 52 52 14 14 15 15 15 
952 952 879 879 879 879 887 887 854 854 854 854 854 854 854 854 854 797 797 797 797 797 797 797 797 763 763 763 763 763 746 746 746 737 706 706 706 697 697 697 521 521 521 663 521 521 521 636 521 618 585 585 521 521 521 521 521 521 521 521 542 542 521 526 521 527 507 507 507 454 454 470 470 470 412 412 412 412 412 412 412 404 404 366 371 371 371 371 352 352 352 352 295 323 323 295 295 295 295 295 170 170 170 170 170 170 238 238 221 221 211 211 189 189 189 169 169 169 169 155 155 91 91 91 123 91 91 96 52 52 52 52 52 52 52 14 43 15 15 15 
941 941 941 879 934 921 921 887 887 899 887 887 879 854 854 860 797 797 836 797 797 809 809 803 763 763 783 763 763 688 688 688 688 737 706 706 706 697 697 697 521 521 521 663 521 521 521 636 521 618 585 585 585 585 521 521 577 521 521 542 542 542 521 521 521 507 507 507 507 470 470 470 412 412 412 412 412 412 412 412 412 412 366 366 371 371 371 371 371 352 352 295 295 329 329 295 295 295 261 261 261 170 170 267 267 170 170 238 221 221 211 211 189 189 189 189 169 169 169 155 155 149 91 91 123 91 96 96 52 52 52 52 52 14 14 14 43 15 15 15 
941 941 941 879 879 921 921 921 887 887 887 879 879 797 797 797 797 836 836 797 803 803 803 803 763 688 688 688 688 688 688 688 688 698 698 698 698 698 698 698 521 521 521 521 521 521 521 521 521 585 585 585 605 585 585 585 445 445 445 445 445 542 542 507 507 507 518 518 470 470 470 470 412 444 444 444 444 412 412 412 421 412 371 371 371 371 371 372 372 297 297 295 295 295 295 295 296 296 261 261 261 261 267 267 268 261 170 238 238 221 221 189 189 196 196 170 170 170 170 149 149 149 91 91 91 91 96 96 52 52 52 60 14 14 16 16 16 16 16 16 
954 941 941 941 879 921 879 879 879 879 879 879 880 797 797 797 797 797 797 797 803 803 803 763 763 688 777 777 688 688 688 688 688 698 726 726 720 521 521 521 521 672 672 606 606 606 606 521 521 585 585 585 548 548 585 585 445 445 445 445 445 543 543 507 507 507 470 470 470 499 470 470 412 412 412 412 412 412 414 412 421 412 371 371 371 371 384 372 372 297 297 297 297 297 295 295 296 296 261 261 261 261 261 261 261 261 170 170 170 170 222 189 189 170 170 170 170 170 149 149 124 124 124 124 124 16 16 96 52 52 52 60 14 60 16 44 44 16 16 16 
954 941 910 910 879 879 879 909 909 810 810 810 846 846 846 846 846 846 797 797 818 818 803 763 763 688 688 688 688 688 688 688 698 698 698 698 720 521 521 672 672 672 672 606 606 606 606 606 624 624 548 548 548 548 586 586 445 445 445 445 445 445 445 445 445 470 470 519 470 470 481 481 481 435 435 435 435 435 414 412 412 412 405 384 384 384 384 372 372 297 297 297 297 297 317 317 317 296 296 296 261 283 261 261 206 206 206 170 170 170 170 170 170 170 170 170 174 174 149 149 124 124 124 16 16 16 16 96 96 52 52 60 60 60 16 44 44 16 16 16 
941 941 910 910 879 879 909 909 909 810 810 810 846 846 846 846 846 847 797 797 810 810 803 803 763 763 763 688 688 688 688 688 698 738 698 698 521 521 521 672 672 672 672 606 606 606 606 606 624 624 548 548 548 548 548 548 548 548 548 548 445 445 536 536 445 470 470 470 470 470 470 435 435 435 435 435 435 436 414 412 412 413 405 367 367 384 384 297 297 297 336 336 297 297 297 317 317 297 297 297 261 261 261 261 206 206 206 206 206 170 170 212 171 171 171 171 171 171 171 124 124 150 142 16 16 16 16 16 16 73 73 73 16 16 16 44 44 17 17 17 
941 941 910 910 910 930 909 909 909 810 810 810 846 846 869 847 847 847 810 810 810 810 803 803 763 763 763 770 770 688 688 698 698 698 698 698 698 698 672 672 672 682 664 664 606 606 606 606 624 624 611 611 548 578 578 548 548 566 566 548 548 548 536 536 445 470 470 470 470 470 470 435 435 435 435 435 435 436 414 412 412 405 405 367 367 367 385 297 297 297 336 336 297 297 297 297 297 297 223 223 223 261 261 272 206 206 206 206 206 170 170 212 171 171 183 183 171 171 124 124 142 142 142 16 125 16 16 99 16 16 16 74 16 17 17 17 17 17 17 17 
941 941 910 910 910 910 910 910 910 810 810 810 810 810 810 847 847 810 810 810 810 810 803 803 763 763 763 770 770 764 688 698 698 698 688 688 698 698 672 672 672 682 664 664 606 606 606 606 606 606 611 548 548 578 578 578 578 566 566 536 536 536 536 536 445 471 471 470 470 470 470 435 435 435 463 435 435 435 414 414 414 405 405 367 367 367 385 297 297 297 336 336 297 297 297 297 297 297 223 223 223 223 223 223 239 239 239 246 206 206 206 206 206 171 183 183 183 124 124 142 142 142 142 16 16 16 99 99 16 16 16 16 16 17 45 45 45 17 17 17 
941 941 910 910 935 931 910 910 900 900 810 810 848 848 810 810 847 810 810 810 810 810 803 803 763 763 763 688 688 764 688 688 688 688 688 688 698 698 707 673 673 673 673 606 606 650 606 606 628 606 606 548 548 548 593 579 579 531 531 536 536 536 536 536 445 471 471 471 471 471 471 471 471 435 463 435 435 435 414 414 414 414 367 367 367 367 367 367 297 297 336 336 336 336 297 297 298 298 223 223 223 223 231 223 223 239 239 239 239 206 206 206 206 171 124 124 124 124 142 142 142 142 126 126 126 61 61 61 61 61 16 16 53 17 17 17 17 17 27 18 
910 910 910 931 931 931 900 900 900 901 848 848 848 848 848 810 810 810 810 810 810 810 803 804 763 763 763 688 688 688 688 688 734 734 688 688 707 707 707 673 673 673 674 548 548 548 645 637 606 606 606 606 606 548 548 579 579 531 531 531 531 531 531 531 445 445 471 471 471 471 471 471 471 435 435 435 435 435 414 414 406 406 367 367 386 386 386 367 367 367 336 336 324 324 324 324 298 298 223 223 223 273 231 223 223 239 239 239 240 206 206 124 124 171 124 124 124 156 142 142 142 142 126 127 127 61 61 61 61 61 75 75 53 53 53 17 17 27 27 18 
910 910 910 931 931 931 900 900 848 848 848 888 848 848 848 848 848 848 810 810 810 810 803 803 763 763 763 688 688 688 688 688 734 734 688 688 688 688 688 673 673 673 674 548 548 548 548 637 606 606 606 606 548 548 548 579 579 531 531 531 531 531 544 531 531 445 464 464 471 471 471 471 471 471 435 435 435 435 406 406 406 406 406 367 367 367 367 353 353 353 353 353 324 324 298 298 298 298 298 223 223 273 231 223 223 223 240 240 240 213 213 124 124 124 124 156 156 156 156 156 156 126 126 127 61 61 61 100 61 61 75 76 27 27 27 46 46 27 18 18 
910 947 947 931 931 931 900 900 848 888 888 888 848 848 848 848 849 849 810 810 810 810 810 803 784 784 784 759 759 759 759 734 734 734 734 714 714 714 688 688 688 673 674 548 548 548 548 548 548 548 548 548 548 594 594 531 531 531 531 531 549 549 531 531 531 445 464 464 464 464 464 464 464 464 435 435 435 435 406 415 415 415 394 394 367 367 367 353 353 353 353 353 312 312 298 298 298 298 298 298 273 273 231 223 223 223 240 240 241 213 213 124 124 197 197 156 184 156 156 156 156 126 127 127 61 120 61 61 61 61 75 27 27 27 27 27 27 27 18 18 
910 947 947 942 931 931 881 881 848 848 848 848 848 848 848 848 849 837 837 784 784 784 784 803 784 759 759 759 765 765 734 734 747 739 714 714 673 673 673 673 673 673 548 548 625 548 548 548 629 531 531 531 531 594 594 531 531 549 549 549 549 550 531 531 531 445 445 508 508 464 464 464 464 464 464 435 435 437 406 415 415 416 394 394 394 391 367 367 359 359 359 312 312 312 312 312 318 298 298 298 273 273 231 231 231 223 240 240 223 223 213 213 124 197 197 156 156 156 156 156 126 126 127 127 61 61 101 101 61 61 75 27 27 27 27 18 18 32 18 18 
910 910 910 942 936 881 881 881 881 881 881 881 881 848 848 848 849 837 837 784 784 784 784 784 784 759 759 759 759 759 734 734 734 739 714 714 673 715 673 673 689 548 548 665 625 638 638 638 629 531 531 531 531 531 531 531 531 549 549 550 550 550 537 537 522 522 445 445 445 445 445 445 445 445 445 445 445 406 406 391 391 416 394 394 391 391 367 367 359 359 359 312 312 337 330 312 312 312 263 263 289 273 273 273 231 223 223 223 223 223 223 124 124 102 102 102 156 156 156 156 126 126 126 126 126 61 61 61 61 92 75 75 27 27 27 18 18 32 18 19 
910 910 910 936 936 881 881 881 881 896 896 889 760 848 848 848 760 760 760 760 811 784 784 784 760 760 771 771 771 766 748 748 748 673 673 673 673 715 656 656 656 665 665 665 625 625 629 629 629 531 531 531 550 550 550 550 550 549 549 550 537 537 537 537 522 522 522 482 482 482 482 445 445 465 465 406 406 406 406 391 391 391 391 391 391 312 312 377 312 312 312 312 312 330 330 263 263 263 263 263 289 273 273 274 231 262 242 242 242 172 172 172 172 102 102 102 102 102 102 102 102 102 102 102 102 102 102 102 61 92 84 61 61 61 18 18 18 18 18 19 
910 910 910 936 924 924 924 889 889 889 889 889 760 760 861 861 760 760 760 760 811 811 811 760 760 760 771 760 760 766 748 748 673 673 721 721 721 715 656 699 656 665 665 656 656 625 629 629 629 531 531 531 550 601 550 550 550 550 550 550 537 537 537 537 522 482 482 482 500 500 482 445 445 465 465 406 406 406 406 391 391 391 312 312 312 312 312 312 312 368 354 354 330 330 263 263 263 263 305 263 263 274 274 274 231 231 242 242 242 231 172 172 172 102 102 102 102 102 102 102 102 102 102 102 102 102 102 103 61 84 84 61 61 61 18 19 18 18 28 19 
910 910 910 936 924 924 924 889 889 889 890 890 760 760 861 861 760 830 830 760 760 811 811 760 760 760 760 760 760 760 760 673 673 673 657 657 657 715 656 656 656 656 656 656 656 625 625 629 629 531 531 531 550 550 550 550 550 550 550 550 550 537 537 522 522 482 482 482 482 482 482 482 455 455 406 406 446 417 417 417 417 417 312 368 368 368 368 368 368 368 354 355 330 338 263 263 263 263 299 299 263 274 274 263 263 231 231 231 231 231 172 172 172 172 175 175 175 102 102 102 102 102 102 102 111 111 111 61 61 84 85 61 61 18 18 19 19 19 19 19 
955 936 936 936 924 924 924 889 889 889 889 889 760 870 870 760 760 830 830 830 760 760 760 805 760 760 760 760 760 760 761 673 749 673 657 657 657 657 657 656 656 656 656 656 656 625 625 630 630 531 531 531 550 550 595 550 550 550 550 550 550 550 522 522 509 509 509 509 509 482 493 482 482 455 406 406 417 417 417 312 312 312 312 368 368 312 312 312 354 354 354 330 330 299 299 299 299 299 299 300 263 263 263 263 263 263 231 231 231 231 172 172 172 172 172 172 175 175 172 157 157 102 143 102 102 102 102 61 61 84 61 61 61 18 19 19 19 19 19 20 
955 936 936 936 924 924 924 889 889 889 889 889 760 760 760 760 830 830 831 831 760 760 760 760 760 760 760 760 760 760 761 673 673 673 657 657 657 657 657 657 657 657 657 657 657 625 625 625 625 625 531 531 595 595 595 550 550 550 550 550 550 550 522 522 509 509 509 509 509 482 482 482 482 455 455 455 417 417 417 312 312 312 312 312 312 312 354 354 354 360 360 330 330 299 299 299 299 300 300 300 263 263 263 263 263 263 231 231 231 231 172 172 172 172 172 172 172 172 172 157 157 102 102 102 102 102 102 104 61 61 61 61 61 18 19 19 19 19 19 20 
