951 951 951 951 852 852 852 852 852 904 904 852 852 878 852 852 852 765 765 820 820 765 765 765 765 765 765 772 765 649 649 649 649 649 720 649 649 649 649 649 649 659 659 649 641 641 614 614 614 614 528 528 570 570 570 570 528 528 528 521 542 542 521 521 521 419 419 419 490 490 419 419 419 419 419 439 439 439 433 334 334 334 334 334 334 334 334 334 334 353 353 159 159 159 159 159 159 159 159 159 159 159 215 215 252 252 215 215 215 215 215 117 117 117 102 102 102 102 164 164 140 140 128 128 93 93 112 58 58 58 81 30 30 30 30 30 1 24 24 1 
951 951 951 951 852 852 852 852 852 904 904 852 852 852 852 865 765 765 765 765 765 765 804 740 740 740 765 765 765 649 649 649 649 649 720 649 707 670 670 685 649 649 649 649 641 614 614 614 614 614 528 528 528 528 571 571 528 528 528 521 521 521 521 504 504 419 419 419 419 419 419 419 419 419 419 439 439 439 433 334 334 334 334 334 334 334 334 335 334 334 334 159 159 159 159 159 319 159 159 290 290 159 159 215 215 253 215 117 117 117 117 117 117 117 102 102 102 102 129 129 140 140 128 128 93 93 112 58 58 58 81 30 30 30 54 30 1 24 1 1 
951 951 951 943 943 915 915 915 852 852 852 852 852 852 853 853 853 831 831 831 740 740 740 740 740 740 765 765 740 740 740 649 649 649 649 649 707 670 670 670 670 649 649 641 641 587 587 614 614 614 528 528 528 528 528 528 528 528 528 543 521 521 504 504 504 504 419 491 491 491 419 419 419 419 360 360 360 360 433 334 334 334 334 334 334 335 335 335 334 334 334 334 334 334 291 291 291 255 255 255 255 283 159 159 215 215 215 117 117 117 117 206 117 102 102 102 102 102 129 129 140 140 140 93 93 93 93 58 58 58 58 58 58 58 30 30 1 1 1 2 
951 951 951 943 944 915 915 915 915 896 896 896 852 852 853 853 853 831 831 831 740 740 740 740 740 740 740 740 740 740 740 649 649 649 721 649 707 670 670 650 650 650 650 641 641 587 587 587 615 615 528 528 528 529 528 528 529 529 528 543 543 543 504 504 504 504 419 419 419 419 419 473 419 419 360 407 407 407 407 334 334 334 335 335 335 335 381 359 359 359 335 335 341 335 291 291 291 255 255 255 255 255 255 159 159 215 215 237 117 117 117 206 117 102 102 102 174 174 129 129 141 141 141 93 93 93 93 58 96 93 63 63 63 30 30 38 38 1 1 2 
890 890 890 943 943 915 915 915 915 896 896 852 852 852 866 866 846 846 831 831 821 740 805 740 740 766 766 773 766 740 754 740 740 649 649 649 670 670 670 650 650 650 650 650 641 587 587 587 587 587 587 528 528 529 528 528 529 529 528 528 528 528 528 504 504 504 504 504 419 419 419 419 419 460 360 360 360 407 407 407 407 407 335 335 335 335 335 359 359 359 335 335 335 335 291 291 291 299 299 299 255 255 255 159 159 254 223 223 223 223 117 117 117 102 102 166 166 129 129 165 141 141 93 93 93 93 93 93 93 93 63 63 63 30 38 38 39 2 2 2 
890 890 890 943 943 915 916 916 916 896 896 852 852 852 866 866 846 846 831 831 821 740 740 789 789 766 766 773 766 740 740 740 728 728 670 670 670 651 651 650 650 669 650 650 641 641 566 566 616 616 587 587 587 529 529 529 529 529 529 529 529 544 528 528 522 515 419 419 419 419 419 419 419 419 419 419 360 407 407 407 414 407 407 335 335 348 335 359 335 335 335 348 313 313 291 291 291 299 299 300 255 255 255 159 223 223 223 224 224 224 117 117 202 102 102 166 166 129 129 156 156 141 93 93 93 93 93 93 93 44 44 44 63 30 30 30 30 2 2 2 
890 890 890 937 937 915 896 896 896 896 897 897 872 872 872 832 832 832 838 832 821 740 740 789 766 766 766 766 766 635 635 635 728 728 670 670 670 651 651 680 650 650 650 651 566 566 566 566 616 566 566 566 566 566 566 566 566 529 529 547 529 529 529 529 522 515 419 419 419 419 419 419 419 419 419 419 360 425 425 425 414 414 394 394 394 348 335 335 335 348 348 348 313 313 313 324 291 299 299 300 255 255 255 159 159 159 159 159 117 117 117 117 117 102 166 166 166 129 129 156 156 141 93 93 116 116 93 93 93 44 44 44 44 44 44 44 30 30 2 2 
890 890 890 937 937 937 896 896 896 896 896 896 872 873 873 832 832 832 832 832 821 766 766 766 766 780 780 635 635 635 635 635 635 670 670 670 670 651 651 680 680 651 651 651 566 566 566 566 566 566 588 588 588 566 566 566 566 522 522 547 547 529 529 522 522 515 419 419 419 419 419 419 419 443 419 419 360 360 360 360 360 360 394 394 348 348 335 335 348 348 349 349 313 313 313 324 291 291 300 300 255 255 255 268 255 255 159 159 117 117 117 117 117 102 102 102 166 129 129 129 129 141 141 129 113 113 113 93 93 94 44 44 44 44 44 3 3 3 2 2 
890 890 890 890 945 905 905 896 896 910 847 896 872 873 873 806 806 821 821 821 821 766 766 766 790 780 780 635 635 635 635 749 635 670 670 670 670 670 651 651 651 651 651 651 566 566 633 566 566 617 566 566 566 566 566 566 566 522 522 522 522 522 535 522 522 515 419 419 474 474 419 419 419 443 455 419 419 419 419 419 419 360 360 360 348 348 382 348 348 360 349 349 313 313 313 313 313 291 291 301 255 255 255 268 255 255 159 225 225 225 117 117 196 196 102 102 166 166 166 166 129 129 129 129 113 113 113 40 40 94 44 44 4 4 4 3 3 3 3 3 
890 952 952 890 890 938 905 896 896 896 847 896 872 872 873 806 806 806 806 806 806 806 806 766 766 780 780 635 708 708 708 708 635 670 670 696 696 670 670 686 651 651 651 651 566 566 633 598 598 617 566 566 566 566 566 566 566 522 522 522 522 522 522 522 522 515 419 419 474 474 474 474 443 443 443 443 443 401 401 401 401 401 401 360 360 348 348 348 360 360 349 349 313 313 313 313 313 313 291 301 255 255 255 255 255 255 159 225 225 225 117 117 117 117 102 102 102 102 102 102 102 149 130 130 113 113 113 40 40 40 44 44 4 4 4 3 3 3 3 4 
890 952 952 952 890 890 905 896 896 896 847 847 888 872 872 806 806 766 766 833 766 766 766 766 766 780 780 635 708 708 708 708 635 635 635 696 696 696 670 670 670 670 651 651 566 629 629 629 598 598 598 566 566 566 566 567 567 522 522 522 522 522 522 515 515 515 475 475 474 474 474 474 443 461 443 401 401 401 401 401 401 401 401 401 360 360 360 360 360 350 350 350 310 310 310 310 313 313 291 291 255 255 255 255 256 256 159 159 159 159 117 117 117 117 187 187 117 117 117 157 102 102 130 113 113 102 102 40 40 40 68 68 4 4 4 4 4 4 4 4 
890 890 953 953 890 890 905 905 905 905 905 847 847 872 872 766 766 766 766 766 766 796 766 766 791 635 635 635 758 758 708 708 635 635 635 715 635 635 635 671 671 671 651 651 566 566 634 566 598 598 598 598 566 566 576 567 522 522 522 522 522 522 522 515 515 515 475 475 475 475 475 475 443 461 443 401 401 401 401 401 401 401 401 401 360 360 366 366 366 350 350 350 310 310 310 310 320 310 310 291 291 269 269 269 256 256 159 159 159 159 117 117 117 117 187 117 117 175 117 157 157 102 113 113 113 102 102 102 40 40 68 68 40 40 40 40 40 5 5 5 
890 890 953 890 890 874 874 874 874 905 905 847 847 847 847 766 766 766 766 766 766 796 796 796 791 635 635 635 635 635 708 708 635 635 635 635 635 697 635 635 635 635 635 635 642 566 566 566 599 599 598 598 566 566 568 568 522 522 522 522 522 522 522 515 515 515 494 494 494 476 476 476 443 443 443 450 401 401 367 367 367 367 367 367 383 383 366 366 366 310 310 310 310 310 310 310 310 310 292 292 292 269 269 269 256 256 159 226 226 226 117 117 117 117 187 117 117 117 117 157 157 102 113 131 113 102 103 103 40 40 40 40 40 7 7 40 40 5 5 5 
890 890 890 890 890 874 874 924 874 874 874 847 847 847 847 847 854 766 766 834 755 807 807 635 791 635 635 767 767 635 635 708 708 708 708 708 708 691 691 660 660 660 660 635 642 642 635 599 599 599 598 598 566 566 568 568 568 522 522 522 522 522 522 476 476 515 494 494 476 476 482 450 450 450 450 450 401 426 367 367 367 367 367 367 383 383 383 375 310 310 310 310 310 310 328 310 310 310 292 292 292 269 269 261 261 159 159 226 216 216 216 117 117 117 117 117 117 117 117 158 158 102 113 113 113 102 104 104 40 40 82 69 7 7 7 7 7 5 5 5 
890 890 890 890 890 939 874 874 874 874 874 874 874 874 874 847 847 847 755 755 755 807 807 635 635 635 635 767 768 635 635 741 709 709 708 708 691 691 691 660 660 660 660 635 635 635 635 599 599 599 599 599 516 516 516 516 516 536 536 536 536 536 536 476 476 476 476 476 476 401 401 450 450 450 401 401 401 426 426 426 367 367 367 367 383 383 375 375 310 361 310 310 310 310 310 310 310 310 292 292 292 269 269 261 261 159 159 226 216 216 216 159 159 159 159 159 117 117 117 158 158 102 102 102 102 102 104 105 69 69 69 69 7 59 7 7 7 5 5 5 
890 959 959 925 925 925 925 925 874 874 898 898 889 874 874 755 755 755 755 792 792 797 797 797 635 635 635 767 635 635 741 741 709 709 709 709 691 691 691 564 564 660 660 564 564 564 564 564 599 577 589 589 516 572 572 572 516 536 536 536 483 483 483 483 483 483 483 483 483 483 401 401 401 401 401 451 415 415 415 415 415 415 408 367 383 383 375 375 310 310 310 310 310 336 310 314 314 314 270 270 292 270 270 207 207 257 159 226 216 216 216 159 159 159 159 159 159 159 117 117 117 117 117 117 117 117 104 105 69 70 70 70 7 59 55 7 7 5 5 5 
890 925 925 925 925 925 925 925 874 874 889 889 889 755 755 755 855 755 755 792 792 797 797 797 722 722 635 635 635 635 741 741 741 709 709 709 691 691 564 564 564 564 564 564 619 619 619 564 564 577 589 589 516 516 516 516 516 536 536 536 536 536 516 516 483 483 505 483 483 483 483 336 336 462 336 336 415 415 415 415 415 415 408 367 383 383 383 367 367 336 336 336 336 336 310 310 310 270 270 270 270 270 270 207 207 257 159 159 159 159 159 159 159 159 159 159 159 159 159 159 159 104 104 104 117 117 104 104 69 70 70 70 7 7 55 7 7 31 6 6 
890 925 925 925 925 925 874 874 874 874 889 755 755 755 755 755 792 792 839 792 792 792 792 797 722 722 722 635 769 635 750 741 741 709 709 709 709 564 564 661 661 661 661 652 619 619 619 630 564 577 577 589 589 516 516 516 516 536 536 536 536 516 516 516 516 516 505 505 336 336 336 336 336 336 336 336 336 415 415 415 415 415 408 367 383 383 383 367 367 336 336 336 336 336 310 310 310 270 270 270 270 270 270 207 207 207 207 207 207 207 207 159 159 104 104 104 104 170 170 104 104 104 132 104 104 104 104 104 69 71 70 70 7 7 55 7 7 31 6 6 
890 925 925 925 925 925 874 874 874 874 889 755 755 755 875 792 792 792 792 792 755 755 792 797 722 722 722 635 635 635 750 750 722 722 722 710 710 564 661 661 619 619 619 652 619 619 619 630 564 564 577 577 577 516 516 516 516 516 559 516 516 516 511 511 511 517 336 336 336 336 336 336 336 336 336 452 336 415 336 336 420 408 408 367 367 367 367 367 367 336 336 336 336 336 310 310 310 310 270 270 270 270 270 207 207 207 207 207 227 227 207 159 159 104 104 104 104 104 104 104 104 104 132 132 106 106 106 106 69 71 71 71 7 55 55 7 7 7 6 6 
890 890 890 925 925 925 931 874 874 874 889 755 755 755 755 792 755 755 840 755 755 755 792 797 722 722 722 722 722 722 722 722 722 716 716 716 564 564 661 661 619 672 619 619 619 619 619 564 564 564 577 577 577 577 577 516 516 516 516 516 548 511 511 530 511 511 336 336 336 336 336 336 469 336 336 452 336 415 336 336 336 336 336 336 336 336 336 336 336 336 342 342 342 329 329 207 207 207 270 270 270 270 270 270 207 207 207 207 227 207 207 207 104 104 104 104 104 104 69 69 150 150 132 132 106 106 69 69 69 7 7 72 7 55 55 7 7 7 7 7 
969 964 890 890 890 890 890 917 917 874 755 755 755 755 755 755 755 755 840 755 822 755 792 792 792 783 722 722 722 722 722 742 716 716 716 564 564 564 564 661 619 619 600 600 600 624 624 564 564 618 564 564 590 577 577 511 511 511 511 511 548 511 537 511 511 511 336 336 495 336 336 336 469 336 336 336 336 415 336 427 336 336 409 336 336 337 337 336 336 362 342 342 342 329 329 207 207 207 270 270 262 262 262 262 262 207 207 207 207 207 207 207 104 104 104 104 104 104 69 69 69 69 69 69 69 69 69 83 83 7 7 7 7 7 7 7 7 7 7 8 
964 964 890 890 890 890 890 917 874 874 755 899 879 879 755 755 856 755 755 755 755 755 808 783 783 783 722 722 722 722 722 742 716 716 716 564 564 564 564 661 681 619 600 653 600 624 624 624 564 564 564 564 564 578 578 511 511 511 511 511 511 511 537 511 511 511 511 336 336 336 469 469 469 336 336 336 336 336 336 336 421 337 337 337 337 337 337 337 337 337 342 342 342 329 329 207 207 207 207 302 262 262 262 262 207 207 245 207 207 207 207 208 104 104 194 104 104 104 69 69 151 69 69 120 120 69 69 83 83 7 7 7 7 7 45 45 7 7 8 8 
964 890 890 890 890 917 917 917 874 911 755 755 755 755 755 867 810 810 755 755 755 755 783 783 793 755 755 755 755 722 722 742 742 723 723 717 564 564 564 661 661 619 600 600 600 624 624 624 624 564 564 600 564 578 511 511 511 511 511 485 485 485 485 511 511 469 469 469 469 469 469 469 469 336 336 336 336 336 336 336 421 337 337 337 337 337 384 368 368 337 342 343 343 329 329 293 293 293 207 207 262 262 262 262 207 217 217 217 217 207 207 194 194 194 194 181 181 69 69 69 151 151 120 120 121 83 83 83 83 83 83 25 25 25 25 25 25 25 8 8 
964 890 917 917 946 917 890 890 874 874 755 755 874 755 755 810 810 810 810 810 810 755 783 783 755 755 717 717 755 755 755 723 723 723 724 717 564 692 692 661 661 619 662 654 600 624 624 624 624 600 600 600 564 564 511 511 511 485 485 485 485 485 485 469 469 469 477 477 477 477 477 477 456 456 456 444 444 410 410 410 410 410 337 337 368 368 368 368 369 337 342 337 337 337 293 293 293 293 293 207 207 207 207 207 207 217 217 217 217 217 217 194 194 194 181 181 69 69 171 120 120 120 120 107 107 83 83 83 83 83 25 25 25 25 25 25 25 25 8 8 
964 890 890 917 917 917 890 890 918 874 874 874 874 755 755 810 857 810 810 755 755 755 809 755 755 784 717 717 717 717 717 723 723 723 723 717 564 692 692 661 661 619 619 654 600 600 600 600 600 600 564 564 591 564 564 511 511 485 555 555 469 469 469 469 469 469 477 456 456 456 456 456 456 456 456 444 444 410 410 410 410 410 410 402 368 368 369 369 369 337 342 337 337 337 293 293 293 293 293 207 207 271 271 271 246 246 246 217 218 218 218 194 194 194 181 181 69 69 171 120 160 107 107 107 107 83 83 83 84 84 25 73 25 25 25 25 25 25 25 9 
919 919 890 890 890 890 890 890 890 890 874 874 858 858 858 810 810 841 841 755 823 755 755 755 784 784 717 717 717 759 717 723 723 723 723 717 564 698 661 661 661 619 619 636 636 636 636 619 619 619 564 564 564 564 564 573 485 485 555 469 469 477 477 477 477 477 477 456 484 484 484 456 456 411 411 411 444 428 428 428 410 410 410 402 368 368 369 369 369 337 342 337 337 284 284 321 321 293 293 293 293 271 271 271 246 246 246 217 203 203 203 203 194 194 181 181 182 69 69 120 160 107 107 107 107 83 83 107 84 84 25 25 25 9 9 9 9 25 25 9 
919 919 947 947 947 906 906 906 906 890 890 900 858 880 858 868 810 810 842 755 755 755 755 755 725 725 774 774 717 759 717 717 743 723 723 717 564 698 661 682 682 619 663 636 636 619 619 619 601 601 564 564 564 564 564 573 485 560 555 469 469 469 469 469 456 456 456 456 484 411 411 411 411 411 429 411 411 428 411 411 411 410 410 402 368 389 369 369 369 337 337 337 337 284 284 284 284 293 293 272 272 272 272 203 203 246 246 217 203 203 203 203 203 69 69 188 69 69 69 120 160 107 107 107 107 107 107 107 84 84 84 9 9 9 46 46 9 9 26 9 
919 919 919 919 919 906 906 906 906 906 890 890 858 858 858 868 858 810 810 755 755 810 810 725 725 725 774 774 717 717 717 717 743 723 723 717 564 661 661 682 682 619 619 619 619 619 637 601 601 601 601 601 564 564 564 573 485 560 555 555 469 469 469 469 456 506 506 506 411 411 395 395 395 457 429 429 411 411 411 429 411 411 411 402 368 368 368 368 368 337 337 351 284 284 284 284 284 293 293 272 272 272 272 203 203 203 203 217 203 203 203 203 203 69 69 69 69 69 69 120 107 107 142 107 107 107 107 107 84 84 9 9 9 9 9 9 41 9 9 9 
919 965 919 954 919 919 919 919 919 906 906 890 890 858 858 858 858 810 810 835 810 810 725 725 794 725 725 725 770 717 717 717 717 717 717 717 564 661 661 637 637 673 637 637 637 637 637 601 625 608 608 564 564 564 564 564 485 560 560 555 469 469 469 469 456 506 506 411 411 411 395 395 395 457 457 429 429 429 429 429 422 395 395 402 395 363 363 368 368 284 284 284 284 338 284 284 303 303 303 303 272 272 277 203 263 203 203 217 203 203 203 203 203 69 69 69 69 120 120 120 107 107 107 107 122 10 10 10 10 10 9 9 9 9 9 9 41 10 10 10 
919 965 919 919 919 921 921 920 920 906 906 799 799 858 858 858 858 810 810 810 810 815 725 725 794 725 725 725 770 725 725 717 717 729 717 717 564 661 661 637 637 637 637 637 637 601 601 601 625 608 609 564 564 564 564 564 485 560 560 531 531 531 531 456 456 506 506 411 411 411 485 395 395 458 458 395 395 395 395 395 422 395 395 395 395 363 363 284 284 284 284 284 284 284 284 284 284 284 284 284 294 272 272 203 203 203 203 203 228 228 203 89 89 89 69 69 120 120 120 120 120 107 107 107 122 10 108 108 10 10 85 10 10 10 10 10 10 10 27 11 
919 919 955 955 919 921 921 920 920 799 799 799 799 799 858 858 858 811 811 811 811 811 811 725 725 725 725 725 770 725 725 725 725 729 717 717 564 564 683 637 637 637 637 601 601 601 608 608 625 608 592 592 564 564 564 564 485 485 485 531 531 531 531 456 456 456 456 496 496 485 485 395 395 395 395 395 445 395 395 395 395 395 395 395 396 363 363 284 284 284 284 284 284 284 284 325 304 304 304 284 284 284 272 272 203 203 247 203 203 229 203 89 89 89 69 69 120 120 172 120 120 107 107 107 122 10 10 10 10 10 10 10 10 10 47 47 11 11 27 11 
919 919 919 919 919 921 921 920 920 799 891 891 891 799 858 858 858 811 811 811 811 816 725 725 725 725 725 725 725 725 751 751 725 725 725 711 711 564 683 683 683 637 637 601 608 608 608 608 608 608 610 592 592 564 485 485 485 485 485 531 531 531 531 456 456 518 456 485 485 485 395 395 395 395 434 434 434 395 395 395 395 395 403 403 396 363 363 363 363 363 330 330 284 284 325 325 304 304 304 304 278 278 278 248 264 203 238 238 203 203 203 89 89 183 69 69 161 120 120 120 133 133 133 133 10 10 10 10 10 10 10 10 64 47 47 48 11 11 11 11 
919 966 919 948 948 921 921 921 921 799 891 891 891 799 799 859 859 699 699 699 816 816 725 725 795 725 725 725 760 760 751 726 726 726 726 711 711 564 674 674 674 674 601 601 608 608 608 610 610 610 610 602 564 564 485 485 485 485 485 485 545 545 531 531 485 485 485 485 485 485 395 395 395 395 434 434 434 434 434 395 395 395 396 396 396 370 370 370 370 330 330 330 330 330 278 278 278 304 278 278 278 285 248 248 264 203 238 238 203 203 209 209 89 183 189 189 161 161 161 161 133 133 143 134 10 10 10 10 10 10 74 74 64 47 48 48 11 11 11 11 
919 919 919 948 799 799 799 799 922 799 799 799 799 799 799 859 860 699 699 699 699 699 725 725 795 725 781 725 760 751 751 726 726 699 699 718 699 699 674 674 674 675 601 601 608 608 608 626 626 602 602 602 564 584 485 485 485 485 561 485 545 485 485 532 485 485 485 485 478 478 478 478 395 395 446 446 446 434 434 396 396 416 396 396 396 370 385 330 330 330 344 344 344 330 278 278 278 304 278 285 285 285 248 248 265 203 203 203 89 89 89 89 89 183 189 189 183 134 134 161 161 134 134 134 10 10 10 109 10 10 74 64 64 47 47 11 11 11 11 11 
919 919 960 948 799 876 876 799 799 799 907 799 799 799 799 859 799 799 699 776 776 699 725 725 725 725 781 725 725 751 699 699 699 699 699 699 699 674 674 687 601 601 601 601 608 608 608 626 626 602 611 603 564 584 564 564 564 564 561 485 485 485 485 485 485 485 485 485 435 435 435 435 395 463 446 446 446 434 434 396 396 396 396 330 330 370 330 330 344 344 344 278 278 330 330 278 278 278 278 285 285 285 279 248 248 248 248 203 89 89 89 197 197 183 183 190 183 134 134 134 134 134 134 134 10 10 10 109 10 11 11 64 11 11 47 11 42 11 11 12 
948 948 948 948 876 876 876 876 912 799 799 799 876 876 799 799 799 799 699 776 776 699 699 798 751 751 781 751 751 751 699 699 699 699 699 712 712 674 674 687 601 601 601 601 601 631 631 631 602 602 603 603 564 564 564 574 538 538 561 538 538 538 538 485 485 485 485 435 435 435 435 435 435 435 435 435 435 435 435 396 423 396 396 330 330 330 330 278 278 278 278 278 278 278 278 278 278 203 203 203 203 203 279 266 266 203 203 203 89 89 89 197 197 197 183 183 183 134 134 134 134 134 144 10 10 10 10 109 10 10 11 11 11 11 11 11 42 11 11 12 
948 948 948 956 876 932 932 876 912 912 799 799 876 876 876 799 799 799 699 776 776 817 699 699 751 751 751 751 756 756 756 699 699 730 699 700 700 700 674 687 601 601 601 601 601 631 538 538 602 602 603 585 585 564 564 538 538 538 538 538 549 435 435 435 523 435 435 435 492 492 470 470 470 435 435 453 435 435 396 396 423 396 396 330 386 386 386 278 354 354 278 278 345 339 278 278 278 203 203 203 203 203 203 266 203 203 239 89 89 89 89 197 198 198 173 173 173 173 173 134 134 134 134 10 10 10 10 10 97 10 75 75 60 60 12 12 12 12 12 12 
948 948 948 956 876 876 933 876 876 876 876 876 876 881 799 799 799 799 699 776 824 776 776 699 751 751 775 775 756 756 756 699 699 699 699 700 674 674 674 688 601 601 601 601 601 538 538 538 602 602 603 585 585 585 579 538 549 549 549 549 549 435 435 435 435 435 435 435 492 492 470 459 459 459 435 435 435 435 396 430 412 412 412 330 330 330 330 278 354 354 354 339 339 339 273 273 305 305 305 305 203 286 203 203 203 239 239 89 89 230 219 197 197 197 173 173 89 89 89 134 134 134 134 10 10 10 10 10 10 10 75 75 60 61 12 12 32 32 12 12 
926 926 961 956 949 876 876 876 876 876 876 876 881 881 799 848 848 848 699 776 776 776 776 699 751 751 699 699 756 756 699 699 699 699 674 700 674 674 688 688 538 538 538 538 647 538 538 538 602 602 603 603 538 538 579 538 549 549 549 549 549 435 435 497 497 497 497 497 497 470 470 459 459 459 435 435 435 435 396 396 412 404 404 404 330 330 330 330 330 330 330 339 339 273 273 273 273 273 305 305 203 203 203 203 203 239 239 239 89 89 219 197 197 197 173 173 89 89 89 134 134 135 135 10 10 118 10 10 10 86 86 60 60 56 56 49 12 12 12 12 
926 926 956 956 949 849 849 849 876 876 876 876 881 881 799 699 699 699 699 836 776 776 776 699 699 699 699 699 699 699 699 744 744 731 674 674 674 674 538 538 538 538 538 538 538 538 538 538 538 538 538 538 538 538 538 538 549 497 497 550 550 435 435 497 497 512 512 498 498 470 486 459 459 459 454 454 435 435 435 396 396 404 404 404 330 330 330 330 364 364 330 339 339 273 273 273 273 273 273 273 273 273 203 203 203 204 204 204 204 89 89 197 89 89 89 89 89 89 89 89 89 89 135 135 10 10 10 60 60 60 60 60 65 56 49 49 12 12 12 12 
926 926 956 956 949 849 849 849 799 799 799 799 799 799 799 861 861 812 812 812 812 812 776 776 776 776 776 776 752 752 752 744 744 731 701 701 674 674 538 538 538 538 538 538 538 538 549 549 549 538 538 593 593 549 549 549 549 497 497 497 497 497 497 497 497 512 512 498 499 470 470 459 459 459 454 454 435 435 435 396 396 404 404 404 330 330 330 330 330 330 330 339 273 273 273 273 273 295 295 295 295 273 273 273 204 204 204 204 204 89 89 89 89 199 124 124 124 176 89 89 89 89 89 89 123 10 10 60 60 60 87 65 65 56 49 50 12 12 12 12 
926 956 956 956 949 849 849 849 799 799 799 892 892 799 799 818 818 812 812 812 812 812 812 776 776 776 776 777 752 752 752 752 731 731 701 701 701 538 538 538 538 538 664 538 549 549 549 549 549 549 549 549 549 549 549 549 569 497 497 497 551 498 498 497 497 498 498 498 470 470 470 470 470 459 459 431 431 435 435 396 404 404 404 404 365 365 365 330 330 339 339 339 273 273 273 273 273 240 240 296 296 240 240 240 204 204 204 204 204 89 89 89 199 199 124 124 124 176 89 89 89 145 145 89 89 89 89 76 76 76 76 76 56 56 13 13 13 13 13 13 
926 926 926 949 949 849 849 849 799 799 799 892 818 818 818 818 818 825 825 825 825 818 785 785 785 785 719 719 719 719 719 719 731 732 701 701 701 538 538 538 538 538 538 538 549 549 549 549 549 549 549 549 569 569 569 569 569 497 497 497 551 498 498 498 498 498 498 498 470 470 470 470 470 431 431 431 431 431 431 396 396 396 396 365 365 365 365 365 339 339 355 339 339 339 273 273 240 240 240 240 240 240 240 240 240 240 204 204 204 231 89 89 199 124 124 124 176 176 89 89 89 89 89 89 89 89 89 76 76 76 76 77 56 56 13 13 13 13 14 14 
926 926 926 949 849 849 849 849 799 799 799 818 818 818 818 818 818 825 825 818 818 818 785 785 785 785 719 719 719 719 719 719 731 693 693 693 701 701 693 538 538 655 655 655 549 549 549 549 549 612 612 604 569 569 569 569 569 497 497 556 551 431 431 431 431 431 431 431 500 431 431 431 431 431 431 431 431 440 431 431 417 417 396 365 365 365 387 365 339 339 355 339 240 240 240 240 240 306 306 306 240 240 240 240 240 240 204 204 204 204 204 199 199 124 124 124 176 176 89 89 162 89 89 89 89 89 89 77 77 88 88 77 56 56 13 13 13 13 14 15 
926 926 934 934 849 849 849 849 799 799 901 818 818 818 818 818 818 818 818 818 785 785 785 785 785 785 719 719 719 719 719 719 731 693 693 693 693 693 693 538 538 655 655 655 549 549 549 549 549 549 604 604 562 562 562 562 562 562 562 551 551 431 431 431 513 513 513 431 431 431 479 479 431 431 431 431 431 440 397 397 424 396 396 405 387 387 387 365 365 339 339 339 240 297 297 297 297 297 306 306 297 240 240 249 249 240 240 240 204 204 204 204 204 124 124 124 124 124 124 89 89 89 89 89 89 77 114 77 77 88 77 77 56 56 13 13 13 13 14 14 
967 926 926 934 934 934 934 849 923 799 901 901 799 799 818 818 843 843 843 785 785 785 785 713 713 713 713 713 713 713 719 719 731 731 693 693 689 689 689 689 638 638 665 638 638 638 549 549 627 549 604 604 562 586 562 562 551 551 551 551 552 431 431 513 513 372 372 440 440 440 440 440 440 440 440 440 440 440 397 397 424 396 405 405 387 240 240 376 365 365 240 240 240 297 297 297 297 297 297 297 297 249 249 249 249 240 240 241 232 232 204 204 177 177 177 177 177 177 124 89 89 89 136 136 89 77 77 77 77 77 77 62 62 62 13 13 13 13 28 14 
967 967 926 950 950 849 849 849 923 799 799 799 799 799 869 869 843 843 843 785 826 785 785 713 713 713 713 713 713 713 734 719 719 719 719 693 689 689 676 676 638 638 638 638 638 638 549 549 627 549 613 562 562 586 580 551 551 551 551 551 551 513 513 513 513 372 372 372 372 372 372 440 440 440 440 440 397 397 397 397 396 396 405 405 387 240 376 376 371 240 240 240 240 297 297 297 297 297 297 297 297 249 249 249 249 210 210 210 232 210 210 210 177 177 177 124 124 124 124 89 89 89 136 136 89 89 89 89 89 89 89 62 62 62 13 13 13 33 14 14 
967 967 926 950 950 849 849 849 849 908 908 849 849 799 799 799 843 843 843 785 826 799 799 799 713 713 713 713 713 713 734 733 733 733 719 693 693 676 676 676 638 638 638 656 638 638 638 549 549 549 613 562 562 562 580 551 551 551 551 551 551 513 513 513 513 372 372 372 372 372 372 440 440 440 440 440 397 397 397 397 396 396 396 405 387 240 240 240 371 240 346 331 331 331 331 297 297 297 297 297 297 249 249 274 249 258 249 210 232 210 177 177 177 177 177 124 124 124 124 167 124 124 136 136 90 90 90 90 90 89 89 62 62 62 14 14 14 14 14 16 
967 967 926 926 926 940 926 926 849 849 849 849 849 849 849 799 843 843 843 785 785 799 800 800 713 713 713 713 713 713 734 733 733 733 719 719 676 676 694 676 638 638 638 638 638 638 638 549 549 549 613 594 594 562 562 562 562 562 501 501 501 513 513 513 513 507 507 507 372 372 372 372 464 464 397 397 397 397 397 397 396 396 396 397 397 240 240 240 240 240 346 346 346 331 331 297 297 297 297 297 297 280 280 274 249 258 249 210 210 210 177 177 177 177 177 178 178 178 124 167 124 124 136 136 90 90 90 90 90 90 90 34 34 34 14 14 14 34 16 16 
883 883 883 957 926 926 926 927 849 849 882 882 882 882 849 799 799 799 799 799 827 799 757 757 757 713 713 757 713 713 734 734 734 734 719 719 676 676 676 676 676 643 643 549 549 549 549 549 549 549 613 594 562 562 562 562 501 501 501 501 501 524 524 524 524 507 507 507 372 372 372 372 464 464 397 397 397 397 397 397 397 397 397 397 356 356 356 356 356 356 356 326 326 326 326 297 297 297 297 297 298 280 274 274 249 258 249 210 210 233 177 177 177 177 177 178 178 124 124 167 124 124 137 137 124 17 17 17 17 17 17 34 34 34 34 34 34 34 16 16 
883 883 883 941 941 941 813 813 813 913 813 813 813 813 849 849 849 849 844 799 799 799 757 757 757 757 757 757 713 761 734 734 735 735 713 713 676 676 676 676 676 643 643 549 549 549 549 549 549 613 613 594 562 562 562 562 501 501 501 501 524 524 525 525 525 519 507 507 372 372 372 372 372 372 372 372 372 372 436 397 397 372 372 372 356 356 356 356 356 357 357 326 326 326 326 326 315 315 274 274 274 280 274 275 249 249 249 210 210 233 177 177 177 152 152 152 152 124 124 124 124 124 124 124 124 17 17 17 17 95 17 17 34 34 17 17 16 16 16 16 
883 883 883 941 813 813 813 813 813 813 813 862 862 813 813 813 813 850 844 813 813 813 813 757 757 757 762 762 713 713 713 735 735 736 713 713 676 676 632 632 676 676 643 648 648 643 549 549 620 575 575 594 594 501 501 501 501 501 501 501 524 519 519 519 519 519 501 501 501 372 372 465 372 372 432 432 447 372 372 372 372 372 372 372 356 356 356 356 356 326 326 326 315 315 315 315 315 274 274 274 274 274 274 242 242 242 242 242 200 200 200 200 200 152 152 191 152 152 152 163 163 124 124 124 17 17 17 17 98 66 66 17 17 17 17 17 16 16 16 16 
883 883 883 883 813 813 813 813 902 813 813 862 862 862 862 862 813 813 844 813 778 778 814 757 757 757 762 762 762 762 713 735 735 713 713 713 713 632 632 632 676 676 643 643 643 643 639 549 620 620 575 575 575 501 501 501 501 501 501 501 519 519 519 519 519 519 501 508 502 466 466 465 465 465 432 432 441 441 413 413 413 413 372 372 398 388 388 326 326 326 326 326 315 315 315 315 274 274 274 274 281 274 274 242 267 250 250 200 200 200 200 200 200 200 152 179 179 179 152 152 152 124 124 124 17 17 17 17 98 66 66 66 66 17 17 17 35 35 16 16 
883 883 962 883 813 813 893 893 902 902 902 902 893 883 862 862 862 813 813 813 778 778 778 757 757 757 757 757 763 763 713 713 745 713 632 632 632 632 684 632 632 677 643 643 643 643 639 549 549 549 575 575 575 581 581 501 501 501 501 557 519 519 519 519 520 520 501 502 502 466 466 466 466 466 432 432 441 413 413 413 413 413 413 372 398 388 377 377 326 326 326 340 340 315 315 315 274 274 274 281 281 281 281 242 250 250 200 200 200 200 200 200 205 152 152 179 179 179 152 152 152 152 124 124 17 17 98 98 98 66 66 57 57 57 57 17 35 35 17 17 
962 962 962 883 813 813 893 893 902 902 893 893 893 883 862 870 862 779 779 837 778 778 778 786 786 757 757 757 757 757 757 713 713 713 632 702 702 702 684 684 632 632 632 632 644 639 639 549 549 549 575 575 575 501 501 501 501 501 501 557 519 519 539 519 520 501 501 502 502 466 480 480 467 467 432 432 441 413 413 413 413 372 372 372 372 388 377 377 326 326 326 340 340 340 315 315 322 287 287 281 281 281 282 242 250 200 200 200 200 220 220 152 152 152 179 179 179 179 152 152 153 153 17 17 125 17 17 57 57 66 66 57 67 57 57 17 17 17 17 18 
962 962 962 883 893 893 893 893 893 893 893 894 894 883 862 862 862 779 779 837 778 778 778 786 786 757 757 746 746 746 746 746 746 632 632 695 695 695 695 684 684 666 666 632 644 639 639 549 549 621 575 595 595 501 501 501 501 501 501 501 501 519 519 519 520 501 501 501 502 466 480 480 467 467 432 432 441 441 413 413 413 372 372 372 372 388 388 372 372 326 326 340 347 322 322 322 322 287 287 287 281 281 281 242 242 200 200 200 220 220 221 152 152 201 179 179 179 180 17 17 17 17 17 17 17 17 17 57 57 57 57 57 36 36 36 43 43 17 17 17 
962 962 962 883 883 935 935 893 893 883 883 883 883 883 863 863 779 779 779 779 779 779 778 786 786 786 746 746 771 746 746 746 746 632 695 695 714 632 632 632 632 666 666 632 644 644 632 632 549 621 575 575 575 501 501 501 501 501 501 501 501 519 519 533 520 501 501 501 501 466 432 432 432 467 432 432 432 432 437 432 413 372 372 372 372 372 372 372 340 340 340 340 347 322 322 322 287 287 311 287 281 281 281 242 242 242 242 242 220 211 211 211 152 201 179 179 180 180 17 168 17 17 146 17 17 17 57 57 57 57 57 57 36 36 36 36 36 17 17 17 
962 962 928 928 883 883 883 883 883 883 895 895 895 863 863 863 779 779 779 779 779 779 778 778 778 787 746 746 746 746 737 737 737 632 632 632 632 632 632 632 632 666 666 632 632 632 632 632 549 621 575 575 575 575 575 575 501 501 553 553 501 501 520 520 520 501 501 501 501 466 432 432 432 432 432 432 432 432 432 432 413 378 378 390 390 390 378 378 340 340 340 340 340 322 322 322 287 316 311 287 287 287 169 242 242 242 242 242 220 211 211 211 152 201 179 179 180 180 17 138 138 138 146 17 17 17 57 110 57 57 51 51 36 36 51 51 36 36 19 19 
929 929 963 928 928 928 928 928 863 863 863 863 863 863 871 863 863 779 779 828 779 779 779 779 778 778 778 778 746 746 737 737 737 737 632 632 632 632 632 632 640 640 640 632 632 632 632 632 549 621 575 575 575 575 466 466 466 534 534 553 553 501 501 501 501 501 509 509 466 466 487 432 432 432 432 432 432 432 432 413 413 378 378 378 378 378 378 379 340 340 340 352 340 287 287 287 287 311 311 287 287 287 169 276 242 242 242 243 220 234 211 211 152 152 152 184 17 17 17 138 138 138 146 138 17 17 57 57 99 51 51 51 51 51 51 19 19 19 19 20 
929 929 929 929 928 928 929 929 863 863 903 903 884 884 871 871 802 802 802 828 828 779 779 779 779 779 779 779 746 746 737 737 737 737 632 632 632 632 632 632 640 640 640 549 549 549 549 549 549 621 596 596 596 466 466 541 466 534 534 534 534 534 534 534 466 466 509 509 466 442 442 442 432 432 432 432 432 438 438 413 413 378 378 378 378 378 379 379 340 340 340 352 340 287 287 287 317 311 311 287 287 287 169 169 169 259 220 220 220 234 211 211 152 152 152 184 17 17 138 138 138 138 138 138 17 17 57 57 51 51 78 78 21 21 21 19 19 19 19 19 
929 929 929 929 929 929 929 863 863 863 802 802 884 885 871 871 802 851 802 802 802 802 658 801 779 779 737 737 737 737 737 738 738 738 632 632 658 658 658 658 640 640 640 549 549 549 549 549 549 549 596 596 596 466 541 541 466 534 534 534 534 534 466 466 466 466 466 509 466 442 488 442 432 432 432 432 432 438 438 413 413 378 378 406 340 340 340 340 340 340 340 352 340 287 287 287 317 317 311 287 287 288 169 169 169 259 220 220 220 185 185 185 152 152 152 184 184 17 138 138 138 154 147 126 126 119 57 57 51 51 78 78 21 21 21 52 19 19 19 19 
863 863 863 863 863 863 863 863 863 914 802 802 802 802 802 802 802 829 829 802 802 802 658 658 658 737 737 658 658 658 658 738 658 658 658 658 658 703 658 658 640 640 640 640 549 549 549 549 549 549 596 596 596 466 541 541 466 534 534 534 554 546 466 466 466 466 466 466 466 442 442 442 442 442 438 438 438 438 438 413 418 418 340 340 340 374 374 374 340 340 340 340 340 287 287 327 287 287 311 288 288 288 169 169 169 169 220 220 220 185 185 185 185 185 185 184 184 17 138 138 138 138 147 126 126 119 57 57 79 51 51 51 51 21 21 21 37 37 21 21 
863 936 936 936 936 936 863 863 863 914 802 802 802 802 877 829 829 829 829 829 829 802 802 802 658 737 737 658 747 747 658 658 658 658 658 658 658 703 658 658 678 678 640 640 549 549 549 597 597 597 597 597 582 582 582 541 466 534 534 546 546 546 540 466 466 466 466 466 493 493 442 442 442 442 438 438 438 438 438 413 418 418 340 399 399 374 374 373 340 340 340 340 288 288 287 287 287 318 288 288 244 244 244 244 244 169 169 169 169 185 185 212 185 185 185 185 185 17 17 126 126 126 126 126 126 119 57 79 79 91 91 51 51 21 21 21 37 37 21 21 
863 936 930 930 930 936 936 930 909 909 909 802 802 802 877 829 829 819 819 819 819 819 802 802 658 737 737 658 747 747 747 747 747 658 658 658 658 703 658 658 640 640 640 657 645 645 640 597 597 605 605 597 582 582 582 541 466 466 466 546 540 540 540 466 493 493 493 493 493 471 471 471 442 442 448 448 448 438 438 413 418 418 340 399 399 374 374 373 373 358 358 288 288 288 288 288 288 288 288 307 244 244 260 260 244 244 244 169 169 185 185 169 169 169 169 192 17 17 17 126 126 119 119 119 119 119 57 79 79 91 91 51 51 21 21 21 37 37 29 21 
863 863 930 930 930 930 930 930 909 909 909 802 802 886 819 819 819 819 819 830 830 802 802 802 658 737 658 658 747 764 739 739 739 739 727 704 704 658 658 690 640 640 640 640 645 645 640 622 622 605 605 597 597 541 541 541 563 563 466 466 540 540 540 466 466 466 503 503 503 471 471 471 442 442 448 448 448 442 413 413 413 413 340 399 399 374 374 374 374 358 358 288 288 288 288 288 288 308 244 244 244 244 260 260 260 260 244 169 235 169 169 169 195 195 169 169 17 17 17 126 126 119 148 119 119 57 57 111 79 79 91 51 51 21 21 21 37 37 29 21 
863 863 930 930 930 930 819 819 819 819 886 886 886 886 819 819 819 819 819 830 830 802 802 802 658 658 658 747 747 739 739 753 704 704 727 704 704 658 658 658 667 667 667 640 640 640 640 622 622 622 605 605 541 541 558 558 563 563 563 466 526 526 526 526 526 466 503 503 503 471 471 471 471 442 442 448 448 442 413 413 413 413 340 391 391 391 323 323 323 323 323 323 288 288 332 323 323 308 244 244 244 244 260 260 260 244 244 169 169 169 213 213 195 195 195 169 17 17 126 126 126 119 119 119 127 57 115 100 100 79 79 79 22 22 22 21 21 21 29 21 
863 863 930 958 930 930 819 886 886 819 886 886 886 887 819 819 845 845 845 803 803 803 803 803 782 782 782 739 739 739 748 704 704 704 704 704 704 658 658 658 658 658 658 658 640 640 583 583 623 606 606 606 541 541 558 558 558 558 558 466 526 526 466 466 527 466 510 510 503 471 471 481 449 449 442 442 442 442 391 391 413 413 391 391 400 392 323 323 323 323 323 323 323 323 323 323 308 308 244 244 244 244 213 213 213 244 244 244 236 213 213 214 193 193 193 169 169 169 126 126 126 119 119 119 127 57 100 100 101 22 22 22 22 22 22 22 22 21 21 21 
968 863 930 930 930 942 819 886 886 886 886 886 886 819 819 864 845 845 845 803 782 782 782 782 782 788 739 739 739 739 748 704 704 704 704 704 704 704 668 668 658 658 583 583 583 583 583 583 623 623 606 606 541 541 541 541 541 565 558 466 466 466 466 466 527 466 510 510 503 468 468 468 472 449 449 449 449 391 391 391 391 391 391 400 400 392 323 323 323 323 323 333 333 333 333 308 308 312 312 244 244 289 213 213 213 213 213 213 236 213 222 186 186 186 193 193 169 169 57 57 57 57 119 119 57 57 100 22 22 22 92 22 22 22 22 22 22 22 22 22 
968 863 819 819 819 819 819 819 819 819 819 819 819 819 819 864 864 803 803 803 782 782 782 782 782 739 739 739 739 739 748 704 704 705 705 705 705 705 668 668 668 679 583 628 628 628 628 583 583 583 607 607 541 541 541 541 541 565 558 558 466 466 541 466 466 466 514 503 503 468 489 468 468 468 449 449 449 391 391 391 391 391 391 400 392 392 323 323 323 323 323 333 333 333 308 308 312 312 308 308 289 289 213 213 251 213 213 213 236 213 186 186 186 186 193 193 169 169 57 155 155 57 57 139 57 100 100 22 22 80 80 80 22 22 22 22 23 23 23 23 
968 968 819 819 819 819 819 819 819 819 819 819 819 819 819 864 864 803 803 803 803 803 782 782 782 782 782 739 739 739 748 748 748 705 705 705 706 706 668 668 668 668 668 628 628 646 628 628 628 583 583 583 583 583 583 541 541 541 541 541 541 541 541 466 466 514 514 503 503 468 468 468 468 468 449 449 449 391 391 391 391 392 392 392 392 393 380 380 323 323 323 333 333 333 308 308 308 308 308 309 289 289 213 213 251 251 251 213 213 213 186 186 186 186 186 186 186 169 169 169 155 155 57 57 57 100 100 100 22 22 22 22 22 53 53 53 23 23 23 23 
