988 988 988 988 988 982 968 968 929 929 929 942 929 929 917 851 851 858 858 858 858 858 858 858 783 783 783 783 783 783 783 783 742 742 776 764 764 730 730 730 730 702 702 702 702 702 694 650 650 650 632 632 632 476 476 476 476 476 476 476 476 476 476 516 516 516 516 516 516 516 498 498 498 476 476 476 457 457 438 438 413 413 413 413 350 350 365 365 365 365 350 350 306 306 306 306 306 306 218 218 218 244 244 244 244 244 216 216 216 216 141 141 141 141 141 141 141 161 141 141 141 118 118 118 118 76 76 76 76 1 1 1 1 1 1 1 1 1 1 1 
988 988 988 982 982 982 968 968 929 929 929 942 929 917 917 851 851 851 851 851 851 851 851 859 783 783 783 783 742 742 742 742 742 742 776 764 730 730 740 740 702 702 694 694 694 694 694 650 650 650 632 632 632 476 476 476 561 561 561 591 591 476 476 476 476 476 476 476 476 476 498 498 498 476 477 477 457 457 438 438 413 424 350 350 350 350 365 365 365 350 350 306 306 338 306 306 306 306 218 218 218 244 244 244 244 245 216 216 216 141 141 141 141 141 141 141 141 141 141 141 141 118 118 118 118 76 89 89 76 1 1 1 1 1 1 33 33 1 1 1 
988 982 982 982 960 960 960 960 929 929 929 929 929 917 917 851 898 898 851 851 851 851 851 851 851 783 783 809 742 742 803 742 742 742 764 764 730 740 740 741 702 702 694 694 694 694 666 666 650 650 632 649 649 476 476 476 561 561 561 591 591 476 476 476 556 476 476 476 476 476 510 476 476 476 447 447 447 447 447 413 413 424 350 350 405 350 350 350 350 350 358 306 306 306 306 306 307 218 218 218 218 218 218 218 218 218 236 216 216 141 141 141 141 141 141 141 141 141 142 142 142 132 132 76 76 76 77 90 76 76 1 1 1 1 1 33 33 1 1 1 
988 982 982 982 960 960 960 960 929 929 929 929 929 917 917 851 851 851 873 873 873 852 852 852 852 841 783 809 809 809 803 742 742 742 764 730 730 740 740 694 694 694 694 694 666 666 666 666 650 650 632 632 632 632 632 476 476 476 561 561 561 578 561 561 540 540 540 476 476 476 476 476 487 487 447 447 467 447 447 413 413 383 383 350 350 350 350 350 350 358 358 351 284 284 306 306 307 218 218 218 218 275 218 218 218 218 236 216 216 217 141 141 141 141 141 141 141 76 76 132 132 132 132 76 104 104 77 77 77 77 1 1 1 1 1 33 33 1 1 2 
988 988 995 995 989 960 960 960 960 929 929 930 930 930 874 874 874 851 851 851 852 852 867 841 841 841 783 783 783 783 803 783 783 742 742 765 765 740 740 694 694 694 666 666 666 666 666 666 650 650 650 650 632 632 633 476 476 476 598 598 561 578 561 540 540 540 476 476 476 476 482 482 482 482 482 447 447 447 447 383 383 383 383 414 350 350 350 351 351 351 351 351 284 284 284 307 307 307 218 218 218 218 218 218 218 218 218 218 218 177 177 177 177 177 177 177 76 76 76 132 132 132 132 76 91 104 104 91 77 77 47 47 47 52 47 2 2 2 2 2 
988 988 995 989 989 960 960 960 938 938 938 930 930 930 874 874 874 874 851 851 852 852 819 819 819 819 819 819 819 783 783 783 783 783 742 765 742 742 694 694 694 694 666 666 666 666 695 666 666 666 666 650 632 632 612 612 612 476 476 476 561 561 561 540 540 540 476 476 506 506 506 506 488 488 447 447 447 447 447 383 383 397 383 383 383 383 390 351 351 351 351 351 284 339 284 307 307 307 284 284 284 260 260 218 218 218 218 219 218 177 177 177 177 177 178 178 76 76 76 132 132 132 132 76 91 91 91 91 47 47 47 64 47 47 47 2 2 2 2 2 
988 988 988 989 989 960 960 960 938 947 938 930 930 930 874 874 874 874 851 851 851 852 819 829 829 829 829 829 768 768 777 777 777 784 742 742 742 742 694 694 694 683 683 683 683 666 666 666 667 667 667 650 650 612 612 612 612 612 476 476 476 476 572 562 476 476 476 476 506 506 352 352 488 488 447 447 447 447 383 383 383 397 397 383 383 383 390 383 351 351 351 351 284 284 284 324 284 284 284 260 260 260 260 260 218 237 237 219 218 218 177 177 177 177 178 178 97 97 76 76 76 132 132 76 76 92 92 92 47 48 48 48 48 48 48 42 24 24 2 2 
988 988 988 989 989 960 960 960 938 947 938 930 930 874 874 874 874 893 851 851 851 819 819 819 819 819 819 819 820 768 777 777 777 777 777 768 742 742 748 683 683 683 711 711 683 683 683 683 667 667 667 650 650 612 612 612 612 612 476 476 476 476 476 562 476 524 524 524 524 506 352 352 352 447 447 447 447 447 383 425 425 425 397 397 397 383 383 383 351 351 359 284 284 284 284 284 284 308 260 260 266 266 266 218 218 237 237 219 219 219 177 177 184 184 184 97 97 97 97 97 76 76 76 76 76 92 92 93 47 48 48 48 48 48 24 42 24 24 24 3 
988 988 989 989 960 960 960 960 938 947 938 938 938 874 918 874 874 893 893 886 819 819 819 819 819 819 819 819 820 768 777 777 778 778 778 768 742 748 748 683 683 683 683 703 703 683 683 684 672 672 579 579 579 579 579 579 579 579 579 579 579 579 476 476 476 506 506 528 506 506 352 352 352 447 447 383 383 383 383 425 425 397 397 397 397 352 352 352 352 352 352 284 284 309 309 309 309 260 260 260 162 162 162 218 218 218 218 218 218 218 177 177 184 169 169 97 157 157 157 97 97 97 97 97 47 47 47 47 47 47 47 47 47 3 24 24 24 30 3 3 
988 988 989 960 960 960 960 960 961 947 874 874 874 874 918 874 874 899 886 886 819 870 819 819 819 819 819 819 820 768 768 768 768 768 768 768 742 742 742 742 683 683 683 703 703 672 672 672 672 579 579 658 634 634 634 618 618 579 579 573 573 573 573 476 476 506 506 506 506 517 352 352 352 352 447 383 383 383 383 383 383 397 397 397 406 352 352 352 366 366 352 352 284 309 309 309 309 260 260 260 162 267 162 218 218 218 218 218 218 218 177 177 169 169 169 97 157 157 157 97 97 97 97 97 47 47 47 47 78 78 47 47 47 3 3 3 3 3 3 4 
988 988 989 960 960 960 960 960 947 947 874 874 874 918 918 874 874 899 886 886 819 819 819 819 819 819 819 819 768 768 768 768 791 768 768 731 731 731 731 731 731 703 703 703 703 672 672 672 672 579 579 579 634 634 634 618 618 579 579 573 573 506 506 506 506 506 529 529 511 511 450 450 450 352 352 478 383 383 448 439 383 383 398 397 397 397 352 352 353 353 353 353 284 309 309 309 299 299 299 162 162 267 162 162 162 162 238 218 218 220 169 169 169 97 97 97 97 97 157 97 97 97 97 97 47 47 47 94 78 78 47 34 34 34 34 4 4 4 4 4 
988 988 953 953 953 953 953 947 947 874 874 874 874 918 874 874 874 874 874 874 874 819 819 819 819 830 830 830 768 768 768 768 731 731 731 731 758 758 620 620 620 703 703 703 703 703 672 672 672 619 619 579 634 634 634 618 618 579 579 599 573 506 506 506 506 506 506 511 511 511 450 450 450 450 352 352 352 352 352 439 383 383 398 398 398 398 352 352 360 360 340 340 346 309 309 309 309 309 300 162 162 267 267 253 253 162 196 196 196 220 169 195 195 97 97 97 97 97 157 47 47 47 47 47 47 47 47 47 47 47 47 34 34 34 34 4 4 4 4 4 
1000 1000 953 953 953 953 953 947 947 874 874 874 874 874 874 900 900 874 874 875 821 821 821 821 821 821 830 830 768 810 768 768 731 758 758 758 758 620 620 620 620 686 686 712 685 685 685 685 672 619 619 579 619 619 619 619 619 613 573 573 573 580 506 506 506 506 506 511 511 511 511 450 450 450 458 458 458 352 352 439 383 383 398 398 383 383 352 352 360 360 340 340 340 162 162 162 162 162 300 162 162 268 268 253 253 162 196 196 196 196 169 169 169 169 169 169 169 97 97 47 47 47 119 119 119 47 47 95 69 69 69 34 34 34 34 34 34 4 4 4 
1000 1000 1000 953 953 953 953 962 947 947 943 943 874 874 900 900 900 900 875 875 821 821 821 821 853 821 821 821 768 768 768 800 731 731 731 731 731 620 749 620 620 686 686 686 685 685 685 685 672 619 619 619 619 643 532 532 532 613 573 573 580 580 506 557 557 506 506 511 511 518 450 450 450 450 450 450 458 352 449 432 432 383 421 383 383 383 352 352 352 360 340 340 340 162 162 315 315 162 162 162 268 268 269 162 162 162 162 162 228 196 196 196 196 170 170 170 170 97 97 47 47 47 47 47 47 47 47 65 65 65 65 65 53 53 34 34 35 5 5 5 
1000 953 953 953 953 953 953 962 962 947 947 931 931 931 900 900 900 900 875 887 875 821 821 821 821 834 834 821 821 768 768 731 731 731 731 731 731 620 620 620 620 686 686 686 686 686 686 686 672 619 619 619 619 532 532 532 532 532 532 573 573 581 506 506 506 506 506 518 518 518 450 450 489 489 450 450 458 352 352 432 432 383 383 383 407 383 383 383 352 360 340 340 340 340 162 162 162 162 292 292 268 276 269 162 162 162 162 162 197 197 170 170 170 170 179 179 171 97 97 47 47 47 127 127 120 96 96 65 65 65 65 65 53 53 34 34 34 5 5 5 
953 953 953 953 953 983 953 953 953 953 948 931 931 931 900 900 900 900 875 875 875 821 821 821 821 834 822 822 822 731 731 731 620 620 779 620 620 620 620 620 620 620 686 686 686 686 686 686 672 619 619 532 532 532 532 532 532 532 532 573 573 558 558 558 530 530 506 518 506 506 506 450 489 489 450 450 458 458 352 352 352 352 352 352 352 391 391 352 352 360 360 329 329 329 261 261 261 162 292 292 162 162 269 162 162 162 162 162 197 197 170 200 197 171 171 171 171 97 97 47 47 47 97 97 120 96 96 96 84 65 65 65 5 5 34 34 34 5 5 5 
953 953 953 996 953 953 953 953 948 948 948 932 932 932 731 731 731 901 731 731 731 834 834 834 834 834 822 822 822 731 731 731 620 620 620 620 620 620 750 620 620 620 704 704 686 686 686 686 659 659 532 532 644 644 532 532 532 532 532 558 558 558 574 558 558 530 506 506 506 519 468 468 468 468 468 450 450 450 450 352 352 352 352 352 352 391 391 352 329 329 329 329 329 329 261 261 261 162 162 162 162 162 269 254 254 162 162 162 197 197 197 197 197 171 171 171 172 97 97 97 138 138 97 97 97 97 97 97 84 65 65 65 5 5 5 5 5 5 6 6 
953 953 1001 953 953 953 948 948 948 949 949 932 932 932 731 908 731 731 731 731 731 834 834 834 834 842 731 731 731 731 620 620 620 620 620 620 759 759 750 705 705 705 704 704 686 686 686 686 659 659 532 532 532 532 532 532 532 532 532 558 558 574 574 531 531 530 530 530 468 468 468 468 468 468 468 450 450 352 352 352 352 352 352 352 352 352 352 352 329 329 329 329 329 329 329 261 261 261 277 277 285 162 162 254 254 162 162 211 211 211 211 197 197 171 171 171 172 128 128 97 97 97 97 97 97 98 98 98 84 5 5 5 5 54 5 5 7 7 6 6 
953 1005 953 953 953 953 948 969 949 949 731 731 731 731 731 731 731 731 894 731 876 834 834 731 731 731 731 731 731 620 620 620 620 620 780 620 759 750 750 705 705 705 704 704 704 704 620 620 659 659 659 659 532 532 532 532 532 563 563 563 563 563 563 563 531 531 499 499 468 468 468 468 499 468 468 468 468 352 352 440 352 352 392 392 392 392 392 384 329 329 329 329 329 316 316 261 316 261 261 277 277 277 162 162 162 162 162 162 162 162 162 197 197 171 172 172 172 128 128 143 143 128 128 128 84 84 84 99 84 5 5 5 5 5 5 5 7 7 6 6 
953 1005 953 954 953 953 948 948 949 949 731 902 902 731 731 731 731 731 894 731 731 731 731 731 835 835 835 731 731 620 620 620 620 620 780 620 759 750 750 705 705 705 704 704 704 705 620 620 620 620 659 659 532 532 635 532 532 532 532 592 592 531 531 531 531 531 499 499 499 499 468 468 499 468 483 468 468 352 352 352 352 352 392 392 392 384 384 384 329 329 354 354 329 316 316 316 316 261 261 286 286 261 261 162 162 162 162 162 162 162 162 201 171 171 172 172 172 162 128 128 128 128 128 128 84 84 84 84 84 5 5 5 5 5 5 5 7 7 7 7 
953 953 953 954 954 976 976 948 963 731 731 902 902 902 902 902 902 902 894 780 780 780 731 731 835 792 792 731 731 620 620 792 792 780 780 620 620 620 620 705 705 705 705 705 705 705 620 677 677 620 620 620 620 532 532 532 532 532 532 592 592 531 548 548 548 548 499 499 499 499 499 499 499 468 483 469 469 352 352 352 352 352 392 392 392 384 384 371 371 329 354 354 329 316 330 255 255 261 261 261 287 261 261 162 162 162 162 162 221 221 162 201 162 162 162 162 162 162 128 128 133 128 128 128 84 84 84 84 85 5 5 5 5 5 5 5 36 7 7 8 
953 953 954 954 954 954 954 954 954 731 731 731 731 919 919 894 894 894 894 780 780 780 780 780 780 780 792 823 823 792 792 792 780 780 652 652 620 620 620 705 705 713 713 713 705 705 620 677 677 660 660 660 620 620 636 620 620 532 532 600 531 531 548 548 548 549 499 499 499 520 468 468 468 468 483 469 469 352 352 426 426 426 392 392 392 399 371 371 372 329 329 329 329 316 316 255 255 261 261 261 261 261 261 261 233 233 233 233 221 221 162 162 162 163 163 144 144 144 144 133 133 128 128 128 84 100 85 85 85 5 5 5 5 5 8 8 8 8 8 8 
954 954 954 954 954 954 954 954 954 954 944 944 731 731 731 894 894 861 861 861 861 780 780 860 780 780 792 792 792 792 792 792 780 785 652 652 620 620 620 732 732 713 713 714 620 620 620 660 660 660 645 645 645 620 620 620 532 532 532 532 531 582 548 548 549 549 499 499 499 499 468 468 468 468 468 479 469 361 361 361 392 392 392 392 392 392 371 371 367 367 329 329 329 341 316 255 255 255 293 293 255 255 270 198 198 198 198 198 198 198 198 198 198 163 163 144 144 144 144 133 133 133 133 84 84 100 85 85 85 5 5 5 5 5 8 9 9 9 9 9 
954 954 954 954 954 954 954 954 964 944 944 909 909 909 731 731 861 861 861 861 861 861 780 780 780 843 780 780 780 780 780 780 780 785 652 652 766 620 620 725 725 725 620 620 620 620 620 660 660 660 645 645 645 645 637 532 532 614 532 532 531 531 531 564 549 549 499 499 499 499 468 468 468 490 468 479 469 361 361 361 392 392 422 392 392 392 371 371 367 367 329 329 329 341 316 255 255 255 293 293 255 255 270 198 198 198 198 198 212 212 198 198 164 164 163 173 173 144 144 144 144 134 134 84 84 100 105 70 70 70 70 5 5 5 8 9 8 8 9 9 
990 990 990 990 990 944 944 944 944 944 950 909 909 909 920 731 861 861 861 861 861 861 780 780 780 780 780 801 801 804 804 801 652 652 652 652 766 620 620 725 620 620 620 687 660 660 660 660 673 637 637 637 646 646 637 532 614 614 532 532 583 583 531 531 531 531 531 531 499 521 468 468 468 490 468 468 469 361 361 361 392 392 392 392 392 392 371 371 367 367 316 316 316 316 316 255 255 255 255 255 255 255 255 255 255 198 198 198 198 212 212 202 164 164 163 163 163 163 144 144 145 134 134 100 100 100 105 70 70 70 70 5 5 5 8 8 8 8 10 10 
990 990 990 990 991 944 944 944 944 950 950 909 909 933 920 731 862 862 862 877 861 861 780 780 780 780 801 801 801 801 801 801 652 786 652 652 766 760 620 620 620 719 719 687 660 660 660 660 673 637 637 637 646 646 637 532 614 532 532 532 532 532 532 541 541 541 541 532 499 521 468 468 484 484 484 468 469 361 361 361 392 392 392 392 392 393 393 316 316 316 316 355 317 317 317 255 310 310 213 213 213 213 213 213 213 198 198 198 198 212 212 202 164 164 164 164 164 164 134 134 134 134 134 100 100 105 105 70 70 79 59 59 5 5 8 8 8 8 8 11 
990 990 990 990 977 977 944 944 944 950 950 909 909 920 920 731 862 903 862 877 877 861 861 836 836 836 801 801 801 801 802 802 652 652 652 766 766 760 620 620 733 719 719 687 660 660 660 660 673 637 637 651 651 637 637 532 532 532 605 532 532 565 532 532 532 532 532 532 499 521 469 469 469 469 469 480 469 361 361 441 392 392 392 392 392 393 393 316 316 316 342 342 317 317 317 255 255 255 213 213 213 278 213 213 213 239 239 198 198 202 202 202 164 164 164 164 164 164 134 146 146 134 134 100 100 105 105 70 70 59 59 59 5 8 8 8 8 31 8 8 
1008 990 990 997 977 977 977 944 944 955 909 909 909 920 920 731 862 862 862 862 862 861 861 836 836 836 836 787 787 787 652 652 652 652 652 652 652 760 751 733 733 720 720 687 687 687 687 687 673 673 637 637 637 637 638 532 532 601 601 601 593 565 565 565 532 532 499 499 499 469 469 491 491 491 469 469 469 361 361 433 433 392 392 393 393 393 393 316 316 342 342 342 342 342 317 317 317 255 213 213 271 271 213 213 213 202 202 202 202 202 202 190 190 164 164 164 164 165 134 134 134 134 134 100 100 100 100 100 70 59 59 59 5 8 8 8 8 8 8 8 
1008 978 978 978 978 984 978 944 944 955 909 909 909 920 920 731 731 862 862 862 862 861 861 861 788 788 788 787 824 787 652 652 652 652 652 652 652 751 751 733 734 720 720 687 687 696 696 674 674 674 661 661 652 627 627 606 606 606 606 593 593 550 550 550 550 550 499 469 469 469 400 491 400 400 470 470 470 361 433 433 392 392 393 393 393 394 316 316 316 342 342 356 213 213 213 213 318 255 255 213 271 271 213 213 246 202 202 202 202 202 202 190 190 164 164 164 164 147 147 147 134 134 70 70 70 70 70 70 70 80 59 59 5 5 8 8 8 8 8 12 
978 978 978 978 978 978 978 944 944 955 909 909 939 909 909 909 731 862 862 862 862 862 861 861 788 788 788 787 824 787 652 652 652 652 652 652 652 751 733 733 652 652 652 652 652 652 652 674 661 661 661 652 652 627 627 606 606 606 593 593 550 550 550 550 550 550 499 469 469 469 400 400 400 400 470 470 470 361 361 392 392 427 393 393 393 394 316 316 316 342 342 213 213 213 213 213 213 213 213 213 271 271 271 213 246 246 213 213 213 213 213 190 190 190 164 164 174 147 148 147 147 70 70 121 121 71 71 71 71 71 71 59 59 5 8 8 8 8 8 8 
978 978 978 978 909 909 909 909 909 955 909 909 909 909 909 909 731 731 862 862 878 862 862 862 788 788 788 787 787 787 787 793 793 787 652 652 652 751 733 735 652 652 652 652 652 652 652 652 661 652 652 652 653 627 627 627 615 615 593 593 550 575 550 550 559 499 499 469 525 460 460 460 492 400 400 471 471 361 361 392 392 427 393 393 408 394 394 361 361 342 342 213 319 319 319 319 319 288 288 288 288 271 271 213 213 213 213 229 229 213 213 190 190 174 174 174 174 147 148 148 148 70 70 71 71 71 106 71 71 60 60 60 60 5 8 8 8 8 8 8 
978 978 1002 909 909 970 970 970 909 909 909 910 910 910 910 910 731 731 895 878 878 863 863 863 788 788 788 788 787 787 787 793 793 787 652 652 652 733 733 735 735 652 652 652 652 652 697 652 652 652 652 652 627 627 627 615 615 593 593 593 550 575 575 550 499 499 542 469 525 460 485 460 492 492 400 471 471 361 392 392 392 361 361 361 361 361 361 361 361 361 361 213 319 319 319 319 319 288 288 240 240 240 240 240 256 213 213 229 229 213 213 191 191 174 147 147 147 147 152 152 70 70 70 71 71 71 106 71 60 60 72 5 5 5 13 8 8 8 8 13 
1002 1002 1002 909 909 909 970 970 909 909 910 910 910 910 921 911 731 731 895 878 878 863 863 863 844 844 788 788 787 787 787 787 787 787 652 652 652 733 652 652 652 652 652 652 652 652 652 668 668 622 622 622 627 627 627 615 615 593 593 593 550 584 550 550 469 469 469 469 469 485 485 460 460 460 400 471 471 361 361 392 392 361 415 415 361 361 373 373 373 332 332 213 213 325 325 325 240 240 240 240 279 279 240 240 240 240 222 222 222 222 191 191 191 174 147 147 147 147 152 152 70 70 70 122 122 71 71 71 60 72 72 5 5 5 13 8 8 8 13 13 
1002 1002 992 992 909 909 909 909 965 806 806 806 806 806 806 911 879 879 879 863 863 863 863 863 844 844 788 788 788 788 788 788 788 788 652 652 652 733 652 736 736 652 652 715 652 652 652 668 668 622 622 622 627 627 639 602 607 607 593 593 550 550 550 566 469 469 469 469 469 485 493 493 493 460 400 400 400 459 361 361 361 361 415 415 361 361 332 332 332 332 332 332 213 213 331 240 240 279 279 279 279 280 240 240 240 222 222 222 222 191 191 203 191 147 147 147 147 147 152 152 149 70 70 122 122 107 107 60 60 72 73 5 5 5 13 13 37 13 13 14 
1009 1002 992 992 909 909 909 909 965 806 806 806 806 922 806 806 879 879 879 863 863 863 863 854 854 753 753 753 753 811 788 788 753 753 652 652 652 652 652 736 736 698 698 698 698 698 698 668 668 668 622 622 654 602 602 602 607 607 607 602 550 550 576 566 469 469 543 469 512 485 493 493 493 460 472 472 400 400 400 442 361 361 400 400 400 400 332 332 332 332 362 332 213 213 331 240 240 240 240 240 240 280 240 240 247 222 222 222 222 191 203 203 191 147 147 147 147 147 101 101 149 101 101 107 107 107 108 60 72 72 73 55 55 5 5 13 13 13 14 14 
1002 1002 992 992 992 909 909 909 909 772 772 806 806 922 922 806 879 879 879 879 879 854 854 854 855 753 831 831 753 753 753 753 753 753 753 753 767 652 652 743 698 698 708 708 708 675 675 668 668 668 622 622 622 602 602 602 602 602 602 602 566 566 576 566 469 469 543 469 512 485 493 493 500 460 460 472 472 460 400 400 400 400 400 409 409 332 332 332 332 332 332 332 213 213 213 213 289 289 289 294 240 240 240 262 247 247 234 234 191 191 203 203 191 147 147 147 147 166 101 101 101 101 101 107 107 107 108 60 60 60 55 55 55 55 5 14 14 14 14 14 
1002 1002 971 971 971 971 971 971 909 772 772 772 940 923 923 806 879 879 879 879 879 854 854 753 753 753 831 831 812 812 805 753 753 753 753 753 752 752 752 698 698 698 698 698 698 675 675 678 678 668 668 662 622 640 640 602 602 608 608 566 566 566 566 566 469 469 469 469 512 485 485 493 493 493 460 460 460 460 409 409 400 400 409 409 410 332 332 332 374 368 332 301 301 301 213 213 289 289 289 289 289 240 240 248 248 248 234 234 205 205 204 204 191 191 101 101 166 166 101 101 101 123 101 101 107 107 108 60 60 60 55 55 55 5 5 14 14 14 14 14 
971 971 971 993 993 971 971 909 909 772 772 772 772 923 923 806 879 879 879 854 854 854 854 753 753 753 837 812 812 812 805 753 769 769 769 769 752 752 752 698 698 698 716 716 698 675 675 675 675 675 662 662 622 622 621 621 621 608 608 566 566 566 567 567 526 526 526 526 512 522 485 485 485 485 485 473 473 409 409 409 428 428 409 332 332 332 368 368 368 368 332 301 301 301 213 213 213 213 295 295 240 240 272 248 240 240 240 205 205 205 204 204 101 101 101 101 101 101 101 101 101 123 123 101 107 107 108 60 81 81 60 60 55 5 49 14 14 14 14 15 
971 971 971 993 993 972 972 972 772 772 772 772 772 934 806 806 879 879 879 854 854 854 854 753 753 753 837 812 812 812 805 753 769 789 753 753 752 752 752 698 698 698 698 698 698 675 675 675 679 676 662 662 622 622 621 621 609 609 609 566 566 566 567 567 526 526 526 526 512 522 485 485 434 434 434 473 409 409 451 409 428 428 409 332 332 332 368 368 368 368 332 332 301 301 301 301 301 213 213 213 240 240 248 248 240 240 205 205 230 205 205 101 101 192 101 101 101 101 101 101 101 139 123 101 101 101 108 60 81 81 60 55 55 5 5 14 14 14 25 15 
951 951 951 951 951 972 972 972 772 772 772 772 772 772 806 912 879 879 879 888 806 806 806 753 753 813 813 813 813 813 805 753 769 753 753 753 753 753 753 698 698 709 709 688 688 688 688 688 662 676 662 662 622 647 609 609 609 616 603 603 523 523 523 551 551 551 526 526 512 512 512 434 434 434 434 409 409 451 451 409 409 409 409 395 395 332 332 332 332 332 332 332 301 301 301 301 301 296 296 213 213 240 248 248 240 240 205 235 205 205 205 101 101 101 185 101 101 139 139 139 139 139 123 123 123 101 101 60 60 82 60 55 61 5 5 15 14 14 14 15 
951 951 951 998 951 956 956 956 956 956 772 772 772 772 806 806 879 879 879 888 806 846 806 856 856 813 813 806 806 805 805 753 753 753 726 726 726 753 753 726 726 709 709 688 688 688 688 688 662 676 662 662 622 647 609 609 609 616 603 603 523 568 523 551 551 551 526 526 526 434 434 434 501 434 434 409 451 451 452 409 409 395 395 395 395 395 395 332 332 332 332 332 332 332 332 301 301 296 296 296 213 240 248 248 240 205 205 235 205 205 205 101 101 101 101 101 167 139 139 139 139 139 116 116 116 116 101 101 60 60 60 55 5 5 15 15 14 14 14 15 
1010 951 951 998 951 956 956 966 966 772 772 772 772 772 772 806 806 806 806 806 806 846 806 806 806 845 806 806 806 806 806 753 753 726 726 761 726 726 726 726 726 726 709 688 688 688 688 688 662 662 662 662 622 622 609 609 609 616 603 603 523 568 523 523 523 523 523 523 434 434 501 501 501 434 434 434 434 434 434 434 434 395 423 376 376 376 376 332 332 332 332 333 333 333 333 301 301 301 301 213 213 240 240 240 240 205 205 235 205 205 214 101 101 101 101 167 167 139 139 116 116 116 116 55 55 55 102 102 55 55 55 55 56 56 15 15 15 15 15 15 
951 951 951 951 951 951 956 956 956 772 772 772 772 772 772 772 806 806 880 880 880 846 846 846 806 806 806 726 726 726 726 726 726 726 770 761 761 690 690 690 727 727 709 688 688 688 689 689 655 655 655 655 622 622 609 616 616 616 603 603 523 568 568 568 533 533 533 523 434 434 434 434 434 434 434 434 461 461 453 443 395 395 376 376 376 376 376 332 332 332 332 333 333 333 213 213 213 311 213 213 257 257 257 257 257 205 205 235 205 205 214 101 101 101 101 167 167 139 139 116 116 55 55 55 124 55 55 55 55 43 55 55 56 43 43 43 26 26 26 16 
951 951 951 951 951 951 967 967 956 956 913 913 913 913 924 772 772 868 868 868 881 846 846 846 846 846 726 726 825 726 726 726 726 726 770 770 761 690 690 690 727 727 709 717 709 688 688 690 655 655 655 655 622 622 609 609 609 609 609 523 523 585 569 569 533 533 533 523 434 434 494 494 494 494 434 434 395 395 453 443 395 376 376 416 376 376 375 375 375 343 343 343 343 343 213 320 213 213 213 213 213 257 257 258 258 205 205 205 205 205 214 205 101 101 180 180 167 167 158 116 116 55 55 124 124 62 62 86 86 43 43 43 43 43 43 44 26 26 26 16 
1006 1006 951 967 967 967 967 967 913 913 913 913 913 913 913 772 772 868 868 868 868 868 868 846 846 726 726 726 726 726 726 726 790 726 726 771 761 761 690 690 728 728 709 709 709 688 688 690 655 663 663 655 655 622 622 622 622 523 523 523 569 569 569 533 533 533 533 523 523 523 494 486 486 486 486 395 395 395 453 443 395 376 376 376 376 376 376 376 376 343 343 343 343 343 213 320 320 213 213 213 213 273 273 112 112 241 241 231 231 205 205 205 101 101 175 175 175 158 158 55 55 55 55 124 62 62 62 86 62 62 66 66 43 43 43 44 26 27 27 16 
1006 1006 951 951 951 951 951 967 967 951 951 945 935 935 913 772 772 772 772 772 772 772 772 772 857 726 726 726 794 794 794 794 790 790 726 690 690 690 690 690 690 690 690 690 690 690 690 690 663 663 663 655 655 523 523 628 523 523 604 604 533 533 533 533 552 552 533 523 523 494 494 486 486 486 486 395 395 395 395 443 395 376 376 376 376 376 376 377 377 334 334 334 334 334 334 273 273 213 213 273 273 273 274 112 112 112 112 231 231 175 175 175 175 175 175 175 175 158 158 55 55 55 55 55 62 117 62 62 62 62 66 66 62 44 44 44 26 27 16 16 
979 979 979 951 951 973 951 951 951 951 945 945 935 935 913 882 882 882 882 882 882 772 772 772 857 726 726 832 794 794 807 794 790 790 726 690 690 690 690 690 729 729 721 690 690 699 699 691 663 663 663 663 623 623 523 523 523 533 533 533 533 586 502 502 502 502 533 533 494 494 513 486 486 486 486 474 474 462 395 443 395 376 376 401 401 401 377 377 378 334 334 334 334 273 273 273 273 273 273 273 273 273 274 112 249 249 112 112 231 175 175 175 175 175 175 175 175 158 158 55 55 55 55 55 62 109 109 62 62 62 62 62 62 44 45 45 26 27 16 17 
979 1007 979 979 979 973 973 973 951 951 945 945 935 935 913 882 882 882 882 882 864 864 864 772 772 772 832 832 772 772 807 794 794 726 726 726 744 744 744 744 729 729 721 690 690 680 680 691 680 663 663 663 623 623 623 623 623 533 533 594 594 586 502 502 502 502 502 534 502 502 513 502 502 462 462 462 462 462 395 395 395 401 401 401 411 377 377 385 357 357 357 334 334 273 273 273 273 273 302 290 290 223 223 112 112 112 112 112 231 206 206 206 175 175 175 175 150 150 150 150 150 55 55 62 62 109 62 62 62 62 67 67 44 44 45 45 26 27 16 17 
979 979 979 979 979 973 973 896 896 896 896 896 936 936 913 913 896 896 896 864 864 864 864 772 772 772 832 772 772 772 772 795 795 726 726 726 744 744 744 680 680 680 721 680 680 680 680 680 680 663 663 586 623 623 623 623 623 533 533 586 586 586 502 502 502 553 502 502 502 502 502 502 503 462 463 463 463 463 444 444 401 401 411 411 411 377 379 379 357 357 357 334 334 344 321 321 321 273 302 290 290 223 223 112 112 112 112 112 206 206 181 181 181 181 181 181 150 150 150 110 110 110 110 62 62 62 62 62 44 62 44 44 44 45 45 45 26 26 16 17 
1011 979 979 979 979 979 979 896 896 896 896 896 896 896 896 896 896 864 864 864 864 864 847 847 847 772 772 772 814 814 772 772 772 772 772 772 745 745 754 680 680 680 680 680 706 706 589 589 589 663 663 586 656 623 623 629 586 586 586 586 586 586 553 553 553 553 544 495 495 495 514 495 495 495 463 463 463 444 444 401 401 411 411 411 411 377 377 379 379 357 312 312 321 321 321 273 273 273 273 273 223 223 223 112 112 112 112 112 206 206 181 181 181 181 181 110 150 110 110 110 140 140 110 62 62 62 62 62 44 44 44 38 38 38 38 38 16 16 16 17 
1011 979 979 979 896 896 896 896 896 896 896 896 896 925 925 904 904 864 864 864 864 864 847 847 847 847 814 814 814 796 796 796 745 745 773 773 745 745 745 745 680 680 680 680 680 680 589 589 589 663 664 586 586 586 586 629 586 586 586 595 595 586 553 544 544 544 544 495 495 495 495 495 496 496 444 444 444 444 454 401 411 411 377 377 377 377 377 357 357 357 312 312 321 321 321 273 322 273 273 273 223 223 223 263 112 112 112 112 112 112 181 207 186 186 186 110 150 110 110 110 140 140 110 110 110 110 110 68 68 68 68 38 38 38 38 38 16 16 17 17 
896 896 979 979 896 896 980 896 896 896 925 925 925 925 926 904 904 864 864 883 883 864 864 864 848 848 814 814 826 796 796 796 745 745 745 745 745 745 745 680 680 680 680 680 680 680 589 589 681 663 664 664 586 586 586 586 586 586 610 586 586 586 553 544 544 544 544 495 495 507 507 507 496 496 444 454 454 454 454 401 401 429 377 377 377 377 377 357 380 312 312 312 312 312 312 273 273 273 273 273 223 223 223 223 223 242 242 112 112 112 181 181 186 186 186 110 110 110 110 110 125 125 125 110 110 111 111 68 68 68 68 68 38 38 38 38 38 16 17 17 
896 896 896 999 896 896 980 896 896 896 925 904 904 904 904 904 904 904 864 864 864 864 864 864 848 838 838 814 826 796 796 796 745 745 745 755 755 755 755 680 737 680 680 680 680 707 589 589 589 663 664 664 586 586 586 586 624 586 586 586 587 587 570 570 544 544 544 495 507 507 496 496 496 496 444 444 444 464 401 401 401 326 417 417 377 377 396 357 380 312 312 312 312 312 312 312 312 312 273 297 223 281 223 223 223 242 242 223 223 112 181 181 186 186 112 112 112 112 153 153 125 125 125 125 125 40 40 68 68 68 74 38 38 38 38 38 38 16 18 18 
896 896 896 999 896 957 957 957 957 957 904 904 914 914 914 914 904 904 848 848 848 871 848 848 848 838 838 814 762 762 762 796 796 745 745 755 755 755 755 680 680 680 680 680 680 707 589 692 589 663 663 586 586 586 586 586 586 586 586 586 587 588 570 570 495 495 495 495 507 507 496 508 444 444 444 444 444 464 401 401 401 326 326 326 326 377 396 357 357 312 312 312 335 335 335 312 312 273 273 223 223 281 223 223 243 243 243 223 223 112 112 112 187 187 112 112 112 112 112 112 125 125 135 125 125 40 40 40 74 74 74 38 38 16 16 16 16 16 16 16 
896 896 896 896 896 957 981 957 957 957 904 914 914 914 914 914 848 848 848 889 848 848 848 865 814 814 838 814 762 815 762 762 762 762 762 746 746 746 746 746 589 589 722 589 589 589 589 589 589 663 663 586 586 586 641 630 586 586 586 586 587 587 570 570 495 545 495 495 507 507 496 508 444 444 435 435 435 435 435 435 435 430 418 418 326 377 377 377 357 312 312 357 326 326 336 273 273 273 223 223 223 223 223 223 243 243 223 223 223 112 112 112 187 187 187 112 112 112 112 112 112 112 112 125 125 40 40 40 40 75 75 16 16 16 16 16 16 16 16 16 
896 896 957 957 957 957 981 957 904 904 904 914 914 914 914 914 848 848 848 848 848 848 814 814 814 814 814 814 762 762 762 762 762 762 762 746 746 746 738 738 589 589 589 589 589 589 700 589 589 589 589 589 589 641 641 630 586 586 586 586 587 587 546 546 495 545 515 535 496 496 496 508 444 444 435 465 465 465 435 435 430 430 418 419 326 326 326 326 357 357 357 357 326 326 326 273 273 313 223 223 223 223 223 223 223 223 223 223 223 112 112 112 187 187 187 112 112 112 112 154 136 136 112 112 112 112 40 40 40 40 40 16 39 39 39 39 16 16 16 16 
1003 1003 957 957 957 985 957 957 904 904 904 848 848 848 848 848 848 848 848 848 848 848 814 814 814 849 797 797 797 797 808 762 762 762 762 762 738 738 738 738 589 589 718 718 669 669 669 669 669 669 669 589 589 589 589 630 596 596 596 596 587 587 546 546 495 545 515 515 496 496 496 508 444 435 435 465 465 465 418 418 430 418 418 419 326 326 347 326 326 326 326 326 326 326 326 326 273 313 303 264 264 264 264 264 250 250 223 223 232 208 208 112 112 112 112 112 112 112 112 154 136 136 112 112 113 112 112 40 40 40 40 16 39 39 50 39 16 16 16 16 
1003 1003 1003 957 957 957 957 958 958 958 904 848 848 905 905 905 905 905 884 884 884 814 814 814 814 797 797 827 827 797 808 762 762 781 781 762 738 738 738 738 738 589 589 589 669 648 648 648 648 669 669 589 589 589 589 589 596 596 596 596 596 546 546 546 495 545 545 515 496 496 435 435 444 435 435 418 418 418 418 418 418 418 402 402 402 402 347 347 347 363 363 326 326 326 273 273 273 303 303 264 282 282 264 264 250 250 223 232 232 208 208 208 193 193 112 112 112 112 112 112 136 136 136 129 113 113 113 40 40 40 40 16 16 16 16 39 39 28 28 19 
1003 1003 1003 957 957 957 958 958 958 958 904 904 848 905 905 905 905 906 884 890 814 814 869 814 814 797 816 816 797 797 797 797 797 781 781 762 762 738 738 701 701 589 589 589 589 648 648 648 648 648 648 657 657 648 589 589 589 589 589 596 596 546 546 546 495 495 495 515 515 435 435 435 435 435 435 418 418 418 418 445 418 418 402 402 402 386 386 386 347 347 347 326 326 345 273 273 273 303 303 264 282 250 250 250 250 250 223 223 223 223 215 193 193 112 112 182 112 112 112 112 136 136 129 129 114 114 40 40 40 40 40 40 40 40 16 16 28 28 19 19 
1003 1003 774 774 774 958 958 974 958 958 848 904 848 927 927 774 774 774 774 890 814 869 869 814 814 797 816 816 797 797 797 774 774 774 774 774 762 738 738 701 701 589 589 589 589 648 648 648 648 648 648 657 657 648 589 589 589 617 589 589 589 589 546 546 546 554 495 495 515 435 435 435 435 435 435 481 418 418 418 431 431 431 402 386 386 386 386 347 347 369 347 347 347 273 273 264 264 264 264 264 282 250 250 250 215 215 223 223 224 224 215 193 112 112 188 112 112 112 112 155 129 129 129 130 114 114 40 40 40 40 40 57 57 40 51 16 16 16 19 19 
1004 1004 1004 774 774 958 958 974 848 848 848 848 848 927 927 774 774 907 774 890 814 814 814 814 814 797 816 816 797 797 774 774 798 775 775 775 762 762 701 701 701 701 701 589 589 648 648 648 648 648 648 665 648 648 642 539 539 539 539 539 589 589 546 546 546 546 546 495 515 515 515 435 435 497 435 446 446 446 446 446 402 402 402 386 403 403 386 347 347 347 347 347 347 273 273 264 264 264 264 264 264 215 215 215 215 215 215 224 224 215 215 193 112 112 112 112 159 159 159 83 83 83 83 83 83 114 114 40 40 40 40 57 57 40 40 40 40 16 16 19 
1004 1004 1004 774 994 974 974 974 848 848 848 848 937 937 927 774 774 907 774 774 774 774 774 797 797 797 816 816 816 816 774 775 775 775 763 763 763 763 701 701 701 701 701 701 710 701 701 648 648 648 648 665 648 648 642 539 539 539 539 539 589 589 546 546 546 546 495 495 515 515 504 504 435 435 435 446 455 455 402 402 402 402 402 386 386 386 386 347 347 347 347 347 347 273 273 264 264 314 264 264 264 215 215 215 215 251 215 215 215 215 193 193 199 159 159 159 159 159 83 83 151 83 83 83 83 115 115 40 40 63 63 63 57 57 16 16 16 16 16 16 
1004 1004 774 774 994 974 974 975 774 774 848 848 927 927 927 774 774 774 774 774 872 872 774 797 797 774 774 774 774 774 774 775 775 782 763 763 763 756 756 670 670 670 723 701 701 701 670 670 682 648 648 648 648 648 642 539 539 539 539 539 539 539 546 571 560 495 495 536 515 515 504 435 435 435 435 446 455 455 402 402 402 381 381 381 381 381 387 387 347 347 348 348 348 273 273 327 264 264 264 283 283 283 215 215 215 215 215 215 225 225 193 193 193 159 159 159 176 159 83 156 83 83 83 83 83 83 83 40 40 63 63 63 57 57 16 16 16 16 29 16 
1012 774 774 774 774 974 974 975 774 774 774 927 927 774 774 774 774 774 774 774 872 872 774 866 774 774 833 833 828 817 775 775 775 782 763 763 763 756 756 670 739 670 670 670 670 670 670 670 670 648 648 642 642 642 642 539 539 539 539 539 539 539 546 560 560 495 495 495 495 495 504 435 435 435 435 446 475 455 455 402 402 381 381 381 412 381 381 381 381 273 273 273 273 273 273 298 298 298 264 264 264 264 264 264 259 215 215 215 225 193 193 193 193 189 189 159 176 159 83 156 83 88 88 88 88 88 83 103 87 63 63 63 63 21 21 41 41 16 16 16 
1012 774 774 774 774 774 774 774 774 959 774 774 774 774 774 915 774 774 891 891 872 872 774 866 774 850 817 817 828 817 775 775 775 782 763 763 763 747 747 670 670 670 670 670 670 670 670 670 670 648 648 642 642 539 539 539 539 539 539 539 539 539 546 560 527 527 527 495 495 495 504 504 504 435 435 446 475 455 455 402 402 381 388 388 388 404 388 388 273 273 364 273 273 337 337 298 298 298 298 298 259 259 259 259 259 215 215 225 225 193 193 193 193 194 159 159 159 159 83 83 83 88 88 131 88 88 83 83 87 83 21 21 21 21 21 21 21 32 16 16 
892 892 892 892 892 892 892 892 892 959 774 774 941 916 774 774 774 817 817 817 872 872 774 774 774 850 817 817 817 817 775 775 799 782 782 763 763 747 747 670 670 670 670 670 670 693 693 670 670 670 670 539 539 539 625 625 625 539 539 577 577 577 546 546 527 527 527 537 527 495 509 509 446 446 446 446 446 466 436 436 436 381 370 370 388 388 388 389 273 328 328 328 328 328 328 328 298 298 259 259 259 259 259 259 215 215 215 225 225 193 193 209 194 194 159 183 159 159 159 83 83 88 88 88 88 83 83 83 87 83 21 58 58 58 21 21 21 21 21 20 
892 892 892 986 986 986 952 952 892 892 774 774 916 916 928 817 817 817 897 817 885 817 817 817 850 850 817 817 817 818 747 747 747 747 747 747 747 747 747 670 670 670 724 670 670 693 693 693 671 671 671 539 539 625 625 631 539 539 611 577 577 577 577 546 547 547 527 527 527 495 495 495 446 446 446 446 446 466 436 436 436 381 420 370 370 370 370 389 328 328 349 349 349 304 304 304 304 304 259 259 259 259 259 259 215 252 225 225 225 225 194 194 194 137 159 183 159 159 159 88 88 88 88 88 126 83 83 83 87 83 21 21 21 21 21 46 21 21 21 20 
892 892 892 986 986 986 952 952 952 892 946 946 916 817 817 817 892 892 892 817 817 817 839 817 817 817 817 817 817 747 747 747 747 747 747 757 747 747 747 747 670 670 670 670 693 693 671 671 671 671 671 539 539 625 625 539 539 539 539 539 590 590 546 546 547 547 547 538 495 495 495 495 505 456 456 446 446 466 381 381 381 381 420 420 381 381 370 370 370 370 304 304 304 304 305 305 323 304 259 259 259 259 265 265 215 215 225 225 225 225 194 210 137 137 159 159 159 168 160 88 88 88 88 88 126 83 83 83 83 83 23 23 23 46 46 46 22 22 21 21 
892 892 892 892 987 987 952 952 952 892 892 892 916 916 916 916 892 892 892 892 839 839 839 817 817 839 839 747 747 747 747 747 747 747 747 757 747 747 757 670 670 670 670 670 693 671 671 671 671 671 539 539 625 625 625 539 626 539 539 539 539 539 555 555 555 555 538 538 495 495 495 505 505 456 456 446 446 466 381 381 437 381 381 381 381 381 381 382 382 304 304 304 304 305 305 305 305 304 304 291 291 215 215 215 215 215 226 226 226 226 194 210 137 137 160 160 160 160 160 137 137 88 88 88 126 83 83 83 83 23 23 23 23 46 23 23 22 22 22 22 
892 892 892 892 987 987 952 952 952 952 952 892 892 892 892 892 892 892 892 892 839 839 839 839 839 839 840 747 747 747 747 747 747 747 747 757 757 757 757 670 670 670 670 670 693 671 671 671 671 671 539 539 539 539 539 539 626 539 539 597 597 539 539 539 539 539 539 539 495 495 495 505 505 456 456 456 456 456 456 381 381 381 381 381 381 381 381 382 382 304 304 304 304 305 305 305 305 305 305 291 291 215 215 215 215 215 226 226 226 227 194 194 194 137 137 137 137 137 137 137 137 137 137 88 88 88 88 88 88 23 23 23 23 23 23 23 23 23 23 23 
