886 886 886 935 850 850 850 897 897 826 826 826 826 826 809 809 809 809 809 809 731 731 731 731 731 731 776 651 651 651 651 742 742 728 728 681 681 681 681 681 681 666 666 594 594 631 631 631 631 605 605 605 605 587 587 575 575 567 567 556 525 525 525 525 414 414 414 414 414 414 475 414 414 414 414 414 414 414 414 414 387 387 387 387 348 348 348 334 334 334 334 334 195 195 195 296 296 237 237 237 237 264 237 237 237 237 195 195 195 195 195 195 186 115 115 115 115 118 118 118 118 118 118 118 114 72 72 72 72 82 72 21 21 21 21 17 17 17 17 1 
886 886 886 935 850 850 850 897 897 826 826 826 826 826 809 809 809 809 809 809 731 731 803 777 777 731 776 651 651 651 651 742 728 728 729 681 681 681 681 681 681 666 666 594 594 631 631 631 631 605 617 605 605 587 587 575 575 567 567 556 525 525 525 414 414 504 504 414 414 414 414 414 463 414 414 444 414 414 415 415 387 387 387 348 348 348 348 334 334 334 334 335 195 195 195 296 296 237 237 237 237 237 237 244 237 237 195 186 186 195 195 196 186 115 172 172 115 115 115 115 130 130 114 114 114 72 72 72 72 72 72 21 21 21 21 17 17 17 17 1 
886 886 886 886 850 850 850 897 897 826 826 826 826 826 826 843 843 809 809 809 731 731 777 777 777 731 731 770 731 731 651 651 728 681 681 681 681 686 686 686 651 651 651 594 594 594 594 594 594 605 605 605 605 556 556 556 556 556 556 556 525 525 525 414 414 414 467 467 467 467 467 467 405 405 405 405 415 415 415 405 405 387 387 348 348 348 348 334 334 334 334 195 195 195 245 245 245 245 237 237 245 245 245 244 244 195 195 186 186 186 186 196 186 115 115 115 115 115 115 115 130 130 114 114 114 72 72 72 72 72 72 1 1 21 21 17 31 17 17 1 
943 943 943 886 886 921 850 850 850 850 861 861 861 861 826 826 826 826 826 809 731 731 777 777 777 777 731 731 731 730 730 651 651 651 651 651 651 686 651 651 651 674 651 594 594 594 594 594 594 594 605 605 605 556 556 556 556 556 556 556 525 525 525 414 414 414 467 467 467 467 467 467 405 405 405 405 405 405 405 405 406 387 387 388 348 348 348 348 348 348 195 195 327 195 195 305 297 245 245 245 245 245 245 245 245 195 186 186 186 186 186 186 186 115 115 115 115 157 114 114 114 114 114 114 72 72 72 95 72 72 72 1 1 53 21 17 17 17 1 1 
922 922 944 936 886 886 886 898 898 850 850 861 861 850 850 850 826 826 826 809 809 731 731 731 731 777 777 731 731 730 730 730 730 730 730 723 651 651 651 651 651 651 651 594 594 594 594 594 594 594 594 594 606 572 572 572 572 572 568 542 542 542 525 414 414 414 467 467 482 482 454 454 454 454 405 405 405 405 405 381 381 393 393 388 360 360 348 348 195 195 195 298 298 321 195 195 297 195 195 195 272 245 245 245 195 195 186 186 186 186 186 186 186 115 115 115 115 157 114 114 114 114 114 114 72 72 72 1 1 1 1 1 1 1 21 21 21 21 1 2 
922 922 922 936 886 886 886 886 879 879 850 869 869 850 850 850 826 826 826 819 809 809 788 788 731 781 731 731 731 730 730 730 723 723 723 723 651 651 675 675 675 651 651 656 651 594 594 594 594 594 594 594 606 572 572 572 516 516 568 542 542 542 525 414 414 414 505 482 482 482 454 381 381 381 381 381 405 381 381 381 381 393 394 388 360 360 360 360 195 298 298 298 298 298 312 195 195 195 286 195 195 195 195 195 195 231 231 214 214 186 186 186 186 115 115 115 115 115 115 114 114 114 114 114 114 1 1 1 1 1 1 66 59 1 1 1 22 22 1 1 
922 922 922 886 886 886 886 886 879 879 850 850 850 850 796 796 796 796 796 819 796 796 788 788 731 731 731 771 731 758 723 723 723 737 687 687 687 675 675 675 675 675 651 651 651 594 594 594 618 618 594 594 594 594 516 516 516 516 516 516 516 516 526 526 499 499 505 482 482 482 454 381 450 450 450 381 405 381 423 381 381 393 388 388 195 195 195 195 195 298 298 298 298 298 312 195 195 286 286 195 195 265 195 195 231 231 214 214 209 209 187 187 187 115 115 115 158 158 115 115 115 114 114 114 114 1 1 1 1 73 73 59 59 44 44 1 1 1 1 1 
922 922 945 886 886 886 886 879 879 879 850 850 850 850 851 796 796 830 796 819 796 796 804 788 788 731 731 731 731 758 723 723 687 687 687 687 687 675 675 675 675 675 651 651 652 594 636 636 618 618 594 595 595 595 516 516 516 516 516 516 546 516 526 526 499 499 499 499 489 454 454 381 450 450 381 381 405 381 381 381 381 381 388 388 195 195 195 195 355 298 298 298 298 298 298 298 298 265 265 265 265 265 231 231 231 238 214 209 209 209 187 188 188 115 115 119 119 119 119 119 115 115 115 115 115 1 105 96 59 59 59 59 59 44 1 1 1 1 1 1 
922 922 922 922 922 922 886 908 879 879 885 879 850 850 851 851 830 830 796 796 796 796 804 788 788 731 731 731 731 758 687 723 687 687 687 687 706 706 675 675 675 652 652 652 652 594 594 594 618 618 594 594 596 596 516 516 557 516 516 516 546 516 516 499 499 512 506 454 489 454 454 381 381 381 381 381 405 405 381 398 398 381 381 381 381 195 195 195 195 195 322 322 322 298 298 299 299 265 265 265 265 266 231 231 231 238 214 209 209 209 187 188 115 115 115 119 115 115 115 119 119 115 115 119 1 1 96 96 59 59 59 59 59 44 1 1 1 1 1 1 
937 937 937 937 915 915 886 886 879 879 879 879 850 850 852 852 830 820 820 820 796 796 804 796 731 731 731 731 731 758 687 723 723 687 687 687 687 687 687 687 652 652 640 640 640 594 594 594 632 618 618 594 594 576 576 576 557 557 557 557 546 516 516 499 499 499 506 454 454 454 454 464 464 381 381 381 405 405 381 381 398 398 374 374 195 195 195 195 195 195 322 322 322 322 287 287 287 265 265 273 273 231 231 231 231 238 214 209 209 187 187 188 115 119 119 119 115 115 115 119 119 119 119 119 1 110 96 96 1 1 1 67 44 44 1 1 1 1 1 1 
937 953 915 915 915 915 915 886 886 886 886 822 822 822 852 830 830 820 820 820 796 796 796 796 731 731 766 766 766 758 687 687 687 687 707 707 687 687 688 688 652 640 640 657 640 640 640 594 594 594 594 594 594 576 576 576 576 546 546 546 546 516 516 499 499 499 506 455 455 455 455 455 455 455 381 381 381 381 381 381 399 399 374 374 195 195 195 195 287 287 287 287 322 322 287 287 287 287 287 273 273 231 231 231 238 238 214 215 215 187 187 188 115 115 115 115 115 115 151 119 137 119 119 119 1 1 1 1 1 83 44 44 44 45 45 38 1 1 1 1 
937 915 915 909 909 909 909 909 822 822 822 822 822 822 852 830 830 820 782 782 782 805 805 782 782 731 731 731 758 758 689 689 689 689 707 707 707 707 652 652 652 640 640 640 640 640 615 615 615 615 615 594 594 576 576 576 576 546 547 547 547 516 516 499 499 455 455 455 455 455 455 468 455 455 381 381 381 381 424 364 364 364 374 374 374 195 195 361 287 287 287 287 287 287 287 287 300 287 287 273 273 254 254 254 214 214 214 215 216 187 187 188 173 173 175 173 115 115 151 119 119 119 120 120 1 1 89 89 89 44 44 44 44 45 45 38 3 3 3 3 
937 915 909 909 909 909 909 909 822 822 822 822 822 830 830 830 830 820 782 821 782 782 782 782 782 782 731 731 758 758 689 689 689 689 689 689 717 708 652 652 652 640 640 640 640 640 615 637 615 615 615 615 588 588 588 546 546 546 547 547 548 516 535 499 499 455 455 455 455 455 476 456 456 456 381 381 432 432 364 364 364 364 364 364 374 374 195 195 287 287 287 287 287 287 287 288 288 288 288 273 274 254 254 254 214 232 232 215 215 187 173 173 173 173 173 173 115 68 68 68 138 68 68 74 74 74 74 74 74 74 74 46 46 46 46 38 3 3 3 3 
937 915 909 938 909 909 909 909 822 822 822 822 822 822 822 820 820 820 782 782 782 782 782 718 718 718 731 731 751 751 751 689 689 738 689 689 708 708 652 652 652 640 640 640 640 640 615 615 615 615 615 615 588 589 589 546 569 569 569 543 543 516 516 516 516 455 455 455 490 455 476 456 456 456 381 381 432 364 364 364 364 364 364 364 364 364 364 195 287 287 287 287 287 287 287 288 288 288 288 273 254 254 254 254 214 214 214 215 215 187 173 183 183 183 115 115 115 68 68 68 68 68 68 74 74 74 74 74 74 74 74 46 46 46 46 38 3 3 3 3 
915 915 909 909 909 909 909 910 822 892 822 822 822 822 822 820 820 820 827 782 782 782 782 718 718 718 718 731 751 751 751 689 689 689 689 708 708 709 652 652 652 652 640 640 615 615 615 615 615 615 615 615 588 588 588 546 546 546 546 543 543 543 527 527 455 455 455 455 490 455 456 456 456 456 432 432 432 364 364 364 364 400 195 364 364 364 364 195 195 195 343 301 301 287 287 288 288 273 273 273 254 254 254 246 246 173 214 173 173 187 173 183 183 183 115 115 115 159 68 68 131 131 68 116 84 84 74 74 74 74 74 46 46 3 3 38 3 23 4 4 
954 954 946 939 909 909 909 910 822 892 822 822 822 822 822 820 820 820 822 822 718 718 718 718 718 718 718 731 731 751 751 689 689 689 689 689 689 689 689 689 652 652 647 647 615 615 615 615 615 615 615 588 588 588 588 546 546 546 546 543 543 527 527 455 455 455 455 455 490 455 456 456 432 432 432 432 432 433 364 364 364 400 195 195 357 356 356 356 356 195 343 301 301 301 301 301 301 273 275 275 275 254 254 246 246 173 173 173 173 173 173 183 183 183 115 115 115 159 131 131 131 68 68 116 84 84 84 84 84 74 74 68 3 3 3 3 3 23 4 5 
946 946 946 939 909 909 909 910 822 822 822 822 822 822 822 822 822 822 822 718 718 718 718 718 789 718 718 718 731 731 731 731 731 731 731 689 689 690 690 690 647 647 647 647 647 615 615 619 619 619 588 588 588 588 588 546 546 546 527 527 527 527 455 455 507 507 507 455 455 455 456 456 432 439 439 432 432 407 407 407 407 400 195 195 357 357 357 357 357 195 195 301 301 301 301 302 302 273 275 275 267 267 260 233 233 233 173 173 176 176 176 183 183 176 176 115 115 159 131 139 139 68 116 116 84 84 84 84 84 84 68 68 3 3 47 3 3 23 4 4 
946 823 823 939 909 909 871 871 871 887 887 822 822 822 822 823 823 823 823 718 718 718 718 718 718 767 767 718 718 718 731 731 690 690 690 690 690 690 690 691 647 647 647 658 647 647 619 619 619 619 588 588 588 588 588 577 577 546 546 527 527 544 455 528 507 507 508 455 455 455 469 469 432 432 439 439 439 407 407 400 400 400 195 195 195 195 195 195 195 195 195 301 301 302 302 302 273 273 260 260 267 267 260 233 233 233 233 176 176 210 176 176 183 176 177 115 131 131 131 139 140 68 116 116 116 84 84 84 84 84 68 54 54 3 3 4 4 4 4 4 
946 823 823 823 823 823 871 871 871 871 871 870 870 862 823 823 810 831 823 823 718 718 718 718 718 767 767 718 718 718 731 731 690 690 690 690 690 690 690 691 647 647 647 641 641 641 619 619 619 619 619 588 588 588 590 577 577 527 527 527 527 455 455 455 455 455 508 455 455 455 465 465 465 432 432 432 432 434 407 400 400 400 349 349 349 375 349 349 195 195 344 301 301 302 302 302 302 260 260 260 260 260 260 239 239 233 233 176 176 176 176 176 176 176 177 115 131 131 131 139 68 68 68 68 106 106 106 84 84 68 68 54 54 3 3 4 4 4 4 4 
946 823 947 940 823 823 871 871 899 893 871 870 862 862 823 832 810 831 823 823 718 718 718 718 718 718 767 767 767 718 718 718 718 724 724 724 690 690 691 691 647 647 641 641 641 641 619 619 620 620 620 588 588 590 590 577 577 527 558 558 527 455 455 455 517 455 455 465 465 465 465 470 407 407 407 407 407 407 407 416 349 349 349 389 349 349 349 349 349 349 313 313 313 323 302 302 302 260 212 212 260 260 260 239 239 239 217 217 217 176 176 115 115 177 177 115 160 160 131 139 68 132 68 68 106 68 68 68 68 68 48 48 54 3 3 4 24 24 4 4 
946 823 940 940 823 823 823 823 893 893 871 870 862 862 823 832 810 810 810 810 810 810 718 718 718 718 772 772 768 718 718 718 718 718 718 718 718 710 654 654 654 676 641 659 641 641 641 620 620 620 620 588 588 584 584 584 578 527 558 558 527 536 455 455 455 455 455 465 465 465 465 465 407 457 425 425 425 425 425 349 349 349 349 389 349 349 350 350 350 350 313 336 313 323 313 306 260 260 212 212 260 260 260 219 219 217 217 217 217 176 176 115 189 177 177 115 160 131 131 139 68 132 68 68 68 68 97 97 48 48 48 48 54 54 3 4 4 4 4 4 
946 823 940 929 929 823 823 823 893 871 871 871 871 823 823 832 832 810 810 810 783 783 783 783 718 718 772 768 768 718 718 718 732 732 732 710 710 710 654 654 654 676 641 659 641 641 641 620 620 620 584 584 584 584 578 578 578 527 527 527 527 536 455 455 455 455 455 500 465 465 465 465 407 407 425 425 425 425 426 349 349 349 349 349 349 376 350 350 358 313 313 336 313 313 313 306 260 260 212 212 276 268 219 219 219 217 218 218 176 176 176 115 115 115 115 115 160 131 131 131 68 68 68 85 85 85 85 85 48 75 75 48 48 48 3 3 32 4 4 4 
823 823 940 929 929 923 823 823 893 871 871 871 872 823 856 832 832 810 810 810 783 811 783 783 790 772 772 768 768 718 718 743 732 732 732 710 711 711 654 654 654 654 641 641 641 641 641 620 620 620 584 597 597 597 578 578 578 527 527 527 527 536 536 529 455 455 455 407 407 407 407 407 407 407 435 435 435 435 426 349 349 349 349 349 349 279 279 362 358 313 313 313 313 324 306 306 260 260 212 212 212 268 219 247 219 219 218 218 176 176 176 115 115 133 133 133 133 133 133 131 131 85 85 85 85 85 98 85 85 48 48 48 48 48 48 3 3 6 6 6 
823 823 940 940 923 923 823 823 893 893 888 823 823 823 856 832 832 832 824 824 783 783 783 783 783 772 772 759 759 759 752 743 743 710 710 710 701 701 701 654 654 654 648 648 648 648 625 625 625 625 584 597 578 578 578 578 578 527 527 527 527 527 529 529 455 455 407 407 491 407 407 407 407 407 435 435 417 417 426 349 349 349 349 349 279 279 279 279 358 306 306 313 313 324 306 306 260 260 212 212 212 268 219 247 247 219 219 218 218 190 190 190 190 133 133 133 133 133 133 133 85 85 121 121 99 99 98 98 85 48 76 48 48 3 3 3 3 6 6 6 
958 823 940 940 923 923 823 823 900 888 888 823 873 833 833 853 832 832 824 824 783 783 783 783 783 772 772 759 747 747 752 743 743 710 701 701 701 654 654 654 653 653 648 648 648 648 625 625 625 626 584 597 578 578 578 578 578 527 527 527 527 527 529 491 491 407 407 491 491 483 407 407 407 407 365 365 417 417 426 417 349 349 349 349 279 279 279 279 306 306 306 306 306 306 306 306 260 260 212 212 212 268 219 219 219 219 219 225 219 190 202 190 190 133 133 133 133 133 152 133 85 85 85 99 99 99 99 99 85 48 48 48 60 3 3 3 3 3 3 3 
958 823 823 923 923 923 823 823 888 888 889 823 833 833 833 833 833 833 824 824 783 783 783 783 783 783 759 759 747 747 747 747 710 710 701 701 701 654 654 692 653 653 653 653 653 625 625 625 625 584 584 597 578 578 585 585 578 537 537 527 527 545 491 491 491 491 491 491 483 483 407 407 407 365 365 365 365 417 417 417 349 349 349 365 365 279 279 279 306 306 306 306 279 279 279 279 212 212 212 212 212 268 191 191 219 219 219 219 219 190 191 191 191 133 152 152 152 152 152 133 141 133 85 99 99 99 100 100 85 85 69 69 60 3 3 3 3 3 3 3 
823 823 823 941 823 823 823 823 888 894 823 823 833 833 833 833 834 834 747 747 797 797 783 783 759 759 759 747 747 748 748 748 710 710 733 701 701 712 654 654 653 653 653 653 653 625 625 625 625 584 584 578 578 578 578 578 578 537 537 545 545 545 491 491 518 491 491 483 483 477 477 365 365 365 365 365 365 365 418 418 365 365 365 365 365 365 365 279 306 306 306 306 279 279 279 279 212 212 212 212 212 268 191 191 190 190 190 190 190 190 191 133 133 133 152 152 126 126 126 133 133 133 85 85 99 99 85 85 69 69 69 60 60 3 49 3 3 18 18 3 
823 823 823 823 823 823 823 894 894 894 823 854 854 854 857 747 747 747 747 747 797 797 797 797 759 759 747 747 748 748 710 710 710 710 733 725 702 702 702 654 653 653 653 653 653 642 642 584 584 584 584 578 578 578 578 578 578 537 537 537 537 537 537 491 483 483 483 483 477 477 365 365 365 365 365 365 365 365 365 365 365 395 395 279 279 279 279 279 306 279 279 279 279 279 279 279 212 212 212 212 212 268 191 191 190 190 190 190 220 211 191 133 133 133 152 152 126 161 126 126 126 126 126 85 85 85 85 85 69 69 77 60 3 3 49 3 18 18 19 3 
959 924 924 823 823 924 823 823 823 823 823 854 854 854 747 747 844 747 747 747 815 798 798 798 747 747 747 748 748 748 710 710 710 710 733 725 702 702 702 654 660 660 667 660 654 642 584 584 633 584 584 578 578 598 578 578 537 537 537 537 537 537 491 491 483 483 483 483 477 484 365 365 365 458 365 365 440 365 365 419 395 395 279 279 377 377 279 279 279 279 279 279 307 307 307 279 279 291 212 212 212 268 191 191 190 190 211 211 211 211 191 133 133 133 152 152 126 126 147 147 111 111 111 111 111 111 69 69 69 69 60 60 3 3 3 3 3 3 3 3 
959 924 924 924 924 924 916 823 823 823 823 823 854 854 747 747 844 747 747 747 747 798 798 799 747 748 748 748 769 748 710 710 725 725 725 725 702 702 702 654 654 660 660 660 654 642 584 584 584 584 584 578 578 578 578 578 537 573 537 537 537 537 491 530 483 483 483 483 477 484 365 365 365 451 451 365 365 365 419 419 395 395 279 279 279 279 279 363 279 279 314 314 307 307 307 307 279 279 279 279 212 191 191 191 248 191 191 191 191 191 191 197 143 143 165 165 165 126 147 147 111 111 111 111 111 111 69 69 69 69 25 25 25 25 39 3 3 3 3 3 
874 874 874 916 925 925 916 823 823 823 823 823 854 854 858 747 747 835 747 747 747 812 798 799 747 748 748 748 748 748 710 710 725 725 693 693 693 693 693 693 654 654 654 654 654 642 584 584 584 584 584 578 578 578 578 578 537 537 537 537 537 537 491 509 509 509 483 483 477 477 478 365 365 451 451 365 365 368 368 368 368 368 366 366 366 366 314 314 314 314 314 314 314 307 307 279 279 279 279 212 212 191 191 191 191 191 191 191 191 212 143 143 143 143 165 165 165 126 147 147 111 111 111 111 111 111 69 69 69 69 25 25 25 25 39 3 3 3 3 3 
874 874 874 916 916 916 916 911 874 874 874 880 874 854 854 854 747 747 747 714 747 812 798 798 747 748 748 748 748 760 725 725 725 725 693 693 693 693 693 693 642 642 642 642 642 642 584 584 584 584 584 607 607 491 491 491 491 570 570 491 491 491 491 509 519 509 509 477 477 477 478 445 445 445 445 445 368 368 368 368 368 368 366 366 366 366 314 314 314 314 314 328 314 314 314 279 279 279 279 212 212 212 255 255 191 191 191 191 191 212 143 143 143 143 166 165 165 126 147 147 142 111 111 111 86 86 86 86 86 86 25 25 25 25 39 39 7 7 3 3 
948 948 874 874 911 911 911 911 874 874 874 874 874 863 845 845 845 747 747 714 747 747 747 798 747 748 748 725 725 760 725 749 642 642 642 642 693 693 703 642 642 642 642 661 642 642 584 584 584 584 584 607 491 491 521 521 491 570 491 491 531 491 491 509 509 509 509 477 477 477 445 445 445 445 445 445 368 368 368 368 368 390 390 366 366 366 314 314 314 314 314 328 328 315 315 279 279 279 279 226 226 212 212 212 212 212 212 191 191 212 198 198 143 143 166 165 165 126 126 126 142 111 111 111 86 86 86 86 86 86 61 61 25 25 39 39 7 7 7 7 
948 948 948 874 911 911 901 901 901 874 845 845 845 863 845 845 714 714 714 714 714 714 747 798 747 748 748 725 725 725 725 749 642 642 642 642 719 642 642 642 655 655 655 655 655 638 638 638 621 621 621 491 491 521 521 521 491 491 491 559 531 491 491 509 509 509 509 477 445 445 445 445 445 445 445 445 408 408 408 408 368 368 390 390 382 366 314 314 351 314 314 328 328 315 315 279 279 279 279 226 226 226 226 212 212 212 212 212 212 212 198 198 143 167 166 166 166 126 126 126 126 134 40 40 40 40 107 86 86 86 61 61 61 25 25 25 25 25 8 8 
948 948 948 874 874 874 901 901 874 874 845 881 845 845 845 845 714 714 714 714 714 714 747 747 747 725 725 725 761 761 642 642 642 642 642 642 642 642 694 694 655 655 638 638 638 638 643 621 621 621 621 491 608 521 521 521 521 521 559 559 531 520 520 520 520 445 445 477 445 445 445 445 459 459 445 445 408 408 408 408 408 368 368 368 382 366 366 314 351 351 314 314 314 314 314 226 226 279 279 226 226 226 226 212 212 212 212 212 213 213 143 143 143 167 167 167 167 143 143 143 126 126 40 40 40 40 86 86 86 86 61 61 62 25 25 40 26 26 8 8 
917 917 917 917 917 874 874 874 874 895 845 845 845 845 845 845 714 714 816 816 816 714 714 800 725 725 725 725 714 714 642 642 642 642 734 694 694 694 694 695 638 638 638 643 643 643 643 621 621 621 621 491 599 599 521 521 521 521 531 531 531 520 520 520 445 445 445 445 445 471 471 471 459 459 409 409 408 408 408 408 408 368 368 368 367 367 367 314 352 329 329 337 329 314 314 226 226 277 277 277 277 226 226 226 226 226 226 226 203 203 143 143 143 143 143 143 143 143 153 143 143 126 126 40 40 40 86 86 86 40 40 40 40 40 40 40 26 27 8 8 
917 955 917 917 917 917 845 845 845 845 845 845 875 846 846 846 846 816 816 816 816 714 714 800 725 725 725 725 714 714 642 642 642 642 694 694 694 694 694 638 638 638 638 643 643 643 634 634 621 621 621 491 599 599 591 521 521 521 531 531 531 531 538 531 445 479 479 445 445 409 409 409 409 409 409 409 408 408 408 368 368 368 368 368 367 367 367 314 352 352 329 329 329 314 316 226 226 277 226 226 226 226 226 226 203 203 203 203 203 203 203 143 143 143 143 168 168 126 126 126 126 126 126 40 40 40 40 40 90 40 40 33 33 33 40 40 26 26 8 8 
917 917 917 917 917 917 845 845 845 845 845 845 875 846 846 816 816 816 828 714 714 714 800 800 725 725 714 714 714 714 714 714 735 735 694 694 694 694 694 638 668 638 638 491 491 491 634 634 634 621 621 491 599 599 591 521 521 521 521 521 549 531 531 531 445 479 479 479 479 409 409 409 409 409 409 409 408 408 408 368 368 368 368 368 383 368 368 314 352 352 314 314 314 314 226 226 226 226 226 256 256 256 256 256 203 203 203 227 204 204 204 143 143 143 143 168 169 126 9 9 144 127 127 40 40 40 40 40 90 40 40 33 33 33 33 33 33 26 8 8 
960 917 917 917 930 882 882 845 845 845 845 845 875 816 816 816 825 825 825 714 714 714 800 784 784 784 714 714 714 714 714 714 735 735 735 713 713 713 638 638 668 668 668 491 491 491 491 491 491 491 491 491 609 591 591 521 521 521 521 521 521 521 521 521 521 492 492 492 479 479 479 409 409 409 409 409 409 409 420 420 384 384 391 368 368 368 368 314 352 352 314 314 317 317 249 249 249 256 256 256 257 257 257 257 203 203 203 203 204 204 204 143 143 143 143 168 169 126 9 144 144 127 127 40 40 40 40 40 40 40 78 33 33 50 50 34 34 26 8 8 
949 949 949 917 930 882 882 845 845 890 890 882 816 816 825 825 825 836 825 714 714 714 800 784 714 714 714 714 714 714 714 736 736 736 736 713 713 713 638 669 668 668 491 491 491 491 491 491 491 627 491 491 609 591 591 521 521 521 521 560 539 539 539 532 492 492 492 492 492 427 427 427 427 427 427 427 441 409 420 420 384 384 391 391 368 368 368 314 314 314 314 314 317 317 249 249 249 249 249 249 249 257 257 249 249 203 203 203 204 204 204 143 143 178 178 168 168 126 9 9 9 127 127 40 40 40 40 101 40 40 55 55 55 34 34 34 26 26 9 9 
949 949 949 917 917 917 882 882 902 882 882 882 816 864 825 825 825 816 825 714 714 784 784 784 714 744 744 762 762 762 714 714 714 714 714 714 714 714 638 669 668 668 491 491 491 491 491 491 491 627 600 600 550 550 550 550 550 550 550 560 539 539 539 532 492 492 492 493 493 427 428 428 446 446 446 427 427 409 409 421 384 384 384 384 384 369 369 330 330 353 318 318 317 317 317 249 289 289 289 280 249 249 249 249 250 203 203 203 204 204 204 154 154 168 168 168 168 126 126 126 9 9 9 9 79 79 79 101 40 40 55 55 55 34 34 41 26 26 9 10 
949 949 949 917 917 917 917 882 902 882 883 883 816 816 825 825 847 816 825 825 714 714 714 714 714 744 744 744 744 763 744 744 714 714 714 714 638 638 638 669 669 677 669 628 628 628 628 628 628 600 600 600 550 550 550 550 550 550 550 532 539 532 532 532 492 492 493 493 493 427 428 428 428 428 446 446 427 427 409 409 384 384 384 384 385 369 330 330 330 330 318 318 318 318 318 249 249 280 280 280 249 249 250 250 250 203 203 203 154 154 154 154 154 168 168 168 126 126 126 126 126 126 126 9 79 79 79 79 91 79 79 55 55 55 34 20 20 20 9 10 
949 926 926 931 931 918 918 882 882 882 876 876 876 816 816 847 847 816 816 791 791 813 714 714 785 744 773 773 744 744 744 744 744 644 644 644 638 638 638 638 669 669 669 628 628 628 628 628 628 600 600 600 610 550 550 550 550 550 550 532 539 532 532 532 513 513 493 493 493 427 480 427 427 428 428 428 427 427 427 409 409 384 369 369 369 369 330 330 330 330 330 338 330 319 319 249 249 280 281 281 154 154 154 154 154 154 154 154 154 205 205 199 154 168 168 168 126 126 126 126 126 126 126 9 108 108 108 79 79 79 80 70 55 55 34 20 20 20 9 9 
926 926 926 926 926 918 876 912 882 882 876 817 817 817 816 816 816 816 816 791 791 801 801 801 785 744 773 773 753 753 644 644 644 644 644 644 638 638 638 638 682 678 628 628 628 628 628 628 628 628 600 600 600 600 561 561 561 550 550 532 532 532 533 533 513 485 485 485 494 427 427 427 427 452 452 428 427 427 427 384 384 384 369 369 369 354 354 249 330 330 330 330 330 319 249 249 280 280 252 252 154 154 154 154 154 154 154 154 154 170 170 199 154 154 154 154 154 162 154 126 126 9 9 9 108 108 70 70 70 70 70 70 34 34 34 20 20 20 20 9 
926 918 918 918 926 918 876 876 876 876 876 817 817 817 817 817 848 837 791 791 791 801 801 785 785 744 744 773 753 753 644 644 739 739 644 644 638 678 678 678 678 678 628 628 628 628 628 628 600 600 600 600 600 601 561 561 561 550 550 550 550 501 501 513 513 485 485 485 494 427 427 427 427 452 452 428 428 428 428 384 384 384 384 354 354 354 354 249 249 330 330 330 319 319 249 308 280 280 252 252 154 154 154 154 154 154 154 154 154 170 170 170 192 154 154 154 154 162 154 126 126 9 102 102 102 108 70 70 70 70 70 70 34 34 34 20 20 9 9 9 
926 918 950 918 926 918 918 884 884 884 891 817 817 817 817 817 848 837 791 791 791 791 791 785 785 785 744 744 753 753 753 644 644 644 644 644 638 678 678 670 670 670 670 628 628 649 628 628 600 600 600 600 600 601 561 561 561 561 561 561 501 501 501 513 485 485 485 485 494 481 481 427 354 354 354 442 442 354 354 384 384 384 384 354 354 354 354 354 249 249 249 339 319 319 249 249 280 280 252 252 154 154 251 251 154 154 234 170 170 170 193 170 170 170 179 154 154 154 154 126 126 9 9 122 102 108 70 70 70 70 70 70 9 9 9 9 9 9 9 11 
918 918 950 918 926 926 918 884 903 884 891 817 817 817 859 817 817 837 791 791 791 791 791 791 791 778 778 744 744 744 644 644 644 644 644 644 638 638 683 670 670 670 600 600 600 600 600 600 600 629 600 600 501 501 561 561 561 561 561 562 501 501 501 513 485 485 485 485 481 481 427 427 354 460 354 354 354 354 354 384 384 384 384 384 384 354 370 354 354 354 249 339 249 249 249 249 303 292 252 252 154 154 251 251 251 234 234 170 170 170 193 193 193 170 170 154 154 148 148 148 135 135 9 102 102 108 70 70 70 70 70 70 9 56 9 9 9 9 9 11 
918 918 918 918 918 918 918 884 884 884 891 817 817 817 817 817 817 817 817 817 817 778 778 778 778 778 744 744 744 744 644 750 638 638 638 638 638 638 683 696 683 600 600 616 616 611 611 611 611 611 611 611 611 501 501 561 561 571 571 562 501 501 501 501 522 485 485 485 481 481 427 447 447 460 410 410 410 410 354 354 401 401 354 354 354 354 309 309 309 309 249 339 249 292 292 292 292 292 252 252 252 252 252 252 252 234 170 170 170 206 206 193 193 170 170 170 170 148 148 149 135 135 9 102 102 102 102 102 9 9 9 9 9 12 12 35 35 9 9 9 
918 918 918 918 918 884 884 884 884 891 891 817 817 817 817 817 778 778 778 778 778 778 778 778 792 786 744 744 744 644 644 750 638 638 638 600 600 600 683 683 683 600 616 616 616 611 611 611 611 611 611 501 501 501 501 561 561 561 561 562 501 540 540 501 501 501 501 485 485 427 427 447 447 460 410 410 410 410 410 354 354 354 354 354 354 354 309 309 309 309 249 249 249 292 292 292 292 292 252 252 252 261 261 234 234 234 170 170 170 206 206 174 174 170 170 170 148 148 148 149 135 135 9 9 9 9 9 9 9 63 63 63 63 12 12 35 35 9 9 9 
956 956 884 884 884 884 913 913 884 884 884 884 817 817 817 817 778 778 778 778 744 744 786 786 786 786 744 644 644 644 750 750 638 740 720 720 720 600 600 600 600 600 616 639 611 611 611 611 611 622 622 501 501 501 501 561 561 561 561 501 501 540 540 523 523 501 501 485 485 427 427 447 447 447 447 447 443 410 410 396 396 402 354 354 354 354 309 309 309 309 345 309 309 309 309 309 290 290 290 234 234 234 234 234 234 234 228 228 221 174 206 174 174 170 170 174 148 148 148 135 135 9 9 9 9 112 92 92 92 63 63 12 12 12 12 12 36 12 12 12 
956 884 884 884 884 884 884 884 884 884 838 838 817 817 817 817 778 778 744 744 744 806 786 786 786 744 744 644 764 764 750 750 638 638 720 720 715 715 697 697 600 600 616 639 611 611 611 611 611 622 541 541 541 501 501 579 579 561 561 501 501 540 540 501 501 501 510 485 485 485 427 427 427 427 443 443 443 410 396 396 396 396 354 354 354 371 309 309 309 309 309 309 325 325 290 290 290 293 234 234 228 228 228 228 228 228 228 221 221 174 174 174 174 174 174 174 148 148 148 135 135 9 9 9 9 112 92 63 63 63 63 12 51 51 51 12 12 12 12 12 
884 884 884 884 932 884 884 904 904 884 838 838 865 865 838 838 838 838 744 806 806 806 786 786 786 744 744 644 644 720 720 720 720 720 720 720 715 715 697 698 600 600 616 639 639 639 639 639 622 622 541 541 541 501 501 501 501 501 501 501 501 541 541 501 501 501 501 501 427 427 427 427 427 427 443 443 410 410 396 396 396 396 396 378 378 371 309 309 309 309 290 290 325 325 290 293 293 293 234 228 228 228 228 228 221 221 221 221 222 174 174 184 184 184 163 163 163 163 148 92 92 92 92 92 92 92 92 63 63 63 63 12 12 12 12 12 12 28 12 12 
884 884 884 932 932 884 884 904 884 884 838 838 838 838 838 838 849 744 744 806 806 806 806 744 744 744 744 644 644 720 720 644 644 644 644 644 715 715 697 698 600 600 616 616 616 622 622 622 622 623 623 541 541 501 501 580 501 501 541 541 541 541 495 495 495 501 501 427 427 427 427 427 427 443 443 443 410 410 410 396 396 378 378 378 378 371 371 309 309 309 290 290 325 325 290 293 293 234 234 228 228 228 228 228 221 240 221 221 194 194 194 184 184 184 163 163 92 92 148 92 145 123 123 92 92 93 93 93 93 63 63 12 12 12 12 28 28 28 12 12 
884 884 884 884 884 884 884 884 884 896 838 838 838 838 838 838 849 744 744 744 744 744 744 744 744 744 779 644 644 644 644 644 745 671 671 644 662 662 697 662 662 662 616 616 616 622 622 622 622 623 623 541 592 592 592 580 501 501 541 541 541 541 495 495 495 514 511 427 427 427 427 466 466 443 448 448 436 436 410 410 410 378 378 378 378 378 290 290 290 290 290 290 290 290 290 234 234 234 234 234 241 241 262 221 221 221 221 221 194 194 194 194 194 92 92 163 92 92 92 92 123 123 123 123 93 93 93 64 64 64 64 12 12 12 12 12 28 28 13 13 
884 884 884 927 927 927 866 866 866 866 866 838 838 838 838 849 849 814 814 814 814 814 744 744 774 774 774 774 754 754 754 671 671 671 671 644 662 662 662 662 662 662 662 662 616 616 616 616 622 623 623 541 541 541 541 580 580 541 541 551 551 541 495 495 495 495 511 427 427 486 427 466 466 443 437 437 436 436 410 410 411 290 290 290 290 290 290 346 346 346 346 331 331 320 320 234 234 234 234 234 241 241 241 221 221 221 235 92 92 92 207 92 92 92 92 92 92 117 92 92 123 123 123 123 93 93 93 64 64 64 64 12 12 12 12 12 12 29 13 13 
884 884 951 866 933 866 866 914 866 866 866 838 838 849 849 849 814 814 814 814 814 814 744 744 774 774 774 754 754 755 755 671 671 671 671 644 644 644 662 662 662 662 662 663 616 616 616 616 622 622 622 541 541 602 541 541 541 541 541 541 541 541 495 495 495 495 486 486 486 486 427 427 427 443 437 437 436 436 331 331 331 331 331 331 331 331 331 331 331 331 331 331 332 320 320 234 234 234 234 282 241 269 241 241 221 221 221 92 92 92 92 92 92 92 92 92 117 117 92 92 92 123 123 64 64 64 64 64 64 64 64 12 12 12 12 12 12 29 13 13 
961 884 884 866 866 866 905 866 866 877 877 877 877 849 849 849 814 814 814 814 814 814 793 793 793 754 754 754 755 755 755 671 671 671 671 721 721 644 644 644 644 644 644 644 616 616 616 616 622 622 622 541 541 563 563 563 563 574 541 541 502 502 502 502 495 495 486 486 486 443 443 443 443 443 437 437 437 437 331 386 386 386 331 331 386 340 340 340 234 234 234 332 332 234 234 234 234 282 282 282 241 269 241 241 221 221 221 229 92 92 92 92 92 180 180 92 117 164 92 92 92 92 64 64 64 64 64 64 64 87 15 15 15 15 12 12 14 14 14 14 
884 884 884 942 905 905 905 866 866 866 877 877 878 849 849 849 814 814 818 818 818 793 793 793 793 754 754 754 755 755 755 671 671 671 671 721 722 684 684 684 684 671 671 644 644 650 644 616 622 622 622 603 603 563 563 563 563 563 563 563 502 502 502 502 502 495 495 495 495 443 443 461 443 443 453 331 331 331 331 386 386 386 386 386 386 340 340 340 234 234 234 234 234 234 282 282 282 282 283 283 241 241 241 241 241 241 92 92 92 92 92 200 92 92 92 92 117 117 150 92 92 92 64 64 64 64 64 64 64 64 15 15 15 15 12 12 14 14 14 14 
884 884 884 905 905 919 919 866 866 866 866 866 866 866 818 818 818 839 818 818 793 793 793 705 705 705 705 754 754 754 664 664 664 664 671 721 684 684 704 699 671 671 672 664 644 644 644 616 622 622 622 603 603 563 563 563 563 563 564 564 502 502 502 534 502 502 502 487 487 487 443 461 461 461 453 331 397 397 403 403 412 403 397 340 340 340 340 234 234 234 234 340 234 234 282 282 241 241 241 241 241 241 258 258 241 241 92 92 92 92 92 92 92 92 92 117 117 117 150 92 92 92 128 64 64 64 64 64 88 64 64 64 64 15 15 42 14 14 14 14 
884 884 884 905 905 905 905 905 905 841 841 841 841 818 818 818 818 818 818 818 793 793 793 705 705 705 705 754 754 754 664 664 664 664 671 684 684 671 671 699 671 671 664 664 644 644 645 616 616 616 616 616 603 603 581 581 581 502 502 565 502 496 496 534 502 502 502 488 488 488 472 472 379 379 453 331 397 397 403 403 403 403 397 340 340 340 340 234 234 234 234 340 304 304 282 282 241 241 241 241 223 223 223 223 242 242 92 92 92 92 92 92 92 92 181 117 117 117 150 92 92 92 92 64 64 64 103 103 88 88 57 57 57 57 15 14 14 14 14 14 
884 884 884 920 920 920 920 906 906 841 841 841 841 818 818 818 818 818 818 807 807 807 807 705 794 705 705 754 754 754 664 664 664 664 671 684 671 671 671 671 671 671 664 593 593 593 593 593 593 616 616 612 612 581 581 581 581 502 502 502 502 496 496 534 502 502 502 488 488 488 472 473 379 379 379 379 379 397 397 397 397 397 397 340 340 234 234 234 340 340 347 340 304 304 304 304 304 241 241 241 223 223 223 223 230 230 230 230 92 92 92 201 92 92 171 171 171 117 150 150 92 136 92 124 94 94 103 103 57 57 57 57 57 58 15 14 14 14 14 14 
884 952 952 920 920 920 906 906 841 841 841 841 841 867 818 818 818 840 818 807 802 802 705 705 794 705 705 754 754 754 664 664 664 664 671 671 671 700 700 700 671 671 664 593 593 593 593 593 593 593 593 612 612 581 581 581 581 502 552 502 502 496 496 496 496 502 502 488 488 488 472 473 379 379 379 449 379 438 397 397 379 379 379 392 340 340 340 340 340 340 340 340 304 304 304 304 241 241 284 284 223 263 263 223 230 223 223 223 223 92 92 92 92 185 171 171 171 117 150 150 92 92 92 124 94 94 94 103 57 57 57 57 57 52 15 15 15 15 15 15 
884 884 928 920 920 920 906 906 841 841 841 841 841 841 841 841 818 818 818 807 802 802 705 705 787 787 705 705 705 756 756 664 746 664 664 664 664 664 664 664 664 664 664 664 593 593 593 593 593 593 593 593 593 581 581 581 581 502 552 552 552 496 496 496 496 502 502 502 472 472 472 449 449 449 449 449 379 438 429 379 379 223 379 392 379 379 241 241 341 341 341 341 304 304 310 310 241 294 284 284 223 263 263 223 223 223 224 224 224 92 92 182 182 185 171 171 171 117 117 117 146 94 94 94 94 113 94 57 57 57 57 71 57 52 52 43 16 16 16 16 
884 884 928 928 928 928 829 829 907 829 829 841 841 841 842 841 818 818 807 807 802 802 802 802 787 787 780 775 705 705 757 664 664 664 664 664 673 673 673 673 673 664 664 664 593 593 593 593 593 630 593 593 593 604 581 581 582 502 502 553 553 496 496 496 496 496 496 496 472 472 472 449 449 449 449 449 379 379 429 379 413 223 379 379 379 380 241 241 241 241 241 241 241 326 310 310 241 284 284 284 223 263 263 236 236 224 224 224 224 92 92 182 182 185 182 171 171 117 117 117 146 94 94 94 94 94 94 57 57 57 57 57 57 43 43 43 16 16 16 16 
884 884 928 928 829 829 829 829 829 829 829 829 829 829 842 841 841 841 807 807 807 802 802 765 765 765 780 775 705 705 757 664 664 705 705 726 673 673 673 673 673 673 673 646 646 593 593 593 593 614 593 593 593 604 581 581 502 502 502 553 553 496 496 496 524 496 496 496 496 472 472 474 449 449 430 430 430 379 379 379 413 223 223 380 380 380 241 241 241 241 241 241 241 241 241 241 241 284 284 284 223 223 223 236 236 224 224 224 224 182 182 182 182 182 182 155 155 155 155 117 117 117 117 117 117 94 109 30 30 57 57 57 43 43 16 16 16 16 16 16 
957 957 829 829 829 829 829 829 829 829 829 829 829 829 842 842 842 842 829 807 807 808 808 765 795 765 775 775 705 705 705 705 705 705 705 726 673 673 673 673 673 673 646 646 646 646 646 593 593 614 593 593 593 593 581 581 502 502 502 566 554 515 515 515 515 515 497 497 497 462 462 462 462 462 430 430 430 430 430 422 223 223 223 380 372 372 372 241 241 241 333 333 333 241 241 241 241 295 270 270 270 270 223 236 236 236 182 182 182 182 182 182 182 182 182 155 129 129 129 129 129 129 129 94 94 94 109 30 30 30 30 30 43 43 16 16 16 16 16 16 
957 957 829 934 934 829 829 829 829 829 829 829 829 829 829 829 829 829 829 765 765 808 808 765 765 765 775 680 680 705 705 741 741 741 705 705 705 716 705 679 679 679 646 646 646 593 593 593 593 614 624 593 593 593 593 583 583 554 554 554 554 515 515 497 497 497 497 503 462 462 462 462 422 422 422 430 430 422 422 422 223 404 223 223 372 372 372 223 223 223 223 333 333 223 223 223 223 295 270 270 278 223 223 236 253 236 182 182 182 182 182 182 129 129 129 155 129 129 129 104 104 104 104 94 109 109 109 30 30 30 81 30 65 43 43 43 16 16 16 16 
957 957 829 934 934 829 829 829 829 860 860 860 860 860 860 855 765 765 765 765 765 765 765 765 765 775 775 680 680 680 680 741 741 741 705 705 705 705 705 679 679 679 646 646 646 593 593 593 593 614 613 613 613 593 593 583 583 554 554 555 555 497 497 497 497 497 497 462 462 462 462 462 422 422 422 422 422 422 342 342 223 223 223 223 223 223 223 223 359 223 223 223 223 223 223 311 223 223 223 223 223 223 223 236 236 236 236 182 182 182 182 182 129 129 129 155 129 129 156 104 104 104 104 94 94 94 94 94 94 81 81 30 37 37 37 37 37 16 16 16 
962 829 829 934 934 829 829 829 829 860 860 860 860 868 855 855 765 765 765 765 765 765 765 765 765 765 765 680 680 680 680 741 680 680 727 727 705 705 680 680 685 680 665 665 593 593 593 593 593 614 614 614 614 586 586 586 554 554 554 555 555 497 497 497 497 497 497 462 498 462 462 462 422 422 422 422 422 342 342 342 223 223 342 342 223 223 373 342 342 223 223 223 223 223 223 311 223 223 223 285 223 271 223 259 236 243 208 208 208 208 208 129 129 129 129 129 129 129 156 104 104 104 104 104 104 94 94 104 81 81 30 30 37 30 30 30 30 16 16 16 
962 829 829 829 829 829 829 860 860 860 860 860 860 868 855 855 765 765 765 765 765 765 765 765 765 765 765 765 765 765 680 680 680 680 680 680 680 680 680 680 680 680 665 665 593 593 593 635 635 614 614 614 614 586 586 586 554 554 554 555 555 497 497 497 497 497 497 462 462 462 462 462 422 422 422 422 422 431 431 342 342 342 342 342 342 342 342 342 342 342 342 342 223 223 311 311 223 223 223 285 223 223 223 259 236 243 208 208 208 208 208 129 129 129 129 129 129 129 156 104 104 125 125 125 104 104 104 104 81 81 30 30 30 30 30 30 30 30 16 16 
