989 989 989 989 961 961 961 961 932 932 932 903 903 903 903 903 824 824 881 824 824 824 824 841 831 778 778 778 778 778 778 780 780 778 709 709 709 709 709 709 709 709 709 699 699 654 654 654 673 654 654 654 583 583 583 583 620 588 588 588 541 541 541 541 541 541 541 533 471 471 471 471 471 471 471 471 456 456 435 435 435 418 418 364 364 352 352 352 352 352 352 329 329 329 329 288 288 305 288 288 269 269 269 239 239 239 239 212 212 212 212 212 203 164 164 164 164 172 101 101 101 101 101 101 101 101 101 72 72 72 72 72 35 35 35 45 35 1 1 1 
989 989 989 989 961 961 961 961 932 948 932 903 903 903 914 824 824 824 824 824 851 851 824 824 831 778 778 778 778 778 778 780 778 778 709 709 709 709 692 692 692 692 692 699 699 654 654 654 654 654 583 583 583 583 583 583 583 588 588 588 541 541 541 533 533 533 533 533 471 471 501 501 471 471 456 456 456 435 435 436 436 418 418 364 364 352 352 352 276 276 352 329 329 329 288 288 288 305 288 289 269 269 269 239 239 239 240 212 212 212 164 164 203 164 164 186 164 164 101 101 101 101 101 102 102 102 101 72 72 72 72 72 35 35 35 35 35 1 1 1 
990 1005 990 990 961 961 961 961 932 948 932 903 903 914 914 824 824 824 824 824 824 824 824 824 824 824 778 778 778 778 778 778 778 709 709 709 738 738 692 692 692 692 692 682 682 682 654 654 654 654 583 583 583 583 583 583 583 588 588 588 541 533 533 533 553 523 523 523 523 471 501 501 495 456 456 464 464 435 435 364 364 418 418 364 364 364 386 386 276 276 352 352 337 337 288 288 288 288 288 265 265 239 239 239 101 101 101 226 226 164 164 164 164 164 164 164 164 164 101 150 150 126 126 102 102 102 101 101 35 35 35 35 35 35 2 2 36 1 1 1 
990 990 990 991 961 961 961 961 932 932 932 903 903 914 914 824 824 824 824 824 824 824 824 825 825 825 778 778 778 787 787 787 709 709 761 761 738 738 738 692 692 692 692 692 692 682 682 682 583 583 583 655 583 583 621 621 621 541 541 541 541 533 533 533 553 523 524 524 524 471 509 495 495 456 464 464 435 435 435 364 364 364 364 364 364 364 276 276 276 276 276 337 337 338 276 276 300 300 300 265 265 239 239 239 101 101 101 226 226 164 213 213 164 164 195 164 164 164 101 101 126 126 126 126 126 102 102 102 35 35 35 60 60 2 2 2 36 1 1 1 
1006 1006 991 991 915 915 961 961 955 932 932 903 903 903 903 903 903 824 824 824 862 824 824 825 825 825 778 778 778 787 787 787 709 709 709 709 738 738 738 692 692 692 692 692 692 692 682 682 583 655 655 655 583 638 541 541 541 541 600 541 541 533 533 533 533 523 523 523 471 471 509 495 495 456 464 464 435 435 435 364 364 364 413 413 364 364 276 276 276 276 276 337 347 276 276 276 276 300 300 265 265 265 265 101 101 101 101 226 226 164 204 204 204 195 195 164 164 164 164 101 126 126 21 21 21 21 21 21 35 35 35 60 60 2 2 2 2 1 1 1 
991 991 991 915 915 915 915 915 955 949 932 932 928 922 892 892 892 892 824 824 787 787 787 787 787 787 787 787 787 787 788 788 709 709 767 709 739 739 739 692 692 692 692 692 692 692 682 682 583 583 583 656 583 638 541 541 541 600 600 541 533 533 533 533 533 548 523 523 471 471 471 471 495 456 456 472 435 435 450 424 424 364 364 414 364 364 276 276 276 276 363 276 276 276 330 276 276 300 300 290 265 265 265 101 101 101 101 101 164 164 204 101 101 195 195 164 164 101 101 101 151 126 21 21 21 21 21 21 21 21 21 60 60 60 2 2 2 2 2 2 
991 991 991 915 915 962 962 915 915 949 928 928 928 922 892 892 892 892 852 852 787 787 787 787 826 826 787 787 787 787 762 762 762 762 709 709 646 646 646 646 646 646 646 646 646 646 646 646 646 646 646 646 583 583 541 541 541 541 541 541 533 533 533 533 533 525 525 471 471 471 471 471 456 456 456 472 435 435 450 424 424 424 364 364 364 364 276 276 330 276 276 276 276 276 330 276 290 290 290 290 265 265 265 101 101 181 181 101 164 164 101 101 101 101 180 180 180 101 101 101 126 126 21 21 21 21 21 21 21 21 21 60 60 60 2 2 37 3 3 3 
991 991 991 915 915 962 962 962 915 915 928 928 922 922 892 892 892 892 852 852 787 787 787 787 826 826 787 787 787 762 762 781 781 762 709 709 709 646 646 720 720 646 646 693 693 693 646 646 646 646 646 646 646 583 541 541 601 601 601 583 583 554 554 554 554 525 525 471 471 471 486 486 456 456 456 456 456 456 424 424 392 425 364 364 402 364 364 330 330 330 330 353 330 330 330 276 290 290 290 276 276 276 265 265 101 181 181 101 101 164 101 101 101 101 101 101 101 101 101 101 126 126 88 88 21 21 111 88 88 21 21 21 21 21 21 21 37 3 3 3 
991 991 991 915 915 962 915 915 915 915 928 928 922 922 893 893 892 892 852 852 787 787 787 787 826 826 787 787 787 762 762 762 762 762 709 709 709 709 709 693 693 693 693 693 700 634 646 646 646 646 646 646 646 583 583 583 583 602 602 583 584 554 554 554 555 549 525 471 471 471 486 486 486 486 456 456 456 456 424 424 392 425 364 364 364 364 364 330 330 330 330 330 330 330 330 276 276 276 276 276 277 277 265 265 101 101 181 181 101 164 164 101 101 101 101 101 101 173 126 126 126 126 88 88 88 88 88 88 4 21 21 73 69 4 4 21 21 21 21 4 
993 991 991 992 915 915 915 915 915 915 928 915 915 922 915 893 882 882 882 852 852 852 787 787 826 826 787 806 806 762 762 762 762 762 762 762 756 709 709 693 693 693 693 700 700 634 634 657 657 657 657 657 589 589 583 583 583 583 583 583 554 554 570 549 549 549 525 525 525 516 486 486 486 486 456 456 456 456 424 424 392 425 364 364 364 364 364 330 330 374 364 291 291 291 291 291 291 291 291 291 277 277 265 265 101 101 241 181 101 101 101 101 181 181 181 181 181 126 126 158 126 126 88 132 88 88 4 4 4 4 73 73 69 4 4 4 4 4 22 4 
993 915 915 915 915 915 915 915 950 915 928 915 915 922 915 893 882 882 873 873 852 852 787 787 787 787 787 806 762 762 709 709 709 756 756 756 756 709 740 693 693 693 693 700 700 694 634 657 657 589 589 589 589 589 589 589 589 589 589 589 554 554 554 549 549 542 542 534 516 516 486 486 496 442 442 442 456 456 424 424 392 364 364 364 364 379 379 379 379 364 364 291 291 339 331 291 291 291 301 278 278 258 258 258 101 101 241 181 181 181 181 181 181 182 182 182 182 126 126 126 126 126 88 88 88 4 4 4 4 4 4 4 69 4 4 4 4 4 22 4 
993 915 915 915 915 915 915 915 950 915 915 915 915 915 915 893 893 893 873 873 784 784 827 827 827 827 762 762 762 762 709 709 709 756 756 757 757 709 740 693 693 700 700 700 700 694 634 634 634 589 589 589 639 639 589 589 589 589 590 590 542 542 554 554 542 542 534 534 516 516 510 502 442 442 442 442 442 442 442 442 392 364 364 364 364 364 364 364 364 364 291 291 291 339 331 291 291 291 278 278 278 258 258 258 258 101 220 220 220 220 220 181 181 182 182 182 182 152 152 152 152 126 88 88 127 4 4 4 4 4 4 4 69 4 4 46 4 4 4 4 
993 993 993 993 963 963 963 963 950 950 940 904 904 923 904 904 904 874 874 784 784 784 784 828 828 828 762 762 762 762 709 709 709 756 756 757 709 709 740 693 693 700 700 634 634 694 634 634 634 660 660 589 589 589 589 629 589 589 590 590 542 542 542 542 542 534 534 510 510 510 510 502 442 442 442 442 442 457 451 392 392 426 392 392 392 397 375 375 375 375 291 291 291 291 331 291 291 291 278 292 278 258 258 258 258 101 220 220 220 174 174 174 174 196 196 174 174 152 152 152 152 126 126 126 112 112 4 4 89 4 79 4 4 4 4 46 4 4 4 4 
993 993 994 994 963 971 971 940 940 940 940 904 904 904 904 853 853 874 874 784 784 784 784 828 828 828 762 762 807 799 709 789 756 756 709 709 709 641 641 641 721 700 700 634 634 634 634 674 674 634 634 634 634 640 608 608 608 608 542 542 542 556 556 556 556 534 502 502 510 510 511 502 473 473 451 451 451 451 451 392 392 392 392 392 392 392 375 375 375 365 365 291 291 291 291 291 315 291 278 278 278 258 258 258 259 101 101 220 220 174 221 174 174 174 174 174 174 174 90 90 90 90 90 90 112 112 112 4 4 4 38 38 38 38 38 38 4 4 4 4 
993 993 994 994 963 963 972 940 940 854 854 904 904 904 916 853 853 874 874 874 784 784 784 784 762 762 762 762 762 799 709 789 756 756 709 709 641 641 741 641 641 700 700 634 689 689 689 634 634 634 634 658 634 634 608 608 608 608 542 542 556 556 534 534 534 534 502 502 502 502 502 502 473 473 451 451 451 451 437 437 437 392 392 392 403 392 392 375 375 365 366 291 291 340 291 291 291 291 278 278 283 258 258 258 205 205 101 220 174 174 221 174 174 174 174 174 175 175 90 90 90 90 137 90 112 90 90 90 90 38 38 38 38 38 38 38 4 4 4 4 
1007 982 982 982 982 963 963 854 854 854 854 904 904 904 916 853 853 874 874 875 784 784 784 784 762 762 762 762 762 798 709 709 782 756 756 709 641 750 641 641 641 700 700 634 689 689 634 634 634 634 634 641 641 634 634 563 603 603 603 542 502 502 534 502 502 550 502 502 502 517 502 502 473 473 473 473 437 437 437 437 437 392 392 365 365 398 365 365 365 365 366 354 291 291 291 324 316 278 278 278 278 278 205 205 205 205 101 174 174 174 174 174 174 82 82 82 82 82 82 82 82 137 137 90 90 90 91 91 91 38 38 38 38 38 38 38 38 23 23 5 
1007 982 982 963 963 963 963 854 942 942 854 904 904 904 916 853 853 874 874 875 784 784 784 813 762 762 783 783 783 798 798 709 709 709 709 709 641 641 641 641 641 641 710 634 634 634 634 641 641 641 641 641 641 641 635 563 603 603 603 542 502 502 502 502 502 502 502 517 517 517 473 473 473 473 474 437 437 437 365 365 365 365 365 365 365 365 365 366 366 366 366 354 270 270 316 316 316 278 278 278 278 278 205 205 205 205 101 174 174 174 174 174 82 82 82 82 82 82 82 82 82 82 82 82 90 90 82 82 38 38 38 38 38 38 38 38 38 23 23 5 
1007 1007 982 963 963 963 963 854 942 942 854 904 904 904 916 853 853 853 853 853 853 853 784 813 813 813 783 783 783 783 783 709 709 779 709 709 641 641 641 641 711 641 641 641 701 634 634 641 641 641 641 647 647 635 635 563 563 609 542 542 502 502 502 487 487 487 487 487 518 518 473 473 473 473 474 437 437 437 365 365 365 365 387 387 380 380 380 366 366 366 366 354 270 270 270 270 270 270 270 270 278 278 205 205 205 205 205 205 205 224 174 174 165 165 165 165 165 165 82 82 82 82 138 82 82 82 82 82 38 38 38 38 38 38 38 29 29 23 23 5 
1008 1008 982 995 854 854 854 854 942 942 854 904 904 904 853 853 853 853 853 853 853 853 784 832 832 813 819 783 783 643 643 643 779 779 768 641 641 641 641 730 711 711 711 641 683 683 683 683 641 604 604 604 635 635 610 610 563 563 563 591 563 563 563 487 543 543 543 487 487 487 487 487 487 474 474 474 419 419 365 365 365 365 387 387 380 380 380 380 380 354 354 354 270 341 270 270 306 306 270 270 278 278 205 205 205 205 205 205 205 205 205 205 165 165 165 165 165 165 82 82 82 133 133 82 82 82 113 82 82 82 29 29 29 29 29 29 29 29 24 5 
1008 1008 982 982 854 979 854 854 942 854 854 904 929 904 853 853 853 854 854 854 854 854 784 784 784 813 819 813 783 643 643 643 731 731 768 641 641 641 641 641 711 711 712 641 683 641 641 684 641 604 604 604 635 635 610 610 610 563 563 563 563 563 563 487 487 535 535 535 487 487 487 487 487 474 474 474 419 419 427 427 365 365 387 387 387 387 387 387 354 354 354 354 270 341 306 306 306 307 270 270 270 270 270 205 205 205 205 205 227 205 205 205 165 165 165 165 165 165 82 82 82 133 133 82 82 82 83 83 83 83 29 29 29 29 29 29 39 24 24 5 
983 983 1000 982 854 979 942 942 942 854 941 904 904 904 905 905 905 854 883 855 855 855 784 784 784 813 813 813 783 783 643 643 731 731 731 731 742 742 742 641 641 641 641 641 641 641 641 641 641 604 604 604 604 604 610 610 610 563 563 563 585 563 563 563 487 535 453 453 487 487 487 487 487 487 474 474 419 419 419 427 427 427 387 387 404 387 387 354 354 367 367 270 270 341 306 306 155 155 302 270 270 155 155 227 227 227 227 227 227 167 167 205 205 165 165 176 176 165 165 82 82 133 133 133 82 82 83 83 92 5 5 5 5 5 39 39 39 24 25 5 
983 983 1000 982 854 854 942 942 942 854 854 854 854 854 854 854 854 854 883 855 855 855 784 784 784 784 813 813 783 783 643 643 731 731 731 731 731 731 731 731 641 641 641 641 641 685 685 685 604 604 604 604 648 604 604 630 610 610 563 563 585 487 487 487 487 453 453 453 526 488 488 503 487 487 475 475 419 458 419 419 427 427 404 404 404 387 387 354 381 270 270 270 270 341 306 306 155 155 155 155 155 155 155 227 227 227 227 234 167 167 167 167 167 167 167 176 176 176 153 153 153 133 139 82 82 82 83 83 92 5 5 5 5 5 5 5 5 5 5 5 
983 983 1000 982 982 854 942 942 942 951 942 854 854 924 863 863 863 863 883 855 855 842 842 784 784 784 814 814 783 783 643 643 731 731 731 743 743 743 743 715 715 715 641 641 641 685 690 604 604 668 604 604 648 642 604 604 604 604 604 592 487 487 571 487 487 453 453 453 526 488 488 475 475 475 475 476 419 419 419 419 428 428 404 404 404 354 354 354 381 270 270 270 270 341 306 306 155 279 279 279 279 279 155 227 227 248 227 234 167 167 167 167 206 167 167 187 176 176 153 153 153 133 133 82 82 82 83 83 92 5 5 5 5 5 40 5 5 30 5 5 
983 982 982 982 982 854 908 908 942 942 942 933 908 908 863 863 863 863 863 863 863 842 842 842 833 784 814 814 783 783 643 643 643 744 744 743 743 743 743 715 715 715 685 685 685 685 690 604 604 604 604 642 642 642 604 604 611 611 592 592 487 572 564 564 453 453 453 453 526 488 488 475 475 475 475 419 419 419 419 419 428 428 405 405 354 354 381 381 381 270 270 270 270 270 306 306 155 155 155 155 155 155 155 155 227 248 227 234 167 167 167 167 206 167 187 187 177 177 153 153 133 133 133 133 62 62 62 92 92 61 61 5 5 5 40 40 40 6 6 6 
983 982 982 983 983 854 908 908 908 908 943 933 908 908 908 908 863 863 863 863 863 842 833 833 833 784 784 784 783 783 790 790 643 744 744 743 743 743 743 715 715 715 685 685 685 685 642 642 642 642 642 642 622 622 622 622 593 593 593 593 487 572 564 564 453 453 453 453 526 488 488 497 497 475 475 419 419 419 419 419 428 428 405 405 354 354 354 354 354 368 368 270 270 270 306 306 317 155 155 293 155 155 155 155 227 227 227 167 167 167 167 167 167 167 187 187 177 177 159 159 133 133 133 133 62 121 62 62 62 61 61 61 5 5 8 8 41 6 6 6 
983 983 983 983 984 854 908 854 854 908 908 933 908 908 842 842 842 842 842 842 842 842 833 833 834 784 784 784 800 783 783 783 643 744 744 744 744 744 744 643 643 715 685 685 685 685 642 642 642 642 642 642 622 622 622 622 593 593 593 593 572 572 572 557 557 453 453 453 526 488 488 488 488 488 452 452 452 419 419 443 419 419 419 405 405 388 388 388 354 368 368 348 348 270 332 317 317 294 294 293 155 155 249 249 249 249 167 167 167 167 167 167 167 167 167 144 144 144 159 159 133 133 133 133 62 62 62 103 62 62 62 61 61 61 8 8 41 6 6 6 
983 983 983 984 984 854 854 854 854 854 908 908 908 908 842 864 864 884 884 842 842 833 833 833 784 784 792 792 800 800 783 783 643 643 643 643 643 643 643 643 643 643 685 685 643 643 643 643 642 642 643 643 622 622 622 622 622 593 593 572 572 577 572 557 557 453 453 512 512 512 512 504 489 489 452 452 452 459 419 419 419 429 388 388 388 388 388 354 354 348 348 348 270 270 317 317 294 294 294 294 155 155 249 249 249 250 167 167 167 167 167 167 167 167 167 144 144 144 159 159 144 144 122 122 122 122 62 103 62 62 62 62 62 62 8 8 8 8 6 6 
983 983 983 984 964 964 964 964 854 854 854 854 854 854 842 864 864 864 864 864 864 833 833 833 784 808 792 792 800 800 783 791 783 722 722 722 722 722 722 722 722 643 643 643 643 643 643 643 643 643 643 643 649 643 622 622 623 593 593 572 572 572 572 551 551 551 453 504 504 504 504 504 489 489 452 452 452 452 452 388 388 388 388 388 388 388 388 354 354 376 270 270 270 270 317 294 294 295 295 295 155 235 235 235 250 250 235 235 167 167 207 207 207 167 167 144 144 144 144 144 144 145 122 122 122 122 62 62 62 62 62 62 62 62 8 8 8 8 6 6 
983 983 983 984 964 964 964 964 854 854 854 842 842 854 842 842 894 894 864 864 833 833 833 833 784 808 792 792 792 792 783 783 783 722 722 722 722 722 722 723 723 643 643 702 695 695 675 675 675 643 643 643 643 643 612 612 612 612 578 578 578 578 573 551 551 453 453 504 527 505 505 505 479 479 479 452 452 444 444 388 388 388 420 388 388 388 393 354 354 270 270 270 270 270 294 294 294 294 295 295 155 155 271 235 235 235 235 167 167 207 207 208 208 188 188 144 144 178 154 154 62 62 62 62 62 62 62 62 62 62 62 62 63 63 8 8 8 26 26 7 
983 1009 983 983 964 964 964 964 842 842 842 842 842 842 842 842 876 876 876 876 833 846 846 784 784 808 808 808 808 792 783 783 722 722 722 716 716 716 716 716 716 716 702 702 695 695 675 669 669 669 612 612 612 612 612 624 624 578 578 578 578 573 573 453 453 453 504 504 505 505 479 479 479 480 480 444 444 444 444 444 388 388 420 388 354 354 354 354 382 270 342 342 342 342 294 294 294 294 261 261 272 155 155 155 260 235 235 167 207 207 208 208 188 188 188 188 144 154 154 154 62 62 62 62 62 62 62 104 62 62 62 62 52 52 52 47 8 26 7 7 
983 1009 1001 983 964 964 973 842 842 934 934 934 842 842 842 842 876 876 876 876 833 833 833 784 784 784 784 784 784 792 792 792 722 763 763 716 716 716 716 732 716 716 702 702 702 675 675 669 676 612 612 612 612 612 612 624 624 578 578 578 573 573 453 453 558 504 504 504 505 505 479 479 479 444 444 444 465 445 445 445 388 388 388 388 354 354 394 270 270 270 270 308 308 308 308 308 308 308 261 261 272 155 155 155 155 155 155 167 188 188 188 188 188 183 183 183 144 154 166 154 154 62 62 62 62 62 62 80 80 80 80 52 52 64 47 47 8 8 7 7 
983 983 1001 983 985 964 964 842 842 934 934 934 842 842 856 856 876 876 876 876 833 833 833 835 835 815 815 815 784 793 793 793 722 722 763 763 716 716 716 732 716 716 713 702 702 675 675 669 676 612 612 612 612 612 612 613 613 613 573 573 573 453 453 558 558 504 544 504 528 505 505 444 444 444 445 445 445 445 445 445 438 354 354 354 406 354 354 270 270 270 270 308 308 308 308 308 308 308 261 261 272 272 272 155 155 242 155 167 188 188 188 214 183 183 197 183 144 154 154 154 134 134 62 62 62 62 114 80 52 52 52 52 53 53 53 9 9 8 7 7 
1010 983 983 983 966 966 964 965 842 842 842 934 856 856 856 856 856 856 877 877 833 833 847 835 835 815 820 784 784 793 793 793 784 722 722 764 716 716 716 716 716 716 713 675 675 675 675 669 676 612 612 612 612 615 615 613 613 613 573 573 573 453 453 558 558 504 504 504 528 505 505 444 444 445 445 446 446 446 446 446 438 354 421 354 354 354 354 270 270 270 270 270 308 308 308 308 308 308 261 261 261 261 261 261 261 242 155 167 167 167 214 214 183 183 183 183 144 144 154 154 134 134 134 134 105 105 105 105 52 84 53 53 53 54 54 9 9 8 7 7 
1010 966 966 966 966 964 964 965 952 952 842 934 856 856 856 906 906 856 856 833 833 833 847 843 815 815 784 784 784 784 784 784 784 722 722 764 724 724 724 724 724 713 713 675 675 675 675 669 676 612 612 612 612 615 615 613 613 613 573 573 573 573 453 565 536 536 504 504 505 505 513 444 444 445 445 445 445 438 438 438 438 354 407 407 407 389 389 389 270 270 270 270 310 310 310 308 308 309 261 296 262 262 262 262 262 242 155 155 155 167 167 167 167 167 183 183 183 93 93 93 93 93 93 135 105 105 105 106 52 52 53 53 53 54 54 9 9 8 8 8 
1010 966 966 964 964 964 974 934 934 953 934 934 885 885 895 895 907 895 856 833 833 833 847 843 815 815 784 784 784 784 784 722 722 722 724 724 724 724 724 724 724 675 675 675 675 696 669 669 670 670 612 612 615 615 615 614 614 614 573 594 573 573 453 453 536 536 536 536 505 513 513 444 498 445 445 445 445 438 438 438 438 354 407 407 407 389 389 270 270 355 355 355 310 310 310 318 318 309 262 262 262 262 262 243 243 242 242 155 155 167 167 167 167 167 183 167 167 93 93 93 93 93 93 93 123 123 105 93 93 52 53 42 42 65 48 48 9 9 9 9 
1010 1010 966 964 964 836 836 934 934 934 934 934 885 885 895 895 895 895 856 856 865 833 833 843 815 815 816 816 809 722 722 722 769 769 724 724 724 724 724 733 724 675 703 703 703 696 669 669 670 566 566 566 615 615 615 615 615 615 573 573 573 453 453 453 536 552 536 536 505 513 513 444 498 444 444 444 444 447 447 447 438 354 270 270 270 270 270 270 355 355 355 355 310 310 310 318 309 309 262 280 280 262 262 243 243 243 243 155 155 155 155 155 155 167 167 167 167 167 167 155 155 93 93 93 93 93 105 93 94 52 52 42 42 65 48 48 10 10 10 10 
1002 1002 966 966 836 836 836 836 836 934 934 934 885 885 885 896 896 896 885 856 856 856 833 833 815 815 816 816 809 722 722 722 722 769 724 724 724 724 724 724 724 675 696 696 696 696 669 669 670 566 661 566 566 566 566 566 566 566 566 566 566 453 453 536 536 552 453 453 505 513 513 444 498 444 444 444 444 320 320 320 438 354 354 270 270 390 390 390 355 355 355 355 310 318 318 318 309 309 262 280 280 280 262 243 243 243 243 228 228 155 155 215 155 155 155 155 155 155 155 155 93 93 93 93 93 93 93 93 42 42 52 42 42 65 48 48 10 11 11 11 
1002 1002 1002 966 836 836 836 836 836 836 836 935 885 885 885 896 885 885 885 856 856 857 833 833 833 809 809 809 809 722 722 722 722 769 769 724 724 724 724 724 675 675 696 696 696 696 669 669 566 566 566 566 566 566 566 566 566 566 566 566 566 579 453 536 536 453 453 453 505 444 444 444 444 444 391 391 391 448 448 320 320 354 354 390 390 390 390 390 355 355 355 355 310 318 318 318 309 309 262 280 280 280 262 266 228 228 228 228 124 124 124 124 124 124 189 189 155 155 160 160 93 93 115 115 115 115 115 42 42 42 52 42 42 42 49 49 10 10 11 11 
1002 1002 1002 966 966 966 966 966 836 836 836 836 885 885 885 885 885 897 836 836 836 836 833 833 833 809 722 722 810 722 722 722 770 770 770 724 724 724 675 675 675 675 675 675 675 675 675 669 566 566 566 566 566 566 566 566 625 566 566 566 566 566 453 453 453 453 519 453 505 444 444 444 444 490 391 391 391 448 448 448 320 320 320 320 390 390 390 390 355 355 355 356 310 310 310 310 245 245 262 262 262 262 262 266 228 244 244 124 124 210 210 124 124 124 124 124 160 160 160 161 93 93 115 115 128 115 115 42 42 42 52 42 42 42 42 42 42 10 12 12 
1002 1002 996 996 956 956 967 967 956 944 944 836 836 836 836 836 836 836 836 848 848 836 836 836 809 809 722 722 722 722 765 765 765 770 770 724 724 751 675 675 725 675 675 675 697 697 675 669 677 566 566 566 566 566 566 566 566 566 586 586 586 566 566 566 519 519 519 453 453 453 453 491 491 391 391 391 391 391 391 391 430 430 320 320 320 320 325 325 355 355 355 356 349 310 310 310 245 245 303 245 245 245 245 245 228 228 228 124 124 210 210 209 209 129 129 124 160 160 160 161 93 93 93 128 128 42 42 42 42 42 42 42 42 42 42 27 27 10 10 13 
1012 1002 996 996 956 956 956 956 956 944 944 867 867 867 867 867 867 886 886 848 848 836 836 836 809 809 722 722 722 722 765 765 765 765 765 765 724 724 675 675 675 675 675 675 675 675 675 669 669 631 631 631 631 631 631 566 566 616 586 580 580 580 566 566 519 519 514 514 514 514 453 453 491 391 391 391 391 391 391 391 430 430 320 320 320 320 325 325 325 325 325 325 349 310 310 310 310 245 303 245 284 281 245 245 251 251 228 228 124 210 210 210 210 129 129 124 160 160 161 161 93 93 93 128 42 42 42 42 42 42 42 55 55 55 55 27 27 27 10 10 
1012 1002 1002 956 956 956 956 956 867 867 867 867 867 867 917 867 867 886 886 848 866 836 836 836 836 809 809 809 722 722 794 765 765 745 745 745 758 724 675 675 675 706 706 706 675 675 675 669 669 631 659 659 631 631 631 631 586 586 586 580 580 545 545 559 559 519 514 514 514 514 514 453 491 491 477 477 391 391 391 391 391 391 320 320 408 320 325 325 325 325 325 325 325 325 325 325 310 245 245 245 245 281 245 251 251 252 228 228 124 210 222 129 129 129 129 124 124 124 161 161 93 93 93 42 42 42 42 95 95 42 42 55 66 66 27 27 27 27 10 10 
1012 1002 1002 956 956 956 975 956 867 867 867 867 867 867 867 867 898 898 848 848 866 836 836 722 722 722 722 722 722 801 794 794 745 745 771 745 745 745 745 734 698 698 704 704 704 669 669 669 678 631 631 631 650 586 586 586 586 586 586 580 580 545 545 559 559 519 519 519 519 519 453 453 491 491 477 477 391 391 453 415 415 391 391 408 408 320 325 325 325 325 325 325 325 325 325 325 310 310 245 245 245 281 245 251 251 252 228 228 124 210 222 129 129 129 129 124 124 124 124 124 124 124 124 42 42 42 116 42 42 42 55 55 66 66 27 27 27 31 10 10 
1002 1002 956 956 956 956 975 956 910 910 867 867 867 867 867 909 898 899 848 848 848 858 848 722 821 821 821 722 722 795 795 795 745 772 752 752 752 752 734 734 698 698 704 704 704 669 669 586 586 631 631 631 650 586 617 617 617 545 545 545 545 545 545 545 559 519 519 520 520 520 453 453 453 453 453 453 453 453 453 415 415 415 391 320 320 320 325 325 325 325 325 357 325 325 325 325 310 310 245 245 245 281 245 263 263 228 228 228 124 210 129 129 129 129 124 124 124 129 129 129 156 146 124 124 124 42 42 42 42 42 55 55 66 66 27 27 27 27 27 10 
1002 1002 956 956 956 956 956 956 910 910 867 867 867 867 867 867 867 867 867 878 848 848 848 722 821 821 722 722 722 795 795 795 745 772 752 752 752 752 734 734 698 698 698 698 698 698 669 586 586 586 631 631 586 586 617 617 617 545 545 595 545 545 545 545 559 545 545 520 520 492 492 492 492 466 466 466 466 453 453 415 415 415 391 320 320 320 325 325 325 325 325 325 325 267 267 267 311 311 245 245 245 245 245 263 263 228 228 228 124 129 129 216 129 129 124 124 124 129 168 129 156 146 129 129 124 124 107 107 96 68 68 67 67 67 56 43 43 28 28 10 
997 997 997 997 910 910 910 910 910 910 910 910 910 910 867 867 867 867 867 878 848 848 722 722 837 722 722 722 722 795 722 745 745 772 772 752 752 752 734 734 698 698 698 698 698 698 669 586 662 586 586 586 586 644 596 596 617 617 545 545 545 574 545 545 559 545 481 481 481 492 492 492 492 466 467 467 467 460 415 415 415 415 391 391 409 320 320 320 320 320 320 325 325 267 333 267 311 311 285 285 285 245 245 263 263 228 228 124 124 129 190 190 190 190 190 190 129 129 168 129 146 146 129 129 129 107 107 108 96 68 68 67 56 56 56 43 28 28 10 10 
997 997 997 997 910 910 910 910 910 925 925 910 910 910 867 867 867 887 887 867 867 722 722 722 722 722 722 722 722 722 722 745 745 745 773 734 734 734 734 735 698 698 669 669 669 669 669 586 662 662 662 586 586 596 596 596 626 596 596 545 545 574 574 545 559 545 481 481 481 481 492 492 492 492 460 460 460 460 415 439 439 410 410 391 391 391 391 391 320 320 320 320 267 267 267 267 319 285 285 285 285 245 245 263 263 245 245 124 124 129 129 129 129 129 129 191 129 168 168 129 146 146 129 68 68 107 68 68 96 68 68 74 56 57 57 43 28 28 10 14 
997 997 998 998 910 910 910 910 910 925 925 925 930 910 910 910 867 867 867 867 722 722 722 722 822 822 722 722 722 745 745 745 745 745 773 734 734 734 734 717 717 717 669 707 691 691 691 586 662 662 596 596 596 596 596 596 596 596 596 545 545 545 545 545 559 545 546 481 529 481 481 460 460 460 460 460 460 461 415 415 415 410 410 410 410 383 383 383 383 369 369 320 267 267 267 319 319 285 285 285 285 245 245 245 245 245 124 124 124 223 223 124 124 124 129 129 129 129 169 129 129 129 129 68 68 68 68 68 68 68 68 74 56 57 57 43 43 10 10 14 
957 957 998 998 957 957 957 957 957 925 925 925 925 925 868 868 888 888 888 849 722 722 722 822 822 822 822 745 745 745 745 745 745 745 745 745 746 734 734 717 717 717 669 707 691 586 586 586 662 662 596 596 596 596 596 632 596 596 596 596 545 545 545 545 545 545 546 481 481 481 481 499 499 460 460 468 383 383 449 449 415 415 415 415 383 383 395 383 383 369 370 320 267 267 267 267 267 267 285 285 285 253 253 253 253 253 124 236 124 124 124 124 211 124 198 129 129 129 169 129 129 68 68 68 125 125 117 68 68 68 68 74 56 56 56 43 43 10 10 10 
957 957 957 957 957 957 957 958 958 925 925 936 868 868 868 868 868 889 889 849 849 859 822 822 838 822 823 745 745 745 745 745 745 745 774 745 746 746 746 717 718 718 669 691 691 586 586 586 586 671 663 596 596 596 596 596 596 596 567 567 545 567 567 567 545 545 478 478 481 481 481 499 499 481 481 468 468 383 449 422 422 422 422 383 383 395 395 369 369 369 370 320 267 267 267 267 267 267 267 253 253 253 273 253 253 254 124 124 124 211 211 211 211 124 198 184 184 179 147 147 147 68 117 117 117 117 117 68 68 68 68 10 10 10 56 43 43 10 10 10 
957 957 957 986 986 957 957 954 954 954 926 926 868 918 918 868 868 889 879 879 849 822 822 838 838 822 823 745 745 745 745 745 785 745 745 745 747 747 747 717 717 669 669 691 691 691 586 586 586 663 663 596 651 596 596 596 596 567 567 567 567 567 575 478 478 478 478 478 481 481 481 481 481 481 482 383 383 383 449 422 422 383 383 383 395 395 369 369 371 371 320 320 350 267 267 267 267 312 267 253 253 253 253 253 229 229 229 124 124 211 211 211 124 124 198 184 179 179 147 162 147 68 117 117 117 97 97 97 97 68 68 10 10 10 10 10 10 10 10 10 
957 957 957 957 957 957 968 954 954 954 926 926 868 918 918 868 868 879 879 849 849 822 838 838 822 822 745 745 802 802 745 785 785 745 747 747 747 753 586 586 717 669 669 669 669 669 586 663 663 663 664 596 651 596 596 596 596 567 587 567 567 478 478 478 478 478 478 478 481 481 481 481 481 481 482 383 383 383 383 383 383 383 369 369 369 369 369 371 371 371 320 320 350 320 320 320 320 267 267 297 267 267 267 267 229 229 229 229 229 211 211 211 124 124 124 184 179 179 147 162 147 68 130 130 130 97 97 10 10 10 10 10 10 10 10 10 10 15 10 10 
987 987 987 987 987 968 968 954 959 926 926 926 868 919 919 868 868 879 879 849 849 822 838 822 822 829 745 802 802 803 745 745 786 745 747 747 747 747 586 586 717 717 669 669 669 669 586 663 663 663 664 596 596 596 596 596 596 567 587 567 567 581 478 478 478 478 478 478 530 478 478 506 478 478 482 478 383 383 431 431 431 431 369 369 411 399 343 343 343 371 371 320 320 320 334 320 320 267 267 267 267 267 267 267 229 229 142 142 230 211 211 217 124 124 124 124 140 140 147 147 147 68 68 68 68 68 97 10 10 10 10 10 10 10 10 50 15 15 10 10 
987 988 988 988 988 968 976 954 954 926 945 868 868 919 919 868 868 868 879 879 849 822 822 822 839 829 745 759 759 759 759 745 786 745 747 747 747 747 586 586 586 586 586 586 586 586 586 663 663 663 636 636 567 567 567 567 627 567 587 597 587 560 560 478 478 478 478 478 530 478 478 478 478 478 482 478 369 369 431 369 369 432 369 369 411 399 343 343 343 372 372 320 320 343 321 321 321 229 229 229 286 267 267 267 229 229 142 142 142 217 217 217 124 124 192 124 140 140 140 147 147 147 118 118 118 68 68 68 10 10 10 75 10 10 10 50 15 15 10 10 
987 987 987 987 987 968 968 968 954 926 926 868 868 919 919 869 869 868 868 868 849 849 849 844 829 829 745 759 759 759 745 745 786 745 719 719 719 719 719 719 726 679 679 586 586 679 679 663 663 663 636 636 567 567 567 567 627 567 587 587 587 560 560 560 560 478 478 478 478 478 478 500 500 478 478 478 369 369 369 369 369 369 369 384 384 399 343 343 343 343 343 343 343 343 321 322 322 229 229 229 229 229 229 229 229 229 237 237 142 217 217 217 201 201 192 192 140 140 140 140 140 140 118 118 118 118 118 68 10 10 10 10 10 58 58 15 15 15 10 10 
1013 987 987 987 987 968 968 969 954 954 926 926 868 868 920 869 869 890 890 868 868 844 844 844 829 830 745 817 759 759 745 745 745 745 719 719 719 719 719 719 726 679 679 679 679 679 679 686 663 663 636 636 636 567 567 567 567 567 598 598 561 561 561 561 561 537 537 537 478 478 478 483 483 483 483 454 454 454 454 369 369 369 384 384 384 384 384 384 384 343 343 321 321 321 321 322 322 229 229 229 229 255 255 255 255 255 231 231 142 225 217 217 201 201 140 140 140 140 140 140 141 140 140 118 118 68 68 68 10 10 70 70 70 17 17 15 15 15 10 10 
1013 987 1003 968 968 968 968 969 937 937 937 926 926 926 860 860 869 869 869 869 869 844 844 845 829 829 745 817 759 759 759 759 775 775 775 719 719 705 719 719 726 679 679 687 687 687 679 679 679 652 652 652 636 636 636 537 537 537 598 598 561 561 561 561 537 537 538 483 483 483 483 483 483 483 454 454 469 369 369 369 369 369 384 384 384 384 384 384 321 321 321 321 351 321 321 326 287 287 287 287 287 255 255 255 256 256 231 231 142 225 217 217 142 142 140 140 140 140 141 141 141 141 77 77 77 68 68 68 85 85 70 70 17 17 17 15 15 15 15 15 
1013 987 1003 968 968 968 968 969 937 937 937 937 926 926 921 860 869 869 860 860 860 860 844 845 829 829 745 804 804 759 759 759 759 759 759 759 759 705 719 719 727 679 679 652 652 687 679 679 680 652 665 652 652 537 537 537 537 537 537 561 561 561 561 561 537 537 538 483 483 483 483 483 483 483 454 469 469 369 455 369 369 433 400 400 400 400 396 321 321 358 358 358 344 344 287 287 287 246 246 246 246 282 246 246 246 246 231 231 142 225 142 142 142 142 142 142 142 163 141 141 141 141 77 77 77 109 109 68 68 86 70 70 17 17 17 17 16 16 16 16 
987 987 1003 960 960 960 960 960 960 911 911 911 891 891 921 860 900 900 860 829 829 861 844 829 829 745 745 804 804 804 736 736 736 736 759 759 705 705 719 727 727 719 652 652 652 687 687 687 652 652 605 605 605 537 537 537 537 618 537 561 561 561 561 561 537 537 538 521 521 483 483 493 493 493 454 369 369 369 455 369 369 369 400 400 321 321 396 321 321 321 358 358 344 344 287 287 287 246 246 246 246 246 246 264 264 246 246 231 142 142 142 142 142 199 199 142 142 163 141 141 141 141 141 77 77 109 109 109 68 86 70 70 17 17 17 17 16 32 16 16 
987 987 987 960 960 960 960 911 911 911 911 911 891 891 921 860 860 860 860 829 829 829 844 829 804 804 804 804 811 805 736 736 736 736 759 759 705 719 719 727 719 719 652 652 652 687 687 688 652 666 605 605 605 537 537 537 537 537 537 537 537 537 576 537 537 539 538 521 521 521 515 493 493 454 454 369 369 369 369 369 369 369 400 400 321 396 396 321 321 321 373 359 287 287 287 287 287 313 246 246 232 232 232 232 232 246 246 231 231 142 142 142 199 199 142 142 185 163 163 163 142 142 142 77 77 77 110 68 68 68 68 76 17 17 17 33 16 16 16 17 
1011 1011 987 987 960 977 977 911 911 911 911 938 891 891 891 891 891 891 891 829 829 829 829 829 804 804 804 804 805 805 736 736 736 736 776 705 705 719 719 719 719 652 652 652 652 652 652 652 652 666 666 605 605 605 605 628 628 537 537 537 582 537 537 537 537 539 538 538 521 521 515 493 493 454 484 369 369 400 400 400 400 400 400 321 321 396 396 321 321 359 359 359 287 287 287 287 287 287 298 298 232 274 274 232 232 232 232 232 232 142 142 142 142 142 142 142 142 142 142 142 142 77 77 77 77 77 110 68 68 68 68 68 68 68 17 33 33 33 17 17 
1004 1004 1004 987 960 960 978 927 927 939 911 911 911 911 911 911 829 829 829 829 829 829 829 829 829 804 812 812 805 805 736 736 736 736 776 705 705 705 705 705 728 652 652 652 652 652 652 652 672 562 562 562 562 562 605 605 605 605 537 537 582 582 537 537 537 539 539 539 454 454 515 454 454 454 484 369 369 400 400 440 440 400 400 321 321 401 321 321 321 359 335 335 335 345 335 323 323 287 298 298 232 232 232 232 232 232 218 218 233 218 218 218 142 142 142 142 170 170 170 142 142 77 77 77 77 77 110 110 68 68 81 59 59 59 17 17 17 17 17 18 
1004 1004 987 987 927 980 927 927 927 939 939 939 912 912 829 829 829 901 880 880 870 829 829 829 829 804 804 812 812 805 736 736 736 736 736 766 705 705 748 705 705 705 714 681 681 652 652 652 672 562 562 562 562 562 562 562 562 605 605 531 531 531 568 537 537 539 539 531 531 454 454 454 454 454 304 304 304 462 304 304 304 304 416 416 321 321 321 385 385 335 335 360 335 335 335 323 323 287 298 298 232 232 232 232 232 218 218 218 218 218 218 218 142 142 142 170 170 171 171 136 136 148 143 77 77 98 98 98 98 59 59 59 71 59 59 18 18 18 18 18 
1004 1004 987 987 927 927 927 970 927 927 927 927 912 912 829 829 829 829 880 870 870 804 804 804 840 804 804 812 812 805 737 737 737 737 736 736 754 754 729 729 729 705 714 681 681 652 652 652 672 672 562 645 645 645 562 562 562 562 606 531 531 531 568 568 531 531 531 531 494 494 494 494 494 494 304 304 304 304 304 304 304 304 304 304 377 377 377 385 385 335 335 335 335 335 299 299 323 287 287 287 287 275 275 257 257 218 247 238 218 218 218 218 142 202 142 170 170 171 136 136 136 136 143 136 77 98 98 77 77 59 59 59 71 18 18 18 34 34 18 18 
1004 1004 987 987 970 970 970 970 927 927 927 927 931 912 829 829 829 829 880 870 871 804 804 804 804 804 805 805 805 805 737 737 737 737 737 736 736 736 729 729 729 705 714 681 681 681 652 652 652 652 562 562 562 562 562 562 562 562 494 494 494 531 531 531 531 531 531 540 494 507 507 507 494 494 304 304 470 304 304 304 304 423 423 304 304 304 377 377 377 377 304 304 304 299 299 299 314 314 287 287 287 275 275 257 257 218 218 238 218 218 218 218 142 142 142 193 170 170 136 157 157 136 136 136 77 77 77 77 77 59 59 59 18 18 18 18 34 34 18 18 
987 987 987 970 970 981 902 902 902 902 927 927 927 912 912 912 872 872 870 870 871 804 804 804 804 804 804 804 760 760 760 796 760 760 737 736 736 736 736 736 705 705 714 705 705 681 652 652 652 652 652 652 653 633 633 633 562 562 494 599 494 494 531 531 494 494 494 494 494 507 507 508 304 304 304 463 304 304 304 304 304 423 423 412 412 304 304 304 304 378 304 361 304 299 336 299 314 314 299 299 275 275 275 257 257 257 218 218 218 218 218 119 119 119 200 136 136 136 136 136 119 119 119 119 131 77 77 87 77 77 77 77 18 18 18 18 18 18 18 19 
987 987 987 970 970 970 902 902 902 902 927 927 927 927 913 913 872 872 870 870 870 804 850 804 804 804 804 804 760 760 760 760 760 760 737 737 755 755 749 737 705 708 708 705 705 681 681 681 681 652 652 652 633 633 633 633 562 562 607 562 562 494 494 494 494 522 494 494 532 507 507 304 304 304 304 463 304 304 304 304 304 434 412 412 362 362 362 362 304 304 304 361 304 299 336 299 299 314 299 275 275 268 268 268 119 119 119 119 119 119 119 119 119 119 200 136 136 136 136 136 119 119 119 119 119 119 119 87 87 77 77 78 18 18 18 18 18 18 18 19 
999 987 987 987 970 970 902 902 902 902 902 902 902 913 913 913 872 872 870 870 870 804 804 804 804 804 804 804 760 760 760 760 760 760 777 737 755 755 749 737 705 708 708 708 705 633 633 681 681 652 652 652 633 637 637 562 562 562 562 562 562 562 562 562 562 522 522 522 522 522 304 304 304 304 304 463 463 463 304 304 441 412 412 417 362 362 362 361 361 304 304 361 304 299 299 327 299 299 299 275 275 268 268 268 119 119 119 119 119 119 219 219 119 194 194 194 136 136 136 119 119 119 119 99 99 99 99 99 87 87 51 51 18 18 18 18 44 19 19 19 
999 987 987 987 970 970 902 902 946 946 946 902 902 913 913 913 872 872 872 870 870 804 804 804 804 804 804 818 760 760 760 760 760 777 777 737 737 737 749 737 705 708 705 705 705 633 633 633 633 633 633 633 633 633 633 562 619 619 562 562 562 562 562 569 547 547 547 522 522 522 304 304 304 304 304 412 412 412 412 441 441 412 412 412 412 362 362 361 361 361 361 361 304 346 304 304 304 299 299 275 275 119 119 119 119 119 119 119 119 119 219 119 119 194 194 194 136 136 136 119 149 149 99 99 99 99 120 99 99 51 51 51 51 51 51 51 44 19 19 19 
999 999 999 999 970 970 902 902 946 946 947 902 902 902 902 902 902 902 872 872 872 804 804 804 804 804 804 818 760 760 797 797 760 760 760 760 760 737 737 737 705 705 705 705 705 633 633 633 667 667 667 633 633 633 633 562 562 562 562 562 562 562 562 569 547 547 547 522 522 522 304 304 485 485 485 412 412 412 412 412 412 412 412 412 412 362 362 362 362 362 362 362 304 304 304 328 304 304 304 275 275 119 119 119 119 119 119 119 119 119 219 119 119 119 119 119 119 119 119 119 149 149 99 99 99 99 99 99 100 51 51 51 51 51 44 44 44 19 19 20 
