977 977 972 919 919 919 929 929 929 929 872 872 872 872 872 872 872 872 831 831 831 709 709 709 709 709 809 782 782 782 763 763 763 753 753 692 692 692 692 692 707 692 692 643 643 643 643 643 643 643 572 572 572 572 572 572 572 572 572 572 481 481 481 481 481 481 481 481 481 481 495 495 481 481 381 381 381 381 381 425 425 425 381 381 381 381 387 344 344 344 313 313 313 313 313 313 313 239 239 239 239 239 195 195 195 195 246 164 164 164 164 202 202 164 164 164 164 164 164 1 1 1 1 109 109 109 1 1 1 31 31 31 31 31 31 31 31 1 1 1 
972 972 972 919 919 919 929 929 929 929 872 872 872 872 872 872 872 831 831 831 831 709 709 709 709 709 709 799 709 709 763 763 763 753 753 692 692 692 723 692 707 692 692 643 680 643 643 643 643 643 572 572 572 572 572 572 573 573 573 573 481 549 549 481 481 507 507 507 507 481 481 481 481 482 381 381 381 381 381 381 381 381 381 381 381 381 344 344 344 344 313 313 239 239 239 239 239 239 301 239 239 239 195 195 195 195 195 164 164 164 164 164 164 164 170 170 173 170 1 1 140 140 1 1 1 1 1 95 1 31 31 60 60 31 31 31 31 1 2 2 
972 972 972 919 919 919 919 919 919 919 919 872 872 872 872 872 872 831 831 831 831 831 836 709 709 791 709 709 709 709 709 753 753 753 753 692 692 692 692 692 692 692 692 643 643 643 643 643 643 643 627 627 572 572 481 481 481 481 481 481 481 523 523 481 481 507 507 507 507 507 482 482 482 482 459 459 459 439 439 439 411 411 411 381 381 381 344 344 344 344 352 313 239 239 239 239 239 239 285 285 285 239 239 267 264 195 195 164 164 164 164 164 195 195 170 170 170 170 1 1 140 119 119 1 1 84 84 84 1 1 60 60 61 31 31 38 1 1 2 3 
972 972 972 919 919 867 867 867 937 867 867 867 867 867 867 867 867 873 831 831 831 831 836 791 791 791 709 709 709 709 709 753 753 753 753 692 692 730 692 692 692 692 602 602 602 602 643 643 643 627 627 592 592 592 481 481 481 481 481 481 523 523 523 481 481 523 523 482 482 482 482 482 482 459 459 459 459 439 439 439 411 411 411 381 381 381 363 363 363 344 344 313 338 313 313 239 239 239 285 285 268 268 239 239 264 195 195 195 210 210 210 210 195 196 170 170 171 171 1 1 140 119 119 119 119 62 62 84 84 1 1 1 1 31 31 1 1 2 2 3 
919 919 919 919 919 867 867 867 937 867 882 882 882 882 889 867 867 873 831 831 831 831 836 791 791 791 800 800 709 709 709 754 754 754 754 738 738 715 715 692 692 692 602 602 602 602 643 643 592 592 592 592 592 592 481 481 481 481 580 481 481 481 523 523 523 523 524 482 482 482 482 490 490 459 459 459 439 439 439 439 411 411 411 381 381 381 363 363 363 363 344 313 313 313 309 309 309 239 239 239 268 268 239 239 264 247 247 195 195 222 210 210 195 189 189 171 171 172 1 140 140 62 62 62 62 62 62 62 62 62 62 62 1 1 1 1 4 2 2 2 
919 867 867 867 867 867 867 867 867 867 882 882 882 882 882 867 867 867 867 831 837 837 837 791 791 791 791 801 709 709 709 709 738 738 738 738 715 715 715 692 708 692 693 602 602 673 658 658 592 592 592 628 592 592 600 481 481 564 564 564 564 481 481 524 523 523 524 519 482 482 482 426 426 476 476 439 439 430 430 440 411 411 411 381 381 381 381 363 363 363 344 344 239 239 309 324 309 309 239 239 286 268 239 239 239 247 195 195 195 195 195 195 195 189 189 171 174 1 1 1 147 62 62 62 110 85 85 62 62 62 62 62 62 4 4 4 4 2 2 2 
919 919 867 867 954 867 867 906 906 930 882 882 882 882 882 882 831 831 831 831 837 837 810 810 810 810 791 791 709 709 709 709 738 745 745 745 715 715 715 692 708 692 602 602 602 602 658 659 592 592 592 592 592 592 600 600 564 564 581 481 481 481 481 524 524 524 524 519 482 482 482 426 426 476 477 439 439 430 430 430 430 411 411 411 364 364 381 381 239 239 239 345 239 239 309 309 309 309 239 294 286 268 268 268 239 239 195 195 195 195 217 195 195 171 171 171 174 1 1 1 147 62 62 62 110 110 85 62 62 62 62 62 62 4 18 18 18 18 18 4 
919 919 867 867 954 920 920 906 906 906 906 882 882 882 883 883 831 837 837 837 837 837 810 810 810 810 810 791 709 709 738 738 738 745 745 715 715 715 715 692 692 692 602 602 602 602 658 659 592 592 592 592 592 592 592 601 564 564 581 481 536 536 536 536 536 519 519 519 482 482 426 426 426 476 439 439 439 430 430 430 430 411 411 411 364 364 364 364 364 364 239 239 239 239 239 239 239 309 239 294 286 268 268 268 239 239 239 239 203 203 203 203 203 171 171 171 174 1 1 147 147 141 85 85 85 85 85 62 80 80 62 26 26 4 18 18 18 18 18 4 
919 919 867 867 954 920 920 906 906 906 906 906 906 883 883 831 831 837 837 810 810 810 810 810 810 635 635 791 791 709 709 709 709 745 745 715 715 715 715 715 709 602 602 602 602 602 658 592 592 644 602 602 612 612 592 592 592 564 564 564 536 536 536 519 519 519 525 426 426 426 426 426 426 476 439 457 457 457 430 430 430 411 411 411 364 398 373 373 373 353 353 239 239 325 325 325 239 239 239 294 286 268 268 268 239 239 239 203 203 203 203 203 204 171 174 174 174 1 1 111 111 141 85 85 85 85 85 62 62 62 62 26 26 4 4 4 4 4 4 4 
978 978 939 939 954 920 920 920 920 920 920 883 883 883 890 831 831 831 831 810 851 810 810 821 821 635 635 635 635 709 709 709 709 709 709 715 709 709 709 709 709 602 658 658 658 658 658 592 592 602 602 602 602 602 602 536 536 536 536 536 536 536 536 519 519 525 525 426 426 426 426 426 491 426 426 426 426 426 426 426 426 426 411 411 364 364 373 373 373 353 354 239 239 325 325 325 302 302 302 286 286 268 268 258 258 258 248 203 203 203 171 171 171 171 174 174 174 111 111 111 111 111 111 130 85 85 85 96 62 62 75 26 26 4 4 39 26 26 4 4 
978 978 939 939 954 954 951 920 920 920 920 883 890 890 890 868 868 874 831 810 810 846 821 821 822 635 635 635 635 709 774 709 635 635 709 715 709 731 700 700 602 602 602 602 602 602 660 660 592 602 634 629 602 602 602 536 536 536 536 536 565 519 519 519 519 525 525 426 426 426 426 426 426 426 426 426 364 364 431 431 431 364 364 364 364 364 353 353 374 353 354 239 239 325 325 325 302 286 286 286 272 272 272 258 258 248 248 171 171 171 171 211 171 171 174 174 174 111 111 97 97 97 111 111 111 111 85 85 85 68 68 68 26 26 26 39 26 5 5 5 
978 978 939 951 951 951 951 920 938 920 920 883 890 890 868 868 868 874 831 856 810 846 821 821 821 815 635 635 635 709 709 709 635 635 709 709 709 731 700 700 602 602 602 690 681 602 602 602 602 602 634 629 602 602 602 602 519 519 519 565 565 519 519 519 525 525 525 426 426 426 467 467 467 467 467 467 364 364 364 364 364 364 353 353 353 353 353 353 353 353 354 314 314 325 325 326 302 286 286 286 272 279 248 248 248 248 171 171 211 211 211 211 149 149 149 149 175 111 111 97 148 97 111 111 120 97 97 97 86 68 68 53 53 53 26 26 26 5 5 5 
979 979 939 939 939 868 868 920 920 920 883 883 868 868 868 868 868 874 831 831 810 810 830 830 821 815 635 635 635 783 775 635 635 635 635 635 731 731 700 700 602 602 690 690 681 634 634 634 634 634 634 629 519 519 519 603 519 519 519 519 519 519 519 519 525 525 525 426 426 426 467 467 467 467 467 467 364 364 364 364 364 353 353 353 353 388 388 354 354 354 354 314 314 314 314 326 302 302 303 286 272 272 248 248 171 171 171 240 211 211 149 149 149 149 149 149 175 86 86 97 97 97 97 97 97 97 86 86 86 53 53 53 27 27 27 6 6 6 6 6 
979 979 939 939 939 868 868 868 868 868 883 883 868 868 868 868 868 868 868 831 831 810 810 810 821 815 635 635 635 635 775 635 635 635 635 635 731 731 700 700 700 700 690 690 681 634 634 645 634 634 629 629 519 593 519 519 519 519 519 519 559 520 520 520 520 520 525 426 501 501 501 467 467 483 467 467 364 364 353 353 353 353 417 354 354 354 354 354 354 354 354 314 314 335 314 314 314 302 303 286 286 272 272 248 171 212 212 240 211 211 149 149 149 190 190 149 149 149 86 157 97 97 86 86 97 97 86 87 87 53 53 53 27 27 27 6 6 7 7 7 
979 979 966 966 939 868 921 921 921 868 868 868 868 857 857 857 857 857 869 857 831 810 810 810 815 815 746 746 792 635 635 635 635 635 635 635 681 732 700 700 700 700 690 690 681 674 634 645 645 645 629 630 519 593 593 519 519 519 519 519 559 520 520 520 520 520 520 426 501 501 501 467 467 483 467 467 364 364 353 354 354 427 354 354 399 399 354 354 354 314 314 314 314 335 314 314 302 302 171 171 286 171 171 248 171 212 212 240 149 149 149 149 149 181 181 181 149 149 86 86 86 86 86 86 86 112 86 76 76 76 76 32 32 27 27 40 6 7 6 6 
966 966 966 939 939 868 921 921 921 921 921 857 857 857 857 857 857 857 857 857 831 810 810 810 815 815 746 746 792 635 635 635 635 635 635 635 681 681 681 716 681 681 681 681 681 674 634 661 645 645 629 629 519 519 593 519 519 519 519 519 559 559 520 520 520 531 520 426 501 426 426 467 467 483 353 353 353 353 353 354 354 354 354 383 383 383 389 354 354 314 314 314 339 171 171 171 302 302 171 171 171 171 171 171 171 212 212 240 149 149 149 149 149 181 181 181 149 149 149 149 149 88 88 88 86 86 86 76 76 54 54 32 32 27 40 40 6 6 6 6 
980 980 939 939 960 868 922 922 922 922 922 857 857 857 857 857 857 875 815 815 831 831 831 831 815 815 746 746 746 635 635 767 635 635 635 635 635 635 681 681 681 701 694 674 674 674 634 661 645 645 618 629 618 519 593 604 519 519 519 519 559 559 520 520 520 520 520 426 426 426 447 447 447 353 353 353 353 353 353 354 354 354 354 383 383 383 389 314 375 314 314 339 339 171 171 171 302 302 171 212 212 212 212 212 265 212 212 212 212 149 149 212 88 88 181 181 149 149 149 149 150 88 88 88 104 104 104 98 54 54 54 32 32 27 27 41 6 6 6 6 
980 980 939 939 960 868 868 868 868 868 923 857 857 857 857 857 875 875 815 815 815 815 815 815 815 816 746 746 746 635 635 767 635 637 637 637 637 635 635 635 694 694 694 674 634 634 634 661 646 646 618 618 618 519 593 593 593 519 519 520 520 520 520 520 520 520 508 514 514 447 447 447 447 353 353 353 432 353 353 354 354 354 354 383 383 383 314 314 365 365 314 339 339 171 171 171 171 171 171 212 212 212 223 212 212 212 212 212 212 212 212 212 88 88 88 88 88 88 88 88 88 88 88 88 88 88 88 98 54 54 54 32 32 32 27 41 6 6 6 8 
980 980 973 939 939 939 939 939 939 868 923 857 857 857 857 857 815 815 815 858 815 815 815 815 793 793 811 746 746 635 767 767 635 637 637 637 637 635 635 635 635 635 695 674 634 675 661 661 646 646 635 519 519 519 593 593 519 519 582 520 520 520 550 532 532 532 508 514 514 447 447 447 447 468 468 468 432 432 432 432 432 354 354 383 383 383 314 382 365 366 314 316 316 316 171 171 171 212 212 212 212 212 223 249 249 249 249 223 223 223 213 213 88 88 88 88 176 88 88 88 88 88 88 88 88 88 88 88 88 54 54 54 32 32 27 27 6 6 8 8 
980 980 973 939 939 939 939 939 868 868 857 857 857 857 857 815 815 870 870 858 784 784 784 793 793 793 793 802 746 635 767 635 635 637 637 637 637 724 724 637 637 635 635 674 634 661 661 635 635 635 635 519 613 613 519 519 519 588 582 520 520 520 520 532 532 532 508 508 508 508 447 447 447 447 447 447 447 447 367 367 367 367 418 367 367 383 314 314 365 314 314 316 316 316 171 171 171 212 212 212 213 213 223 223 223 223 223 223 213 213 213 214 131 131 131 88 176 88 88 88 88 142 88 88 88 88 48 48 54 54 77 54 32 32 32 27 27 27 8 8 
973 973 973 939 939 939 868 868 868 907 857 857 857 815 815 815 859 859 859 858 784 847 784 793 793 793 793 746 746 635 635 635 746 746 746 746 637 637 725 637 637 637 635 635 634 661 635 635 635 635 636 519 519 519 519 594 594 588 582 551 551 551 520 520 520 520 520 508 508 509 447 447 492 469 469 447 447 447 367 433 433 367 367 367 367 383 390 314 314 314 346 346 316 213 213 213 315 213 213 213 213 213 213 213 213 259 223 223 213 214 214 214 131 131 131 88 88 88 131 131 88 88 88 121 121 48 48 48 54 48 48 54 54 54 32 32 32 8 8 8 
973 973 961 961 961 868 868 940 940 907 907 907 907 815 815 815 784 784 859 859 784 847 784 793 793 793 793 746 746 746 776 746 746 726 726 726 739 637 725 637 702 637 637 635 682 635 635 662 605 605 605 605 619 594 594 594 582 582 582 551 551 551 551 521 521 521 520 520 478 478 478 478 478 469 469 469 447 447 367 367 367 367 367 367 367 383 383 383 314 314 346 346 316 316 316 213 213 213 304 213 213 266 266 266 213 213 213 213 213 214 214 214 131 131 131 131 131 131 131 131 131 131 121 121 121 48 48 48 48 48 48 48 63 48 48 8 8 8 8 8 
973 973 961 961 961 868 868 940 940 908 908 908 908 815 884 784 784 784 784 784 784 847 784 793 793 793 793 793 793 746 746 746 726 726 755 726 637 637 725 637 702 702 637 635 682 635 662 662 605 605 605 605 605 594 594 594 582 582 582 551 551 551 551 521 521 521 526 478 478 478 478 478 478 478 478 470 447 447 367 367 434 367 367 367 367 367 367 367 367 367 288 288 288 327 316 316 316 213 213 213 213 266 266 266 266 213 213 214 214 214 214 131 131 131 131 131 131 131 131 131 131 131 121 121 121 48 48 69 69 69 69 48 48 48 8 8 8 8 8 8 
961 961 961 967 868 868 868 940 940 908 908 908 908 815 884 784 784 784 860 860 847 847 784 784 784 784 784 784 784 784 768 768 726 726 726 726 637 637 637 637 710 637 637 635 635 635 662 648 605 605 605 605 605 594 594 594 595 574 574 574 560 560 542 542 521 521 521 478 478 478 478 470 470 470 479 470 447 447 367 367 367 367 367 367 367 367 367 288 288 288 288 288 288 327 332 316 316 213 213 213 213 266 266 241 241 250 250 214 214 214 214 131 131 131 131 131 131 131 158 158 131 131 131 131 48 48 69 69 69 69 69 69 48 48 8 8 8 8 8 8 
961 961 961 967 868 868 868 868 868 868 924 815 815 815 884 884 880 784 784 784 847 847 832 832 777 777 777 777 777 785 768 768 726 726 726 740 740 637 637 710 710 637 696 637 637 637 637 648 605 605 614 614 620 594 594 560 560 574 574 574 560 561 542 542 521 521 521 521 478 478 478 470 470 470 470 470 447 447 367 367 367 367 367 367 367 391 391 288 288 288 288 288 340 327 327 327 213 213 305 213 213 266 266 241 241 250 250 214 214 224 136 136 136 136 136 136 136 131 131 131 131 136 136 48 48 69 69 81 69 69 70 70 48 48 8 8 33 9 9 9 
868 868 868 868 868 868 868 868 868 868 924 815 815 898 815 815 880 784 784 784 847 847 832 777 777 777 777 777 777 785 777 726 726 726 726 726 726 726 726 683 683 637 637 637 676 676 637 648 648 605 614 614 614 614 594 560 560 560 560 560 560 561 521 521 521 521 521 521 478 478 496 496 441 441 441 460 460 447 447 367 367 355 355 367 367 355 355 355 288 288 288 288 288 327 327 328 213 305 305 213 287 241 241 241 241 241 241 241 228 136 136 191 191 191 191 182 136 136 165 136 136 136 48 48 48 48 99 81 81 81 70 9 9 9 8 8 9 9 9 9 
868 899 899 899 899 899 899 899 899 899 899 909 815 815 815 815 871 871 871 784 847 847 832 777 777 777 777 777 777 777 777 726 726 726 726 726 727 727 727 683 683 683 637 637 676 676 637 649 649 605 614 614 614 614 594 560 561 561 561 561 561 561 521 441 441 510 510 510 510 510 441 441 441 484 441 460 460 441 441 441 355 355 355 355 355 355 355 355 288 288 288 288 288 295 295 295 213 213 213 213 241 241 241 241 182 182 251 228 228 136 136 136 136 191 191 182 136 136 136 136 48 48 48 48 48 48 99 81 81 70 70 9 64 9 9 9 9 28 9 9 
868 899 899 899 899 899 899 899 899 931 899 909 909 815 815 815 871 871 784 784 847 847 832 803 803 803 803 803 777 777 778 747 747 747 747 747 711 711 728 683 683 683 697 677 677 677 637 649 649 605 614 614 614 614 594 560 560 560 566 566 566 521 521 441 441 510 510 510 441 441 441 441 441 484 441 460 460 441 355 355 355 355 355 355 376 376 376 376 376 288 288 288 295 295 333 295 295 295 295 295 241 241 241 241 182 182 182 182 136 136 136 136 136 182 182 182 136 136 136 48 48 48 48 48 48 48 99 99 89 70 9 9 64 9 9 28 28 28 9 9 
868 868 955 955 899 899 899 899 899 899 899 899 899 899 839 839 839 839 784 861 784 784 838 803 803 803 803 803 777 777 747 747 757 757 685 685 711 711 728 717 683 683 683 677 677 677 637 649 649 605 605 605 614 614 594 594 594 560 566 566 566 552 552 441 441 510 510 510 441 441 420 420 420 484 441 441 441 441 355 435 435 355 419 355 355 355 355 355 355 355 355 288 288 288 288 329 288 288 288 296 288 241 241 182 182 182 182 182 136 136 136 136 136 182 159 159 159 136 136 48 151 48 48 132 48 89 89 89 89 70 9 9 9 9 9 28 9 9 9 9 
982 868 955 955 899 899 899 899 899 899 899 899 899 899 839 839 839 839 784 784 784 784 784 784 784 817 803 803 786 786 747 747 685 685 685 685 711 711 717 717 683 703 683 683 678 678 637 637 637 637 637 605 614 614 594 594 594 560 560 560 566 552 552 441 441 441 510 510 441 441 420 420 420 484 420 420 448 448 355 355 355 355 400 400 400 400 384 384 355 355 347 347 288 288 288 329 288 310 288 288 288 182 182 182 182 182 182 182 229 136 136 136 136 182 159 183 159 159 159 48 151 48 48 48 48 89 89 100 70 70 55 55 55 55 9 9 9 10 10 10 
982 868 955 955 899 899 899 899 899 899 899 899 787 787 787 787 787 839 784 784 852 784 784 833 784 784 804 804 786 786 747 747 685 748 748 685 685 711 717 717 683 683 683 683 678 678 668 638 638 638 638 605 605 605 594 594 594 560 560 560 566 441 441 441 537 441 441 441 441 420 420 420 420 420 420 420 420 448 448 355 355 428 400 400 400 384 384 368 368 368 347 347 288 288 288 329 288 310 288 288 289 182 182 182 182 252 252 182 182 182 182 182 182 182 159 183 159 159 159 48 48 48 133 133 89 89 89 100 65 65 55 56 56 56 34 34 10 10 10 10 
982 868 955 955 955 899 899 899 899 899 900 900 787 787 891 787 787 839 839 839 839 839 839 784 823 784 804 804 685 685 685 685 685 748 748 748 685 711 711 711 711 683 683 683 683 668 668 638 638 638 544 544 544 605 594 594 596 560 560 560 441 441 553 441 441 441 441 515 515 420 420 420 420 420 471 471 420 420 420 420 420 420 400 400 404 384 392 368 368 368 347 347 330 330 288 288 288 288 288 288 280 280 143 143 143 143 143 182 182 225 143 143 143 197 159 159 159 159 159 159 152 65 65 65 89 65 65 65 65 65 55 55 55 55 34 34 10 10 19 11 
982 868 955 955 955 955 899 899 899 899 900 900 787 787 891 787 840 840 840 839 839 839 839 784 823 784 804 804 685 749 749 685 685 748 748 749 685 685 685 685 712 683 683 684 684 668 668 638 638 638 544 544 544 605 605 605 554 554 554 554 441 441 441 441 441 441 441 515 384 384 502 471 471 471 471 384 384 384 384 384 420 420 400 400 404 384 384 368 368 369 347 348 330 330 330 288 288 288 288 288 280 280 143 143 143 143 143 143 230 143 143 215 143 143 143 159 159 166 166 152 152 65 65 65 65 65 101 101 65 65 42 42 55 55 34 34 34 10 11 11 
868 868 955 955 956 956 899 899 932 932 900 900 787 787 787 787 840 840 840 839 839 839 839 784 784 784 794 794 685 749 749 685 685 749 749 749 704 704 704 685 685 685 685 685 638 638 638 638 650 638 544 544 544 544 544 544 554 554 554 554 554 554 554 441 441 527 384 384 384 384 384 471 471 471 384 384 384 384 384 384 420 420 420 384 384 401 384 368 368 347 347 341 330 330 330 330 253 253 253 253 253 280 143 143 143 143 253 143 143 143 143 143 198 198 143 159 159 166 166 152 152 143 65 65 113 113 65 65 65 82 42 42 42 42 42 42 10 10 11 12 
868 974 955 955 932 932 932 932 932 933 900 900 900 900 787 787 881 840 840 840 840 839 839 784 784 784 794 794 685 749 749 749 749 749 685 685 704 704 704 718 704 704 685 685 638 638 638 638 638 638 544 544 544 544 544 544 544 554 554 575 554 554 555 441 441 527 384 384 384 384 384 497 384 384 384 384 384 384 384 442 384 384 384 384 384 384 384 368 368 347 347 341 341 330 330 253 253 253 253 290 253 253 253 143 143 253 253 242 143 226 143 143 198 198 143 159 143 143 166 143 143 143 65 65 113 113 65 65 65 82 42 42 42 10 10 10 10 11 11 12 
868 974 974 932 932 952 952 932 932 933 900 900 787 787 787 787 787 840 840 840 840 840 840 784 784 784 784 794 685 685 685 685 685 685 685 685 704 704 704 704 704 705 685 685 685 631 631 631 631 631 631 631 544 544 597 597 544 544 544 575 543 543 527 527 527 527 384 384 384 384 384 384 384 384 384 384 384 449 449 384 384 421 421 356 356 356 356 356 356 347 347 341 341 253 253 253 317 253 253 290 290 273 253 253 253 253 242 242 143 143 143 143 198 198 143 143 143 143 143 143 65 65 65 113 113 113 65 65 65 65 42 42 42 10 10 10 10 11 11 11 
868 974 974 932 962 900 900 900 900 900 900 900 787 787 787 787 787 787 787 787 787 848 787 787 784 784 784 794 769 769 769 685 685 750 685 685 729 729 704 704 705 705 547 547 631 631 651 651 651 621 621 621 621 544 597 597 544 544 544 544 543 543 527 527 527 384 384 384 384 384 384 384 384 384 384 384 384 384 384 384 405 405 405 356 393 393 393 356 356 356 356 341 341 253 253 253 253 253 290 290 290 273 273 242 242 242 242 231 231 143 143 143 177 177 177 177 177 65 65 160 65 90 90 90 90 90 90 90 90 65 65 21 21 10 10 43 10 11 11 11 
868 975 975 932 962 900 900 900 900 900 900 900 910 787 787 787 787 787 841 862 787 787 787 787 812 812 812 794 769 769 769 769 750 750 685 685 685 729 729 547 547 547 547 547 631 631 631 631 652 621 621 621 621 544 597 597 597 544 544 544 543 543 527 527 527 384 384 384 384 384 384 384 384 384 384 384 461 385 385 406 405 405 405 356 356 356 394 356 356 356 356 253 253 253 253 318 318 253 290 290 290 242 242 242 260 260 231 231 156 156 156 156 177 177 177 177 178 65 65 65 65 90 90 134 90 90 90 90 90 65 65 21 21 10 10 10 10 20 20 11 
868 975 975 932 932 932 900 900 941 900 900 910 910 787 787 787 787 787 841 862 841 841 841 787 787 818 794 794 794 770 770 770 750 758 685 685 685 729 729 547 547 547 547 547 547 547 631 631 631 647 621 621 621 544 544 544 544 544 583 576 543 543 543 543 527 384 384 384 384 511 472 472 472 472 472 472 385 385 385 406 406 406 405 405 405 356 356 356 356 356 356 253 253 253 253 253 253 253 290 290 291 242 269 269 260 260 231 231 156 156 218 156 177 177 177 177 65 65 65 65 65 65 65 91 91 114 90 90 90 65 65 21 21 10 10 35 35 11 11 11 
868 868 868 932 932 932 900 900 900 934 863 863 863 863 885 885 843 843 841 841 841 787 787 787 787 818 794 794 794 770 770 770 750 750 750 750 685 729 729 547 547 547 547 547 547 547 631 631 631 647 621 622 622 544 544 544 544 544 544 576 544 544 544 544 527 384 384 511 511 511 472 472 472 472 472 472 385 385 385 406 406 406 406 412 385 385 385 356 356 356 356 253 253 291 291 291 291 291 291 297 291 242 269 269 156 156 156 231 156 156 218 156 154 154 184 184 65 65 65 65 65 65 65 91 91 105 105 65 65 65 65 21 21 21 49 21 21 21 11 11 
983 868 868 932 963 932 900 947 900 934 863 863 863 863 863 863 843 843 843 841 841 787 842 824 824 685 685 794 794 770 770 770 685 685 685 685 685 729 729 547 547 547 547 547 547 547 547 547 547 647 621 621 623 544 544 544 544 544 544 544 544 545 544 544 527 384 384 384 472 472 503 472 472 472 385 385 385 385 443 443 422 422 406 406 385 385 385 385 253 253 253 253 253 291 291 291 291 291 291 291 291 242 242 242 156 232 156 156 156 154 154 156 154 154 154 154 154 65 65 65 153 65 65 91 91 105 65 65 57 57 57 57 57 21 21 21 21 21 13 13 
932 932 932 932 963 932 900 900 900 934 863 863 911 863 863 863 843 843 843 843 853 787 824 824 824 685 685 685 685 685 685 685 685 741 741 741 741 719 719 547 547 547 547 547 547 547 547 547 547 621 621 621 547 547 547 544 544 544 567 567 567 545 545 545 527 384 384 384 472 472 503 472 485 485 385 458 458 385 385 385 422 422 422 406 406 385 385 253 253 370 253 253 342 253 253 253 253 253 242 242 242 242 242 242 156 232 254 232 232 154 154 154 154 154 154 154 154 161 161 161 91 91 91 91 122 105 65 102 57 65 65 65 57 57 36 36 21 21 13 13 
932 932 932 968 963 932 932 900 900 892 892 863 863 863 863 863 863 863 863 843 843 787 824 824 824 787 787 685 685 685 685 685 685 741 741 741 719 719 719 547 547 663 663 547 547 547 669 547 547 621 621 621 547 547 547 544 544 589 567 567 567 538 538 546 527 527 384 384 472 472 472 472 485 485 385 458 458 458 450 385 422 429 385 385 385 385 385 253 253 253 253 253 253 253 320 320 253 253 242 242 242 242 274 156 156 232 232 232 154 154 219 154 205 154 154 185 154 154 154 154 91 144 122 122 122 105 65 65 65 65 78 65 65 36 36 36 36 21 21 13 
932 932 932 932 963 932 932 942 942 892 892 901 901 901 863 863 863 863 863 863 843 787 787 787 787 787 787 787 787 787 685 685 685 685 751 751 719 719 719 719 713 663 663 663 686 547 547 547 547 621 639 547 547 547 547 589 589 589 567 567 567 538 538 538 538 527 384 384 385 385 385 385 385 385 385 458 450 450 450 385 422 385 385 402 385 385 349 349 349 253 253 320 320 320 320 253 253 306 306 242 242 242 274 156 261 261 156 156 154 154 154 154 154 154 154 154 167 167 167 154 91 144 91 91 91 105 105 36 36 36 36 36 36 36 44 44 29 29 22 13 
913 913 913 932 963 932 935 935 935 935 892 892 892 902 863 863 876 863 863 863 843 843 843 787 787 788 788 788 788 788 685 685 685 685 751 751 733 733 663 663 713 663 687 663 663 663 547 547 547 621 547 547 609 609 547 547 590 590 547 547 568 538 538 538 538 527 384 384 385 385 486 486 493 486 450 450 450 450 450 385 385 385 385 402 402 402 349 349 349 349 349 320 320 336 253 253 319 306 253 253 253 242 242 156 261 261 156 156 154 154 154 154 154 154 154 154 167 167 167 154 91 144 91 91 91 91 91 36 36 36 36 36 36 36 44 45 29 22 22 13 
913 913 913 932 932 932 925 925 925 936 892 892 892 892 863 863 876 876 849 849 854 788 788 788 788 788 795 795 788 788 733 733 733 733 733 733 733 663 663 663 663 663 687 687 687 663 663 663 547 547 547 529 529 609 609 547 547 547 547 547 547 547 547 547 539 527 516 516 516 512 486 486 486 486 450 408 408 408 408 444 385 385 385 413 402 402 349 349 349 349 349 320 320 336 253 253 253 306 253 253 253 281 242 156 156 156 156 156 154 154 154 154 154 154 154 154 179 167 167 154 91 91 91 91 123 91 91 91 91 36 36 36 44 44 44 29 29 22 22 13 
913 913 969 932 932 957 925 925 925 936 912 912 912 892 892 886 876 876 849 849 849 788 788 788 788 819 795 795 795 733 733 733 733 663 663 663 663 663 671 671 671 664 664 664 664 664 664 664 547 547 640 529 529 615 529 529 529 528 528 528 528 556 556 539 539 527 516 516 516 512 486 486 486 487 450 408 408 408 408 408 408 408 413 413 402 402 349 349 349 349 357 320 320 320 320 253 253 306 253 253 242 242 242 270 262 262 255 156 156 156 154 154 154 154 179 179 179 167 167 154 154 124 124 91 91 91 106 44 44 36 36 36 44 44 50 29 29 13 13 13 
913 913 969 969 913 913 925 925 925 936 912 912 892 892 892 886 849 849 849 864 849 849 788 788 788 788 788 788 796 759 759 759 759 663 663 752 663 663 671 671 671 664 664 664 664 664 670 529 529 640 640 529 529 615 529 606 529 528 528 528 528 539 539 539 540 527 527 512 512 512 486 486 486 450 450 450 408 408 451 436 436 408 395 395 395 395 395 349 349 349 357 349 320 320 320 253 306 306 253 253 242 242 275 262 262 255 255 206 206 156 156 156 167 167 167 167 167 167 167 155 155 124 124 124 124 115 44 44 44 44 36 36 44 44 50 29 29 13 23 14 
913 913 913 913 913 913 913 913 925 925 912 912 892 892 892 886 849 849 849 788 788 788 788 788 788 788 788 788 796 759 759 759 759 663 663 663 663 663 671 671 671 671 671 664 670 670 670 529 529 529 529 529 615 615 529 529 529 528 528 539 539 539 540 540 540 527 527 512 512 512 486 486 486 450 450 450 408 408 451 436 436 408 395 407 407 396 396 350 350 349 349 349 320 320 320 253 253 253 253 253 275 275 275 262 262 255 256 206 206 156 156 156 167 167 168 168 168 168 168 155 155 107 107 107 107 115 44 44 92 44 36 36 44 44 13 13 13 13 23 14 
913 913 913 913 948 948 948 913 913 925 925 913 913 886 886 886 849 849 849 849 849 849 825 825 789 789 789 789 789 789 779 759 759 663 663 663 663 663 671 671 671 671 671 664 670 670 529 529 624 624 529 529 615 615 529 529 529 528 528 539 539 539 540 540 533 533 528 512 512 486 486 494 494 450 450 473 462 408 408 408 408 408 395 395 395 396 396 350 350 350 350 350 320 320 320 320 320 253 253 253 275 275 275 262 262 255 256 206 206 206 206 156 199 199 108 108 108 108 108 108 107 107 107 107 107 44 44 44 92 44 44 44 66 44 13 13 13 13 14 14 
913 913 913 913 948 948 948 948 913 913 913 913 914 886 886 877 877 877 813 813 813 813 825 825 789 789 789 797 797 779 779 759 759 759 663 663 663 663 663 671 671 671 698 664 670 670 529 665 624 624 624 624 624 529 529 529 529 528 584 528 528 528 540 540 528 528 528 512 512 486 504 494 494 488 452 452 462 408 408 445 408 408 395 395 395 395 396 350 371 371 320 320 320 320 320 321 321 253 298 298 233 233 233 255 255 255 256 206 206 206 206 156 199 108 108 108 108 108 108 108 107 145 107 44 44 44 71 51 51 51 79 44 44 44 51 13 13 13 14 14 
913 981 964 964 964 893 893 893 943 913 913 914 914 886 886 877 877 877 813 813 813 813 825 825 825 789 789 797 797 779 779 759 760 760 663 663 663 663 663 663 714 671 664 664 671 671 529 529 653 529 529 529 529 529 599 529 598 528 528 528 569 528 528 528 528 528 528 512 486 486 504 488 488 488 452 452 452 452 452 408 408 408 395 395 395 395 358 358 358 358 320 320 320 320 320 321 321 253 298 233 233 233 233 255 233 233 256 206 206 206 206 156 199 108 108 108 108 108 108 107 107 145 107 44 125 116 71 51 51 51 51 51 51 51 51 30 30 13 13 13 
913 913 964 964 893 893 927 893 893 893 914 914 915 887 887 887 813 813 813 813 813 813 813 813 813 813 813 805 779 779 779 759 587 587 734 734 734 734 663 663 714 671 671 671 671 671 671 529 529 529 632 632 599 599 599 529 529 529 585 529 529 529 528 528 528 529 529 512 486 488 488 488 452 452 452 452 452 453 453 408 408 408 408 408 358 358 358 377 377 358 358 351 320 320 322 322 322 253 233 233 292 233 233 233 233 233 233 206 206 206 206 156 156 156 186 186 108 108 108 108 108 145 107 107 107 116 71 71 51 51 51 13 13 13 13 30 30 30 13 13 
913 913 964 964 958 958 927 949 944 893 893 893 915 887 887 887 813 813 813 805 805 805 805 826 826 820 805 805 779 780 780 759 587 587 734 734 734 735 663 720 610 610 610 610 610 610 610 610 610 610 632 632 599 599 599 599 599 529 529 529 570 529 528 528 528 529 530 512 488 488 423 423 452 452 452 452 453 453 454 408 408 408 408 408 358 358 358 358 351 351 351 351 322 322 322 253 253 253 233 292 292 276 276 233 233 263 233 206 206 206 206 206 206 156 156 156 156 156 156 156 108 108 107 107 107 107 107 71 71 51 51 13 13 13 13 30 30 30 13 15 
913 970 970 970 958 958 927 927 944 926 926 893 893 893 893 805 805 805 805 805 850 850 805 805 805 820 805 779 779 759 759 759 587 587 734 734 734 734 663 610 610 610 688 688 688 672 672 610 610 610 610 610 610 610 610 599 599 529 529 577 570 529 529 529 529 529 530 512 488 423 423 498 452 452 452 452 438 438 408 408 437 408 408 408 358 358 358 358 351 351 351 322 322 334 334 253 299 299 233 233 233 276 233 233 233 233 233 233 233 216 216 216 156 156 156 137 137 137 137 156 156 108 108 108 108 107 107 71 71 71 71 71 13 13 13 13 13 13 13 13 
913 970 970 970 965 927 927 927 944 894 894 894 894 894 894 805 805 805 805 805 850 834 834 834 805 805 805 779 759 759 761 761 761 587 756 587 587 736 610 610 610 610 688 688 688 672 672 610 610 534 534 534 534 534 534 534 534 534 534 534 570 529 529 534 534 512 512 512 488 423 423 423 455 455 455 455 438 438 408 408 408 408 408 408 358 358 358 358 359 359 359 322 322 334 253 253 299 299 233 233 233 233 233 233 233 233 233 233 234 216 216 216 156 156 156 137 180 137 137 137 137 137 137 108 108 108 108 71 71 71 72 72 46 46 46 46 37 13 13 13 
913 965 965 965 965 927 944 944 944 894 894 894 894 894 895 779 779 865 865 865 850 834 834 834 779 779 779 779 759 790 761 761 761 587 587 587 587 736 610 610 610 706 688 688 688 672 672 610 610 534 607 607 607 607 607 607 586 586 586 534 534 534 534 534 534 512 512 512 488 488 505 423 423 423 423 455 438 438 408 408 409 343 408 408 408 358 358 358 358 358 322 322 322 334 253 277 277 299 299 299 277 277 277 233 233 243 243 243 216 216 216 192 192 192 192 137 180 137 137 137 137 137 138 108 126 108 46 46 46 46 46 46 46 46 52 37 37 13 13 13 
913 965 965 965 965 927 927 927 927 927 927 894 916 779 779 779 779 865 779 779 850 834 834 779 779 779 779 806 759 781 781 761 761 587 587 587 587 587 610 610 610 706 654 654 654 654 654 654 654 534 607 607 607 616 571 571 571 571 571 571 571 534 534 534 534 534 512 512 517 488 488 423 423 423 423 455 438 438 408 408 409 343 343 343 343 403 358 358 358 358 322 322 322 322 253 277 277 299 299 277 277 277 277 236 236 236 257 244 216 216 216 192 192 192 192 137 137 137 137 137 137 137 138 108 108 108 46 46 52 52 52 46 46 46 52 37 37 13 13 13 
913 913 965 965 965 945 945 945 945 894 894 894 916 779 779 779 779 779 779 779 850 834 834 779 827 779 779 806 759 781 771 771 761 587 587 587 742 587 610 610 610 654 654 587 587 655 655 655 655 534 534 633 607 607 571 571 571 571 571 571 571 534 534 534 534 534 475 475 517 513 488 488 488 423 480 455 463 438 408 408 409 409 343 343 343 343 397 322 378 322 322 322 322 322 253 277 277 277 277 277 293 236 236 236 236 236 236 244 216 216 220 192 192 146 146 146 137 137 137 137 137 137 117 117 117 117 46 46 52 52 52 46 46 58 52 37 37 24 24 16 
913 913 965 965 945 945 946 946 946 894 916 916 916 779 779 888 828 828 828 779 779 779 779 779 827 759 759 759 759 781 771 771 761 761 742 742 742 587 587 654 654 654 699 587 587 655 587 587 587 587 607 607 607 607 571 571 571 571 571 571 571 562 534 534 534 534 475 475 513 513 475 475 488 423 423 455 455 438 438 438 438 409 409 414 409 343 343 322 322 322 343 343 343 337 253 253 253 227 227 293 293 236 236 236 236 236 236 245 207 207 207 207 207 146 193 146 137 137 137 137 137 137 117 117 117 118 46 46 52 52 52 52 52 52 52 47 24 24 16 16 
913 913 913 965 945 896 896 896 896 894 894 894 894 903 779 779 828 828 828 844 844 844 844 807 807 759 759 759 759 781 762 762 762 762 742 587 587 587 587 654 654 654 654 587 587 587 587 666 587 587 607 607 607 607 607 587 587 587 587 571 571 562 534 534 535 535 475 475 513 475 475 475 475 475 423 455 455 455 455 438 438 409 409 409 409 343 343 372 372 372 343 227 227 337 227 227 253 227 227 236 236 236 236 236 236 236 236 235 235 207 207 146 146 146 146 146 146 146 139 139 139 139 139 117 117 46 46 46 52 73 73 73 24 24 24 47 24 24 16 16 
913 913 913 945 945 896 896 896 896 896 896 896 903 903 896 779 878 878 828 844 844 844 807 807 807 807 807 807 759 762 762 762 742 742 742 587 587 587 721 721 654 654 654 587 666 666 666 666 587 587 625 607 607 607 607 587 562 562 562 562 562 562 534 534 475 475 475 475 475 475 506 499 475 475 423 455 464 455 455 423 423 409 409 409 410 343 343 343 343 343 343 227 227 227 227 227 227 227 227 236 236 282 236 236 236 237 236 235 235 207 207 146 146 146 146 146 146 146 139 139 139 139 139 46 46 46 103 103 52 73 74 74 24 24 24 24 24 24 16 16 
984 950 950 945 945 945 896 896 928 928 928 896 896 896 896 779 878 878 828 828 828 844 807 807 807 808 808 798 798 762 762 762 742 743 743 743 743 587 587 587 587 587 587 587 666 666 666 666 656 587 625 607 607 607 611 587 562 562 562 562 562 563 534 534 475 475 475 522 475 475 506 499 474 474 423 455 455 455 455 423 423 423 423 415 323 323 323 379 379 227 227 227 311 311 311 311 311 311 227 300 236 236 236 236 236 237 236 236 236 207 207 146 208 146 146 146 146 146 169 162 46 46 46 46 127 59 59 52 52 52 52 52 52 16 16 16 16 16 16 16 
950 950 950 945 945 945 953 950 928 904 904 904 904 904 897 779 779 828 828 828 828 828 828 828 828 808 808 808 691 691 691 691 742 743 743 743 743 691 691 691 691 691 691 691 679 679 656 656 656 587 625 625 625 617 587 587 562 562 578 578 562 563 557 475 475 499 499 522 499 499 506 499 474 474 423 423 423 423 456 423 423 423 415 415 323 323 323 323 380 227 227 227 311 311 311 312 312 312 227 227 227 236 236 236 236 237 237 237 237 207 207 146 146 146 194 146 146 162 162 162 46 127 127 127 127 59 59 52 93 52 52 52 52 16 16 16 16 16 16 16 
950 950 950 945 945 945 950 950 928 904 918 918 897 897 897 779 779 828 828 828 855 828 829 829 808 808 808 808 691 772 772 691 691 691 691 744 744 691 689 689 689 691 691 691 679 679 656 656 656 587 641 617 617 617 587 608 557 557 557 557 562 557 557 475 475 475 499 499 499 499 506 499 474 474 423 423 465 423 423 423 415 415 415 323 323 323 360 323 323 227 227 227 227 312 312 312 278 278 278 278 227 227 227 227 227 227 227 227 227 227 129 129 129 146 146 146 146 146 162 162 46 46 46 135 59 59 59 52 52 52 52 67 67 16 16 16 16 25 16 17 
950 950 950 950 950 950 950 928 928 905 918 918 897 897 779 779 779 779 779 828 828 828 829 829 808 808 808 691 691 772 772 772 691 691 691 744 691 691 689 722 689 691 691 691 689 667 667 656 656 587 587 587 587 587 587 608 557 557 557 557 562 557 558 475 475 475 475 475 475 499 499 499 474 474 474 474 323 446 446 446 415 415 323 323 360 360 360 386 323 323 323 227 227 312 312 312 278 307 307 278 283 283 278 227 227 227 227 227 238 129 129 129 129 200 146 146 146 146 146 146 146 146 46 46 128 59 59 52 52 83 67 67 16 16 16 16 16 25 16 17 
950 950 976 971 928 928 928 928 905 905 897 897 897 897 779 779 779 879 828 828 828 829 829 829 829 814 814 691 691 764 764 773 691 691 691 691 691 737 689 722 689 689 689 689 689 667 667 667 541 541 642 541 541 541 608 608 557 557 557 579 557 557 558 475 475 475 475 475 475 475 475 500 474 474 474 323 323 323 323 415 415 415 323 323 360 360 360 360 360 360 323 323 323 323 331 331 278 278 308 278 278 278 278 227 227 227 227 227 238 129 129 129 129 129 146 146 146 146 146 146 46 46 46 46 128 59 59 59 59 59 67 67 16 25 25 25 25 25 16 16 
950 950 971 971 928 928 928 928 905 905 897 897 897 897 779 779 879 879 828 866 828 829 845 829 814 814 691 691 691 764 764 764 764 691 691 737 737 737 689 722 689 689 689 689 689 667 667 541 541 541 541 541 626 541 608 608 541 541 557 557 557 541 541 548 475 475 518 475 475 475 475 475 475 475 475 323 466 323 323 415 323 323 424 323 323 323 323 323 323 360 360 323 323 323 323 278 278 278 308 284 284 278 278 227 227 238 238 238 238 129 129 209 209 129 129 129 129 146 146 146 46 46 46 46 46 94 59 59 59 59 67 67 16 25 25 25 25 25 25 16 
950 950 971 959 959 959 928 928 928 905 917 917 917 905 879 879 879 879 828 866 828 829 829 829 814 691 691 764 764 764 765 765 765 691 691 689 689 689 689 722 689 689 657 657 657 667 667 541 541 541 541 541 541 541 541 541 541 541 541 557 557 541 541 548 475 475 518 518 518 475 475 475 475 475 475 323 323 323 323 415 323 323 323 323 323 323 323 323 323 361 361 323 323 323 323 278 278 308 308 284 284 284 271 271 221 221 221 221 221 221 221 187 187 201 187 187 129 146 146 163 46 46 46 46 46 94 59 59 59 59 59 59 16 16 16 25 25 16 16 16 
959 959 959 959 959 959 928 928 928 905 905 905 905 905 879 879 879 879 828 828 828 835 835 835 814 814 814 764 764 764 765 765 766 691 691 689 689 689 689 689 689 689 657 657 657 657 657 657 657 541 541 541 541 541 541 591 591 591 541 541 541 541 541 541 541 475 475 475 475 475 475 475 489 489 475 475 323 323 323 323 323 323 323 416 323 323 361 361 361 361 362 323 323 323 323 323 323 308 308 284 284 284 271 271 221 221 221 221 221 221 187 187 187 187 187 188 129 129 129 129 129 129 129 129 129 94 94 94 94 59 59 59 59 59 16 16 16 16 16 16 
