981 981 928 928 928 919 919 919 919 919 919 865 865 865 893 865 865 865 865 853 853 776 776 816 816 816 809 809 776 776 776 738 738 738 738 738 693 693 693 693 693 630 630 630 630 630 664 621 621 621 621 621 621 621 590 590 590 562 562 562 562 515 515 515 515 515 515 515 515 402 402 493 416 416 416 416 450 416 416 431 416 416 344 344 344 344 344 344 344 344 344 344 344 265 265 265 265 265 265 265 265 265 265 118 118 222 222 222 118 118 118 118 118 118 118 118 118 118 118 118 141 103 103 103 103 103 103 65 65 77 64 64 17 17 17 17 17 17 17 1 
981 981 928 928 928 919 948 919 919 919 919 865 865 865 865 865 866 866 866 853 776 776 776 776 776 776 809 776 776 776 776 738 742 742 742 693 693 693 693 706 693 630 630 630 681 630 630 621 621 621 622 622 622 622 590 590 590 562 562 562 562 515 547 547 515 515 515 515 402 402 402 493 416 416 471 416 416 416 416 416 416 344 344 344 344 394 344 344 375 344 344 344 265 265 298 298 298 298 265 265 265 265 265 118 118 118 237 222 118 118 118 118 118 118 118 118 118 118 118 118 103 103 103 103 65 65 65 65 65 77 64 17 17 50 1 1 17 17 18 1 
981 981 981 928 928 919 948 919 919 919 919 865 865 853 853 853 853 866 866 853 776 776 776 776 776 776 776 776 738 738 738 738 742 743 743 693 693 693 706 706 693 693 693 630 630 630 630 657 630 630 622 622 622 590 590 590 590 515 515 515 515 515 547 547 515 515 515 515 402 402 402 402 416 416 471 416 416 437 437 416 416 344 344 344 344 394 344 344 375 344 344 344 265 265 298 298 298 298 298 238 265 265 265 118 251 118 237 222 222 118 118 118 118 118 118 118 118 118 142 142 103 103 123 123 65 65 65 87 65 65 64 17 17 1 1 1 23 23 18 1 
981 989 928 928 956 919 948 919 919 909 909 909 909 853 872 872 853 853 853 853 776 776 824 824 776 776 776 738 738 742 742 769 742 742 693 693 693 693 706 706 706 630 630 630 630 630 630 630 630 630 622 622 590 590 515 515 515 515 515 515 515 515 515 515 515 519 515 515 402 402 499 402 402 471 471 416 416 437 438 416 416 344 344 344 344 344 344 344 344 344 344 320 320 265 298 298 299 299 299 238 238 238 266 118 118 118 118 222 222 118 118 118 118 118 118 118 72 72 72 142 142 103 103 103 65 65 65 87 87 65 65 65 1 1 1 1 23 23 18 1 
981 981 928 973 956 919 919 919 919 909 909 909 853 853 872 872 853 853 867 845 845 845 824 824 824 817 738 738 795 742 742 742 742 742 693 693 693 658 658 630 630 630 630 630 630 630 630 630 630 630 622 622 590 623 515 515 515 515 515 515 515 515 520 520 520 519 519 519 402 402 402 494 402 402 402 437 437 437 402 402 402 402 402 344 344 344 344 344 344 344 344 320 320 320 320 320 299 299 290 290 238 238 266 118 118 244 118 118 223 118 118 118 118 191 72 72 72 167 72 154 103 103 103 103 65 65 65 93 72 72 65 65 1 1 1 33 33 18 18 1 
981 981 928 928 956 956 919 919 919 909 916 916 853 853 872 872 853 853 867 845 846 846 841 796 796 817 738 738 738 742 742 742 742 742 613 613 613 658 658 630 707 630 630 674 630 630 630 630 630 630 630 630 590 590 590 515 515 515 515 515 515 515 520 520 520 520 520 520 402 402 402 494 422 422 402 402 402 402 402 432 402 402 402 402 344 344 344 378 344 344 275 275 275 275 275 275 300 300 290 290 238 238 238 238 238 238 238 118 118 118 201 201 118 72 72 72 72 72 72 154 103 103 103 124 104 104 104 72 72 72 72 1 1 1 18 18 18 18 1 1 
981 981 982 928 957 957 919 919 919 909 916 916 853 853 872 872 853 853 841 841 841 841 841 796 796 796 796 796 796 742 742 742 744 613 613 613 613 658 658 630 707 630 630 674 630 630 653 653 653 630 630 630 590 590 590 591 591 581 515 515 563 548 548 548 520 520 472 472 472 472 472 472 422 422 451 451 451 402 402 432 395 395 395 395 344 344 344 344 344 344 275 275 275 308 308 275 300 300 300 284 284 245 245 215 215 215 215 215 215 215 201 118 118 72 72 72 72 72 117 117 117 117 117 117 104 104 72 72 78 78 1 1 51 51 18 18 24 24 1 1 
981 981 982 928 928 919 919 942 919 909 909 916 853 887 887 872 853 853 841 841 796 796 796 796 742 742 786 786 797 786 742 742 744 744 613 613 658 658 658 630 630 630 630 674 630 630 630 630 654 630 630 630 590 590 590 581 581 581 573 548 548 548 472 472 472 472 472 521 473 473 473 472 472 422 422 422 422 402 402 432 395 395 395 395 395 395 344 344 344 344 353 353 275 308 308 275 275 275 275 284 285 245 245 215 215 215 215 215 216 216 201 118 118 118 72 72 168 72 72 143 143 72 72 117 117 104 72 94 78 78 1 66 24 24 24 24 24 25 1 1 
982 982 982 928 928 919 919 919 919 853 853 853 853 887 887 872 872 872 841 841 796 796 796 796 742 742 786 786 786 786 742 742 742 744 613 613 658 730 658 658 658 658 658 674 630 630 630 630 630 630 630 581 581 581 581 581 573 573 573 548 548 548 472 540 540 472 472 521 473 473 473 473 472 472 472 422 422 439 439 395 395 395 395 396 396 396 344 344 344 370 353 353 275 329 308 308 308 308 275 284 275 275 245 261 215 215 215 215 216 216 201 181 181 118 118 118 168 168 72 72 72 72 72 72 72 104 72 72 1 1 1 66 24 52 24 24 24 24 1 1 
982 982 983 928 966 919 919 943 853 853 902 902 902 902 887 887 880 841 841 841 841 742 742 742 742 742 742 742 742 742 742 742 742 744 744 613 658 658 658 658 658 658 658 674 674 674 630 630 630 630 630 581 581 581 581 573 573 582 548 548 548 548 472 472 472 472 472 521 472 472 472 473 473 473 473 422 439 439 440 395 395 395 395 386 386 386 386 275 275 275 353 353 275 329 329 308 308 309 275 284 275 276 245 245 245 245 228 228 216 216 201 181 181 118 118 118 118 118 118 118 118 118 118 118 72 72 72 72 1 1 66 66 24 24 24 24 24 24 1 1 
982 982 928 928 919 919 919 943 853 853 853 894 894 894 873 873 880 841 841 841 841 742 742 742 825 742 742 742 742 777 777 742 742 744 744 613 731 658 658 658 658 658 658 658 674 674 658 658 592 592 592 631 581 581 611 573 573 573 548 568 535 535 535 535 535 535 472 472 472 472 472 473 473 422 422 422 422 422 422 422 422 395 395 386 386 386 387 275 275 275 353 275 275 313 313 276 276 276 275 275 275 276 246 246 246 246 228 199 216 216 201 181 181 181 181 118 118 118 118 118 125 125 118 118 118 88 88 88 88 1 1 1 1 24 24 34 34 26 1 2 
982 982 928 928 919 919 919 943 853 853 853 894 894 894 873 873 873 873 742 742 742 742 825 825 825 742 742 742 742 777 742 742 742 613 613 613 731 658 658 658 658 694 694 658 658 658 658 592 592 592 592 631 581 581 611 573 573 573 548 568 535 535 535 535 535 535 472 472 472 472 472 473 473 422 422 422 422 422 422 422 410 410 410 386 275 275 275 275 275 275 275 275 345 313 313 276 276 276 276 276 276 276 246 246 246 228 228 199 199 201 201 181 181 181 181 118 172 118 118 155 125 125 118 118 118 88 46 46 46 1 1 46 1 1 1 1 1 26 1 2 
974 974 984 928 928 958 928 928 928 928 920 894 894 894 873 873 873 742 742 742 742 742 742 742 826 742 742 742 742 742 742 613 613 613 731 731 731 658 658 658 658 694 694 658 658 658 658 592 592 592 606 606 581 605 605 605 522 522 548 548 548 535 535 535 535 535 472 472 472 472 472 422 422 422 422 422 422 422 422 422 410 386 386 386 275 275 275 275 275 275 275 275 345 313 313 313 276 276 276 276 276 276 246 246 246 228 228 199 199 201 201 199 199 181 181 118 118 118 118 155 125 125 129 118 118 88 46 46 46 46 46 46 1 1 2 2 1 1 1 2 
974 974 974 974 928 958 928 944 928 928 920 894 894 894 894 868 868 742 742 742 854 742 787 742 742 742 798 798 742 742 778 613 613 613 731 731 732 658 658 658 658 689 689 689 682 658 658 592 592 592 606 606 627 605 605 605 522 522 522 548 548 535 535 549 472 472 472 472 472 472 422 422 422 422 422 464 452 386 386 386 410 386 386 386 386 275 275 275 275 275 275 275 345 313 330 313 313 267 267 286 286 246 246 262 246 217 217 199 199 199 199 199 199 181 181 118 118 130 130 155 144 125 129 118 118 88 88 46 46 73 73 2 2 2 2 2 2 2 2 2 
974 974 920 920 928 928 928 920 920 920 920 894 894 895 895 868 868 742 742 742 742 742 787 787 742 742 798 798 798 787 739 739 739 613 613 613 732 658 658 658 658 689 689 689 682 592 592 592 592 592 606 606 606 606 522 522 522 522 522 522 522 522 522 472 472 472 472 472 472 472 422 422 422 422 422 464 452 386 441 386 386 386 386 403 386 386 313 313 275 275 275 275 345 313 330 313 313 267 267 246 246 246 246 262 246 217 217 217 217 217 199 199 199 181 181 181 130 130 130 130 144 125 125 125 119 88 88 89 46 73 73 2 2 2 2 2 2 2 2 3 
920 920 920 920 920 920 920 920 921 921 921 894 894 874 874 868 868 868 868 832 832 832 832 787 818 818 798 798 798 787 739 770 739 739 739 613 732 658 658 658 658 682 682 682 682 592 665 592 592 592 592 632 606 606 612 522 522 522 569 569 522 522 522 472 472 472 472 472 508 508 452 452 452 452 474 452 452 386 386 386 386 386 386 386 386 386 313 313 313 313 313 313 313 313 331 267 267 267 267 246 246 246 246 246 246 217 217 217 217 217 208 192 192 192 181 181 130 162 162 130 130 130 130 119 119 88 89 89 46 79 53 53 53 53 2 2 2 2 3 3 
920 920 920 975 888 888 888 888 888 888 888 888 888 874 874 874 874 869 869 832 832 832 832 787 787 787 787 787 787 787 739 739 739 739 739 613 613 613 613 708 708 682 682 682 683 592 665 592 592 592 592 632 606 606 606 606 569 569 569 570 554 554 522 522 522 522 522 522 508 508 452 452 452 452 452 452 386 386 442 386 386 386 386 386 361 361 361 313 313 332 313 313 313 313 267 267 310 310 267 267 246 246 246 246 184 184 229 229 208 208 208 192 192 192 184 111 111 162 162 145 145 88 88 119 88 88 89 89 46 46 46 46 46 46 46 2 2 2 3 3 
920 920 920 888 888 888 888 945 929 929 910 910 888 874 874 874 874 869 869 832 832 842 832 832 819 819 771 771 787 787 739 739 739 739 739 739 733 613 613 613 613 682 682 682 592 592 592 592 592 592 592 592 592 592 592 592 569 569 569 570 554 500 500 500 500 500 522 522 406 406 406 386 386 386 386 386 386 386 386 386 386 386 386 386 361 388 361 361 332 332 332 332 338 338 267 268 268 268 268 267 246 246 247 247 184 184 184 184 208 208 208 184 184 184 184 111 163 163 163 145 145 88 88 119 88 110 89 89 89 46 46 46 46 4 4 27 27 27 3 3 
888 888 985 888 959 888 888 929 929 910 910 910 888 874 874 874 874 874 869 832 832 842 842 819 819 771 771 771 771 771 763 763 763 756 733 733 733 613 613 613 613 613 682 682 592 592 592 659 613 613 613 613 613 592 592 592 592 554 554 554 554 500 500 500 500 500 522 522 406 406 406 386 386 386 386 465 386 386 443 349 349 417 386 386 361 388 388 332 332 371 332 332 339 339 267 267 268 268 268 267 267 267 247 247 184 184 184 184 224 184 184 184 193 193 111 111 163 163 163 145 145 88 88 88 88 88 89 89 89 74 74 4 4 4 4 4 4 4 3 3 
888 888 888 888 959 959 929 929 934 910 910 910 910 896 896 875 875 875 869 815 815 815 815 819 771 771 799 799 799 771 763 763 763 756 733 733 733 709 709 709 709 613 592 592 592 592 592 592 613 613 613 613 613 592 592 583 593 554 554 554 554 500 500 500 500 500 516 516 516 406 406 495 386 386 386 386 386 386 349 349 349 349 349 404 361 361 361 332 332 332 332 332 332 332 332 267 267 267 268 268 268 267 267 247 184 184 184 184 184 184 184 184 193 193 111 111 111 111 163 145 145 88 131 88 88 88 80 80 90 74 74 4 54 54 4 4 4 4 3 3 
888 888 888 888 959 959 929 929 929 910 910 911 911 896 896 875 875 875 869 815 815 843 815 819 771 799 799 800 800 771 771 771 764 756 733 733 733 709 709 709 709 613 592 592 592 592 666 592 592 592 636 613 613 613 613 583 574 574 554 554 554 500 500 500 500 516 516 517 517 406 406 495 386 386 386 386 386 386 386 386 418 418 349 404 361 361 361 361 376 372 314 314 332 332 333 267 267 267 291 291 268 267 267 247 252 247 164 164 164 164 164 164 164 164 185 173 173 111 88 88 88 88 80 80 80 80 80 80 80 80 4 4 54 54 4 4 4 4 4 4 
888 888 888 888 897 897 929 929 929 910 910 911 897 897 875 875 833 833 869 815 815 843 815 819 771 771 771 771 771 771 771 771 764 756 733 733 584 584 584 584 584 613 613 613 613 592 592 592 592 592 636 613 614 614 614 583 574 574 554 554 554 500 500 500 500 516 516 517 517 406 406 406 386 386 386 386 386 386 386 386 418 419 349 404 349 349 340 361 376 372 314 314 333 333 333 267 267 267 267 292 268 277 268 247 247 247 164 164 209 209 209 164 164 164 164 164 164 111 111 111 88 88 126 126 80 80 95 95 80 80 4 4 4 54 4 4 4 4 4 4 
888 888 976 976 897 897 949 897 897 897 897 897 897 897 875 875 875 833 815 815 855 843 815 815 827 771 771 771 771 771 771 756 756 756 733 733 584 584 584 715 584 703 613 613 613 675 667 592 592 636 636 613 614 614 614 583 594 574 574 554 554 500 500 500 500 500 500 523 406 406 406 406 406 406 386 386 453 386 386 418 418 419 349 349 349 349 340 361 361 372 361 314 333 333 333 267 267 267 267 292 268 268 268 248 248 248 164 164 209 194 194 194 194 169 169 169 164 164 111 111 88 88 111 111 111 111 95 96 4 4 4 4 4 4 47 40 4 19 19 4 
946 888 888 897 897 897 897 897 897 897 917 917 897 897 875 875 875 833 833 833 833 843 843 815 815 815 815 771 771 771 771 757 757 757 715 715 584 715 715 715 584 584 613 636 636 636 667 636 636 636 637 613 614 614 615 583 583 583 575 555 555 555 500 500 500 500 500 500 406 406 406 406 406 406 411 411 411 411 411 418 418 419 411 349 349 349 340 361 361 361 361 314 346 333 333 267 267 267 301 248 248 248 248 248 164 164 164 230 194 194 194 194 194 169 169 169 164 164 111 111 146 111 111 95 95 95 95 95 4 4 4 4 4 4 47 40 4 19 4 4 
946 990 888 897 888 888 950 888 888 888 888 888 897 897 875 875 875 856 856 856 833 847 833 833 780 780 780 780 757 757 757 757 757 715 715 715 715 715 715 716 710 584 613 636 636 636 636 636 613 613 637 613 614 614 595 595 595 575 575 555 555 536 536 536 500 500 524 500 500 500 500 406 406 406 411 466 411 411 411 411 411 411 411 349 349 349 340 361 361 361 362 314 314 333 314 314 314 301 301 248 248 248 164 164 164 230 230 230 194 194 194 194 194 194 169 169 164 164 164 111 111 111 95 95 95 95 95 95 4 4 4 4 4 4 4 40 4 19 4 5 
946 990 888 888 888 888 888 888 935 888 888 888 912 897 897 881 881 856 856 856 833 833 833 834 780 820 757 757 757 779 757 757 757 715 740 740 715 715 715 710 710 584 613 613 613 613 613 613 613 613 613 613 595 595 595 595 595 575 576 555 555 536 536 536 536 536 524 501 501 501 501 487 487 406 411 411 411 411 411 411 406 406 349 349 349 349 340 354 361 361 362 354 314 314 314 315 315 301 293 293 164 164 164 164 164 230 95 95 95 95 95 95 95 95 169 169 169 169 95 95 95 95 95 95 95 95 95 4 4 4 75 4 4 4 4 40 4 19 4 5 
946 946 946 946 946 946 946 946 888 888 888 888 888 898 898 881 881 856 856 856 856 834 834 834 780 780 757 757 779 779 779 757 757 715 715 715 715 721 721 710 711 584 613 613 676 676 668 660 575 575 575 575 595 595 595 595 595 575 576 467 467 467 467 541 541 524 524 501 502 502 502 487 487 406 406 454 454 406 406 406 406 406 349 349 349 349 340 354 354 354 354 354 314 314 334 315 315 301 293 164 164 269 269 95 95 95 95 231 95 95 95 95 95 95 95 95 95 95 95 95 95 95 95 95 112 112 4 4 81 81 4 4 4 4 40 40 4 4 4 5 
994 946 946 960 960 960 946 946 888 888 888 888 888 888 888 888 856 856 856 856 856 834 834 781 781 780 801 801 779 779 779 757 757 715 715 715 715 715 722 710 711 584 613 613 676 676 668 660 575 575 575 575 595 595 595 595 595 575 577 467 467 467 467 541 541 524 524 524 502 502 424 424 424 424 406 406 406 406 406 406 423 406 412 349 349 349 340 340 340 340 363 340 340 340 301 301 301 301 293 164 232 232 270 95 95 95 95 95 95 95 95 95 95 182 182 182 95 95 95 97 97 97 97 97 112 112 4 4 4 4 4 28 28 28 28 28 28 5 5 5 
994 986 986 951 951 951 951 922 922 922 922 888 888 888 889 889 856 856 856 856 856 781 781 781 780 780 801 801 801 780 780 757 757 715 715 715 715 715 722 710 710 584 584 584 584 584 668 660 575 575 575 575 575 575 595 595 595 575 577 467 556 556 467 467 467 467 467 467 467 467 424 496 424 424 424 406 406 406 423 423 423 406 405 405 349 349 389 340 340 340 340 340 340 340 301 301 301 311 164 164 232 232 263 263 239 239 239 95 95 95 182 182 182 182 182 182 95 95 95 97 97 97 97 97 112 112 97 97 4 4 55 28 28 28 28 41 28 28 5 5 
994 986 986 951 922 922 922 922 922 922 922 888 888 889 889 822 822 870 870 857 857 781 781 781 780 821 780 780 780 780 717 717 717 717 715 715 715 715 710 710 710 584 584 584 584 584 584 660 575 575 638 624 624 575 575 575 575 575 467 467 526 526 537 537 537 537 467 467 467 467 424 496 424 424 424 406 406 406 406 423 423 406 406 406 349 389 389 340 340 340 340 347 340 340 301 301 301 311 164 232 232 278 263 263 239 147 147 147 95 95 182 174 174 174 186 174 174 157 157 156 97 97 97 97 97 97 97 82 82 55 55 60 60 55 29 29 29 29 6 6 
994 951 951 951 922 922 922 922 922 922 922 822 822 822 822 822 822 822 822 857 857 781 781 828 780 780 780 810 788 788 717 717 717 717 717 717 717 717 717 717 712 677 677 584 584 677 584 584 647 647 624 624 624 624 584 584 596 584 467 526 526 526 526 537 537 537 467 525 467 467 424 424 424 424 424 448 406 447 406 423 423 397 397 407 349 349 349 340 340 347 347 347 340 340 321 321 301 164 164 232 232 278 232 232 239 147 147 147 147 147 182 174 174 174 174 174 175 157 156 156 97 97 97 97 97 97 105 82 82 55 55 55 55 55 29 6 6 6 6 6 
951 951 967 967 967 922 922 922 922 922 822 822 822 822 890 890 822 822 822 835 835 781 781 828 828 781 781 781 788 781 781 772 717 758 717 717 734 717 717 718 712 677 677 677 677 677 584 584 647 647 624 624 624 624 584 584 584 584 467 526 526 526 526 537 537 537 467 467 467 467 467 424 424 480 424 448 406 406 406 424 424 397 397 407 349 349 349 347 347 347 364 347 347 321 321 301 301 164 164 294 232 232 232 232 232 232 240 232 147 147 182 182 174 174 174 175 175 157 157 157 97 97 132 97 97 97 105 83 82 82 55 55 55 29 29 6 6 20 20 6 
951 967 967 967 936 936 936 922 922 922 822 903 903 882 882 882 882 822 822 835 835 781 781 781 781 781 789 781 781 781 772 772 717 717 717 741 717 717 717 712 712 677 677 677 677 678 584 584 584 584 584 624 624 624 584 607 584 584 467 526 526 526 526 526 526 531 531 526 467 467 467 497 488 424 424 448 455 448 444 424 425 397 397 397 397 397 349 347 347 347 347 347 348 321 301 301 316 279 279 294 232 232 253 253 253 232 232 232 147 147 182 182 174 174 175 175 147 147 147 147 147 97 97 97 105 105 105 83 83 83 55 55 55 29 42 42 6 20 20 6 
951 967 967 967 936 961 936 936 936 822 822 903 903 882 883 883 883 822 871 835 835 835 835 835 822 822 789 789 789 789 772 772 717 717 717 717 717 717 712 712 713 669 669 669 639 639 584 584 584 584 584 584 584 584 584 585 585 585 467 526 526 526 526 526 526 531 526 526 467 467 467 467 488 424 475 448 448 448 444 424 397 397 398 398 398 398 349 379 355 355 355 355 321 321 301 301 279 279 279 279 279 279 253 253 253 232 232 147 147 147 182 147 147 195 175 175 147 147 147 148 148 97 97 105 105 105 98 98 83 83 55 55 61 29 42 43 6 6 20 6 
951 951 967 967 936 936 936 822 822 822 822 903 903 882 882 882 882 822 835 835 835 835 836 836 822 802 802 802 802 765 765 772 765 745 745 717 717 717 712 712 712 669 669 669 669 639 639 639 584 584 633 633 584 584 585 585 586 586 467 467 467 526 526 526 526 526 526 489 489 467 467 467 424 424 444 444 444 444 444 424 397 397 398 398 398 349 349 379 355 355 355 355 321 321 301 301 279 279 279 279 287 280 253 253 241 241 241 147 147 147 147 147 147 147 147 147 147 165 135 135 135 97 97 105 105 105 98 98 29 29 29 29 29 29 42 35 35 6 6 6 
951 951 951 968 968 936 936 822 822 822 822 903 903 903 882 882 882 822 835 835 835 835 836 836 822 802 802 802 802 765 765 765 765 745 745 697 697 697 712 712 712 669 669 669 669 669 669 639 648 648 633 633 585 585 585 608 586 586 467 467 467 526 526 542 542 526 526 489 489 489 467 467 424 424 444 444 444 444 424 424 397 397 398 398 398 349 379 379 355 355 355 355 279 279 279 279 279 279 279 279 287 280 253 253 241 241 241 177 177 177 177 177 147 147 176 176 176 165 165 135 135 135 29 29 105 105 29 29 29 84 29 29 36 36 42 35 35 6 6 7 
951 951 951 968 936 936 936 822 930 930 923 904 904 904 882 849 849 822 822 835 835 837 837 837 822 802 802 803 803 765 766 766 766 745 745 697 697 697 712 712 712 669 695 669 679 679 670 639 639 639 639 585 585 625 597 597 597 467 467 571 467 467 532 532 532 526 526 490 490 489 489 489 489 424 476 424 424 424 424 433 397 420 398 398 398 349 379 379 349 349 355 355 279 335 335 279 279 279 279 279 280 280 253 253 242 242 242 177 177 196 177 177 196 196 176 176 176 135 135 135 135 135 29 29 29 29 29 68 68 36 36 36 36 36 42 35 35 7 7 7 
987 987 822 822 936 936 936 822 882 882 923 904 904 904 882 849 849 849 822 822 822 822 822 822 822 749 749 749 749 765 697 697 697 697 697 697 697 723 723 712 712 669 669 669 679 670 670 585 585 639 639 585 585 597 597 598 598 467 467 571 467 467 532 532 532 532 490 490 490 490 490 490 490 424 424 424 456 433 433 433 397 398 398 349 349 349 349 349 349 349 355 355 279 279 279 279 279 279 280 280 280 253 253 253 242 242 233 233 177 196 196 196 196 197 135 135 135 135 158 158 135 29 29 29 29 29 29 29 68 36 36 36 36 36 7 7 7 7 7 7 
987 987 987 822 822 822 822 822 882 882 882 882 882 882 882 849 849 822 822 822 822 848 822 822 749 749 749 749 749 749 697 697 697 697 697 697 697 719 719 719 634 704 669 669 684 670 585 585 585 640 640 585 585 597 597 598 598 467 467 571 467 467 532 532 533 532 490 490 490 490 490 481 481 481 424 424 433 433 433 433 397 398 349 349 349 349 349 365 365 349 355 355 349 279 279 280 280 280 280 280 288 253 253 253 242 242 233 177 177 202 202 202 197 197 135 135 135 135 135 135 135 29 120 120 120 29 29 29 68 36 36 67 36 36 7 7 7 7 7 7 
969 969 969 969 969 882 882 882 882 913 913 913 913 849 849 849 849 822 822 822 822 822 838 838 749 749 749 749 749 749 697 697 697 697 697 697 719 719 634 634 634 634 634 634 634 670 585 585 585 585 585 585 597 597 597 609 599 467 571 571 467 467 534 534 533 532 532 490 490 490 490 481 477 477 424 424 433 433 433 397 397 398 349 349 349 349 349 365 365 349 349 349 349 279 279 280 280 280 302 280 288 254 254 233 233 233 233 177 225 202 202 197 197 197 135 135 149 149 149 135 135 29 120 120 121 29 29 99 68 68 36 36 36 36 36 36 7 7 21 7 
969 969 988 882 882 882 952 882 882 913 913 849 849 849 884 884 884 822 822 822 858 822 838 838 749 749 790 790 790 790 697 697 697 697 746 697 719 719 634 714 714 634 655 655 634 585 585 585 585 634 634 634 597 597 597 599 599 467 571 571 467 467 534 534 533 533 533 490 490 490 490 477 477 477 477 397 397 397 397 397 426 365 365 408 365 365 365 365 365 365 365 271 271 271 271 271 271 280 280 280 288 254 254 233 233 177 177 177 225 202 202 197 197 197 135 135 149 149 149 149 149 29 29 29 121 29 29 99 68 68 36 36 36 36 36 36 36 7 21 7 
969 969 988 882 882 882 882 937 900 900 900 849 849 884 884 891 822 822 822 822 858 822 749 749 749 782 782 782 782 782 697 697 759 697 697 697 697 697 634 634 634 634 655 655 634 585 585 585 585 634 635 635 597 538 538 599 467 467 571 571 467 467 534 534 534 534 534 490 490 467 467 477 477 477 477 397 397 434 434 434 365 365 365 365 365 399 377 377 377 365 365 271 341 271 271 271 271 303 303 271 271 254 254 233 233 177 225 225 225 177 177 177 177 177 177 177 177 127 127 127 127 127 127 29 29 99 99 99 68 76 76 36 36 36 36 37 37 7 7 7 
969 969 969 882 882 882 882 937 900 900 900 900 849 884 884 891 822 822 822 862 822 822 749 749 804 782 782 804 804 782 782 697 759 759 697 697 697 697 690 690 690 690 690 655 634 634 634 634 634 634 635 635 597 538 538 538 467 467 467 467 467 467 467 543 543 527 527 527 467 467 467 477 477 482 397 397 397 434 365 365 365 365 365 365 399 399 377 377 377 271 271 271 341 271 271 322 271 271 271 271 271 281 254 254 254 177 177 177 177 177 210 127 127 127 127 127 127 127 127 127 127 127 127 127 29 99 29 29 68 68 68 36 36 36 36 29 29 30 7 7 
969 969 969 882 970 882 882 937 937 900 900 900 849 849 884 884 876 876 822 822 822 849 749 749 804 804 804 804 748 748 783 697 697 697 747 697 697 697 690 690 690 690 690 655 655 655 634 634 634 634 641 597 597 538 538 538 467 467 578 467 467 557 467 467 467 527 467 467 467 509 467 467 467 467 397 397 397 365 365 435 427 365 365 365 399 399 390 380 271 271 356 356 341 341 271 271 271 271 271 295 271 281 255 255 255 177 177 177 226 218 127 127 200 127 127 133 133 133 133 150 150 133 133 29 29 29 29 29 68 68 68 36 36 36 36 29 29 30 7 7 
969 969 969 882 882 882 882 900 900 900 900 900 849 849 884 884 876 859 859 859 859 849 749 749 749 749 749 811 748 748 748 760 760 697 697 697 735 697 724 690 690 690 696 661 661 655 671 634 634 634 634 597 597 597 538 538 538 550 550 550 550 550 550 550 467 467 467 483 483 483 503 483 483 467 467 365 365 365 435 435 427 365 365 365 380 380 390 380 271 366 356 356 271 271 271 271 272 272 272 272 271 255 255 256 256 177 177 177 226 218 127 127 200 133 133 133 48 48 133 133 133 133 91 29 29 29 106 29 68 68 68 68 36 36 29 29 29 8 8 8 
969 969 969 977 882 882 882 900 900 918 918 918 849 884 884 876 876 859 849 849 849 849 749 749 749 749 749 811 748 748 748 748 760 760 748 735 735 697 697 697 697 690 696 661 661 655 655 634 634 634 634 597 597 597 538 538 538 538 579 550 550 550 550 483 483 483 483 483 484 483 483 483 483 483 467 365 365 427 427 427 427 365 365 365 380 380 380 380 271 366 366 271 271 271 271 271 272 304 304 272 271 271 271 211 211 211 211 211 211 218 211 200 200 133 133 133 48 48 48 48 48 136 91 91 91 91 106 29 29 29 69 69 36 36 29 29 29 8 8 9 
969 969 969 882 882 882 882 938 900 918 918 849 849 884 884 876 876 859 849 849 860 749 749 749 749 749 749 749 749 749 749 748 748 748 748 735 725 725 725 697 697 690 690 690 661 680 655 655 649 649 642 597 597 597 538 538 538 538 579 550 550 550 550 483 483 483 528 528 484 484 484 484 484 484 467 467 365 427 427 427 428 365 365 365 365 357 357 357 271 366 366 271 271 271 323 323 272 272 305 272 272 211 211 211 211 211 211 211 211 211 211 200 200 133 133 133 48 159 159 159 48 48 100 100 100 91 91 91 91 29 29 29 29 29 29 29 29 8 8 9 
995 971 971 882 882 882 953 938 900 931 918 849 849 884 884 876 876 877 849 849 860 749 749 749 829 749 749 784 749 749 749 749 767 735 735 735 725 725 725 697 697 697 697 661 661 655 655 655 649 649 642 597 600 600 600 600 538 587 538 538 538 538 538 538 538 538 528 528 510 510 457 457 457 457 457 457 365 365 365 365 365 365 365 365 365 357 357 357 271 357 357 357 271 271 271 324 272 272 305 272 272 211 211 211 211 211 211 211 211 211 200 200 200 134 134 134 48 48 48 48 48 48 100 128 100 100 100 48 48 48 70 70 48 48 29 29 29 9 9 9 
971 971 971 882 882 882 882 938 900 900 918 918 849 884 884 876 876 849 849 863 839 839 839 839 829 749 749 784 784 784 784 749 767 735 735 735 725 725 725 697 697 698 661 661 685 655 655 655 655 597 642 597 597 597 597 600 538 538 538 538 538 510 510 510 510 510 510 510 510 457 457 478 478 485 478 457 457 401 401 365 365 365 365 357 357 357 357 357 357 357 358 358 271 271 271 324 272 282 282 282 211 211 211 211 211 211 211 211 211 211 200 200 200 134 187 134 48 48 48 48 48 48 100 100 100 100 100 48 48 48 70 48 48 48 29 9 9 9 9 9 
971 971 971 971 971 882 882 938 938 900 924 849 849 899 899 849 849 849 839 839 839 839 823 823 829 823 805 805 805 773 773 749 749 749 749 726 726 726 726 697 697 698 661 672 672 672 672 661 597 597 597 597 597 597 597 600 600 538 538 510 510 510 529 529 529 529 529 529 457 457 504 478 478 478 478 457 457 401 401 401 401 401 401 357 357 357 357 336 336 336 336 359 342 342 324 324 272 282 282 282 211 211 211 211 211 211 211 211 227 200 200 200 200 134 134 134 48 48 48 48 48 48 48 100 100 113 100 100 48 48 70 48 48 48 48 9 38 9 9 9 
991 971 971 882 882 882 882 882 939 900 924 849 849 849 849 849 839 839 839 839 861 839 823 823 823 823 805 812 773 773 773 773 720 720 720 726 726 720 720 720 698 698 661 661 686 661 661 661 597 597 597 597 597 597 601 601 601 510 510 510 564 558 529 529 529 539 529 529 457 457 457 478 457 457 445 445 445 445 445 401 401 401 401 357 357 357 357 336 336 336 336 359 342 342 324 325 272 272 272 282 282 282 211 211 257 234 234 234 200 200 212 200 200 134 134 134 48 48 48 48 48 48 48 48 100 113 100 48 48 48 48 48 48 48 48 9 9 9 9 9 
991 991 882 882 882 882 882 882 939 900 900 900 900 900 900 839 839 839 839 839 839 839 823 823 830 805 805 773 773 791 720 720 720 750 720 720 726 720 720 720 698 698 698 661 686 661 662 662 597 597 597 597 597 597 510 510 510 510 558 558 558 558 529 529 529 529 529 505 505 505 457 457 457 445 445 458 458 445 445 401 401 401 401 357 357 357 357 317 317 336 336 336 350 324 324 325 272 272 272 272 282 282 211 211 257 234 235 235 200 200 200 200 200 134 188 134 48 48 48 48 48 48 48 48 100 100 100 48 85 85 48 48 48 48 9 9 9 9 9 9 
882 882 882 978 882 882 925 925 925 925 925 839 839 905 839 839 885 878 844 844 844 844 844 805 805 805 773 773 720 720 720 774 750 750 750 720 726 720 691 691 691 691 691 661 661 661 662 662 597 597 597 551 551 551 510 510 510 588 558 558 565 518 518 544 544 529 529 505 505 505 505 457 457 445 445 445 459 445 445 413 413 401 401 357 357 391 391 317 317 317 351 336 336 324 324 272 272 272 272 272 289 258 258 258 234 234 235 235 219 219 203 203 134 134 188 134 137 137 137 137 48 48 48 48 48 48 48 48 11 11 11 56 56 56 9 9 9 9 9 9 
882 882 882 882 882 882 925 925 925 926 926 839 839 839 839 878 878 878 844 844 773 773 773 805 773 773 773 775 720 720 720 774 750 750 750 720 720 720 691 691 691 705 691 691 643 643 643 643 643 650 643 551 551 551 510 510 510 558 558 558 565 518 518 518 518 529 491 491 491 491 459 459 459 445 445 445 459 413 413 413 413 401 401 401 401 381 381 317 317 317 351 336 336 324 324 272 272 272 272 272 258 258 258 258 234 243 243 219 219 220 203 204 134 188 188 134 137 137 166 137 137 48 48 48 48 101 101 101 11 62 11 11 11 11 9 9 9 9 10 10 
996 882 882 979 882 882 954 947 925 925 925 839 839 839 839 878 879 879 773 773 773 814 773 773 773 775 775 775 720 720 720 720 720 720 720 720 720 691 691 699 699 699 699 643 643 651 651 651 643 643 643 551 551 551 510 510 602 558 558 558 565 518 518 518 518 529 491 491 491 491 459 459 459 459 459 459 459 413 413 413 413 413 413 401 401 381 381 317 317 373 351 336 336 343 336 272 272 272 272 272 258 258 258 234 234 243 219 219 203 203 203 204 134 188 189 134 134 137 137 137 137 137 101 101 101 101 107 11 11 62 62 62 62 11 9 9 9 9 10 10 
996 882 882 882 882 947 947 947 925 925 925 839 839 906 839 878 879 879 773 773 773 814 814 773 773 775 775 761 761 761 761 761 761 761 720 720 691 691 699 699 699 699 700 643 643 552 552 651 651 651 644 551 551 551 616 510 551 551 580 558 565 518 518 518 518 529 491 491 491 491 491 459 459 468 468 468 436 436 436 436 381 381 381 381 381 381 381 381 317 373 351 336 336 336 336 272 272 272 272 272 272 272 258 234 234 234 219 219 203 203 203 204 134 188 134 134 134 134 134 138 138 138 101 101 101 101 107 11 92 63 63 63 63 11 11 9 9 11 11 11 
996 882 947 947 947 947 947 947 925 925 925 839 906 906 839 878 879 879 773 773 773 814 814 831 831 775 775 813 720 720 720 720 720 762 720 720 691 691 699 699 699 699 700 552 552 552 552 644 644 644 644 551 551 551 551 551 551 551 580 558 558 518 518 518 518 529 529 498 511 511 491 491 491 468 468 436 436 381 381 381 381 381 381 381 381 381 317 317 317 373 351 336 336 336 337 326 272 272 272 296 272 272 258 258 258 234 234 203 203 204 204 204 134 188 134 134 134 134 134 134 134 134 134 114 114 114 11 11 63 63 31 31 31 57 11 11 11 11 12 12 
996 882 947 947 947 962 932 932 925 925 927 839 839 839 839 878 850 850 773 773 773 814 831 831 775 775 813 813 720 775 775 775 720 720 720 699 699 691 691 699 699 552 552 552 687 552 552 644 644 644 645 628 628 610 610 551 551 551 558 558 558 551 551 518 518 498 498 498 498 498 506 491 491 436 436 436 460 381 381 429 429 381 381 381 381 381 317 317 373 373 351 351 351 326 326 326 272 272 272 296 272 272 272 203 203 234 234 203 203 204 205 205 134 134 134 134 134 134 160 160 151 134 134 114 114 11 11 63 63 86 31 31 31 31 31 31 31 31 12 12 
996 932 932 932 972 932 932 932 932 932 850 850 850 850 850 850 850 850 773 773 773 814 814 814 775 775 775 775 775 775 751 751 751 751 751 699 699 699 699 699 699 552 552 687 687 552 656 644 644 644 645 628 628 610 610 610 603 551 551 551 551 551 551 518 545 498 498 498 498 498 498 498 492 436 460 460 460 449 381 381 381 381 381 381 381 381 392 317 373 326 326 326 326 326 327 327 273 273 273 273 273 273 273 203 203 234 203 203 203 204 205 205 134 134 134 134 134 134 160 151 151 134 134 114 114 11 108 63 63 63 31 31 31 31 31 31 31 12 12 12 
932 932 932 932 932 932 955 907 907 850 850 850 850 850 886 886 886 850 850 773 773 814 814 814 814 814 814 814 775 775 751 751 751 752 752 699 699 699 699 552 552 552 552 552 552 552 656 656 656 644 645 552 552 552 617 603 603 559 559 551 551 559 551 518 518 518 518 518 518 492 492 492 492 436 460 449 449 449 421 421 421 421 381 381 382 382 382 317 317 326 273 273 273 327 327 273 273 312 203 203 203 203 203 203 203 234 203 204 204 204 206 206 134 134 134 134 134 134 151 151 152 134 134 114 114 11 11 63 63 63 31 31 31 31 31 31 31 12 13 13 
932 932 932 932 932 932 955 907 907 850 850 850 850 850 886 850 850 850 850 850 850 850 814 814 814 814 768 768 768 792 751 751 751 752 752 699 699 699 699 552 552 552 552 552 688 644 644 644 644 644 645 552 560 552 617 603 604 559 559 559 559 559 551 551 512 512 512 512 512 492 492 492 492 436 360 449 449 449 421 421 421 421 383 383 382 382 382 382 317 326 273 273 327 327 273 273 203 203 203 283 283 283 264 264 203 203 203 204 204 204 109 109 183 183 183 183 134 134 151 115 115 115 115 114 114 115 11 63 63 71 71 71 58 58 44 44 12 12 13 13 
932 932 932 932 932 932 955 907 907 907 850 850 850 850 850 850 850 850 850 850 850 850 814 814 814 814 768 793 768 768 751 751 751 753 753 728 728 727 727 552 552 701 701 552 688 644 644 552 552 652 552 552 560 552 552 603 552 552 559 559 566 552 552 552 512 513 513 530 512 512 492 492 436 436 360 360 360 360 360 360 360 360 383 383 382 382 382 382 317 326 367 273 273 273 273 328 203 203 306 264 264 264 264 109 109 221 221 221 221 221 109 109 109 109 109 109 109 109 115 115 139 139 115 115 115 115 11 63 63 44 44 44 58 44 44 12 12 13 13 13 
932 992 932 932 932 933 933 933 933 907 907 907 907 907 852 852 850 850 850 850 850 850 840 840 806 806 768 793 793 793 751 751 751 753 753 728 728 728 728 552 552 552 552 552 552 552 552 552 552 552 552 629 560 560 552 552 552 552 552 552 552 552 552 553 512 513 513 513 513 513 436 436 436 469 469 469 360 360 446 414 414 360 360 383 383 383 383 383 317 326 317 317 317 317 317 317 317 203 306 264 179 179 274 109 109 109 221 221 221 221 109 109 109 198 109 109 109 109 115 115 115 109 109 109 109 109 11 63 63 44 44 44 44 44 44 12 12 12 14 14 
932 932 932 963 963 933 933 933 933 933 907 907 907 907 852 852 850 850 850 850 851 840 840 806 806 806 768 768 768 768 768 768 768 728 728 728 728 728 729 552 552 552 552 552 552 619 619 619 646 646 646 629 629 560 618 552 552 572 552 552 552 552 552 553 512 512 461 461 461 461 436 436 436 436 436 436 436 436 414 414 414 414 360 360 360 360 383 383 317 317 317 203 203 203 318 318 318 203 264 264 179 179 179 109 259 109 109 109 109 109 207 207 109 171 171 171 109 109 109 140 140 109 109 116 116 109 11 11 11 11 44 44 44 44 44 12 12 12 14 14 
964 932 932 963 963 933 933 933 908 908 907 907 907 907 901 852 850 850 850 850 851 840 840 806 806 806 768 768 768 768 768 728 728 728 754 736 736 702 702 702 702 702 702 692 619 619 673 619 646 646 646 619 619 560 560 560 572 572 552 552 567 552 553 553 512 512 461 461 461 461 507 436 436 486 461 461 461 436 414 414 415 414 414 368 368 360 383 383 360 360 360 203 203 203 203 203 203 203 264 264 179 179 179 109 109 249 109 109 109 109 109 109 109 171 171 171 170 170 109 109 140 140 109 116 116 109 109 12 12 44 44 44 44 44 49 12 12 12 22 15 
964 964 964 963 963 963 933 933 908 908 908 908 914 901 901 852 852 852 852 864 851 851 840 806 806 806 768 768 768 794 728 728 754 754 754 736 702 702 692 692 692 692 692 692 619 619 619 619 646 646 646 619 619 626 619 560 572 572 572 552 552 552 553 553 512 512 512 512 461 461 461 461 461 486 461 462 462 436 436 414 415 415 415 368 368 360 393 384 360 374 360 360 203 203 319 319 203 203 297 179 179 179 179 179 109 109 109 236 179 179 179 179 179 171 190 170 170 161 161 109 109 109 109 116 116 116 12 12 12 44 44 44 44 44 49 12 32 32 15 15 
993 993 964 964 964 964 933 908 908 908 908 908 908 901 901 785 785 785 852 852 852 840 840 806 806 806 806 806 806 728 728 736 736 736 736 736 702 702 692 692 692 692 692 619 619 619 619 619 619 619 619 619 619 619 619 560 572 572 572 572 560 560 461 461 461 512 512 512 461 514 461 461 461 486 461 461 414 414 436 414 415 415 368 368 368 360 360 384 360 374 368 203 203 203 319 319 319 297 297 179 179 179 179 179 260 179 179 179 179 213 179 179 179 171 171 171 178 161 161 153 153 116 116 116 116 12 12 102 12 44 44 44 44 44 12 12 32 32 15 15 
993 993 980 980 933 965 933 908 940 908 908 908 908 908 785 785 785 785 852 852 852 840 840 806 806 807 807 807 807 728 728 736 736 728 728 728 728 702 692 692 692 692 692 619 619 619 619 619 619 619 620 620 620 619 619 560 560 560 560 560 560 561 461 461 461 461 461 461 461 479 479 479 461 461 461 461 414 414 436 414 430 368 368 409 368 368 360 360 360 368 368 203 203 203 319 319 319 297 297 297 179 179 260 260 260 179 214 214 214 213 179 179 179 179 179 171 171 171 161 153 153 116 116 116 116 12 12 12 12 12 12 59 59 59 12 45 16 16 15 15 
997 980 980 933 933 933 933 908 908 908 908 908 915 785 785 892 785 785 785 785 852 852 785 785 785 785 785 785 785 785 728 728 728 728 755 728 728 702 692 692 692 692 619 619 619 663 663 619 619 619 619 619 620 619 619 589 589 589 560 560 560 461 461 461 546 461 461 461 461 479 479 479 470 470 470 470 414 414 414 414 430 368 368 368 368 368 368 385 368 368 369 203 352 203 203 307 307 307 307 179 179 179 179 179 179 179 214 214 214 213 213 179 179 179 179 179 179 161 161 161 116 116 116 116 116 12 12 12 12 12 12 59 12 12 12 45 16 16 15 15 
997 980 980 933 933 933 941 941 941 908 908 915 915 785 785 785 785 785 785 785 785 785 785 808 808 808 808 808 808 785 785 728 728 737 737 737 737 702 702 702 702 702 619 619 619 663 663 663 619 619 619 619 620 620 620 589 589 589 560 560 560 461 461 461 546 479 479 479 479 479 479 479 479 479 479 463 463 414 414 430 430 368 368 400 400 400 368 368 368 369 369 203 203 203 203 307 307 307 307 179 179 179 250 250 250 250 214 214 214 214 214 179 179 179 179 179 180 161 161 161 116 116 116 122 122 12 12 12 12 12 12 12 12 39 39 39 39 16 16 16 
