916 916 916 916 940 940 909 909 909 909 865 865 855 855 855 855 855 845 807 807 807 813 813 777 777 777 777 777 753 753 753 673 673 673 720 720 673 673 691 691 597 597 597 614 614 614 614 624 624 624 597 597 597 597 577 577 553 553 492 492 492 492 492 492 492 508 508 428 428 428 428 428 436 436 436 436 436 436 403 403 403 403 396 342 342 363 363 363 342 342 342 327 327 322 322 289 289 289 289 289 225 225 271 225 225 244 230 230 200 200 200 200 200 157 157 157 157 157 157 157 124 124 124 124 69 69 69 69 69 69 69 1 1 1 1 1 1 1 1 1 
916 916 916 916 940 940 909 909 909 865 865 865 855 855 855 863 845 845 807 807 807 753 753 777 777 777 753 753 753 753 754 673 673 673 720 720 673 673 673 692 597 597 597 597 614 614 614 624 624 624 597 597 597 597 577 553 553 553 492 492 537 537 492 492 492 508 508 428 428 428 428 428 436 436 436 436 420 420 403 403 342 342 396 342 342 342 342 342 342 289 289 327 327 322 289 289 305 289 289 225 225 225 225 225 225 225 230 200 200 200 200 201 201 157 138 138 138 138 138 124 124 124 124 125 69 69 69 1 1 1 1 1 28 28 1 1 1 1 1 2 
916 916 916 916 940 940 916 916 916 865 865 865 855 855 871 845 845 846 807 807 807 753 753 753 753 753 753 753 753 753 754 673 673 673 720 720 673 673 673 673 673 597 597 597 614 614 614 614 614 614 614 597 577 577 577 553 553 553 492 492 537 492 492 492 492 508 508 428 428 428 428 463 463 463 436 436 420 420 403 403 342 342 342 342 351 351 342 342 342 289 289 289 327 327 289 305 305 289 289 225 225 225 225 225 225 225 230 200 200 200 200 201 157 157 138 138 138 138 138 124 124 124 124 69 69 69 69 1 1 80 28 28 28 28 28 44 1 27 1 2 
916 916 916 916 916 916 916 865 865 865 865 846 846 846 871 846 846 846 807 807 807 807 773 773 801 753 753 753 753 754 754 673 673 673 673 673 673 673 673 673 673 673 673 597 597 641 641 641 625 625 615 597 577 577 577 553 553 553 492 492 537 492 492 492 492 508 508 492 492 492 428 428 428 428 456 451 420 420 420 342 342 342 342 342 351 351 342 342 342 289 289 289 289 289 289 305 289 289 225 225 225 225 225 225 237 237 230 230 200 200 200 157 157 183 183 138 138 138 138 138 124 124 124 69 69 69 69 1 1 80 28 28 28 28 28 28 1 1 1 2 
916 963 963 916 916 916 916 865 917 910 865 846 846 846 846 846 846 829 829 833 829 807 773 773 801 753 753 773 773 524 524 524 740 708 708 708 708 708 673 673 687 656 656 656 597 597 615 615 625 625 615 597 577 577 577 553 559 559 559 492 492 492 492 492 492 492 492 492 457 457 457 457 457 428 428 451 420 420 420 342 411 342 342 342 351 351 351 351 351 351 289 289 289 289 289 289 289 298 225 225 225 225 225 256 237 237 237 230 200 200 200 157 183 183 183 138 138 138 138 138 138 138 69 69 69 1 1 1 28 28 28 28 28 28 52 28 1 1 19 2 
916 916 916 916 929 929 929 865 865 910 865 865 846 864 864 864 846 829 829 829 829 807 773 773 773 782 782 773 524 524 524 524 740 708 708 708 708 709 656 656 687 656 674 656 656 597 615 615 615 615 615 597 577 577 577 553 559 559 559 492 492 492 531 492 492 492 492 457 457 457 457 457 457 464 428 428 420 412 412 342 342 342 342 342 342 342 342 342 355 307 307 289 289 328 289 289 306 298 298 280 280 225 225 256 256 245 230 230 157 157 157 157 183 183 183 183 138 138 162 139 139 139 69 69 1 1 28 28 28 70 70 28 28 52 52 28 28 28 2 2 
916 916 955 955 929 929 929 929 865 865 903 865 846 846 864 864 846 829 829 829 829 807 773 773 773 782 782 773 524 755 755 740 740 708 708 708 708 709 656 656 656 656 578 578 657 597 597 597 597 597 597 597 577 577 577 553 553 553 553 492 492 492 492 492 492 492 492 457 457 457 457 457 457 457 457 428 420 412 412 412 412 342 342 371 371 342 342 342 342 307 307 307 307 328 289 289 289 280 280 280 280 225 272 256 256 245 230 230 157 215 157 157 202 183 183 140 140 140 140 139 139 1 1 1 1 110 1 1 1 1 1 63 52 52 53 3 3 3 2 2 
948 948 948 948 948 929 929 929 865 865 903 865 881 846 872 846 846 847 829 829 829 807 814 773 773 773 773 773 524 524 524 740 709 709 709 709 709 709 656 656 656 682 578 578 597 597 597 597 597 597 578 578 578 578 578 578 553 553 553 553 544 492 492 523 492 482 482 482 482 482 482 457 457 457 428 428 420 412 412 412 412 404 371 371 371 342 342 342 342 307 307 307 307 289 289 314 289 280 280 280 280 225 272 256 256 245 157 157 157 215 215 157 157 157 157 140 140 140 140 139 139 1 1 1 110 110 1 1 1 81 1 63 52 52 52 3 3 3 2 2 
948 970 948 948 929 929 929 929 865 865 865 865 881 846 846 846 815 815 815 815 829 807 807 773 773 783 783 744 744 765 524 524 709 709 709 709 709 709 524 524 688 682 578 665 597 597 597 597 597 597 578 578 578 578 578 524 524 524 524 524 544 492 492 492 492 482 482 482 482 493 483 457 457 457 428 452 420 412 412 393 393 404 371 371 371 342 364 364 307 307 343 307 307 289 289 289 289 280 280 281 281 225 225 225 225 245 157 157 218 218 157 157 157 157 157 158 158 140 140 140 140 1 1 110 110 1 1 94 1 1 1 45 45 52 52 3 3 3 2 2 
948 948 929 929 929 918 930 930 865 865 865 865 881 846 846 865 815 815 815 815 829 821 807 807 773 783 744 744 744 765 524 524 524 524 730 709 709 709 524 524 524 682 578 665 578 578 578 578 578 578 578 578 578 578 578 524 524 524 524 524 524 524 524 475 475 475 475 482 482 483 483 475 457 457 428 428 420 427 427 393 393 393 393 393 371 342 342 342 307 307 307 307 307 307 307 307 307 246 246 246 246 246 246 246 225 225 225 157 157 157 157 157 157 184 184 158 158 158 158 158 140 140 1 110 110 1 94 94 1 1 1 45 45 45 45 45 3 3 2 2 
948 948 929 929 929 918 918 918 865 865 865 865 881 846 846 865 815 815 815 815 821 821 773 773 773 783 744 778 744 765 524 524 524 524 524 524 524 524 524 693 524 578 578 665 578 650 578 578 633 524 524 524 524 578 578 524 524 524 524 538 538 538 524 475 475 511 475 475 475 483 483 475 430 430 430 428 420 420 420 393 393 393 393 393 371 377 342 342 307 307 307 307 307 307 307 307 246 246 246 246 282 246 246 246 238 238 225 225 225 157 157 157 203 184 184 184 158 158 158 94 94 94 1 1 1 1 94 1 1 45 45 45 57 57 46 46 3 3 3 3 
948 948 929 941 941 941 918 918 865 865 894 894 881 865 865 865 815 815 815 815 821 821 773 773 773 744 744 778 744 744 744 744 713 713 713 713 713 524 524 693 524 578 578 578 578 524 524 524 524 524 616 606 524 524 524 524 515 515 515 538 538 538 524 524 475 475 475 475 475 475 475 475 430 430 430 428 437 437 420 420 393 393 397 393 371 342 342 352 352 352 344 307 307 307 246 246 246 261 261 261 282 246 246 246 238 238 238 226 226 157 157 157 185 185 185 185 158 158 158 94 94 94 126 126 94 94 94 87 87 45 45 45 45 46 46 47 29 29 4 4 
950 950 929 929 929 942 918 918 918 865 881 881 881 865 848 848 815 815 815 815 815 815 815 744 744 744 778 778 766 766 713 713 713 693 693 693 693 524 524 693 524 658 658 658 658 524 642 642 616 616 616 606 524 524 524 524 515 560 515 515 515 515 524 524 515 475 475 475 500 476 476 476 430 428 428 428 428 428 428 393 393 393 397 393 371 371 371 352 352 344 344 307 307 307 246 246 308 246 246 261 261 261 261 261 238 238 239 226 226 157 157 157 185 192 94 94 94 94 94 94 94 94 94 94 94 111 104 87 46 46 45 45 45 46 47 47 29 29 4 5 
950 950 929 929 949 919 919 919 919 865 881 881 865 865 848 848 848 848 834 834 744 744 744 744 744 744 778 778 766 713 713 693 693 693 694 694 693 693 693 693 524 524 659 659 659 524 524 524 616 616 616 606 524 524 524 524 515 560 560 515 515 515 515 515 515 475 475 475 476 476 477 477 430 428 453 453 428 393 393 393 413 393 393 393 356 356 372 219 219 344 219 219 219 219 246 246 246 246 246 246 246 246 246 246 246 246 219 219 219 219 204 204 185 185 94 94 94 94 94 94 104 104 104 104 104 104 104 87 46 46 46 45 45 46 29 29 29 29 4 4 
950 950 929 929 949 931 931 931 865 865 881 881 865 865 848 848 849 849 834 834 744 744 793 793 793 793 766 766 766 713 713 693 693 693 694 694 710 710 683 683 683 524 659 524 524 651 524 524 634 606 606 606 515 515 515 579 515 545 545 545 545 475 475 475 475 475 504 504 476 494 477 477 430 428 428 428 428 393 393 393 413 405 356 356 356 356 372 219 219 219 219 309 309 219 246 246 246 290 290 290 246 246 246 246 246 246 219 220 220 220 204 204 204 185 190 94 94 94 159 159 104 104 104 104 87 87 87 87 82 82 46 46 46 46 29 29 29 29 20 4 
950 950 950 931 931 931 931 931 865 865 865 865 865 865 848 848 744 744 744 744 744 744 793 808 793 793 766 766 767 767 713 693 693 693 694 694 701 701 683 683 683 524 524 524 524 651 524 606 606 606 606 606 515 515 515 515 515 545 545 545 545 475 484 484 475 475 504 504 476 494 477 477 430 428 428 428 428 393 393 393 413 405 356 356 356 356 356 356 356 219 219 309 309 219 246 246 290 290 290 290 219 219 247 247 247 247 219 220 204 204 204 185 185 185 175 175 175 159 159 87 87 87 87 127 87 112 87 87 82 83 46 46 46 46 29 29 29 29 20 4 
950 950 950 956 931 931 931 931 904 904 904 865 865 866 866 866 744 744 744 744 822 822 793 808 793 766 766 766 713 713 713 693 693 694 694 694 701 701 701 683 683 683 652 652 524 524 524 606 617 617 617 515 515 515 515 515 525 525 545 545 545 475 484 484 475 475 476 476 476 484 484 430 430 428 428 393 393 429 429 393 405 405 356 356 356 356 356 357 357 338 338 309 309 219 219 219 219 219 219 219 219 219 219 219 219 219 219 220 204 204 185 185 175 175 175 159 159 159 87 87 141 141 87 87 87 87 105 82 82 54 54 54 54 54 54 4 4 4 20 4 
957 957 950 950 950 904 904 904 904 759 759 759 759 866 866 866 744 744 744 744 744 744 793 793 793 766 779 779 713 713 713 713 713 694 694 694 701 701 701 683 683 652 652 652 652 652 606 606 515 515 515 515 580 580 585 580 525 525 525 545 545 475 475 484 484 484 476 484 484 484 485 430 430 458 458 393 393 393 393 393 405 338 338 338 386 338 338 338 338 338 338 338 309 309 323 219 219 219 219 291 273 273 273 204 204 204 204 204 204 204 185 213 175 193 159 159 159 159 87 87 87 87 131 87 87 87 105 82 82 54 64 64 4 4 4 4 4 4 4 4 
957 957 964 904 904 904 759 759 759 759 759 759 759 759 759 759 744 744 744 744 744 744 793 793 793 766 766 780 756 756 741 741 713 713 731 694 694 694 694 683 683 652 652 652 652 606 606 515 515 626 515 515 515 580 580 580 525 525 525 525 525 539 475 475 510 484 484 484 484 484 485 430 430 393 393 393 393 393 393 405 405 338 338 338 338 338 358 358 338 338 329 329 329 309 309 219 219 219 219 273 273 262 262 204 257 204 204 204 204 185 185 213 175 193 159 159 159 159 149 149 149 87 87 87 54 54 105 54 54 54 4 4 4 30 4 4 4 21 21 6 
957 957 957 957 943 943 759 759 759 882 882 895 882 759 759 759 856 759 759 795 795 795 793 793 793 794 766 756 756 756 741 741 741 713 713 713 684 684 694 694 652 652 652 652 606 606 515 515 626 626 515 607 515 515 580 580 525 525 561 554 525 525 525 475 510 485 485 485 485 485 485 430 430 393 393 393 393 393 393 405 405 338 338 338 338 358 358 358 358 329 329 339 329 329 309 309 309 219 219 273 273 262 262 204 204 204 204 204 204 185 185 175 175 193 159 159 149 149 149 142 142 87 87 54 54 54 54 54 88 4 4 59 59 30 30 30 30 21 21 6 
957 958 958 958 943 759 759 759 759 882 882 882 882 857 857 759 759 759 759 795 795 795 802 802 802 766 766 756 756 756 756 735 735 735 684 684 684 684 652 652 652 652 652 652 606 653 515 515 515 515 515 601 601 515 586 571 571 516 516 554 525 525 525 475 510 485 509 485 485 441 441 441 430 393 393 393 393 393 406 405 405 338 338 338 338 358 359 359 359 329 329 258 258 258 258 258 258 219 219 262 262 262 262 262 204 204 204 204 227 185 185 175 175 193 176 176 149 149 142 142 142 142 54 54 88 88 88 88 88 4 71 22 22 58 22 22 30 30 6 6 
957 943 943 943 943 759 759 759 759 882 882 883 883 857 857 857 857 850 759 795 795 802 802 803 803 766 766 766 735 735 735 735 735 735 684 721 652 652 652 689 689 606 606 606 606 606 515 515 515 515 515 601 601 515 571 571 516 516 516 516 516 516 525 525 510 485 485 485 441 441 441 441 430 430 459 393 393 438 406 406 406 406 338 358 358 358 329 329 329 329 329 330 330 330 258 258 258 262 262 262 283 258 258 258 258 204 205 205 205 205 205 205 175 175 176 176 176 142 142 97 97 97 54 54 54 88 88 95 4 4 71 22 22 22 22 22 22 22 6 6 
943 943 759 959 759 759 759 932 759 882 882 884 884 850 850 850 850 850 759 835 795 795 795 795 795 795 606 606 735 735 735 735 606 606 684 684 652 652 684 684 684 606 606 606 606 606 515 515 515 627 515 515 515 515 571 571 516 516 516 516 516 516 516 516 510 510 510 441 441 486 441 441 467 430 430 430 430 430 430 407 407 407 338 338 338 378 329 329 345 345 345 330 315 315 315 315 258 262 258 258 258 258 204 204 204 204 205 205 205 143 143 205 205 175 175 175 177 142 142 97 97 97 113 113 54 54 95 95 4 4 4 22 22 22 22 22 22 22 6 6 
943 759 759 959 759 944 759 759 759 882 882 884 885 850 850 850 850 759 759 784 784 784 784 784 784 796 606 606 606 606 606 606 606 606 606 684 684 684 684 695 684 684 606 666 606 606 515 515 515 618 618 515 515 515 515 571 516 516 516 546 546 517 517 516 516 441 441 441 487 486 486 467 467 430 430 430 431 431 431 407 338 338 338 338 338 378 346 346 345 345 345 330 315 315 315 258 258 262 258 258 258 186 204 204 204 205 205 205 205 143 143 205 205 175 175 175 166 166 97 97 97 97 113 96 96 54 54 54 54 84 4 4 22 22 22 22 22 22 7 7 
943 759 759 759 759 944 867 759 759 884 884 884 885 867 867 867 850 759 759 784 784 785 785 785 784 796 606 606 606 606 606 745 742 606 606 606 606 606 606 606 606 606 606 643 643 643 643 643 618 618 619 515 515 515 515 516 516 516 516 546 517 517 517 517 517 441 441 441 487 487 487 467 468 430 430 430 431 431 431 407 338 338 338 338 346 346 346 346 346 346 346 330 330 258 258 258 258 258 258 292 186 186 186 186 186 186 186 205 205 143 143 143 143 143 143 143 166 166 97 97 97 97 113 96 96 96 96 96 54 4 4 4 22 22 22 22 22 22 7 7 
943 943 943 943 920 920 867 867 884 884 885 885 885 867 867 850 850 759 759 784 784 785 785 785 784 796 606 606 606 768 742 742 742 606 606 606 643 643 702 643 643 643 643 643 618 618 618 618 618 628 587 587 587 587 587 516 516 516 516 546 517 517 517 517 518 441 441 441 441 441 333 333 333 333 430 430 407 407 407 407 338 338 338 338 346 346 346 360 360 346 346 258 258 258 258 258 258 292 292 292 186 186 186 263 186 186 186 205 205 143 143 143 178 178 178 143 143 143 143 97 97 97 113 113 113 113 97 97 54 4 60 60 22 22 22 22 22 22 22 7 
943 943 943 943 920 920 920 867 867 911 867 867 867 874 867 850 858 759 759 759 759 785 785 785 784 784 784 606 606 768 742 746 703 703 643 643 643 643 643 643 618 618 618 618 618 618 618 628 628 628 587 587 587 587 588 562 562 562 562 517 517 517 517 517 512 512 505 505 441 441 333 333 333 333 454 454 407 407 407 346 346 346 387 387 346 346 365 360 276 276 276 258 258 258 258 258 258 248 248 248 248 248 263 263 186 186 186 205 205 143 143 143 178 178 167 167 167 167 143 150 150 97 97 97 97 97 97 98 54 4 4 60 22 22 22 22 22 7 7 7 
943 943 943 943 920 920 920 920 867 867 867 896 867 867 867 850 850 836 836 836 759 785 785 785 797 797 785 606 742 742 742 703 703 703 643 643 643 643 643 618 618 675 675 644 644 644 644 628 628 629 587 587 562 562 562 562 517 517 517 517 540 540 526 526 512 505 505 505 441 441 441 333 333 454 454 407 407 407 407 346 346 346 387 387 387 346 365 360 276 276 276 258 258 276 276 276 276 248 248 248 248 248 248 186 186 240 240 205 205 205 205 143 194 178 178 178 178 143 143 150 150 143 97 97 117 4 4 4 54 54 4 60 60 39 39 39 39 7 7 7 
943 943 943 943 943 859 921 920 920 886 886 886 886 850 850 850 850 836 836 836 759 786 786 785 785 785 785 606 742 757 757 703 703 703 703 703 703 703 618 618 644 644 644 644 644 644 645 587 587 587 587 602 562 562 517 517 517 567 563 526 526 526 526 527 512 505 505 505 441 441 441 333 333 454 407 407 407 407 333 333 333 346 346 346 346 346 365 360 276 276 340 340 276 276 316 316 276 276 276 248 248 248 248 186 186 240 240 205 205 205 205 143 194 194 178 178 179 143 143 143 151 143 97 97 117 4 4 4 4 4 4 4 61 39 39 39 39 7 7 7 
943 943 943 943 943 859 921 921 921 905 905 887 887 850 850 850 850 836 836 759 759 786 786 804 804 786 786 742 742 757 757 736 736 703 703 703 703 703 618 618 644 644 644 644 644 644 645 587 587 587 602 602 602 517 517 563 563 563 563 547 547 512 512 527 512 505 505 441 441 441 441 478 333 333 333 439 439 439 333 421 333 333 333 333 346 346 365 360 360 276 276 276 276 316 316 317 276 276 276 248 248 264 264 264 186 240 240 231 143 143 143 143 143 143 143 143 143 143 143 143 143 143 97 97 117 114 4 4 4 4 4 4 31 31 31 31 31 7 7 7 
965 965 943 943 859 859 921 921 922 905 905 887 888 850 850 850 850 759 759 759 830 786 786 804 804 786 787 758 758 757 757 736 736 736 618 618 618 703 703 618 618 618 644 644 645 645 645 587 587 608 602 602 602 517 517 563 563 563 547 547 512 512 512 512 512 441 441 441 488 488 488 478 333 333 333 333 440 440 333 333 398 398 398 333 346 346 365 365 316 316 316 316 316 316 316 317 276 276 276 276 248 248 248 248 186 186 186 231 143 143 214 214 143 143 143 143 143 163 163 144 144 144 66 66 66 114 4 4 4 4 4 4 31 48 48 48 31 31 4 4 
965 965 859 859 859 945 921 921 905 905 905 887 850 850 850 850 850 759 759 759 830 786 786 786 786 786 758 758 758 757 757 736 736 736 618 722 618 703 703 618 618 618 660 660 645 645 587 587 587 608 608 608 517 517 517 563 563 563 547 512 512 512 512 512 519 441 478 478 488 488 488 478 446 446 446 333 333 333 432 333 333 398 398 333 333 347 347 366 316 316 316 316 316 316 316 317 310 293 293 276 276 276 265 248 248 248 186 186 143 143 214 214 143 143 143 180 180 163 163 144 144 144 118 118 66 66 99 99 4 4 65 65 31 48 48 40 40 4 4 4 
965 965 859 933 933 933 921 921 905 905 887 887 850 850 850 850 850 759 759 759 830 823 786 786 786 786 758 758 758 758 758 618 618 618 618 618 618 703 703 618 676 676 660 660 587 587 587 635 635 517 517 517 517 517 517 581 572 547 547 512 512 512 512 519 519 441 441 478 478 478 478 478 446 446 446 446 446 333 333 333 333 333 333 333 333 347 347 347 347 316 316 317 317 317 317 317 310 293 293 293 249 249 265 265 248 248 186 186 143 214 214 214 143 195 164 164 164 164 164 144 144 144 118 118 118 66 66 100 4 4 4 4 31 4 4 40 40 4 4 4 
965 965 859 859 951 933 933 933 905 905 887 887 850 850 850 805 805 759 759 759 823 823 786 786 769 769 769 774 774 747 747 618 618 618 618 618 618 618 618 618 676 676 660 660 587 587 587 635 636 517 517 517 517 517 517 517 572 547 547 547 512 512 512 441 441 441 441 478 478 495 478 478 469 422 422 422 422 422 333 333 414 333 347 347 347 347 347 347 347 347 317 317 317 317 317 310 310 293 293 293 249 249 249 266 249 249 186 143 143 214 214 214 143 143 164 164 145 145 145 145 145 145 118 118 118 66 66 100 4 4 4 4 4 4 4 4 4 4 4 4 
966 965 965 859 951 906 906 934 905 905 887 887 850 850 850 805 805 759 759 759 823 759 759 769 769 798 769 774 774 747 747 618 618 618 618 723 618 618 667 667 667 676 676 660 660 587 587 635 630 630 603 603 603 517 517 517 517 517 548 547 547 520 520 441 441 441 478 478 478 478 441 441 469 422 422 422 422 422 422 422 414 333 347 347 347 347 347 347 361 347 317 317 317 317 317 310 310 293 293 293 249 249 249 249 249 250 186 143 143 143 143 143 143 143 164 164 145 152 152 152 152 118 118 118 118 66 106 72 72 72 4 4 4 8 8 8 8 8 8 8 
966 966 966 859 951 906 906 912 912 912 887 887 889 868 868 805 805 837 837 759 759 759 759 769 798 798 769 769 774 747 747 737 737 737 711 711 711 711 667 667 667 667 667 667 661 587 630 630 630 631 603 609 568 568 517 517 517 517 548 555 548 520 520 441 441 441 478 478 478 478 441 441 441 441 441 441 441 441 414 414 414 333 399 333 333 379 347 347 361 347 347 317 317 318 318 318 299 299 299 294 284 249 249 249 249 186 186 186 186 186 186 186 206 186 186 186 145 118 118 118 118 118 119 119 119 66 106 72 72 72 72 4 4 4 32 32 8 8 9 9 
966 966 859 859 906 906 906 912 912 912 868 868 868 868 868 868 805 837 837 837 759 759 759 769 769 769 769 769 769 747 747 737 737 724 724 724 667 667 667 667 668 668 668 668 661 587 630 630 603 603 603 609 568 568 517 517 548 548 548 555 548 520 520 520 520 441 441 441 441 441 441 441 470 414 414 414 414 414 414 414 414 333 333 333 333 379 333 333 333 333 333 333 318 318 318 318 299 299 294 294 284 249 249 259 259 186 186 186 228 135 135 186 186 186 186 186 145 118 118 118 146 146 119 119 119 66 66 66 66 72 72 4 4 4 32 32 32 32 9 9 
971 971 859 906 906 946 906 906 906 912 868 868 868 868 805 805 805 837 837 838 759 816 816 759 759 799 759 759 769 769 747 747 737 724 725 725 667 667 667 667 667 677 677 661 661 587 587 630 603 603 603 609 568 568 517 517 548 548 548 548 548 520 520 520 520 455 455 455 455 441 441 441 470 414 414 414 414 442 423 423 408 408 333 333 333 333 333 333 333 333 333 333 318 318 318 294 294 294 294 284 284 249 249 186 186 186 186 232 135 135 135 135 135 135 135 135 145 145 145 118 120 120 120 120 120 89 89 66 66 72 72 66 4 4 10 10 10 10 10 10 
971 859 859 906 906 906 906 906 906 906 868 868 868 868 805 824 824 824 838 838 759 759 759 759 759 759 759 759 759 759 759 737 737 724 724 724 667 667 667 667 667 661 661 661 587 587 587 587 603 603 603 603 568 568 568 568 548 548 455 455 455 455 455 455 455 455 455 455 455 455 455 455 455 414 414 414 414 442 423 423 408 388 388 388 388 333 333 333 333 348 348 333 333 318 318 294 294 294 196 196 196 196 196 186 251 251 186 232 135 207 207 135 135 191 191 135 135 118 118 118 120 120 120 120 120 89 89 66 66 66 73 66 4 4 10 10 10 33 10 10 
971 859 859 952 952 906 906 906 923 906 906 859 859 875 805 805 805 824 824 824 824 824 809 809 759 759 770 770 770 770 737 737 705 705 705 726 667 667 696 696 661 661 669 669 587 587 587 587 603 603 603 603 568 568 568 568 455 455 455 549 549 521 521 521 521 513 455 455 496 496 465 465 455 455 455 455 408 408 408 408 408 388 380 380 380 380 324 324 324 324 324 324 324 324 324 294 294 300 196 196 285 196 196 186 186 186 186 232 135 207 207 207 207 191 191 135 135 118 118 118 120 120 120 89 89 89 89 89 89 66 66 66 4 4 4 41 41 11 11 11 
971 859 859 859 859 937 937 906 906 913 859 859 859 869 869 869 805 851 805 805 805 805 809 809 805 770 770 770 770 737 737 748 705 705 705 705 667 667 696 661 661 661 661 620 620 646 646 598 598 598 598 598 598 598 568 568 455 455 471 471 471 521 471 471 513 513 455 455 471 471 465 465 465 465 415 415 415 415 415 415 388 388 380 380 380 324 324 349 349 349 349 331 331 331 294 294 294 277 277 196 285 196 196 186 186 186 186 186 135 135 135 135 208 165 165 165 165 118 118 118 120 132 132 89 89 13 13 13 13 67 66 66 4 4 4 13 13 11 11 11 
971 859 859 859 859 859 859 906 906 913 859 897 859 869 859 859 805 805 805 818 818 805 805 805 805 770 781 781 737 737 748 748 705 705 705 705 678 678 661 661 661 661 661 620 620 620 647 598 598 598 598 598 568 568 589 568 568 455 455 455 471 471 471 471 513 513 471 471 471 471 479 479 465 465 415 415 415 415 415 415 415 380 380 389 389 324 373 349 349 349 331 331 331 331 294 319 277 277 277 196 285 196 196 186 186 186 186 186 229 135 135 135 135 165 187 187 165 165 165 120 120 13 13 128 13 13 74 74 13 67 67 67 13 13 13 13 13 11 11 11 
954 954 859 859 859 859 859 859 859 859 859 897 859 859 859 859 859 818 818 818 818 770 770 770 770 770 781 781 737 737 737 749 705 705 705 714 678 678 661 661 661 620 620 620 662 620 620 620 620 598 620 610 568 568 568 568 568 455 455 455 522 522 532 471 471 513 471 501 501 471 471 471 466 466 415 415 415 416 416 416 416 380 380 380 380 324 324 324 349 349 277 277 331 331 294 319 277 301 277 196 285 196 196 196 252 252 186 186 229 221 135 135 135 165 165 165 160 160 160 120 120 13 13 13 13 74 74 74 13 13 68 68 13 13 49 49 13 23 23 12 
954 890 890 953 953 890 890 890 898 898 870 870 870 870 870 870 860 818 818 818 818 770 817 770 770 770 771 771 771 771 737 737 737 705 705 714 714 678 704 661 661 620 620 620 620 620 620 620 620 620 620 610 568 568 568 568 568 455 455 522 522 522 522 528 471 471 471 501 497 497 471 471 466 466 416 416 416 416 416 416 380 380 380 380 380 324 324 324 349 349 277 277 277 277 294 319 277 301 277 196 285 196 196 196 252 252 186 186 229 221 135 160 160 160 165 165 160 160 160 120 120 13 133 107 107 74 74 74 90 13 13 13 13 13 49 49 23 23 24 12 
954 890 890 953 890 890 924 890 890 898 870 870 870 870 870 870 860 818 818 818 831 770 817 770 770 770 771 770 770 705 705 705 705 705 705 714 714 678 678 678 678 678 678 610 610 610 610 610 610 610 610 610 590 590 568 582 573 568 455 522 522 522 522 522 522 501 501 501 497 498 471 471 471 416 416 416 416 416 416 416 380 380 380 380 381 381 350 350 350 350 277 277 277 277 294 277 277 301 277 196 285 196 196 196 196 196 196 196 221 221 135 160 209 160 160 160 160 160 153 153 153 13 133 107 74 74 74 74 74 74 13 13 13 55 55 23 23 34 12 12 
954 960 890 890 890 924 924 890 890 898 898 898 870 870 870 870 860 818 818 818 831 770 770 810 770 770 770 770 770 705 760 715 715 705 705 705 705 705 705 678 678 679 679 610 610 610 610 610 632 632 590 590 590 590 568 568 573 568 455 522 522 522 522 522 501 501 501 501 497 353 353 353 353 416 416 416 433 433 433 416 382 382 380 380 381 381 350 350 350 350 277 277 325 277 277 277 277 277 277 196 196 196 196 196 260 196 196 196 221 221 135 160 160 160 160 101 101 160 160 160 13 13 133 107 74 74 74 74 74 74 13 13 13 55 23 23 34 34 12 12 
954 960 960 960 954 924 938 890 890 890 890 876 870 870 853 853 860 818 818 818 818 818 770 770 806 770 770 705 705 705 705 715 715 705 705 705 715 679 679 679 679 679 670 670 610 610 610 610 632 590 590 574 574 574 574 568 568 568 455 541 541 522 522 522 501 501 501 501 497 353 353 353 353 416 416 416 433 433 416 416 382 382 382 382 382 350 350 350 350 350 350 277 325 325 277 277 277 277 277 277 274 274 274 196 196 196 196 196 196 221 135 135 135 135 101 101 101 168 101 101 13 133 133 107 121 74 74 74 74 74 74 23 23 23 23 25 25 25 25 12 
954 954 954 954 954 924 924 924 924 890 890 876 876 876 853 853 852 852 825 825 825 818 818 770 770 770 788 705 705 705 705 715 715 715 715 715 715 679 679 679 685 685 632 632 632 610 610 632 632 590 611 574 574 574 574 568 568 455 455 541 541 541 529 522 522 501 501 497 497 353 353 353 472 416 416 416 447 353 353 353 353 353 353 382 382 350 350 350 350 350 350 277 325 325 277 277 277 277 277 277 274 274 274 196 196 196 196 233 196 196 216 135 135 135 101 101 101 101 101 101 13 133 133 107 121 74 74 85 85 85 23 23 23 23 23 25 35 35 12 12 
961 961 961 961 914 914 914 914 925 890 890 826 826 877 853 853 853 853 825 825 825 818 818 789 789 705 705 705 775 705 705 715 732 732 732 715 715 679 697 697 632 632 632 632 632 610 610 632 637 590 611 611 574 574 574 574 574 455 455 455 550 480 529 529 497 497 501 497 502 480 480 353 353 353 353 353 353 353 434 353 353 409 353 382 382 382 350 350 277 277 277 277 325 325 325 277 277 302 277 277 277 277 275 196 196 196 196 196 196 196 196 196 196 135 135 101 101 101 101 101 13 13 13 107 107 107 107 85 85 85 23 23 23 23 23 25 13 13 12 12 
961 961 961 961 914 926 926 914 914 914 890 826 826 826 853 853 853 853 825 825 825 825 789 789 789 789 789 772 772 772 715 715 732 732 716 716 716 679 697 697 632 680 680 632 632 632 632 632 632 590 590 590 590 590 590 574 574 455 564 455 550 480 480 480 497 497 497 497 480 480 480 460 460 353 353 418 418 418 418 417 417 353 353 367 367 367 374 277 277 334 334 334 334 234 234 277 277 302 295 295 275 275 275 196 196 253 241 196 196 222 196 196 196 196 135 101 101 101 101 147 147 147 13 129 107 107 108 85 85 85 23 23 23 23 23 13 13 13 12 12 
961 961 961 961 914 926 926 926 926 890 890 890 890 826 826 826 826 826 825 825 832 789 789 789 789 789 789 772 772 715 715 750 716 716 716 716 679 679 663 663 632 632 632 632 632 632 632 632 632 599 599 590 590 590 591 575 575 455 455 455 550 480 480 480 497 497 480 480 480 480 480 460 460 460 460 418 418 418 418 417 417 353 383 367 367 367 374 277 334 334 334 334 234 234 234 234 234 234 295 296 275 275 275 267 241 241 241 161 161 161 161 161 161 161 135 135 135 169 101 147 147 148 13 13 13 13 13 13 13 13 23 23 23 23 23 13 13 13 12 12 
914 914 914 914 914 926 926 927 927 890 890 890 861 861 861 861 861 826 826 826 826 789 789 789 789 789 789 772 772 715 716 716 716 716 716 716 679 712 663 663 663 663 632 632 632 632 638 638 638 599 599 590 604 590 575 575 569 569 480 480 480 542 480 480 480 480 480 480 480 480 480 480 473 418 418 418 418 443 418 417 417 353 383 367 367 367 367 367 334 334 334 334 234 234 234 234 234 234 295 295 275 275 267 267 241 241 241 161 161 161 161 210 210 161 135 135 135 135 101 101 101 101 134 13 13 75 75 75 13 13 23 23 56 56 56 13 13 13 13 13 
914 914 914 914 914 927 927 927 915 915 861 861 861 861 861 819 819 819 819 839 826 826 789 789 789 800 789 772 772 715 716 716 717 717 727 727 679 679 663 663 663 663 663 663 632 632 638 638 638 599 599 590 590 590 575 575 569 569 480 480 480 480 480 530 480 489 489 480 480 480 480 473 473 418 418 418 418 443 418 418 418 353 383 383 383 383 367 367 334 334 334 334 335 234 234 234 311 234 234 295 267 267 267 241 241 254 197 197 161 161 161 210 210 161 161 170 170 135 154 154 154 101 101 101 122 75 75 75 13 13 13 13 56 13 13 13 13 13 13 13 
914 914 914 914 914 914 915 915 915 915 861 861 861 873 873 819 819 819 819 826 826 826 789 789 789 789 789 772 772 715 715 715 717 717 717 717 717 679 679 679 679 679 679 663 663 654 648 534 534 599 599 599 599 599 592 575 575 569 480 480 530 530 530 530 480 489 489 489 489 489 489 418 418 418 418 448 448 435 435 424 353 353 394 394 384 384 367 367 334 334 335 335 335 234 326 234 234 234 234 234 267 267 267 241 241 197 197 197 197 197 197 197 197 197 161 170 170 135 135 135 135 135 135 101 101 109 109 75 75 75 13 13 56 13 13 13 13 13 13 13 
914 914 967 914 914 914 915 915 915 915 861 861 891 873 873 819 819 819 819 826 826 826 717 717 790 789 789 772 715 715 715 715 717 738 733 717 717 698 698 698 679 679 679 584 584 654 648 534 534 534 534 534 534 592 592 569 569 569 480 556 530 530 533 530 480 489 489 489 489 490 490 418 418 418 418 448 449 435 424 424 353 353 384 384 384 353 353 353 353 353 335 234 234 234 234 234 234 234 234 234 267 267 267 267 241 197 197 197 197 197 197 197 197 197 161 161 170 170 161 161 115 115 123 123 101 101 101 101 75 75 13 13 13 13 13 13 26 14 14 14 
968 914 914 914 914 914 915 915 899 899 899 861 861 861 861 819 854 854 819 819 819 827 717 717 790 790 790 772 715 715 715 743 717 717 733 718 718 698 698 699 679 681 681 584 584 584 648 534 534 534 534 612 534 592 534 534 570 570 480 480 480 530 530 530 480 489 489 489 489 490 444 444 474 418 418 448 435 435 424 424 353 353 384 384 384 353 375 353 353 335 335 234 234 234 234 234 234 234 234 297 234 234 267 267 241 241 197 197 197 197 197 197 211 171 171 161 161 161 161 115 115 115 123 123 123 101 101 102 75 62 62 62 62 13 13 50 26 14 14 14 
968 968 968 962 914 914 935 935 899 899 899 878 878 878 861 819 819 819 819 819 819 717 717 717 717 717 717 772 715 715 761 743 743 717 733 718 719 698 698 679 679 584 584 584 584 584 648 534 534 621 534 534 534 534 534 534 534 534 557 557 480 480 480 480 480 489 489 489 490 490 444 444 444 448 448 448 424 424 424 424 353 353 353 353 353 353 335 335 335 335 336 234 234 312 312 234 234 303 234 234 234 234 234 234 234 234 234 234 182 182 211 211 211 171 171 171 171 161 161 115 115 115 115 115 115 115 75 75 75 62 62 62 36 36 50 50 26 26 26 14 
972 968 968 962 914 914 935 936 899 899 907 878 878 878 861 861 840 840 840 819 819 717 717 717 717 717 717 717 717 717 761 717 717 717 718 718 698 698 706 679 584 584 584 584 584 648 648 534 534 621 621 534 534 534 593 583 576 534 557 534 534 534 534 489 489 489 489 489 444 444 444 481 444 444 444 444 424 424 424 424 353 353 353 353 390 335 335 335 335 336 336 341 336 312 312 312 312 182 182 182 268 268 268 268 234 234 234 182 182 182 211 182 182 171 171 171 171 171 115 115 115 115 115 115 115 75 75 91 91 75 75 36 36 36 50 14 14 14 14 14 
892 892 962 962 935 935 935 892 892 899 899 899 878 878 841 841 840 840 840 840 819 717 717 717 717 717 791 762 762 717 717 717 718 718 718 698 698 706 706 679 584 584 584 584 648 648 649 534 534 534 534 534 534 534 534 583 576 534 534 534 551 489 489 489 444 444 444 506 444 444 444 444 461 461 461 444 424 424 410 410 353 353 400 395 335 335 336 336 336 336 336 336 336 182 182 182 182 182 182 182 182 182 269 269 234 234 234 182 182 182 182 182 182 182 182 188 172 172 115 115 115 115 115 92 92 75 75 75 75 75 75 36 36 36 50 14 14 14 14 15 
892 892 962 962 935 935 935 892 892 892 900 900 892 841 841 841 840 840 843 841 819 819 819 811 717 717 762 762 762 717 717 751 718 718 698 698 706 706 707 679 679 584 584 584 648 648 648 534 534 534 534 534 534 534 534 534 576 534 534 551 551 489 489 489 444 444 444 444 444 444 444 444 461 461 461 444 424 424 410 425 410 410 395 395 335 385 336 336 336 336 336 336 336 182 182 182 182 182 182 182 182 182 269 182 182 182 182 182 182 223 182 182 212 182 182 172 172 92 92 92 92 92 92 92 92 75 75 75 75 75 75 36 36 36 42 42 36 36 14 14 
892 892 892 962 935 935 935 892 892 892 892 892 892 841 841 841 841 841 841 841 811 811 811 811 717 717 762 762 762 762 762 700 700 700 700 679 679 679 679 679 679 584 584 584 648 648 648 534 534 534 534 534 534 534 534 534 576 535 535 551 551 489 489 489 444 444 444 444 444 461 461 461 461 445 445 444 424 424 410 410 410 395 395 335 335 385 354 354 354 354 182 182 182 182 320 182 182 182 182 235 235 182 182 182 242 182 182 182 212 212 212 212 212 182 155 155 181 92 92 92 92 136 136 92 92 75 75 75 92 76 76 36 36 36 42 42 36 36 14 14 
892 892 892 892 935 935 892 892 892 901 901 901 811 811 841 841 841 811 811 811 811 812 812 812 752 752 752 762 762 762 762 700 700 700 700 679 679 679 679 679 679 584 584 664 664 648 648 534 534 613 613 613 534 534 534 566 566 535 535 558 535 535 489 489 444 444 444 507 444 461 461 461 461 445 445 444 444 444 395 395 395 395 401 335 385 385 354 354 354 354 182 182 182 182 320 320 182 304 235 235 235 278 242 242 242 182 182 182 212 212 212 212 212 182 155 155 155 155 155 155 92 92 92 92 92 92 92 92 92 76 77 36 36 42 42 42 42 36 14 14 
811 811 811 892 892 892 892 928 901 901 811 811 811 811 811 811 811 811 729 729 729 812 812 752 752 752 752 762 762 762 762 700 700 700 700 679 679 655 655 679 679 686 584 664 664 613 613 613 613 613 600 600 600 534 534 566 566 535 535 535 535 535 535 507 507 507 507 507 444 444 444 445 445 445 445 445 450 395 395 426 335 335 335 335 385 385 368 368 182 182 182 332 332 182 182 182 182 235 235 286 286 278 242 242 242 242 242 235 212 212 212 212 212 182 155 155 155 155 155 155 137 137 137 37 37 93 93 93 93 76 76 36 36 42 42 42 42 36 14 14 
811 901 811 811 892 892 928 928 901 901 811 811 811 879 828 828 828 828 729 729 729 820 820 752 752 752 762 762 762 762 763 700 700 700 700 728 655 655 655 655 686 686 584 664 664 613 613 584 584 584 600 600 600 600 594 566 566 535 535 536 536 536 536 507 514 514 507 507 444 444 444 445 445 445 445 445 450 445 426 426 335 368 368 368 368 368 368 369 182 182 182 332 332 332 288 288 313 235 235 235 235 279 235 235 235 235 235 235 212 224 212 212 212 182 182 182 182 173 155 155 137 137 137 37 37 37 37 37 37 86 76 36 36 36 36 36 36 36 16 16 
811 901 901 901 901 901 928 928 928 901 811 879 879 879 828 828 828 828 729 729 729 820 820 752 752 752 762 762 762 762 700 700 700 700 700 655 655 655 655 655 686 686 584 584 584 584 584 584 639 584 622 600 600 600 594 566 566 535 535 536 536 536 536 507 507 507 499 499 499 499 444 445 445 445 445 445 445 445 426 426 419 368 402 368 368 368 368 182 182 182 182 332 332 332 288 288 288 288 235 235 235 235 235 243 243 235 235 235 212 212 212 198 198 198 173 173 173 173 155 155 155 37 37 37 37 37 37 103 37 86 76 37 37 37 37 36 36 16 16 17 
811 811 811 811 811 901 901 901 901 901 811 811 879 879 828 828 842 842 729 729 729 729 729 752 752 752 762 762 762 762 700 700 739 739 734 655 655 655 671 671 671 671 671 671 655 655 584 584 639 584 584 584 605 594 594 566 566 535 565 536 536 543 507 507 507 507 499 503 503 444 444 444 444 444 444 444 419 419 419 419 419 368 368 368 391 368 368 182 182 182 337 337 337 288 288 321 288 288 287 287 287 243 243 243 243 235 235 235 173 173 173 198 198 198 173 189 156 156 156 156 116 116 116 116 37 37 37 37 37 86 76 37 37 37 37 37 43 16 16 16 
939 939 939 939 811 811 811 811 811 811 908 811 893 880 828 828 842 842 842 842 729 729 729 752 752 752 752 752 752 752 764 700 739 734 734 655 655 655 655 655 671 671 655 655 655 623 623 623 623 623 623 584 605 595 595 566 566 535 535 535 552 543 507 507 507 499 499 499 499 444 491 444 444 444 444 444 419 419 419 419 368 368 368 368 368 368 182 182 182 182 337 337 337 288 288 288 288 288 287 287 287 243 243 243 243 243 243 236 173 173 173 199 199 173 173 189 156 156 156 156 116 116 116 116 116 78 78 37 37 37 76 37 37 37 51 37 37 37 16 16 
939 939 969 939 947 947 811 811 811 811 811 811 893 880 828 828 842 842 842 842 729 729 729 792 792 792 792 752 752 752 752 700 700 734 700 700 700 655 655 655 690 655 655 655 655 623 623 623 640 584 584 584 595 595 596 566 566 566 566 535 535 543 507 507 507 499 499 499 499 444 444 444 444 444 444 444 444 444 376 376 368 368 368 368 368 368 182 370 182 182 337 337 288 288 288 288 288 288 287 287 287 243 243 270 173 173 173 236 173 173 173 199 199 173 173 189 156 156 156 156 156 116 116 130 116 78 78 78 78 37 37 37 16 16 51 51 16 16 16 18 
939 939 939 939 947 947 811 811 811 902 902 902 880 880 828 828 862 828 828 828 729 729 729 792 729 729 729 729 729 729 752 752 700 700 700 729 700 655 655 655 655 655 655 672 623 623 623 623 640 584 595 595 595 596 596 566 566 566 566 535 535 535 499 499 499 499 499 499 499 444 444 444 444 462 376 376 444 444 376 376 368 368 376 376 376 376 182 182 362 182 337 337 288 288 288 288 288 288 287 287 287 243 243 173 173 255 173 173 173 217 173 173 199 199 173 173 156 156 156 156 116 116 116 116 116 78 78 78 78 78 78 16 16 16 16 16 16 38 18 18 
939 939 939 939 939 939 939 811 811 902 902 902 880 880 828 828 828 828 844 828 828 828 729 729 729 776 776 776 776 729 729 729 729 729 729 729 700 700 700 700 655 655 655 672 623 623 623 623 640 584 584 584 584 584 584 584 566 566 566 535 535 535 499 499 499 499 499 499 499 444 444 444 444 462 462 376 376 376 376 376 376 376 376 392 392 376 376 182 182 182 337 337 337 288 288 288 288 288 288 288 288 243 243 173 173 173 173 173 173 217 217 173 173 173 173 173 174 174 156 156 116 116 116 116 116 116 78 78 78 78 79 16 16 16 16 38 38 38 18 18 
