994 994 936 936 936 936 936 946 936 909 909 909 909 872 872 872 872 872 872 760 760 760 760 760 760 760 806 806 775 775 775 775 728 728 728 728 728 728 728 708 708 708 708 682 682 682 648 648 648 648 648 648 638 603 603 470 470 470 470 470 470 470 470 533 533 533 533 470 470 470 470 463 463 463 463 463 463 361 361 361 361 412 412 412 377 377 377 377 377 361 343 343 343 302 302 316 302 302 267 267 267 267 267 267 248 248 248 217 217 217 217 217 179 179 179 179 179 170 147 147 147 110 110 110 110 110 25 25 25 25 25 54 54 54 25 25 25 1 1 1 
947 947 936 936 966 966 936 936 936 909 909 909 872 872 872 872 872 873 760 760 760 760 760 820 820 760 806 806 775 775 775 776 728 728 728 728 728 728 708 708 708 708 682 682 682 682 648 648 648 648 603 603 638 603 603 470 607 596 596 470 470 519 470 470 470 470 470 470 470 470 470 463 463 463 463 463 464 361 361 361 361 361 361 413 377 377 377 377 377 361 343 343 317 302 302 302 302 267 267 284 284 284 277 248 248 249 249 217 217 217 217 179 179 185 185 185 170 170 147 147 110 110 110 110 110 110 25 25 25 25 25 54 25 25 25 26 26 1 1 2 
947 947 936 936 936 936 936 936 937 909 909 909 872 872 872 872 872 873 760 760 760 828 845 820 820 760 760 807 775 775 728 728 728 728 728 728 742 735 708 713 713 713 682 682 682 604 604 604 604 604 603 603 603 603 603 470 470 596 581 581 581 519 519 519 519 519 519 519 519 511 470 470 470 470 470 470 431 431 450 361 361 361 361 361 361 361 361 361 361 361 343 343 317 302 302 302 267 267 284 284 277 277 277 248 248 248 217 217 217 179 179 179 211 185 185 186 170 170 147 147 110 110 110 121 121 110 110 25 25 25 25 25 25 25 35 1 1 1 1 1 
947 947 936 936 936 936 936 937 937 909 909 909 910 872 872 872 873 873 873 760 760 828 845 820 820 820 760 775 775 775 728 728 728 728 730 730 742 735 708 713 713 682 682 682 691 604 604 604 604 604 603 629 629 629 603 603 470 470 581 581 581 519 519 511 511 511 511 511 511 511 482 482 482 482 470 470 431 431 431 443 431 361 397 397 397 397 361 361 362 362 343 343 317 317 323 317 277 277 277 277 277 277 277 248 248 248 217 217 217 179 218 218 179 179 179 186 170 170 147 147 111 111 111 111 111 111 111 25 25 25 76 25 25 25 35 1 1 1 1 1 
947 947 936 936 936 936 936 937 937 909 909 910 910 808 808 808 873 873 873 858 858 828 828 828 828 821 760 775 775 760 760 760 766 760 730 730 735 735 708 708 682 682 691 691 691 604 604 604 604 603 603 629 603 603 603 603 603 470 582 582 582 511 511 511 512 512 512 511 511 482 482 497 456 456 456 431 431 431 431 431 431 361 389 389 389 389 389 350 350 350 350 350 317 317 317 317 277 277 277 277 277 277 277 248 248 239 239 217 217 179 179 179 179 207 179 179 170 170 147 147 111 111 111 111 99 99 76 76 76 76 76 25 25 55 35 35 1 3 1 1 
947 947 947 947 947 967 947 947 896 896 896 896 896 808 808 808 880 880 874 858 858 808 808 808 808 821 760 760 760 760 760 760 760 760 730 730 735 729 729 708 682 682 682 682 682 604 604 604 604 603 629 629 603 603 603 603 603 470 582 582 582 511 511 511 512 512 512 512 512 497 497 497 456 456 456 431 431 431 431 431 432 361 389 389 350 350 350 350 363 363 353 309 317 336 317 318 277 277 277 277 289 239 239 239 239 239 239 239 171 171 171 179 179 179 179 179 180 99 99 99 148 111 111 99 99 99 76 76 76 76 77 36 36 36 36 36 1 3 3 3 
947 947 947 947 947 967 947 948 896 896 896 896 896 896 808 808 808 808 874 808 808 808 835 835 808 808 760 760 760 760 760 760 760 730 730 730 735 735 730 708 708 708 682 682 682 604 604 663 604 603 603 649 603 603 603 603 608 470 470 565 565 511 511 511 548 512 512 512 512 497 497 497 456 456 456 456 431 431 431 431 361 361 389 389 350 350 350 350 363 353 353 309 317 317 317 277 277 277 277 277 277 239 239 239 239 250 250 240 171 171 171 179 179 179 179 179 180 99 99 99 99 99 99 99 112 99 99 99 38 38 36 36 61 56 37 37 1 1 1 1 
947 947 947 947 947 947 947 924 924 924 896 896 896 896 808 808 808 808 808 808 808 808 829 829 829 808 808 808 760 760 783 767 767 730 730 730 730 730 730 708 708 708 682 682 682 682 682 663 604 662 603 603 603 603 603 603 603 603 470 565 565 565 565 470 470 512 512 512 512 512 456 456 456 456 456 456 431 431 431 431 361 361 361 361 350 350 350 350 363 353 309 309 324 324 324 277 303 303 277 277 277 239 239 239 239 250 250 240 171 171 171 179 179 179 179 180 180 99 99 154 99 99 99 99 112 112 112 38 38 38 36 36 36 56 37 37 1 1 1 1 
968 968 968 968 968 968 924 924 938 924 896 918 911 808 808 808 808 868 808 808 808 808 829 829 829 768 768 783 783 783 783 767 730 730 730 730 730 730 730 708 708 708 615 615 663 663 663 663 604 604 604 604 604 604 604 603 603 604 470 470 470 470 470 470 470 534 534 526 513 513 456 498 483 483 391 391 391 391 444 444 361 361 361 361 390 390 350 350 363 353 309 351 324 324 325 277 277 277 277 290 290 278 278 239 259 174 174 240 171 171 171 179 179 179 179 180 136 136 136 136 99 99 99 99 113 113 113 38 38 38 70 70 36 36 36 36 1 1 1 1 
968 968 968 938 938 938 938 938 938 924 896 896 911 808 808 808 808 868 868 868 829 829 829 836 830 768 768 783 783 778 778 767 730 730 730 730 730 730 730 615 615 615 615 615 663 687 663 663 663 663 615 615 615 615 604 604 604 604 470 470 470 470 526 526 470 534 526 526 513 513 456 456 483 391 391 391 391 391 444 391 391 419 419 390 390 390 363 363 363 353 309 351 324 324 325 277 277 277 278 278 278 278 279 239 259 174 174 174 171 171 171 171 171 171 171 180 136 136 136 136 140 140 136 38 38 38 38 38 38 38 44 44 44 44 44 36 1 1 4 4 
981 981 938 938 973 939 939 939 939 924 896 896 911 875 875 875 875 868 868 829 829 793 793 836 830 768 768 809 778 778 778 767 750 750 750 750 743 615 615 615 700 700 709 615 663 663 663 663 663 664 615 639 639 615 623 615 604 604 470 470 470 566 526 526 470 470 526 499 499 499 456 456 483 391 391 391 391 391 391 391 391 391 391 390 390 390 363 363 353 353 309 351 309 309 309 277 277 277 278 268 268 280 239 239 259 174 174 174 219 219 219 219 171 171 171 180 136 136 136 136 136 136 136 38 122 38 38 38 38 38 44 44 44 44 45 36 4 4 4 4 
981 981 938 938 938 939 939 939 939 924 896 896 911 875 875 875 875 875 875 829 859 793 793 793 830 768 768 809 778 792 767 767 750 750 615 615 743 615 668 668 700 700 700 615 692 615 615 664 664 664 615 639 639 615 615 615 604 604 470 590 470 566 526 526 549 470 526 499 520 499 456 456 456 456 391 391 391 391 353 353 353 353 391 391 390 390 390 353 353 309 309 351 309 309 309 319 268 268 268 268 268 280 239 239 239 239 174 174 212 212 220 220 171 171 196 180 180 136 136 136 136 136 136 38 38 38 38 38 38 38 38 38 38 36 36 36 4 4 4 4 
981 981 938 938 938 938 924 924 924 924 896 896 911 875 875 875 875 875 875 793 793 793 793 793 830 768 768 809 778 792 767 777 750 750 615 615 615 615 668 668 668 714 700 615 615 615 615 664 664 615 615 583 583 583 615 615 604 604 470 470 470 566 566 526 549 470 526 499 499 499 475 475 490 456 391 391 391 391 353 353 353 353 420 391 391 391 391 353 309 309 309 309 309 309 268 268 268 268 268 268 268 280 280 268 174 174 174 174 212 212 212 212 212 171 171 171 171 136 136 136 116 116 116 116 116 116 38 38 38 78 78 38 38 36 36 4 4 4 5 5 
995 981 938 938 938 938 924 949 940 896 896 860 860 860 860 860 860 860 860 860 793 793 793 793 830 768 768 768 778 778 767 777 750 750 615 615 615 736 668 668 668 714 700 700 668 668 615 615 615 615 583 583 640 583 583 583 583 583 583 591 583 567 567 526 549 526 526 499 499 475 475 475 490 456 471 471 391 391 353 353 353 353 420 391 391 391 391 353 309 364 309 309 309 309 268 268 268 268 268 268 268 268 268 268 174 174 174 174 212 212 212 197 187 187 187 187 171 136 136 136 149 116 116 123 123 38 38 38 38 38 38 38 62 36 36 4 27 4 4 4 
995 981 938 938 938 924 924 940 940 896 896 860 860 860 860 860 860 838 838 860 860 837 837 793 793 768 768 768 768 778 767 767 767 736 736 736 736 736 668 668 668 714 668 668 668 668 668 668 668 583 583 583 583 630 609 609 609 583 583 583 583 567 526 526 549 526 535 499 499 475 475 475 490 456 456 456 456 456 433 433 433 353 353 353 404 353 353 353 309 309 309 309 309 309 268 268 268 291 268 268 268 268 251 251 174 174 174 174 212 198 198 197 187 187 187 187 171 171 137 137 117 117 117 123 38 38 38 38 38 38 46 46 46 46 46 4 4 4 4 4 
995 981 981 981 924 924 957 940 940 896 896 896 896 896 896 860 860 838 838 838 838 837 837 837 793 768 768 810 768 778 778 778 736 736 736 736 736 737 668 668 668 668 668 668 668 688 669 669 669 583 583 583 583 583 609 535 535 583 583 583 567 567 526 526 526 526 535 499 499 475 475 475 475 475 475 456 456 457 433 433 433 354 354 353 404 353 354 354 354 354 354 309 309 309 309 309 268 291 291 291 268 268 251 251 174 174 174 174 174 198 198 197 197 197 197 137 137 137 137 137 117 117 117 123 38 38 38 38 38 38 38 38 38 38 38 38 6 6 6 6 
995 995 981 981 924 924 924 924 924 896 896 896 896 896 896 861 861 838 861 861 838 838 837 837 793 793 793 768 768 768 768 768 736 736 736 736 736 668 668 668 718 669 669 669 669 669 669 676 670 583 583 583 583 583 609 535 535 535 535 535 567 567 567 535 535 535 535 499 521 475 475 475 475 484 405 405 405 405 433 433 434 354 354 353 353 353 354 354 354 355 355 309 344 309 309 309 268 268 268 291 291 268 251 251 174 174 174 174 174 198 198 198 198 198 198 137 172 172 137 137 117 117 117 38 38 38 38 38 38 38 38 71 38 38 39 39 6 6 6 7 
988 988 988 958 958 958 958 883 924 924 924 919 896 896 896 861 861 861 861 861 861 838 838 838 822 822 793 768 768 768 784 768 768 738 738 744 744 668 724 668 668 669 669 669 669 669 669 669 670 583 583 583 583 583 609 535 535 535 597 535 535 567 567 535 535 535 536 499 499 499 476 476 484 484 405 405 405 405 445 445 354 354 354 354 354 354 354 354 354 309 309 309 344 309 309 309 309 268 268 292 292 268 251 251 251 251 251 174 141 141 141 141 141 199 199 137 172 172 137 137 117 117 117 38 38 38 38 38 38 38 38 57 57 57 21 21 21 16 16 7 
988 988 988 958 958 958 959 883 924 924 924 919 851 851 851 861 861 861 861 862 850 850 838 838 822 793 793 768 768 793 779 779 769 738 738 738 668 668 724 724 668 710 710 669 669 669 669 669 550 550 550 641 641 550 550 550 535 535 535 535 535 535 535 559 535 535 536 499 499 499 476 476 476 476 476 405 405 458 445 445 354 354 354 354 354 354 354 384 309 309 309 309 344 309 309 310 310 268 292 292 293 268 174 174 174 174 174 174 141 141 141 141 141 199 199 137 160 160 160 137 117 117 117 117 38 38 100 92 92 72 72 57 57 21 21 21 21 16 16 7 
988 988 969 969 969 969 883 883 924 924 924 919 851 851 851 887 861 861 861 862 850 850 838 838 822 793 793 793 793 793 779 769 769 738 738 738 668 725 725 725 668 701 701 701 669 669 669 669 550 550 550 550 550 550 550 550 550 550 535 535 535 535 535 535 535 527 527 499 499 499 476 476 476 476 476 405 405 405 405 405 405 354 354 354 354 354 354 384 309 365 309 309 309 309 326 310 268 268 292 292 293 268 174 227 227 227 227 241 141 141 141 141 137 137 137 137 137 137 161 137 137 137 137 117 117 117 100 92 92 72 72 57 57 21 21 21 21 21 7 7 
988 988 969 969 883 883 883 919 919 919 919 919 851 851 851 887 861 861 861 862 862 793 793 793 822 822 793 793 794 794 779 769 769 761 738 668 668 725 668 668 668 701 701 701 669 669 669 669 671 550 550 550 550 550 550 550 550 550 535 535 535 535 535 535 550 527 527 499 499 499 499 499 476 476 476 405 405 405 405 405 405 421 421 354 354 354 354 354 309 309 309 337 337 337 310 310 268 268 268 268 268 268 174 227 227 227 227 227 141 141 141 141 137 137 137 137 137 173 141 141 141 141 93 93 93 93 100 100 72 72 72 57 57 21 21 21 21 7 7 8 
988 969 969 969 883 883 883 919 919 930 925 920 851 851 851 851 863 863 863 863 863 793 793 793 793 793 793 793 794 794 779 769 769 761 738 668 668 668 668 702 702 702 702 669 669 669 683 671 671 550 550 550 642 550 550 616 550 550 550 592 535 535 550 550 550 527 527 527 500 500 500 500 477 477 477 405 405 459 405 405 405 405 405 354 354 354 354 354 366 366 337 337 345 310 310 320 269 269 269 269 269 285 174 260 260 227 227 227 141 141 141 141 141 200 200 141 141 141 141 47 47 142 93 93 93 93 93 101 72 72 72 72 47 47 47 7 7 7 8 8 
969 969 969 969 883 883 883 883 925 925 925 920 901 901 851 851 863 863 851 851 851 851 793 823 793 793 793 793 795 761 779 779 761 761 738 738 702 702 702 702 702 702 702 669 669 669 683 671 672 550 550 550 550 550 550 616 550 550 550 592 550 550 550 551 551 527 527 528 500 500 500 500 477 477 477 405 405 405 405 405 405 405 405 414 337 337 337 337 337 367 337 345 345 310 327 320 269 269 269 269 269 285 174 174 174 227 227 227 227 227 174 174 141 141 141 141 141 141 47 47 47 47 93 93 93 93 93 93 93 79 79 47 47 58 48 7 9 9 8 8 
969 969 969 969 883 883 883 883 925 920 920 920 902 902 851 851 851 851 851 869 851 851 793 823 793 793 793 795 795 761 761 761 761 738 738 738 702 702 702 702 702 669 669 669 669 669 669 671 656 656 550 550 616 616 616 616 550 550 550 550 550 573 568 551 551 527 527 528 500 500 491 491 491 485 405 405 405 405 405 405 426 426 405 414 337 337 337 337 337 367 337 345 345 310 310 320 269 269 269 269 269 269 269 269 174 174 242 242 234 174 174 174 174 188 188 188 174 174 47 47 47 47 47 47 47 47 47 93 93 79 47 47 48 48 48 9 9 9 9 9 
969 969 989 883 883 883 883 950 925 920 920 920 902 902 851 851 864 864 869 869 864 793 793 823 823 823 793 795 795 795 761 761 770 738 738 738 738 738 702 702 702 669 669 669 669 669 669 671 656 656 656 550 616 616 616 550 550 550 550 415 415 415 568 560 544 544 514 514 514 514 491 491 485 485 405 405 405 415 415 446 426 405 405 414 405 310 310 310 337 337 337 338 338 338 310 310 269 269 269 269 269 269 235 235 261 174 174 174 234 174 189 189 174 188 174 174 174 47 47 47 47 47 47 47 47 47 47 79 79 79 47 48 48 48 48 9 28 22 10 10 
974 974 989 883 883 883 883 883 925 902 902 902 902 902 846 846 846 864 864 864 864 793 793 793 793 793 793 795 795 770 770 770 770 745 745 745 745 702 702 702 702 693 693 693 693 669 669 671 656 656 657 550 616 616 624 550 605 605 569 569 569 415 415 560 544 544 514 514 514 515 485 485 485 485 415 415 415 415 415 415 426 405 405 405 405 310 310 310 310 310 338 338 338 338 310 310 269 269 269 269 269 269 235 235 235 235 235 174 174 174 189 189 174 174 174 189 47 47 143 143 143 143 138 47 47 47 47 79 79 79 47 9 9 48 48 9 9 22 10 10 
974 974 974 974 974 883 883 883 925 883 883 912 912 846 846 888 846 846 864 864 800 800 800 800 831 800 800 800 800 770 785 770 770 745 745 745 745 702 693 693 693 693 693 693 694 677 677 656 656 656 657 550 550 550 550 550 605 605 569 569 569 574 415 415 415 415 514 514 514 514 485 485 485 485 415 415 415 416 416 415 415 415 415 415 310 310 310 385 378 310 338 310 310 310 310 202 202 269 269 281 281 281 235 235 224 224 235 228 228 228 189 189 189 189 189 189 47 175 47 47 144 144 138 47 47 47 47 47 47 47 47 9 9 9 9 9 9 9 10 10 
974 990 990 974 974 883 883 883 883 883 883 889 889 846 846 846 846 846 800 800 800 800 800 800 800 800 801 801 801 770 770 770 770 745 745 745 745 702 693 693 693 693 693 693 694 677 677 656 656 656 657 550 550 631 617 617 598 598 598 569 569 569 569 415 415 415 537 514 514 514 485 485 485 486 415 415 415 416 416 416 416 416 416 416 310 378 378 378 378 310 310 310 310 310 328 202 202 202 202 281 281 281 281 235 224 224 224 224 224 224 201 201 189 189 189 189 47 47 47 47 47 138 138 124 124 47 94 94 94 47 47 9 9 9 9 9 9 9 10 10 
974 974 974 974 974 883 883 905 883 883 883 889 889 903 846 846 846 846 800 800 800 800 801 801 801 801 801 746 746 770 770 770 770 755 755 702 702 702 693 693 702 702 702 702 677 677 677 656 656 656 657 632 632 617 617 618 598 598 569 569 569 569 569 415 514 514 514 514 514 514 485 485 485 415 415 415 415 416 310 310 310 310 422 310 310 378 378 378 346 346 346 346 346 304 304 304 304 304 202 202 281 281 281 235 224 224 224 235 235 224 201 201 201 201 201 162 162 162 162 47 47 138 138 124 124 47 47 95 95 85 40 40 9 9 9 9 9 17 17 10 
982 982 974 974 905 905 905 905 883 883 883 883 889 889 889 889 846 846 876 846 846 800 801 801 801 811 746 746 746 770 786 771 771 755 755 702 702 702 702 702 702 695 695 703 677 677 677 656 656 656 632 632 632 617 617 617 569 569 569 569 569 569 569 415 415 415 538 415 415 415 415 415 415 415 415 415 465 416 310 310 310 310 310 310 346 346 346 386 346 346 304 304 304 304 304 304 304 304 202 202 281 281 281 235 235 235 235 235 236 224 224 202 202 202 202 162 162 162 47 47 138 138 138 127 47 47 47 80 80 85 40 40 9 9 9 40 29 17 17 10 
982 982 982 982 905 960 960 926 926 926 926 883 883 883 883 883 883 846 846 846 846 800 800 800 800 811 811 811 746 770 770 771 756 756 695 695 695 695 695 695 695 695 695 695 695 689 677 677 625 625 632 632 632 632 625 617 569 569 569 569 569 569 466 466 466 415 415 415 415 415 415 415 415 415 415 415 416 416 451 310 310 310 310 406 346 346 346 386 346 346 304 304 304 304 304 304 305 305 202 202 202 202 202 236 236 236 236 236 236 202 202 202 213 163 163 163 163 163 47 47 138 127 127 127 47 47 47 80 80 80 80 40 40 40 40 40 29 17 17 10 
982 982 983 983 905 960 960 926 926 926 905 905 913 890 890 890 881 881 846 846 846 846 800 800 800 824 746 746 746 796 770 771 756 756 695 695 695 695 695 711 711 715 711 689 689 689 625 625 625 625 625 625 625 625 625 617 569 569 569 569 575 575 466 466 466 466 415 415 415 415 504 415 415 415 416 416 416 451 451 310 435 310 310 406 406 346 346 346 346 356 356 304 304 304 304 304 305 202 202 202 202 202 202 202 202 202 252 236 236 202 202 202 213 163 163 163 163 163 163 47 138 127 128 128 47 47 47 49 49 49 49 49 49 49 49 29 29 17 17 10 
982 982 847 847 905 905 905 951 905 905 905 905 890 890 891 891 881 881 877 839 852 846 800 800 800 824 746 796 796 796 770 771 756 756 695 695 695 739 695 711 711 715 711 689 689 643 643 650 650 650 650 650 466 466 466 617 569 569 570 570 570 570 570 466 545 466 466 529 522 415 415 415 415 415 416 416 416 310 310 310 310 310 310 406 406 346 346 346 368 356 356 347 347 305 305 305 305 202 202 202 286 286 202 202 243 202 202 202 202 202 202 202 213 163 163 163 163 163 163 47 47 127 47 47 47 47 47 49 49 49 49 49 49 49 49 29 30 10 10 10 
982 982 847 984 905 905 905 905 905 931 905 905 890 904 877 877 877 877 877 839 852 846 800 800 800 800 746 797 797 797 770 771 756 756 695 695 695 739 695 711 711 711 711 704 643 643 643 643 466 466 466 466 466 633 466 466 466 466 570 570 571 571 571 466 545 545 466 529 522 415 415 501 310 310 310 310 310 310 310 310 310 398 398 398 398 398 346 346 368 368 347 347 348 305 305 244 244 202 202 202 202 243 243 243 243 257 243 243 202 202 208 208 208 208 190 190 151 151 150 150 47 47 47 49 49 49 114 49 49 86 81 50 50 50 50 29 30 10 10 10 
982 982 847 847 847 847 905 905 931 931 905 890 890 904 877 877 877 877 877 839 852 846 846 839 800 800 746 797 797 770 770 771 756 756 756 695 695 695 695 719 719 696 696 704 643 643 643 643 466 643 643 643 643 610 610 610 610 466 570 570 571 571 571 466 466 466 466 466 522 466 466 501 310 310 310 436 436 436 310 310 436 398 407 407 407 392 392 379 379 347 347 348 348 305 305 244 244 202 202 202 202 243 243 243 243 257 243 208 208 208 208 221 208 208 190 191 151 151 150 150 150 47 47 49 49 49 49 49 49 50 81 50 52 50 50 29 29 10 10 10 
961 961 961 961 961 847 847 847 931 931 905 890 904 904 892 892 839 839 839 839 852 852 839 839 800 825 746 797 797 770 770 756 756 756 756 695 740 740 712 719 719 696 696 704 643 643 466 466 466 643 644 644 644 610 610 610 466 466 466 466 466 466 466 466 466 466 539 466 466 466 466 501 310 310 310 436 436 436 436 436 436 398 407 407 407 392 392 379 379 369 348 348 311 311 311 244 244 202 202 262 262 262 262 262 243 243 243 208 208 208 209 209 209 209 190 191 151 151 155 155 151 47 47 129 49 118 49 49 49 50 50 50 52 23 23 23 29 10 10 11 
961 961 961 961 961 961 961 847 847 847 905 890 892 892 892 893 839 839 839 839 839 839 839 800 800 825 746 746 798 798 770 756 756 756 695 695 740 712 712 696 696 696 696 696 696 643 643 643 673 643 644 644 626 626 610 610 466 466 466 584 584 552 552 539 539 539 539 473 473 466 466 501 310 310 310 436 436 460 436 436 398 398 392 392 392 392 392 369 369 369 348 348 311 339 311 311 244 244 262 262 262 262 262 262 262 258 190 190 190 190 209 209 190 190 190 151 151 151 151 151 151 129 129 129 49 49 49 49 96 73 73 73 52 23 51 23 23 23 10 11 
961 961 961 961 961 961 847 847 847 847 905 890 892 892 853 853 839 839 839 839 800 800 800 800 787 787 814 746 798 798 770 780 756 756 695 712 712 712 696 696 690 690 690 690 690 690 643 643 643 643 644 644 626 626 626 552 552 552 552 584 584 552 552 539 539 539 473 473 473 466 466 466 466 466 466 436 436 460 436 436 398 398 392 392 392 369 369 369 380 357 357 311 311 312 312 311 311 244 262 262 262 270 270 270 258 258 190 225 225 190 190 190 190 190 190 151 151 151 151 129 129 129 129 129 49 49 49 49 96 73 73 73 52 23 51 10 10 10 10 11 
970 970 970 970 970 970 847 847 847 847 905 905 892 892 853 853 853 853 853 870 800 800 800 787 787 787 787 746 746 746 770 695 695 695 695 712 712 731 696 696 690 690 690 690 690 690 643 678 643 643 645 645 626 626 626 594 594 594 552 593 552 552 552 473 473 546 473 473 466 466 466 466 466 466 466 466 466 408 408 408 398 398 423 417 369 369 369 369 380 357 357 311 329 312 312 312 312 244 244 262 262 258 258 258 258 258 190 225 225 190 190 214 214 176 176 176 176 164 164 129 129 129 130 130 49 49 49 102 96 73 73 52 52 23 23 10 10 10 11 11 
970 970 970 932 932 932 932 847 847 847 927 905 905 905 853 853 853 853 853 853 853 853 800 787 787 787 787 787 787 746 746 695 695 752 752 751 712 731 731 696 696 690 690 690 690 690 643 643 643 643 645 645 645 626 626 594 594 594 552 593 552 552 552 473 473 473 473 473 466 466 466 502 466 466 452 452 452 452 452 408 417 417 417 417 369 369 369 380 380 311 311 311 329 340 312 312 313 244 244 262 262 258 258 258 258 258 190 225 225 225 225 176 176 176 164 164 176 164 164 129 129 129 82 82 49 49 82 82 96 82 82 52 52 52 23 23 23 10 11 11 
970 970 970 932 962 932 932 952 847 847 897 897 897 897 897 853 853 853 853 847 847 847 800 787 787 787 787 787 787 787 746 752 752 752 752 751 712 720 720 696 696 679 679 679 679 679 679 679 674 651 651 651 646 553 553 594 594 594 552 552 552 552 552 473 473 473 473 473 466 466 466 466 466 452 452 369 369 437 437 408 408 408 408 408 408 369 369 311 311 311 311 311 329 329 329 313 313 244 271 262 262 190 190 263 263 190 190 225 225 229 226 176 176 176 164 164 176 176 164 82 82 129 82 82 82 82 82 82 82 82 63 63 63 52 52 10 10 10 18 11 
985 985 991 985 962 932 932 932 847 847 897 897 914 898 898 853 853 853 853 847 847 847 800 787 787 787 787 746 746 746 746 752 762 762 751 751 712 720 720 720 720 679 679 679 697 684 684 674 674 651 651 646 646 553 553 553 553 594 594 594 576 576 552 552 552 473 505 505 505 505 505 487 487 487 369 369 369 437 437 437 437 408 408 369 369 369 369 311 311 311 311 313 313 330 330 313 244 244 271 271 271 271 190 190 190 190 253 225 225 226 226 176 176 176 203 164 176 176 164 82 82 82 82 103 63 63 63 63 87 87 63 63 10 10 10 10 10 10 10 11 
985 985 985 985 962 962 962 932 941 847 847 897 897 898 898 853 853 853 853 847 847 847 800 840 787 787 787 746 746 752 752 752 762 762 751 751 712 712 712 712 712 712 712 679 697 684 684 674 674 651 651 646 647 553 553 599 553 553 553 553 576 553 553 553 553 473 505 505 506 478 478 487 487 487 369 369 369 369 437 437 369 369 369 369 369 369 369 370 370 370 311 313 313 313 313 313 244 244 244 298 294 271 271 271 244 244 244 244 226 226 176 176 176 176 176 164 164 164 164 82 82 82 82 103 63 63 63 63 63 63 63 63 10 59 10 10 10 10 10 11 
975 975 985 985 975 962 962 932 932 932 847 921 897 847 847 847 847 847 847 847 847 847 800 800 815 815 787 787 746 752 752 772 772 751 751 751 721 721 721 712 712 679 679 679 674 674 674 674 674 651 651 646 553 553 553 599 599 599 599 553 553 553 553 553 554 473 540 506 506 478 478 478 487 487 369 369 467 369 369 369 369 369 369 369 369 369 369 370 370 370 311 313 313 313 331 306 306 306 244 298 294 244 244 244 244 226 226 226 226 230 176 176 176 176 176 75 75 177 82 82 82 82 82 103 103 63 63 103 74 74 74 74 10 10 10 10 10 10 10 11 
975 975 975 975 975 963 963 932 932 933 847 847 897 847 847 847 847 848 848 848 847 847 847 800 815 815 815 787 746 746 752 752 752 752 752 752 721 741 721 721 721 679 698 698 674 674 680 680 646 646 646 646 553 553 553 599 599 599 563 563 563 555 555 561 473 473 540 506 506 478 478 478 369 369 369 439 439 439 447 447 369 369 369 369 369 369 369 370 370 370 311 311 321 321 306 306 306 306 244 244 294 244 272 272 226 226 226 222 222 230 176 176 176 176 204 75 75 177 82 82 75 75 103 103 103 115 115 103 74 74 74 74 11 11 53 11 11 10 10 11 
975 963 963 963 963 963 964 847 847 933 847 847 897 906 847 884 884 848 848 848 847 847 800 800 800 816 816 787 787 746 746 752 752 763 752 752 721 741 721 721 722 679 698 698 698 674 674 646 646 646 646 646 646 556 556 599 599 599 563 563 563 555 555 555 473 473 506 506 506 478 478 478 478 478 478 439 439 439 447 447 369 369 399 399 399 399 369 370 370 371 311 311 321 321 306 306 306 307 300 244 244 244 272 272 226 226 226 222 222 230 176 176 176 176 204 75 75 165 165 75 75 75 103 103 103 103 103 103 74 74 74 74 11 11 11 11 11 11 11 11 
963 963 963 963 963 963 847 847 847 847 847 897 897 906 847 847 847 848 848 848 847 847 800 841 800 803 803 812 787 787 746 746 763 763 753 753 721 741 721 721 721 679 679 679 679 674 674 646 646 646 646 646 646 556 556 611 611 563 563 563 563 555 572 555 555 473 506 506 506 516 439 439 478 478 439 439 439 439 438 438 438 369 399 400 400 400 369 369 381 311 311 321 321 321 332 306 306 307 300 244 244 244 244 244 245 245 245 245 222 222 222 222 75 75 75 75 75 165 165 75 75 75 75 75 75 75 75 75 74 74 75 75 11 11 11 11 11 11 11 11 
963 996 963 963 963 963 847 928 928 928 928 847 847 847 847 847 847 848 848 848 865 854 800 800 800 803 803 802 802 787 787 746 763 763 753 753 721 721 721 726 721 705 705 679 679 674 685 658 658 658 658 556 556 556 556 556 556 563 563 563 585 555 555 555 555 473 530 530 506 424 439 439 439 439 439 424 424 439 439 439 439 369 399 393 393 393 393 369 381 311 358 321 341 321 321 306 306 307 300 244 244 244 244 244 245 254 254 246 231 231 181 181 75 75 75 75 75 75 165 75 75 75 75 75 88 75 75 75 75 75 75 31 31 31 31 31 31 11 11 11 
963 963 963 976 976 847 847 928 847 847 847 847 847 847 847 847 847 848 848 865 865 854 800 800 800 803 803 803 803 787 787 746 746 746 746 746 746 721 721 721 721 705 705 679 679 674 685 658 658 658 659 556 556 556 556 619 556 556 556 563 585 562 562 555 555 473 472 472 506 424 424 424 424 424 424 424 424 439 439 440 440 369 369 393 393 393 369 369 381 311 311 321 341 341 321 321 274 274 300 244 244 244 244 273 245 246 246 246 231 215 215 181 181 181 181 181 181 75 75 75 152 75 75 75 88 75 75 97 97 88 31 31 64 12 12 41 12 12 12 12 
963 963 856 856 856 847 847 847 847 847 847 899 847 847 847 847 847 848 848 865 865 854 800 800 800 826 788 788 788 788 754 754 754 754 757 747 747 721 721 721 706 706 705 705 679 674 674 627 665 665 627 627 634 634 556 556 556 556 556 563 563 562 562 562 473 473 472 472 506 506 506 461 461 461 461 461 424 424 424 440 440 427 369 393 369 369 369 372 372 372 311 321 342 342 274 274 274 274 274 295 295 287 245 245 245 246 231 231 231 215 215 215 215 132 132 192 132 132 75 75 75 131 131 131 88 88 88 88 88 88 31 31 31 12 12 12 12 12 12 13 
971 971 856 986 856 847 847 942 942 934 899 899 907 907 847 847 849 848 848 848 848 854 789 789 789 826 788 788 788 788 754 754 764 754 754 747 747 721 721 727 706 706 706 706 679 674 674 627 627 627 627 627 627 627 627 556 556 556 556 563 563 562 562 562 473 472 472 472 523 472 472 461 461 461 461 461 461 461 424 424 427 427 369 393 369 372 372 372 373 311 311 321 321 321 274 274 274 274 274 287 287 287 245 245 245 246 231 231 232 232 168 168 168 132 132 132 132 132 75 75 75 105 105 105 105 90 90 104 89 89 31 31 31 12 12 32 32 13 13 13 
971 971 856 856 856 856 934 934 934 934 899 922 907 894 894 894 849 849 849 849 848 848 789 789 789 789 789 788 788 788 788 754 764 764 754 754 721 721 721 727 706 706 706 679 679 674 674 674 674 660 660 612 612 612 612 556 556 556 563 563 586 562 562 562 473 472 541 472 523 472 472 472 492 461 461 429 424 424 424 424 427 428 369 393 369 372 372 382 373 311 311 311 311 321 333 274 274 274 274 287 287 287 245 245 245 246 246 231 232 232 168 168 168 132 132 132 132 132 132 132 132 105 105 105 105 90 90 89 89 65 65 65 65 12 12 32 32 13 13 13 
971 971 992 856 977 856 934 934 935 935 899 907 907 894 894 894 885 849 849 849 849 848 848 789 789 789 789 789 789 789 789 754 754 754 754 754 721 721 727 727 706 706 706 679 679 679 679 674 674 660 660 612 612 612 612 612 612 556 563 563 586 562 562 562 473 472 472 472 472 472 472 472 472 472 479 429 424 424 453 427 427 428 369 369 369 372 372 382 373 373 352 352 311 321 321 274 274 274 274 274 274 274 245 245 168 168 168 231 168 168 168 168 216 132 132 132 132 166 166 132 132 145 105 105 105 90 90 89 89 65 65 65 66 42 42 32 32 13 13 13 
971 971 992 856 977 856 856 935 935 899 899 907 894 894 894 885 885 849 849 849 849 842 842 842 789 789 817 789 789 790 790 754 754 754 748 748 748 721 721 620 620 620 620 620 674 674 679 674 666 666 660 612 613 613 613 613 613 556 556 563 563 563 563 563 473 473 472 472 517 517 472 472 472 472 479 429 468 424 453 427 428 428 424 372 372 372 372 382 382 374 352 352 311 321 321 274 274 274 301 275 275 274 274 274 168 255 168 168 168 168 168 168 132 132 132 132 156 156 156 156 132 132 132 132 105 119 90 90 98 65 65 65 66 42 42 42 19 19 13 13 
971 971 954 954 954 856 856 935 935 899 899 899 894 894 894 885 885 849 878 849 849 842 842 842 789 804 804 804 804 789 754 754 754 754 748 721 721 721 721 620 620 620 620 620 674 674 679 674 666 666 660 612 612 612 612 587 587 587 556 556 577 577 556 556 556 473 473 472 472 472 472 472 472 472 472 429 429 424 424 427 424 424 424 372 372 372 372 374 374 374 274 274 311 311 311 274 274 274 275 275 275 282 282 275 168 255 255 168 168 168 168 168 132 156 156 156 156 156 156 157 132 146 133 133 105 105 105 90 90 90 83 33 33 42 42 42 19 19 13 13 
971 954 954 954 954 856 953 953 943 915 915 899 899 849 849 849 849 849 878 849 849 849 849 789 789 804 804 789 789 789 754 754 754 754 748 721 721 721 721 721 620 620 620 620 620 674 674 674 666 666 660 652 612 612 612 587 587 587 600 556 556 556 556 556 556 473 473 524 524 473 473 472 472 488 472 472 429 462 424 427 424 424 425 394 394 394 394 374 374 274 274 274 274 274 311 274 274 274 275 275 275 282 275 275 168 168 168 168 168 223 223 223 132 156 156 156 156 156 156 157 132 133 133 134 105 105 105 105 83 83 83 33 33 42 19 19 19 19 13 13 
971 954 954 954 978 856 943 943 943 915 915 915 899 849 849 849 849 849 849 849 866 789 789 789 789 789 789 789 789 799 754 754 765 765 748 748 721 721 732 721 620 620 620 620 620 674 674 654 654 654 660 652 635 635 578 578 587 587 587 587 556 556 557 557 557 473 473 473 473 473 473 473 473 473 480 473 429 429 424 424 424 424 425 394 395 395 387 387 374 274 274 349 349 274 274 274 274 274 275 275 282 282 275 194 194 194 194 194 168 168 168 168 132 132 205 132 132 132 167 132 132 133 83 83 83 83 83 83 83 83 33 33 33 33 19 19 19 19 13 14 
971 971 971 954 978 856 943 943 915 915 915 915 899 899 899 849 849 882 849 849 866 789 789 789 789 818 789 789 789 799 765 765 765 758 758 732 732 732 732 721 721 620 620 707 620 620 686 654 654 654 653 653 635 635 578 578 578 578 601 587 587 578 557 557 558 473 473 473 473 473 507 493 493 473 473 473 469 429 448 448 441 394 394 394 395 395 387 387 374 374 274 349 274 274 274 274 275 275 275 275 282 282 275 194 194 194 194 194 194 194 194 168 168 132 132 132 182 132 132 132 83 83 83 107 106 106 106 83 83 83 33 33 33 33 19 19 19 19 13 13 
972 972 971 954 978 856 856 856 915 915 915 915 915 882 882 882 882 882 855 855 855 855 789 789 832 818 818 789 789 799 765 765 765 758 758 732 733 733 733 667 667 620 620 620 620 620 686 654 654 654 654 654 635 635 578 578 578 578 578 578 578 578 557 557 558 531 531 473 525 473 493 493 494 489 474 474 469 429 429 429 441 394 394 394 401 395 395 334 334 334 274 349 274 275 275 275 275 275 275 275 275 275 275 194 194 194 194 194 233 233 194 194 168 193 193 193 178 178 168 83 83 107 107 107 106 106 106 33 33 33 33 33 33 33 19 19 19 19 19 13 
972 971 971 954 954 954 954 856 856 929 929 856 856 882 882 882 882 856 856 856 855 855 749 749 832 818 818 789 789 799 758 758 758 758 758 732 733 733 732 667 667 620 620 620 620 620 620 620 620 620 620 620 620 636 620 620 578 602 602 558 558 558 558 558 558 531 531 473 473 473 493 409 409 489 474 469 469 409 409 429 441 394 394 394 401 401 334 334 375 334 274 274 274 275 275 275 275 275 275 275 296 275 275 276 264 194 256 194 194 194 194 194 168 168 193 193 178 168 168 83 83 107 107 107 107 107 106 33 33 67 67 67 67 33 33 20 20 20 20 13 
972 971 971 971 971 971 954 954 856 856 856 856 856 856 882 882 882 856 867 856 856 856 749 749 749 749 819 773 773 791 758 758 758 758 758 732 732 732 732 667 667 667 620 620 620 620 620 620 620 667 621 621 620 620 620 595 595 602 602 558 558 558 558 558 449 531 531 531 473 473 493 503 409 409 474 469 469 409 409 429 429 429 409 409 409 402 334 388 375 334 334 275 275 275 322 322 275 288 288 288 288 288 283 276 264 194 194 194 194 194 194 194 168 168 168 168 178 168 169 83 83 107 107 125 125 107 106 106 33 67 67 68 68 33 33 20 20 20 20 13 
972 972 972 972 972 972 955 955 886 886 886 916 916 856 882 895 856 856 867 867 867 749 749 833 833 749 749 773 773 791 791 758 758 734 734 734 734 732 732 667 667 667 667 620 620 620 620 620 620 667 621 621 620 620 628 595 595 595 595 558 579 579 558 558 449 449 449 449 518 518 493 503 409 409 474 469 469 409 409 409 409 430 409 409 410 402 334 388 375 375 334 275 275 275 275 275 275 288 288 288 297 283 283 276 264 194 194 194 194 194 194 194 168 168 168 168 168 168 169 83 83 139 83 83 83 107 106 106 33 67 67 68 33 33 33 20 20 13 13 13 
987 987 972 972 956 956 955 955 886 886 886 886 886 856 882 882 856 871 871 867 867 749 749 833 833 749 749 773 773 773 773 773 773 734 734 734 734 734 734 667 667 716 667 667 667 667 667 667 667 667 621 621 621 628 628 595 595 595 595 558 558 580 558 558 558 532 532 449 449 493 493 503 409 409 409 409 409 409 409 409 409 430 409 409 402 402 334 376 376 376 334 334 334 334 334 275 275 264 264 264 264 283 264 264 264 194 194 194 237 194 194 194 194 168 168 168 168 169 169 158 83 139 83 83 83 107 107 107 33 33 33 33 33 60 33 43 33 13 13 13 
987 987 987 987 956 956 965 886 886 886 886 886 886 856 856 882 856 871 871 871 857 857 749 749 749 749 749 773 773 773 773 773 734 734 734 734 734 734 717 717 717 661 661 661 699 661 661 661 661 661 661 655 621 621 621 621 614 595 595 595 558 580 558 558 558 532 532 532 449 493 508 449 449 449 449 449 449 449 409 409 409 430 409 335 402 403 334 376 376 376 314 314 314 314 314 314 314 264 264 264 264 264 264 265 265 194 194 194 194 194 210 210 194 194 194 194 183 158 158 158 83 139 139 83 83 83 108 108 84 84 33 33 24 24 33 33 33 13 13 13 
987 987 956 956 956 956 965 886 944 908 908 908 908 908 856 856 856 871 871 871 843 843 843 843 749 749 749 813 773 773 773 773 734 734 734 734 734 717 717 717 717 661 661 661 661 661 655 655 655 655 655 655 637 637 606 606 614 595 595 595 558 558 558 542 542 542 542 449 449 493 493 449 495 449 449 449 449 449 454 409 409 409 409 335 402 402 334 376 376 376 314 314 314 308 308 308 308 264 264 266 266 266 266 210 210 210 210 210 210 210 210 210 210 210 195 195 183 158 158 158 83 139 139 83 83 83 83 83 84 84 84 24 24 24 24 24 34 13 13 13 
980 980 956 956 979 956 956 886 886 886 886 908 908 856 856 856 879 871 871 871 843 843 843 844 749 749 749 813 773 773 773 773 774 734 734 734 734 717 717 717 723 637 637 637 655 655 655 681 655 655 655 655 637 606 606 606 542 542 542 542 588 558 558 542 547 547 449 449 449 449 493 449 449 481 481 449 449 449 449 409 409 409 335 335 402 402 334 376 383 376 314 314 314 308 308 308 308 308 264 264 264 264 266 210 210 210 210 247 238 206 206 206 206 206 206 183 183 158 158 158 83 83 83 135 83 120 83 83 84 84 84 24 24 24 24 24 34 13 13 13 
980 980 993 956 956 956 956 956 917 917 886 886 886 856 856 856 879 879 871 871 843 843 749 749 749 827 749 749 781 781 781 781 759 759 759 717 717 717 717 717 723 637 637 637 655 655 655 681 655 655 655 655 637 606 606 606 542 542 542 542 542 542 542 542 547 547 449 449 449 449 449 449 449 481 449 449 449 455 449 449 409 409 335 418 402 334 334 376 376 376 314 314 314 308 308 308 315 264 264 299 264 264 266 266 210 210 210 238 238 206 206 206 183 183 183 183 184 158 158 109 109 109 83 83 83 83 83 84 84 91 69 69 69 24 24 24 24 24 13 13 
980 980 980 980 980 917 917 917 917 917 923 923 886 886 886 886 886 879 749 749 749 749 749 827 827 827 749 749 781 781 782 782 759 759 759 717 717 717 717 717 723 637 637 655 655 655 655 655 655 655 655 655 637 637 542 606 606 606 542 589 589 542 542 564 449 449 449 449 449 509 509 449 449 449 449 449 449 455 455 411 411 411 335 335 402 334 334 376 376 359 359 314 314 315 315 315 315 264 264 299 264 264 264 266 266 210 210 238 206 206 206 206 183 184 184 184 184 158 158 109 153 109 109 109 126 83 83 84 84 69 69 69 69 24 24 24 24 13 13 13 
980 980 980 980 917 917 917 917 945 917 923 923 917 805 900 805 805 879 879 749 749 805 805 805 805 805 749 749 749 749 782 782 759 759 759 717 717 717 723 723 723 717 637 655 655 655 675 675 675 637 637 637 637 637 542 622 606 606 542 542 542 542 542 564 449 449 449 449 449 449 510 449 496 449 455 455 455 455 455 411 442 411 411 335 335 335 396 359 359 359 360 335 335 315 315 264 264 264 264 264 264 264 264 264 210 210 206 238 206 183 183 183 183 184 184 159 159 159 159 109 109 109 109 109 109 109 83 83 83 69 69 69 69 24 24 24 13 13 13 13 
980 980 980 980 917 917 917 917 945 917 917 917 917 805 805 805 805 805 805 805 805 805 805 805 834 805 805 805 805 749 749 749 749 749 749 749 749 717 717 717 717 717 637 637 637 637 637 637 637 637 637 637 637 637 542 542 542 542 542 542 542 543 543 543 543 543 543 449 449 449 510 449 449 449 455 455 455 455 455 411 411 411 411 411 411 335 335 335 335 335 335 335 335 335 335 264 264 264 264 264 264 264 264 264 210 210 206 206 206 183 183 183 183 184 184 159 159 159 159 159 109 109 109 109 109 109 109 109 83 83 69 69 69 24 24 24 13 13 13 15 
