994 994 967 967 967 967 916 916 916 916 916 916 916 889 889 889 838 838 838 855 855 855 855 803 803 803 803 803 743 743 743 743 788 743 743 742 742 742 742 742 723 723 723 517 517 517 687 687 654 654 654 654 517 517 517 517 517 532 532 532 532 532 541 541 541 541 508 508 508 508 508 508 445 445 473 473 445 445 445 445 422 422 422 392 392 392 392 348 348 348 348 348 297 297 297 297 297 297 309 251 251 251 276 276 276 251 251 251 207 207 236 169 169 169 169 169 182 182 169 169 125 125 125 125 125 125 34 34 34 34 34 34 34 33 33 1 1 1 1 1 
994 994 967 967 967 967 916 916 916 916 917 917 917 889 889 889 838 838 838 769 769 769 769 803 803 803 803 803 743 743 743 743 743 743 743 742 742 742 743 743 723 724 724 517 517 517 517 517 654 654 654 655 517 517 517 517 517 532 532 532 589 532 541 541 541 541 508 508 508 511 508 508 445 445 445 445 445 445 445 446 422 422 422 392 392 392 392 348 348 348 348 348 297 297 297 310 310 297 309 251 251 251 251 251 251 251 259 207 207 207 207 169 169 169 207 169 169 169 169 125 125 144 144 126 126 34 34 104 34 34 34 34 34 33 49 1 2 2 2 2 
994 994 983 983 968 968 916 916 916 916 917 917 889 889 889 889 838 838 838 838 838 769 769 803 803 803 803 803 743 743 743 743 743 743 743 742 742 742 743 744 723 723 723 517 517 705 517 517 678 654 654 517 517 517 517 517 517 532 532 532 589 532 532 532 532 541 541 508 508 511 511 445 445 469 469 469 469 422 422 446 422 422 423 392 392 392 392 377 377 377 348 361 297 297 310 310 310 297 297 297 251 251 287 259 259 259 259 207 207 207 207 219 219 207 207 194 194 183 125 125 157 144 144 126 126 34 34 34 34 34 34 34 34 33 49 1 1 1 1 3 
974 974 983 983 968 968 916 916 916 889 889 889 889 905 905 889 838 838 871 871 838 769 803 803 803 826 826 803 803 803 803 743 743 743 743 742 742 742 743 744 723 723 723 517 517 517 517 688 517 517 517 517 646 637 517 517 517 517 532 532 589 517 517 547 532 532 532 532 517 517 474 474 474 469 469 474 422 422 422 422 422 422 392 392 405 392 392 377 377 377 348 348 348 348 310 310 310 310 310 297 297 251 251 251 251 251 251 251 207 207 207 207 207 207 208 183 183 183 125 144 144 144 144 126 126 126 36 36 36 36 34 34 69 33 33 33 33 28 1 1 
974 974 988 958 958 958 958 916 916 889 889 889 882 882 838 889 889 838 838 838 838 769 803 803 803 808 808 808 808 808 799 799 789 743 743 743 743 743 743 744 723 723 723 517 517 517 517 517 517 517 517 647 637 637 517 517 517 517 517 517 517 517 517 547 547 547 517 517 517 474 474 474 474 474 474 474 422 422 422 429 429 429 392 392 392 392 392 377 377 377 349 349 349 349 298 298 298 298 298 298 298 269 269 269 269 269 207 207 207 207 207 209 209 216 208 183 183 125 125 144 144 52 52 52 52 52 36 36 36 36 70 34 34 34 34 34 28 28 1 1 
974 974 988 958 958 916 916 916 916 889 889 889 882 882 838 890 890 838 838 838 865 769 769 808 808 808 821 821 769 769 799 789 789 743 743 768 743 743 723 723 723 723 725 517 711 661 661 670 670 670 661 647 637 637 517 517 517 569 569 569 569 569 517 517 517 548 517 517 517 474 474 474 475 475 475 475 422 422 422 400 400 430 400 400 400 311 311 377 377 377 349 349 349 349 298 298 298 298 298 298 299 269 269 269 270 270 207 207 207 207 207 207 209 208 208 183 183 125 176 144 144 52 52 136 52 52 102 102 102 36 70 70 70 34 34 34 34 1 1 4 
974 974 974 958 958 916 952 952 916 940 906 906 882 882 838 838 838 838 872 838 838 845 769 769 808 808 821 769 769 769 769 789 789 768 768 768 743 743 723 723 736 723 517 517 661 661 661 661 661 661 661 647 647 555 555 555 555 569 569 569 569 569 487 487 517 517 517 525 525 475 475 475 475 476 476 476 422 422 422 400 400 400 400 414 311 311 311 311 362 362 362 362 339 339 339 328 328 298 299 299 299 269 269 269 270 270 207 207 207 207 207 207 209 209 209 125 125 125 176 137 137 52 52 136 52 102 102 36 36 36 84 70 70 36 36 36 35 1 1 1 
974 974 974 974 974 916 916 916 916 906 906 906 906 882 882 891 891 882 872 872 838 845 845 769 769 769 769 769 769 769 769 789 789 768 768 768 743 743 723 723 723 723 517 661 661 662 662 662 662 662 662 647 647 555 555 555 555 555 603 569 569 569 569 487 487 487 542 525 525 475 475 475 475 475 477 477 422 422 422 400 414 414 414 414 311 311 311 311 362 362 362 362 339 339 339 328 328 298 298 298 298 269 269 269 270 270 237 237 207 207 207 207 220 209 209 125 125 125 137 137 137 52 52 52 52 102 102 36 36 36 36 36 36 36 50 36 35 1 1 1 
974 974 969 969 969 969 906 906 906 906 906 906 906 906 882 882 882 882 872 872 838 838 845 845 769 769 769 769 769 804 804 777 777 777 769 769 694 694 723 737 737 517 517 661 661 661 632 632 632 662 662 632 632 632 632 555 555 555 563 563 563 563 570 563 487 487 487 487 487 487 487 475 475 475 477 447 447 459 406 400 400 400 414 414 311 311 311 311 362 362 367 311 311 333 333 333 328 298 298 298 298 281 281 281 260 260 237 237 237 237 237 202 202 210 210 125 125 125 137 170 137 52 52 52 52 127 102 102 102 36 36 82 36 36 19 36 36 1 1 1 
974 974 969 969 969 969 906 906 906 906 906 906 906 906 882 882 882 882 861 861 861 838 856 838 838 830 769 769 769 804 778 778 778 778 769 769 694 694 723 737 737 517 517 661 661 661 632 632 632 671 632 632 632 632 633 555 555 604 563 563 563 563 563 563 487 487 487 533 487 487 487 447 447 492 447 447 447 459 406 438 438 400 400 400 400 400 311 311 311 311 311 311 311 333 333 333 328 298 298 298 298 281 281 260 260 260 202 202 202 202 202 202 202 210 210 202 137 137 137 137 137 137 137 137 52 52 52 21 21 61 61 61 61 61 19 19 19 19 19 1 
959 959 959 959 959 959 959 906 906 906 906 906 906 906 882 882 882 882 861 861 861 838 838 838 839 830 769 769 769 804 778 778 778 769 769 769 694 694 723 723 723 723 517 661 661 661 632 632 632 632 632 656 632 632 534 534 555 604 604 555 555 555 555 555 555 487 487 487 487 487 447 447 447 447 447 478 447 447 406 406 406 406 406 406 406 311 311 311 311 311 311 363 311 321 321 321 328 298 298 298 298 281 281 260 260 260 202 202 172 172 202 202 202 202 202 202 137 137 171 171 137 137 138 138 52 52 52 72 21 61 61 42 42 42 42 42 19 19 20 1 
959 959 959 959 959 959 960 906 906 906 933 906 906 906 906 846 846 846 861 861 861 861 838 838 830 830 769 769 769 804 778 778 769 769 775 694 694 694 723 723 723 723 517 661 661 661 632 632 632 632 638 534 534 534 534 534 555 555 555 555 590 555 555 487 487 487 543 487 487 487 454 454 454 454 454 454 454 447 447 447 406 406 406 406 406 311 311 311 378 378 311 311 311 321 321 321 321 321 288 288 288 288 260 260 260 260 260 172 172 172 203 203 203 203 203 203 137 137 171 171 137 138 138 139 52 52 52 72 21 61 61 71 71 21 21 21 37 1 1 1 
959 959 959 959 959 959 906 906 906 906 933 846 846 846 846 846 883 846 846 862 862 862 838 838 830 769 769 769 769 804 769 769 769 775 775 694 694 694 694 694 694 694 517 517 517 632 632 632 632 638 638 534 534 534 534 534 534 611 564 564 564 555 555 487 487 543 543 487 487 454 454 454 454 493 454 454 454 454 431 431 406 406 406 406 406 311 311 311 311 311 368 311 311 321 321 322 322 322 288 288 300 288 172 172 172 271 172 172 223 172 172 172 172 172 203 203 137 137 137 137 137 138 139 139 52 52 52 72 21 21 21 71 71 21 21 21 37 1 1 1 
959 959 959 959 959 959 906 906 906 926 846 846 918 846 846 898 883 883 846 862 809 809 809 809 830 769 769 769 769 769 769 694 694 694 694 694 694 756 679 679 679 694 694 694 694 632 632 632 632 638 638 534 534 534 534 612 534 534 564 564 564 564 564 487 487 543 487 487 487 454 454 454 454 454 454 454 454 454 431 431 431 431 401 401 401 311 379 379 379 311 311 311 311 322 322 322 311 311 311 288 288 288 172 172 172 271 172 223 223 172 172 221 221 172 203 203 184 184 137 137 138 138 139 139 52 52 112 72 94 94 21 21 21 62 21 21 37 1 1 1 
959 959 959 959 959 970 946 946 946 926 846 846 846 846 846 846 846 846 846 809 809 809 809 809 809 809 827 809 809 809 805 694 779 779 694 694 694 756 679 679 738 679 679 679 694 694 694 632 632 657 638 534 534 534 534 612 612 534 534 564 564 564 564 487 487 487 487 534 487 518 487 487 503 454 454 454 460 460 431 431 431 431 401 415 401 401 379 379 379 379 311 311 311 311 311 311 311 323 288 288 288 288 172 172 172 172 172 223 153 153 153 153 222 172 172 172 184 184 137 137 138 138 139 139 128 52 112 72 72 72 72 72 21 21 21 21 21 1 1 1 
959 959 959 959 959 946 946 946 946 926 926 926 846 846 846 846 846 846 846 809 809 809 809 809 809 809 809 809 805 805 805 694 779 694 694 694 694 730 730 679 679 679 689 679 712 694 694 632 632 657 638 638 638 638 534 534 612 612 534 564 564 582 564 564 487 487 534 534 487 487 487 487 487 487 487 454 454 454 454 431 431 431 401 324 324 324 324 379 382 311 311 311 350 350 323 323 323 323 288 288 288 288 172 172 172 172 261 223 223 238 238 153 153 195 195 172 172 172 172 172 138 138 128 128 128 52 112 63 63 85 85 72 72 21 21 21 21 1 1 1 
959 959 959 959 975 946 919 919 919 919 919 919 846 846 874 874 874 874 846 873 809 809 809 809 809 809 809 822 805 805 805 694 779 694 694 694 694 730 730 713 713 713 689 679 679 679 679 679 679 657 634 634 634 634 634 534 534 534 534 564 564 564 564 549 549 549 534 487 487 487 487 509 487 487 439 439 470 439 439 439 439 431 401 324 402 402 324 324 324 311 369 311 311 323 323 323 323 288 288 288 288 246 246 172 172 172 223 223 223 223 223 223 153 153 195 204 195 105 105 105 105 152 128 128 52 52 63 63 63 63 63 63 51 51 51 21 38 1 1 1 
946 946 946 946 946 946 947 947 919 919 920 919 919 874 874 874 874 874 846 873 809 809 809 809 809 809 809 809 805 805 805 694 694 694 694 694 694 730 730 739 739 713 689 689 689 689 689 689 657 657 634 634 634 634 634 619 619 534 534 534 534 534 534 549 534 534 534 487 487 487 487 509 439 439 439 439 439 439 431 431 431 431 401 324 402 324 324 324 324 311 311 311 311 323 329 329 329 288 288 288 246 246 246 246 246 246 223 223 223 223 239 223 223 153 195 195 195 105 105 105 105 105 105 128 52 52 63 63 63 63 63 63 51 51 51 21 21 21 21 5 
946 946 946 946 976 971 947 947 941 941 920 874 874 874 907 874 874 846 846 846 846 846 846 846 809 809 809 809 805 805 805 694 694 745 745 745 745 757 730 730 730 713 713 689 689 657 657 657 657 672 619 619 634 634 619 619 620 534 534 534 534 534 534 534 534 534 534 535 416 416 416 416 439 439 439 439 439 439 431 440 440 401 401 324 402 324 324 324 324 324 324 311 311 323 329 329 301 301 312 288 246 246 246 246 246 246 223 223 248 246 224 224 224 153 195 195 196 105 105 105 158 105 105 128 128 52 63 63 63 63 63 63 51 51 51 5 5 29 5 5 
946 946 946 946 971 971 947 953 941 941 920 874 909 909 874 874 874 846 846 846 866 846 846 831 831 831 806 806 806 806 806 745 745 745 745 745 745 745 745 745 730 730 713 718 713 657 657 690 619 619 619 619 619 634 619 619 571 571 591 591 534 534 535 535 535 535 535 535 416 416 416 416 416 416 416 439 439 439 431 431 431 401 401 324 402 324 324 324 324 380 323 323 323 323 329 329 301 301 301 288 288 288 288 246 246 246 248 248 248 246 224 224 224 153 153 159 159 159 159 105 105 105 105 128 128 52 52 52 52 63 63 63 63 63 5 5 5 5 5 6 
946 971 971 971 971 971 947 947 947 920 920 874 909 874 874 874 874 874 874 874 831 831 831 831 831 806 806 806 806 806 745 745 745 745 745 745 745 745 745 726 726 726 713 713 713 657 657 690 619 619 635 635 619 619 619 619 571 571 591 591 591 535 535 535 535 519 519 519 416 416 416 479 479 494 416 416 416 416 448 448 431 401 401 324 324 393 393 324 324 324 323 323 323 351 329 329 301 301 301 301 301 288 288 246 246 246 248 248 246 246 224 227 153 153 153 159 185 185 159 159 159 153 105 105 105 113 113 52 52 73 73 73 73 5 5 5 5 5 5 6 
972 971 971 971 971 971 954 954 920 920 874 874 909 874 899 874 892 874 831 831 831 831 831 831 831 806 806 806 806 806 745 790 745 745 745 770 745 751 751 726 726 726 726 657 657 657 695 657 657 673 635 635 619 619 621 621 621 571 571 571 571 535 535 535 535 519 519 519 519 416 416 479 479 479 479 479 416 416 448 448 431 431 416 416 324 324 394 324 324 324 324 324 324 324 340 329 329 301 301 301 301 289 289 246 246 246 246 246 246 246 224 224 153 153 159 159 153 153 153 153 153 153 105 105 105 113 114 52 52 73 73 73 73 5 5 5 5 22 22 6 
972 972 972 972 977 972 954 954 920 934 874 874 874 874 899 874 874 874 831 831 867 831 831 831 832 832 792 792 792 745 745 790 790 745 745 745 745 751 726 726 726 726 726 657 657 657 657 657 657 635 635 635 619 619 621 621 622 571 571 595 571 571 571 510 510 519 519 536 519 519 396 396 396 396 479 479 416 455 455 416 416 431 416 341 341 324 324 324 324 358 358 358 358 324 324 329 329 301 301 301 301 289 289 246 246 262 262 246 246 246 224 224 225 153 159 153 153 186 153 153 153 153 105 105 105 113 113 105 52 52 73 52 52 52 52 5 5 22 23 6 
984 984 989 972 972 972 961 920 920 934 934 927 910 910 899 899 893 831 831 831 867 831 847 847 832 832 792 792 792 745 745 791 791 745 758 745 745 745 726 726 726 726 726 657 657 663 663 657 657 635 635 635 635 635 635 592 592 571 571 595 592 510 510 510 510 510 510 510 396 396 396 504 504 396 480 480 416 455 455 416 416 416 416 341 341 341 341 341 358 358 352 352 359 352 324 324 324 324 224 224 224 224 289 246 246 262 224 224 224 224 224 225 225 153 153 153 186 186 153 153 153 153 105 105 105 105 113 105 52 52 52 52 74 53 53 22 22 22 23 6 
984 984 984 984 961 961 961 920 927 927 927 927 910 910 893 893 893 831 831 831 867 831 847 810 810 810 810 792 792 792 745 745 745 745 758 758 758 745 745 746 726 726 726 706 706 663 663 657 657 657 657 657 556 556 636 592 592 592 592 592 592 510 510 510 510 510 510 510 510 520 504 504 396 396 480 480 416 455 455 416 416 416 424 341 341 341 341 341 352 352 352 352 352 352 224 224 324 324 224 224 224 224 224 282 224 224 224 224 224 240 240 186 186 153 153 186 186 187 153 153 160 145 145 105 105 105 105 105 52 52 52 75 53 53 22 22 23 23 23 6 
961 961 961 961 961 920 920 920 927 927 927 920 920 893 893 840 840 840 840 831 831 831 847 810 810 810 810 810 792 792 745 745 752 752 745 745 758 758 745 682 682 682 726 706 706 706 663 663 680 663 663 556 556 556 556 592 592 556 556 556 556 572 572 565 510 510 510 510 510 520 504 504 396 396 480 480 416 416 416 441 441 416 424 341 341 395 395 341 352 370 370 352 352 224 224 224 224 325 224 224 224 224 224 224 224 240 240 240 240 240 186 186 186 186 186 186 197 187 115 115 115 145 145 105 105 105 105 95 95 86 86 75 53 53 22 43 22 22 24 6 
961 961 978 978 978 920 920 920 920 927 927 920 921 893 893 840 840 840 840 847 847 847 847 828 828 828 828 810 792 792 745 745 752 752 752 745 745 745 745 682 682 682 682 706 706 706 696 663 663 663 664 556 556 556 556 592 592 556 605 556 556 556 556 565 510 510 520 520 520 520 481 481 481 396 480 480 449 449 416 441 441 416 424 407 407 395 395 341 352 352 224 224 224 224 341 224 224 325 224 302 302 224 224 224 240 240 240 240 240 240 186 186 186 186 211 115 115 187 115 146 115 115 115 115 129 105 105 95 86 86 87 75 75 53 22 22 22 22 6 6 
978 978 978 978 978 920 920 920 920 920 920 920 840 840 840 840 840 840 840 840 840 840 840 828 828 828 828 810 810 792 800 800 752 752 752 752 752 745 745 682 682 731 682 719 696 696 696 681 681 556 556 556 556 556 556 556 556 556 605 556 556 556 556 556 556 510 510 510 510 510 481 481 481 396 396 480 449 449 416 441 441 416 407 407 408 395 395 341 352 352 224 224 224 224 341 224 224 224 224 302 302 283 283 283 240 240 240 240 240 240 186 186 186 186 115 115 115 115 115 146 146 146 146 115 115 115 115 95 86 86 76 76 76 53 44 44 6 6 6 7 
978 978 978 979 979 920 920 920 920 920 935 840 840 840 840 900 840 840 841 841 841 841 840 840 840 828 828 823 810 792 792 792 792 752 752 752 752 745 745 682 731 731 682 719 696 696 682 682 682 556 556 556 556 556 556 556 556 556 596 596 556 556 557 557 557 512 512 512 512 510 510 510 481 481 396 396 449 449 416 416 416 416 407 396 396 396 396 341 341 341 224 224 341 341 341 224 224 313 313 302 302 283 283 283 240 240 240 240 31 31 186 186 186 186 115 115 188 188 173 173 130 130 130 115 115 116 116 95 86 86 76 76 76 53 44 44 6 6 6 7 
978 978 978 936 936 936 920 920 920 920 935 840 840 840 908 900 875 875 841 841 841 841 841 841 841 833 823 823 810 810 792 792 793 752 752 752 752 752 752 682 731 731 682 719 682 682 682 691 556 556 556 556 556 556 556 625 556 556 596 583 583 583 495 495 495 512 512 512 512 512 512 495 495 481 481 396 396 449 449 449 416 416 407 396 396 396 396 383 383 341 341 341 341 330 330 330 330 313 314 302 302 283 283 283 240 240 240 240 31 31 31 31 31 31 115 115 31 31 173 130 130 130 130 130 130 116 116 95 95 95 53 53 77 53 6 6 6 6 6 6 
978 978 978 936 936 936 920 920 920 920 935 922 922 840 908 875 875 875 877 875 841 841 841 841 841 833 823 795 795 795 807 780 780 780 759 759 759 682 682 682 731 731 682 682 682 682 682 556 556 556 556 648 648 639 556 556 556 613 596 583 583 583 495 550 495 495 495 512 512 512 512 495 495 495 481 481 396 449 449 450 416 416 407 407 396 396 396 383 383 341 341 330 330 330 342 313 313 313 314 263 263 283 283 263 263 263 263 252 31 31 31 31 31 31 115 115 31 31 173 130 130 130 117 117 117 117 117 95 95 53 53 53 53 53 6 6 6 6 6 6 
985 985 985 985 936 936 911 911 911 935 935 922 922 840 840 875 833 875 877 875 833 833 833 833 833 833 823 795 795 795 795 780 780 780 759 759 759 759 682 682 682 732 697 697 697 697 697 556 556 556 665 639 639 639 556 556 556 613 596 596 583 583 495 550 550 550 495 495 495 521 512 495 496 496 481 481 396 396 396 396 396 396 396 396 396 396 396 383 383 371 371 330 313 313 313 313 326 326 263 263 263 263 263 263 277 241 241 252 31 31 31 31 31 31 31 31 31 31 140 140 140 117 117 117 117 117 117 53 53 53 88 64 64 64 30 30 30 30 6 6 
985 985 985 936 936 936 911 911 911 911 911 911 922 911 840 875 833 875 875 875 833 833 833 834 834 834 823 795 795 795 795 780 780 780 759 759 759 759 682 747 682 732 697 720 697 697 692 692 639 639 639 639 639 639 556 556 556 495 495 596 495 495 495 551 551 551 526 526 495 495 512 495 495 371 371 371 371 396 396 371 371 432 425 409 409 387 387 387 371 371 330 330 313 313 313 313 313 313 263 249 249 249 277 277 277 241 241 241 241 241 241 31 31 31 31 31 31 31 140 140 140 117 117 117 117 117 117 53 53 53 53 64 64 64 54 30 30 30 8 8 
985 995 936 936 911 911 962 911 911 911 911 911 911 911 840 840 833 833 875 875 833 833 833 833 823 823 823 795 781 781 771 771 771 780 776 759 759 760 682 682 682 732 697 720 639 639 639 639 639 666 666 495 639 639 626 626 495 495 495 495 495 584 551 551 526 526 526 526 526 495 495 495 495 371 482 482 371 371 371 371 371 371 425 409 409 387 388 388 371 371 330 330 313 313 334 334 313 313 263 249 249 249 249 249 249 241 241 241 241 147 147 147 212 212 212 31 31 31 140 140 140 140 140 140 118 118 118 53 53 53 53 64 31 31 54 30 30 30 8 9 
985 936 936 911 911 911 911 911 911 911 911 911 911 901 901 840 840 833 833 833 833 833 833 833 823 823 823 795 781 781 771 771 771 771 776 639 639 639 697 697 697 697 697 639 639 698 698 639 639 666 666 495 495 626 626 626 495 495 526 526 573 573 573 566 526 527 527 527 527 497 497 497 505 371 371 371 461 461 456 442 442 371 371 409 409 387 387 371 371 371 303 303 303 313 313 313 313 327 263 263 249 249 249 284 249 272 241 241 241 147 228 147 212 212 212 31 31 31 31 31 31 31 31 31 118 96 96 96 96 96 31 31 31 31 31 31 31 31 8 9 
985 936 990 911 936 936 955 955 936 936 936 901 901 901 901 901 840 878 878 840 840 833 833 848 795 795 795 795 781 781 771 771 771 771 776 639 762 639 639 639 639 639 639 639 693 693 693 639 639 674 495 495 495 626 626 626 495 495 526 526 573 526 526 566 526 527 371 371 371 497 497 497 497 497 371 371 456 456 456 442 442 371 371 409 387 387 387 371 384 303 303 331 303 327 327 327 327 327 263 263 303 249 249 249 249 272 241 241 147 147 228 147 147 147 147 177 177 177 108 108 161 31 31 31 31 96 106 106 96 96 31 78 78 8 8 8 8 8 8 9 
985 936 936 911 936 936 936 936 936 937 937 901 923 902 902 902 840 840 840 840 840 857 857 848 795 795 781 824 781 781 771 771 771 771 776 639 639 639 639 639 639 693 693 693 693 699 693 693 674 674 495 495 649 495 495 495 495 614 526 573 573 526 526 566 526 526 371 371 371 371 371 371 371 371 371 371 456 456 426 426 442 371 371 371 387 387 371 371 384 303 331 331 303 303 303 303 303 303 303 303 303 290 290 249 278 253 253 253 147 247 228 228 199 199 147 147 147 177 108 108 161 31 31 141 31 96 106 106 96 96 31 78 8 8 8 8 8 8 25 9 
985 985 936 936 936 936 936 936 936 901 901 901 923 902 848 848 848 840 840 840 840 857 857 848 795 795 781 781 781 781 781 794 794 771 771 740 740 639 639 639 639 693 693 693 693 699 699 674 674 614 614 495 495 495 614 614 614 614 526 526 526 526 526 526 526 526 544 371 371 371 371 483 483 371 371 371 426 426 426 426 426 426 426 371 410 371 371 384 384 303 331 331 331 331 331 331 303 303 315 290 290 290 291 249 278 253 253 147 147 229 229 229 199 199 199 199 147 177 177 108 108 108 108 108 31 96 31 31 96 96 31 78 8 8 8 8 8 9 9 9 
985 985 936 936 936 936 901 901 901 901 901 901 902 902 848 848 848 840 840 868 868 848 848 848 795 795 795 795 795 795 781 781 781 781 771 740 740 740 740 639 639 693 693 693 693 707 674 674 614 614 614 614 614 614 614 614 614 615 526 526 574 574 526 526 544 544 544 371 371 371 371 483 483 483 483 483 426 426 426 426 426 426 426 371 410 371 373 373 373 303 372 331 331 331 331 331 331 290 290 290 249 249 249 249 249 253 253 147 229 229 230 230 199 199 199 199 147 189 147 147 108 108 147 108 31 31 31 31 97 97 31 78 78 8 8 8 8 9 9 9 
985 991 936 936 936 936 901 901 942 942 928 928 902 902 848 848 848 884 840 868 848 848 858 811 811 811 811 795 795 795 795 781 781 782 771 771 748 748 740 740 740 674 674 707 707 707 674 614 614 675 614 614 614 614 597 597 597 597 597 574 574 574 574 522 522 522 522 371 528 462 462 462 462 483 483 484 426 426 426 426 426 426 426 371 371 371 373 373 373 303 372 303 303 331 331 331 290 290 307 307 249 294 249 249 249 253 253 147 229 229 199 199 199 199 198 198 147 147 147 147 154 154 147 108 131 119 119 31 97 97 31 78 78 55 55 8 8 8 8 8 
985 991 936 936 901 901 901 901 942 943 928 902 902 902 902 902 848 840 840 868 848 811 811 811 835 835 811 811 811 811 795 795 795 782 771 771 748 748 748 748 674 674 674 707 707 707 674 614 683 614 614 597 597 597 597 597 597 597 597 574 522 522 522 522 558 522 522 371 528 462 462 462 462 462 462 462 462 462 443 443 443 403 403 403 403 403 373 373 385 303 372 303 303 331 331 331 290 292 292 292 249 249 264 264 264 264 264 147 147 229 199 231 199 199 198 198 147 147 147 147 154 154 147 108 131 119 119 31 31 31 31 65 65 55 55 8 8 8 8 8 
991 991 936 936 901 901 901 901 942 928 928 902 902 902 902 902 848 848 879 848 848 811 811 811 835 811 811 811 811 811 772 772 772 782 772 772 748 748 748 749 674 674 674 674 674 674 674 614 614 614 667 597 597 597 597 597 597 597 597 597 522 575 575 558 558 522 545 371 443 443 513 443 443 443 443 463 463 463 443 443 443 403 417 417 403 403 373 373 373 303 372 303 303 303 343 335 290 292 292 292 292 249 249 249 249 249 249 249 147 147 199 231 199 199 198 198 198 147 147 174 147 147 147 108 131 65 65 65 65 65 65 65 65 65 8 8 26 26 26 8 
991 991 991 942 942 942 942 942 942 928 928 902 902 880 880 880 880 848 848 848 859 859 859 811 811 811 811 811 817 772 772 783 772 772 772 749 749 749 749 749 674 674 727 714 714 708 640 640 667 667 667 597 597 597 597 597 597 606 606 522 522 575 575 558 558 522 522 522 443 443 513 443 488 488 443 443 443 443 443 443 443 403 417 403 403 403 373 373 373 303 372 303 303 303 343 335 290 290 290 290 292 295 292 254 254 254 265 249 249 147 199 199 199 199 199 199 199 147 178 147 147 147 147 108 131 65 65 65 65 65 65 65 66 66 8 8 8 8 8 8 
998 885 942 942 980 942 942 942 942 928 928 929 880 880 880 880 880 880 848 848 859 842 842 842 811 811 811 817 817 772 772 783 783 783 749 749 763 700 700 750 674 674 727 714 714 708 640 640 667 640 640 597 597 627 627 627 606 606 607 522 522 585 558 558 558 552 522 522 443 443 513 443 488 451 451 451 451 451 451 451 403 403 403 403 373 373 373 373 373 303 303 303 303 303 336 336 290 290 290 290 292 292 292 254 254 254 254 254 147 147 232 232 199 199 199 199 199 147 147 147 162 155 148 108 108 65 65 107 65 65 65 65 8 8 8 8 8 8 8 8 
998 885 942 986 912 912 912 912 948 928 928 929 880 880 880 880 880 880 880 859 859 842 842 842 842 817 829 817 772 772 772 796 796 784 749 763 763 700 700 700 700 700 700 700 700 708 640 640 640 640 640 650 650 627 627 606 606 598 598 598 522 522 558 558 558 552 522 537 443 443 443 443 488 451 451 451 451 451 403 403 403 433 403 418 373 373 373 373 373 381 303 303 303 303 336 290 290 290 290 292 292 292 292 254 254 273 255 255 147 147 147 147 147 147 199 199 199 155 155 155 155 155 148 132 108 108 65 65 65 65 65 65 8 56 56 8 8 8 8 8 
998 885 942 912 912 912 912 912 948 929 929 929 880 880 894 894 894 842 842 859 842 842 842 842 843 817 817 817 772 772 784 784 784 784 749 700 700 700 700 700 700 700 700 721 700 700 640 684 684 640 640 650 640 640 606 606 606 598 598 598 552 552 552 558 558 552 522 537 443 443 443 488 488 451 451 451 451 451 403 403 419 419 403 403 403 373 373 373 373 381 303 303 303 303 290 290 290 290 304 292 292 292 292 254 254 255 255 256 147 147 147 147 147 147 200 200 200 155 163 155 155 148 148 132 132 108 120 65 65 65 65 65 8 8 8 8 8 10 8 8 
998 885 885 912 912 885 885 912 912 929 929 929 894 894 894 842 842 842 842 842 842 842 842 842 843 817 817 818 818 812 784 784 784 749 749 700 700 700 700 700 700 700 721 721 715 700 640 684 684 640 640 640 640 606 606 628 606 598 598 598 552 586 552 552 552 552 522 522 522 522 443 488 498 451 451 451 451 451 451 403 403 419 419 419 403 373 373 373 373 381 373 290 290 290 290 290 290 290 304 304 304 279 279 279 279 255 256 256 147 242 242 155 155 200 200 155 155 155 163 175 163 148 148 13 13 108 108 108 45 45 45 45 45 8 8 39 39 10 8 8 
885 885 885 987 885 885 885 885 912 929 929 894 894 784 784 784 784 784 784 784 784 842 842 784 784 784 784 784 812 812 784 784 784 749 749 700 700 700 753 700 741 721 721 715 715 700 640 640 640 640 640 606 606 606 606 606 606 598 598 598 552 559 559 559 559 443 443 443 443 443 443 488 498 498 451 451 451 451 451 452 403 403 403 403 403 364 364 364 373 373 373 290 290 353 290 290 290 290 305 305 305 279 279 279 280 255 255 255 147 242 155 155 155 155 155 155 155 155 163 163 163 148 148 13 13 13 13 13 45 45 45 45 45 45 45 39 39 10 8 8 
885 885 885 885 885 963 963 885 912 929 929 894 894 784 784 784 784 784 784 784 784 784 849 784 784 784 784 784 812 813 784 784 784 784 749 764 764 700 753 700 741 721 721 715 700 700 700 640 640 640 640 606 606 606 606 623 623 608 608 552 552 559 559 559 443 443 538 443 443 500 500 488 499 499 451 451 451 451 390 390 390 390 403 403 364 364 397 364 364 364 364 364 290 290 290 290 290 305 305 305 305 279 279 279 280 255 255 255 147 155 155 217 217 155 155 155 155 164 164 164 164 13 13 13 13 13 121 13 98 98 13 13 13 57 45 45 10 10 10 10 
963 963 981 981 981 963 963 885 912 912 912 894 894 912 784 784 784 784 784 784 784 784 849 849 784 784 784 784 812 784 784 784 784 784 749 700 700 700 700 700 700 733 715 715 700 700 700 640 640 640 640 606 606 606 606 623 608 608 609 552 552 587 559 559 443 553 538 538 443 443 500 488 488 488 488 451 451 451 390 390 390 390 403 403 364 364 364 364 364 364 364 364 332 332 332 332 332 305 305 308 279 279 255 255 255 255 255 255 147 155 155 155 217 217 213 205 155 164 164 164 164 13 109 109 109 109 121 13 13 13 13 13 13 57 45 45 10 10 10 10 
963 963 963 963 982 963 963 885 885 885 912 912 912 912 784 784 784 784 784 784 784 850 850 850 784 784 784 784 784 784 797 797 797 749 749 700 700 700 700 700 700 733 715 715 715 700 700 640 640 514 514 514 514 514 514 608 608 616 609 552 552 567 567 567 443 553 443 443 443 443 500 500 506 500 451 451 451 451 390 390 390 389 389 389 389 389 389 389 364 364 365 365 332 354 255 255 255 308 308 308 279 279 255 255 266 266 266 257 147 243 243 155 155 155 213 205 155 164 164 164 164 13 13 13 13 109 109 109 89 89 13 13 79 57 57 11 11 10 10 10 
963 963 992 963 982 963 963 949 949 885 930 930 885 885 885 885 784 784 784 784 784 784 784 784 784 819 819 784 784 749 749 797 797 749 749 700 700 700 700 700 728 728 715 715 715 514 514 514 514 514 658 658 514 514 514 608 608 552 552 552 567 567 443 443 443 553 443 529 529 443 500 500 500 500 451 451 451 464 390 390 390 389 389 389 389 389 389 389 364 364 332 332 332 354 255 255 255 308 255 255 255 255 255 255 266 266 257 257 147 147 244 155 155 155 155 155 155 164 179 164 164 13 13 142 13 13 122 89 89 13 13 79 79 11 11 11 11 11 11 11 
963 963 963 963 982 963 963 949 949 885 930 930 885 885 885 885 784 784 784 784 851 851 851 851 819 819 819 819 819 749 749 749 749 749 749 765 765 700 700 728 728 728 728 709 709 514 514 514 514 641 641 659 514 514 514 629 552 552 552 552 567 567 443 443 443 443 443 443 443 443 500 500 500 501 451 451 457 457 457 390 390 427 427 389 389 389 389 389 332 332 332 360 360 255 255 255 255 255 255 296 296 296 267 267 266 266 257 257 147 147 244 226 226 149 149 190 190 164 164 164 165 13 13 123 123 13 13 89 89 13 13 13 80 11 12 12 12 12 12 12 
963 963 963 963 963 963 949 949 949 885 885 885 913 885 885 885 885 885 876 876 851 851 851 852 819 836 815 815 820 801 801 749 749 709 709 709 709 709 709 709 709 709 709 709 709 709 514 514 514 641 641 641 641 641 514 514 552 514 514 514 514 567 443 443 443 443 465 465 465 465 465 465 485 485 489 485 434 434 434 434 390 427 420 420 332 332 332 332 332 332 332 360 360 255 255 255 296 296 316 296 296 267 267 257 257 257 257 257 147 150 150 226 226 149 149 149 190 190 149 149 149 149 149 123 123 123 13 110 89 89 89 13 11 11 12 12 13 13 13 13 
963 963 964 964 964 964 949 931 931 931 931 885 913 885 885 886 886 886 876 876 851 851 851 852 819 836 815 815 820 801 801 749 749 709 766 709 709 709 709 709 734 734 641 641 641 641 641 641 685 641 641 641 651 514 514 514 552 514 599 599 514 514 514 514 443 443 465 465 523 523 514 465 485 485 485 485 434 434 434 434 390 390 420 420 390 390 390 390 374 374 374 296 296 344 344 296 296 296 296 296 296 267 267 257 257 257 257 147 147 150 150 218 218 149 149 149 190 190 149 156 156 111 111 123 123 123 13 13 13 99 90 13 58 58 58 13 13 13 13 14 
963 996 964 964 964 964 964 931 938 938 938 885 913 913 885 885 886 886 869 869 869 852 852 852 819 815 815 815 814 814 801 801 709 709 766 766 766 709 709 709 734 734 641 641 641 641 701 641 641 641 660 660 651 514 514 514 514 514 561 561 593 576 576 514 560 465 465 465 514 514 514 465 485 485 485 485 434 434 434 434 434 390 390 390 390 386 386 386 374 374 374 296 296 296 296 296 285 285 285 285 285 285 267 267 257 257 257 147 250 150 218 218 218 218 149 149 149 149 149 156 156 156 111 111 123 123 123 111 13 90 90 13 13 13 13 13 14 14 14 14 
963 963 963 963 964 964 964 931 931 938 938 885 914 914 885 885 895 869 869 869 869 852 852 852 819 815 815 815 814 709 709 709 709 709 767 766 766 709 709 641 641 641 641 641 716 641 701 641 641 610 610 610 610 630 630 630 514 514 561 561 576 576 514 514 560 465 465 465 514 465 465 465 507 485 485 471 471 453 453 453 434 434 411 411 411 386 386 386 386 374 374 296 296 296 296 296 285 285 285 285 285 267 267 267 267 267 267 147 250 150 218 218 218 218 149 149 149 191 150 150 150 150 150 111 123 111 111 111 13 90 91 59 59 67 13 13 14 14 15 15 
932 932 932 963 963 931 931 931 931 939 939 885 914 885 885 895 895 869 869 869 852 852 852 852 819 819 815 814 814 709 709 709 709 709 767 767 767 709 709 641 641 641 641 641 716 641 641 641 641 610 642 642 610 610 610 610 610 610 561 600 576 576 514 514 514 554 539 539 514 465 515 471 471 471 471 471 472 453 453 453 435 435 411 421 337 337 386 355 355 355 375 296 296 296 345 285 285 285 285 285 285 267 267 267 267 267 268 147 250 150 150 150 150 150 150 150 150 150 150 150 150 150 150 111 111 111 124 13 13 90 59 59 59 59 59 14 14 14 14 14 
932 932 932 963 963 931 931 931 950 939 885 885 885 885 887 887 896 869 869 869 852 863 844 844 844 819 815 814 814 814 709 785 785 785 767 767 761 761 729 729 729 729 716 716 716 702 702 641 641 610 642 642 642 642 610 610 624 610 561 561 561 561 561 568 514 554 539 539 514 465 515 471 471 465 465 465 465 465 411 411 435 411 411 421 337 337 386 355 355 355 355 355 355 296 296 285 285 285 317 285 285 267 267 267 267 267 268 147 147 147 214 214 150 150 150 150 192 192 133 133 133 133 151 133 133 13 13 13 13 13 59 59 81 46 46 14 14 14 14 14 
932 932 932 963 963 931 931 944 944 944 885 885 885 887 887 887 887 869 869 869 852 852 860 853 819 819 815 815 815 815 709 785 785 786 709 709 761 761 729 729 729 729 716 716 716 702 702 641 641 610 668 642 642 643 617 617 617 610 610 577 577 588 561 561 514 514 514 514 514 465 465 465 465 465 466 466 465 465 411 411 411 411 337 337 337 337 337 337 355 355 355 366 355 355 296 296 296 285 285 285 285 285 285 285 267 267 268 147 147 147 214 214 214 214 214 206 180 180 133 133 133 133 133 133 134 13 13 13 13 13 13 59 81 46 46 14 14 14 14 14 
932 932 932 963 963 973 931 944 944 944 885 885 924 887 887 903 887 887 852 852 852 852 860 853 819 819 815 815 815 815 709 709 709 709 709 709 703 703 729 729 729 729 729 641 641 641 641 641 641 610 610 618 618 618 617 617 617 610 610 577 577 577 577 561 561 530 530 530 530 465 465 466 466 466 466 466 466 466 411 436 436 436 337 398 398 398 398 337 337 337 337 337 355 355 296 296 296 285 285 235 235 285 285 286 147 147 268 258 147 147 214 214 214 214 214 206 180 180 133 133 133 133 133 133 13 13 13 13 13 13 13 59 46 46 46 14 14 32 14 14 
932 932 965 963 963 931 931 956 951 915 915 915 915 915 887 887 888 888 852 852 852 853 853 853 819 819 815 815 815 815 755 755 755 709 709 709 703 703 754 703 703 735 641 641 641 641 641 641 641 676 610 618 618 618 618 617 617 577 577 577 577 577 578 531 531 530 530 530 530 465 465 465 502 502 467 467 467 467 411 411 437 437 337 398 337 337 337 337 337 337 337 337 356 356 337 337 296 318 235 235 235 235 235 147 147 147 147 258 147 147 214 233 214 206 206 206 180 180 180 133 133 133 133 133 13 13 13 13 13 13 59 59 46 46 46 46 40 16 16 16 
993 932 965 965 963 931 931 951 951 915 915 915 915 852 852 887 852 852 852 852 852 853 854 854 815 815 815 815 815 815 755 755 755 787 773 773 703 703 703 703 703 735 641 641 641 710 641 669 669 669 669 618 618 644 618 617 617 577 577 601 578 578 578 531 531 531 531 531 531 465 465 465 502 467 467 467 411 411 411 411 437 437 337 337 337 337 337 337 337 337 356 356 356 337 337 338 296 318 235 235 235 235 235 147 147 147 147 147 147 147 214 214 214 206 206 206 201 166 166 166 166 92 92 92 135 59 13 13 13 13 59 83 46 46 47 47 40 16 17 17 
993 932 932 965 963 963 931 951 931 931 931 931 852 852 852 887 852 852 853 853 853 853 854 815 815 815 815 815 816 755 755 787 787 787 773 773 703 703 703 703 703 703 641 641 641 641 641 669 669 669 618 618 652 644 618 631 617 617 577 578 578 579 579 531 531 531 531 540 404 404 404 404 467 467 490 467 411 468 411 411 411 411 337 337 337 337 399 337 337 337 337 337 337 337 346 296 296 318 235 235 293 293 235 235 235 147 147 147 147 147 147 234 92 92 201 201 201 166 166 167 167 92 92 92 135 59 59 59 59 59 59 48 48 47 47 40 40 16 17 18 
993 932 932 965 963 963 931 931 931 945 852 852 852 852 852 887 887 852 852 853 853 815 815 815 815 815 816 816 816 755 787 787 755 755 755 755 755 755 755 703 703 703 722 722 703 703 703 669 669 669 618 618 618 644 618 618 618 618 577 578 578 578 580 531 531 540 540 540 404 404 404 404 467 467 467 467 411 411 411 411 411 411 337 337 337 337 337 337 337 337 337 296 296 296 346 296 319 318 318 293 293 293 293 235 235 274 147 147 147 147 245 92 92 92 201 92 92 193 166 167 167 92 92 92 92 92 59 59 100 100 92 48 48 47 47 40 41 16 17 17 
993 932 932 965 965 965 965 957 852 852 852 852 852 852 852 904 852 852 852 870 870 815 815 815 815 837 816 816 816 755 787 787 755 755 755 645 645 703 703 703 703 703 703 703 703 645 645 645 669 669 618 618 618 577 577 577 577 577 577 578 578 578 562 562 562 404 404 404 404 404 404 404 404 404 486 486 404 404 404 404 411 411 337 337 296 296 296 391 337 337 337 296 296 296 296 296 319 319 319 293 235 235 235 235 235 235 147 147 147 147 245 92 92 92 92 92 92 193 166 166 166 92 92 92 92 92 92 92 100 92 92 48 48 48 40 40 27 27 17 17 
993 993 932 932 957 957 957 957 852 852 852 852 925 852 852 904 852 852 852 774 774 815 815 837 837 837 816 816 816 755 755 755 755 755 755 645 645 703 645 645 645 703 703 717 717 645 686 645 645 645 653 653 653 577 577 577 602 602 602 602 594 562 562 562 562 404 404 404 524 524 516 404 404 404 404 404 404 458 458 404 404 404 337 337 296 296 296 296 337 337 337 296 296 357 296 296 319 319 293 293 235 235 235 235 235 235 235 235 235 245 245 92 92 92 215 92 92 193 166 166 166 92 92 143 92 92 92 92 92 92 93 60 60 48 48 48 27 27 17 17 
993 993 993 932 957 957 932 932 925 925 925 925 925 852 852 852 852 881 881 774 774 864 774 774 774 774 774 825 816 755 755 802 774 774 645 645 645 645 645 645 645 717 717 717 645 645 686 686 686 645 645 645 645 577 577 577 562 562 562 594 594 562 562 546 546 546 546 404 404 404 516 404 404 491 491 412 412 444 444 444 444 404 404 404 404 404 296 296 337 337 376 296 347 347 347 293 293 293 293 293 306 275 275 275 275 275 235 235 235 245 245 92 92 92 215 92 92 92 166 166 166 92 92 92 92 92 92 92 92 101 60 60 60 60 60 27 27 27 27 17 
993 997 993 932 932 932 932 932 925 925 925 925 897 897 897 897 897 774 774 774 774 774 774 774 774 774 774 825 816 816 774 774 774 774 645 645 645 645 645 645 645 645 645 645 645 704 704 562 562 677 562 562 645 645 562 562 562 562 562 594 562 562 562 546 546 546 404 404 404 404 404 404 404 404 404 412 412 444 444 444 412 412 428 412 412 296 296 296 296 376 376 296 347 347 347 293 293 293 320 293 275 275 275 275 275 275 235 235 235 245 245 235 92 92 92 181 181 92 92 92 168 92 92 92 92 92 92 92 103 60 60 27 27 27 27 27 27 27 17 17 
993 993 993 932 932 966 966 932 932 932 932 932 897 897 897 897 897 774 774 774 774 774 774 774 774 774 774 774 774 774 774 798 798 774 774 774 645 645 645 645 645 645 645 645 645 704 562 562 562 562 562 562 562 562 562 562 562 562 562 562 562 581 581 546 546 546 404 404 404 404 404 404 404 404 404 412 412 412 412 412 412 412 412 412 413 296 296 296 296 296 296 296 347 347 347 293 293 293 293 293 275 275 275 275 275 275 235 235 235 235 235 235 92 92 92 181 181 181 181 92 92 92 92 92 92 92 92 92 103 60 60 27 27 68 27 27 27 27 17 17 
