973 973 968 938 938 938 938 938 898 898 898 898 898 898 871 871 871 871 862 792 792 817 817 817 817 817 761 761 761 761 761 761 761 737 737 654 654 654 684 684 684 684 684 671 671 662 523 523 523 619 619 523 523 523 523 523 523 523 523 523 523 523 523 523 523 523 475 475 475 475 475 475 475 407 407 407 407 407 407 407 407 407 407 407 348 348 348 348 332 332 332 332 332 332 310 310 310 300 233 233 233 258 258 258 258 248 181 181 181 195 195 195 195 175 175 175 159 159 159 120 120 120 120 120 120 113 63 63 63 63 63 63 17 17 17 17 17 17 17 1 
973 973 968 938 949 949 898 898 898 871 871 871 871 899 871 871 871 871 862 792 792 792 817 817 792 792 761 802 761 761 761 761 762 737 737 654 654 654 684 684 684 689 671 671 672 662 523 523 523 523 523 523 523 523 592 523 523 566 566 475 475 475 475 475 475 475 475 475 475 497 458 458 458 407 407 407 407 407 407 407 407 408 408 408 348 348 382 348 332 332 332 300 300 300 310 310 300 300 233 233 233 233 233 233 233 248 181 181 181 195 195 181 181 175 175 175 159 159 159 120 120 120 127 127 113 113 63 64 63 63 63 63 17 17 17 32 17 17 1 1 
973 973 968 938 949 949 898 898 898 871 904 904 871 871 871 871 862 862 862 792 792 792 817 817 792 792 761 802 761 761 761 761 762 753 737 737 654 654 654 654 689 689 671 672 672 662 654 523 628 628 597 597 597 597 524 524 566 566 567 475 475 475 475 475 475 475 475 475 475 497 458 458 458 458 458 458 441 441 370 370 370 408 409 409 369 369 369 348 348 355 311 311 311 300 300 300 300 233 233 233 233 233 233 233 233 248 181 181 181 215 181 181 181 175 175 175 159 159 159 120 143 113 113 113 113 63 63 64 80 80 63 63 17 17 17 32 32 1 1 1 
968 968 968 938 938 938 938 938 898 871 904 904 904 792 862 862 862 792 792 792 792 792 792 792 792 792 761 761 761 761 761 772 753 753 654 654 654 654 654 654 654 654 654 654 654 662 654 523 628 524 524 606 606 524 524 524 524 524 524 524 555 555 475 475 475 485 485 505 505 485 485 458 458 441 441 441 441 442 370 370 370 408 370 370 389 389 369 369 348 348 311 311 311 333 233 233 233 233 281 233 233 265 265 265 233 233 233 233 181 181 181 203 181 181 181 120 120 159 159 120 143 113 113 65 65 65 65 64 64 64 51 51 51 51 17 17 17 1 1 1 
968 968 969 950 950 938 938 938 898 871 871 905 905 792 862 792 792 792 854 854 804 804 804 804 804 792 792 803 792 753 753 753 753 754 654 654 654 654 654 654 654 654 654 654 654 662 654 523 524 524 524 524 524 524 525 525 525 525 568 524 524 524 475 475 534 485 485 485 485 485 486 458 458 441 442 442 442 442 370 370 370 370 370 370 370 370 370 369 369 348 348 311 311 333 233 233 233 301 281 281 281 239 239 239 239 239 239 203 203 203 203 203 181 181 120 120 120 159 159 120 120 65 65 65 121 65 65 65 91 64 51 51 51 51 36 36 17 17 1 1 
968 968 950 950 950 950 898 898 898 925 871 871 792 792 792 792 804 804 804 804 804 825 825 825 804 804 792 803 792 753 778 690 690 690 690 690 732 690 690 690 690 654 654 677 654 654 654 523 524 524 524 524 524 524 525 525 525 525 525 524 524 524 524 485 485 485 486 486 486 486 486 458 458 441 442 442 442 442 370 431 390 390 390 390 370 370 370 370 370 311 311 311 338 333 233 233 233 301 239 239 239 239 239 204 204 204 204 203 203 203 204 204 181 181 120 120 120 120 120 120 120 65 65 65 121 65 109 65 91 64 64 64 52 52 36 17 17 17 1 1 
950 950 950 950 950 950 898 871 871 871 871 871 792 792 792 885 804 839 839 804 804 804 804 804 804 804 792 792 792 753 778 690 738 738 738 690 690 690 690 690 690 690 654 654 654 654 654 523 524 524 524 524 524 524 525 525 525 573 525 525 525 525 524 485 485 485 486 506 506 441 441 458 458 441 441 442 442 442 370 370 390 413 413 390 390 390 370 370 371 311 333 333 338 333 233 233 301 301 239 239 239 275 239 204 204 204 204 204 204 204 204 205 181 181 120 120 160 160 160 120 120 65 121 121 121 65 65 65 65 65 64 64 52 53 36 17 17 17 18 2 
950 974 950 950 898 898 898 871 918 871 871 792 792 792 792 792 804 839 839 839 804 804 838 804 804 804 804 804 753 753 690 690 738 738 738 738 710 724 690 690 678 678 654 654 654 645 645 523 523 629 613 613 579 579 525 525 579 523 523 523 525 525 524 524 524 524 486 486 441 441 441 441 441 441 441 442 442 442 370 370 390 390 390 390 391 391 371 371 371 311 311 333 333 333 233 233 301 301 276 276 239 239 239 204 204 204 204 204 205 205 205 205 161 161 161 161 160 160 160 120 120 65 65 65 65 65 65 65 65 65 65 65 52 36 36 17 17 17 2 2 
950 950 950 963 898 898 942 871 918 918 918 792 792 792 792 792 804 804 804 839 804 804 804 804 753 753 753 753 753 785 690 690 738 738 738 738 710 710 690 690 678 678 654 654 654 645 645 645 523 523 613 613 579 579 579 579 579 523 523 523 525 525 525 539 516 516 516 486 441 441 441 441 441 470 441 441 441 442 370 356 356 356 356 356 356 356 371 371 371 311 311 311 311 334 311 311 311 276 276 276 282 276 234 234 240 240 240 166 205 205 205 161 161 161 161 161 160 160 136 136 136 136 65 65 75 75 65 65 19 19 19 19 52 36 36 36 19 19 2 2 
950 950 951 951 956 898 871 871 871 871 871 913 792 792 792 792 804 804 804 839 839 839 839 753 753 785 785 753 753 785 690 690 738 738 738 710 710 710 715 710 678 678 654 654 654 645 645 645 600 523 523 523 523 523 523 523 523 523 526 526 526 526 525 525 525 525 517 486 486 441 441 441 441 470 441 441 441 442 370 356 356 356 356 356 401 356 383 356 356 311 311 311 311 311 311 311 311 276 276 276 276 276 234 234 234 234 234 166 166 205 205 161 161 161 161 161 161 136 136 75 75 75 75 75 75 75 102 102 19 81 19 19 19 19 19 19 19 19 19 2 
950 950 951 951 956 898 871 871 871 919 871 871 792 792 891 792 804 804 804 773 773 839 839 753 753 785 785 785 785 785 690 690 690 690 690 710 710 725 710 710 678 678 678 678 654 654 600 600 600 598 598 523 523 598 526 526 523 523 526 526 526 526 526 526 526 526 517 486 486 441 470 470 470 470 441 441 441 442 370 432 356 356 356 356 356 356 356 356 356 356 302 302 302 312 312 312 312 276 276 290 276 276 234 234 234 234 234 234 166 205 205 188 188 188 176 176 161 136 136 75 75 75 75 75 75 75 102 19 19 19 19 19 19 33 19 19 25 20 20 2 
950 950 951 951 951 898 898 898 932 919 919 871 906 792 891 792 875 804 804 773 773 773 773 826 753 753 805 805 773 773 773 773 690 690 690 690 710 710 710 711 698 654 654 654 654 654 600 639 639 598 598 598 598 598 526 526 523 523 526 526 526 540 540 540 517 517 517 486 486 441 441 441 441 441 441 449 449 370 370 432 356 356 356 356 356 392 356 356 356 356 302 302 302 312 312 312 302 302 294 266 266 266 234 234 234 234 234 234 166 166 166 188 188 188 176 176 161 136 136 75 75 137 75 75 75 75 19 19 92 19 19 19 57 33 33 33 25 20 20 2 
950 950 951 951 951 898 898 898 932 871 871 871 792 792 891 792 773 773 863 773 849 773 773 818 818 818 805 805 773 786 779 755 755 755 690 690 733 690 690 698 698 654 679 679 600 600 600 607 607 607 598 598 598 599 526 526 523 523 526 548 548 540 540 540 517 517 517 480 480 441 441 441 441 464 464 449 449 370 417 417 417 417 356 356 356 356 356 356 356 356 302 302 302 318 318 318 302 294 294 266 266 266 234 234 234 234 234 208 208 208 166 166 166 166 166 166 161 161 161 75 144 75 75 75 75 75 19 82 82 82 70 42 42 42 42 33 25 2 2 2 
950 950 951 951 951 951 898 898 871 871 871 871 792 792 792 792 773 773 773 773 849 773 818 818 818 818 805 805 773 773 779 755 755 690 690 726 690 690 690 698 699 654 679 679 600 600 655 607 607 607 598 598 598 599 526 526 526 526 526 548 548 540 540 507 507 507 507 480 480 441 441 471 471 464 464 370 370 370 410 410 417 417 356 356 356 356 356 356 372 357 302 302 302 302 302 302 302 294 294 266 266 266 234 234 234 234 234 208 221 208 208 166 166 177 177 166 166 166 162 75 75 75 75 75 114 114 19 19 19 19 70 42 42 42 42 33 25 2 2 2 
964 964 872 872 872 872 898 898 871 871 871 871 871 792 792 792 773 773 773 849 849 773 773 773 806 806 809 806 773 773 774 748 755 690 747 726 726 726 690 698 698 654 654 654 654 600 600 607 607 607 607 607 607 526 526 526 526 526 526 548 548 488 488 507 527 527 507 480 480 480 464 471 471 471 464 370 443 443 410 410 410 410 410 410 357 357 372 372 372 357 314 314 314 302 302 302 302 303 283 283 283 266 266 266 234 234 162 162 162 162 162 166 166 177 177 177 162 162 162 75 75 75 75 122 114 114 110 71 71 19 19 42 42 42 42 33 25 2 2 2 
964 964 872 872 872 872 898 898 933 871 871 871 871 792 892 792 792 864 864 773 773 773 773 773 806 806 806 806 773 773 774 748 690 690 690 690 690 690 690 698 698 654 654 654 654 663 600 600 600 600 600 600 608 526 593 526 526 526 526 548 548 488 488 507 507 507 507 507 507 480 464 471 471 464 464 370 370 370 410 410 410 410 357 357 357 357 372 372 357 357 314 162 162 162 162 162 303 303 283 162 162 162 162 162 249 249 162 162 162 162 162 162 162 162 162 162 162 154 154 75 75 75 75 122 122 110 110 71 71 83 19 42 42 42 43 33 25 25 2 2 
964 964 872 872 872 872 872 872 872 872 872 872 872 792 792 792 792 864 864 773 773 773 773 773 806 819 806 806 773 773 774 748 690 690 690 716 716 690 690 691 691 691 646 646 673 630 630 630 630 630 600 600 608 526 526 526 526 526 526 548 548 556 488 488 488 507 480 480 480 480 464 464 464 464 465 357 357 370 370 410 410 410 357 402 402 357 357 357 357 314 314 162 162 162 326 162 162 162 283 162 162 162 241 162 249 249 162 162 162 162 162 162 182 182 182 154 154 154 154 154 75 75 132 110 110 110 71 71 71 71 19 19 43 43 43 33 33 2 2 3 
964 964 872 957 957 872 943 926 926 914 914 872 872 872 872 872 872 872 840 840 840 840 840 773 806 773 773 773 773 773 774 748 748 748 748 716 716 716 716 691 691 646 646 646 646 630 630 630 630 630 600 600 600 600 585 585 526 526 526 526 548 556 548 488 488 507 480 480 480 480 487 450 450 465 465 357 357 357 370 410 410 357 357 402 358 358 358 358 358 314 162 162 162 162 313 313 313 162 162 162 244 244 241 162 162 162 162 162 162 182 182 182 182 183 183 154 154 154 154 154 75 75 110 110 110 110 71 71 71 71 71 19 43 43 19 19 19 2 2 3 
964 964 872 957 957 872 943 926 926 914 914 872 872 872 872 872 876 873 840 840 840 841 841 773 806 773 810 773 773 773 774 774 748 748 717 717 717 717 717 691 691 646 680 680 646 646 646 646 574 574 620 600 600 585 585 528 528 526 526 526 548 548 548 488 507 507 518 480 480 487 487 450 450 450 450 450 450 357 370 410 410 357 357 402 358 393 342 378 358 314 162 162 162 327 313 313 313 162 162 244 244 244 241 241 241 241 241 222 222 182 163 163 163 163 163 163 163 163 163 75 75 138 110 110 71 71 71 71 71 72 72 19 19 19 19 19 19 19 2 2 
964 964 872 872 872 872 926 926 926 926 914 914 907 855 855 873 873 873 840 840 840 841 841 773 773 773 810 773 773 739 739 739 763 739 739 739 717 717 691 691 646 646 647 647 647 647 647 574 574 574 620 600 600 585 594 528 528 488 488 488 548 548 548 488 507 518 518 511 480 487 487 450 450 450 450 450 357 357 370 410 410 418 357 358 358 393 342 378 358 314 349 162 162 327 327 244 244 244 244 244 244 244 267 267 241 241 242 182 182 182 163 163 163 163 163 163 163 163 75 75 103 103 103 103 71 71 71 71 72 72 72 19 19 19 19 19 19 19 2 2 
964 964 964 964 926 926 926 926 926 927 914 914 907 855 855 855 855 855 855 855 840 841 841 822 822 793 793 793 793 739 780 739 739 739 749 734 734 691 691 712 646 692 647 647 664 664 647 574 574 620 620 585 585 585 586 586 528 488 569 488 548 548 548 488 507 488 488 511 480 480 487 480 380 380 380 450 357 370 370 423 423 357 357 358 358 358 342 342 358 314 314 314 314 314 314 244 244 244 244 244 244 277 189 189 242 242 242 182 182 182 163 163 163 163 163 163 163 163 75 145 103 103 103 103 103 71 71 71 72 72 72 19 19 19 19 19 19 26 2 2 
964 964 964 964 926 926 926 926 926 927 877 877 907 855 893 828 828 828 840 840 840 822 822 822 822 793 793 793 793 739 648 648 648 749 749 734 734 691 691 646 646 692 647 647 664 664 647 647 574 620 601 601 585 585 586 528 528 488 569 488 488 488 488 488 488 488 488 511 480 480 480 480 380 380 380 380 357 357 357 357 357 357 358 358 358 358 384 342 358 358 314 314 314 314 314 319 314 244 244 244 244 244 189 189 189 242 242 163 163 163 163 163 163 163 163 163 163 75 75 145 145 75 75 75 103 103 103 73 73 72 72 19 19 19 19 19 19 26 21 2 
964 964 964 964 926 926 926 926 926 877 877 877 907 855 855 828 828 828 840 840 844 822 822 822 822 794 794 794 794 739 648 775 648 749 749 648 648 648 648 692 692 692 647 664 664 664 647 647 574 574 601 601 585 585 528 528 580 488 569 488 488 488 488 541 488 488 488 511 480 480 480 380 380 380 380 380 357 357 357 357 358 358 358 358 358 394 342 342 350 350 314 314 335 335 314 314 314 244 244 244 244 244 189 189 189 189 243 163 223 163 163 163 196 163 163 163 163 75 75 75 75 75 75 75 75 103 103 73 73 73 73 2 2 54 2 2 21 21 21 2 
926 926 926 965 926 877 877 877 877 877 877 877 907 855 855 855 828 828 840 840 844 844 794 794 794 794 795 739 739 739 648 775 648 648 648 648 648 648 648 648 648 648 648 648 648 648 648 648 574 574 601 601 601 601 528 528 528 488 569 488 488 488 488 488 488 488 488 488 488 498 488 380 380 380 380 380 424 424 357 357 358 358 395 358 358 358 342 342 350 350 350 328 328 328 328 244 244 244 278 278 244 244 269 189 189 189 163 163 223 163 163 163 196 163 163 163 163 75 75 146 75 75 75 75 75 103 103 103 2 2 74 2 2 54 2 2 2 21 21 2 
926 926 926 965 926 877 944 877 877 877 877 877 877 855 855 855 828 828 828 828 850 794 794 827 820 820 795 739 739 739 648 756 756 756 718 718 718 718 718 648 648 693 648 648 665 631 648 648 574 574 574 609 609 587 587 587 528 488 569 488 488 488 488 488 488 488 508 508 488 488 488 380 380 380 380 380 424 424 424 414 414 414 395 358 358 358 342 342 350 350 350 328 328 328 328 244 244 244 278 278 278 189 189 189 189 189 163 163 163 163 115 115 115 115 133 133 133 133 133 146 146 133 133 75 104 104 103 103 2 2 2 2 2 2 2 6 2 2 2 2 
926 926 926 965 926 877 877 877 877 877 877 877 877 877 877 877 865 865 865 828 828 794 794 794 820 820 795 739 739 739 648 756 756 756 718 718 718 718 681 681 681 681 648 648 665 631 631 631 631 631 574 609 587 587 587 587 528 488 488 488 549 549 549 542 488 488 508 508 508 489 489 380 380 380 380 380 380 380 424 414 414 414 395 395 358 358 342 342 351 351 351 328 328 284 284 244 244 244 244 244 278 189 189 189 189 189 189 163 163 163 115 115 197 115 133 133 133 133 133 133 133 133 75 75 104 104 104 104 2 84 2 2 2 2 44 6 2 2 4 4 
926 926 926 926 926 945 877 877 877 877 877 877 878 877 877 877 865 865 865 828 828 842 842 794 795 795 795 795 795 648 648 776 764 681 681 681 719 719 681 681 681 681 648 648 665 649 649 649 632 632 574 609 587 587 587 587 528 528 528 528 528 528 528 542 528 528 508 508 508 489 476 476 380 380 380 451 451 380 424 424 424 414 414 395 395 395 342 342 351 351 342 342 339 284 284 284 284 304 244 244 278 278 189 189 189 189 189 163 163 163 115 115 197 115 115 115 115 115 155 155 133 133 75 75 75 75 75 75 2 6 6 66 6 6 6 6 2 2 4 4 
958 958 958 958 958 945 945 874 874 874 874 878 878 877 877 877 877 866 866 828 851 842 842 794 795 795 795 795 795 681 681 681 764 681 681 681 719 719 719 681 681 681 665 665 665 649 649 649 632 632 574 574 574 574 543 543 543 543 543 543 543 543 528 542 528 512 512 489 489 489 476 476 380 380 380 451 380 380 425 425 411 411 411 411 380 380 342 342 342 342 342 339 339 284 320 320 284 304 244 244 244 279 189 189 189 250 216 216 163 163 189 189 189 189 115 115 172 115 155 155 133 133 134 115 115 115 75 75 2 6 6 6 6 55 6 6 2 2 4 4 
958 958 958 939 939 939 939 874 874 874 874 878 878 878 878 878 878 866 866 828 842 842 842 828 681 681 795 795 795 681 681 681 681 681 681 681 681 681 720 681 681 681 665 665 665 649 649 621 621 632 621 574 574 574 543 543 543 543 543 543 543 543 528 528 528 512 512 489 489 499 476 476 476 380 380 451 380 380 380 425 411 411 380 380 380 380 379 379 284 284 284 343 284 284 320 320 284 304 244 244 244 244 244 244 189 250 216 216 216 216 189 189 189 190 172 172 172 115 115 115 115 115 115 115 115 115 75 2 2 6 6 6 6 55 4 4 4 4 4 5 
958 958 958 939 939 939 939 874 874 874 874 874 874 874 874 874 856 856 828 828 842 828 828 828 681 796 796 796 796 681 681 681 681 681 681 681 727 681 681 681 681 694 681 681 665 665 621 621 621 621 621 574 610 574 574 574 574 574 543 543 543 543 528 528 535 512 512 512 489 499 476 476 477 444 444 451 444 444 380 425 425 380 380 380 380 380 379 379 284 359 284 284 284 329 329 320 284 284 244 244 270 270 270 244 189 189 189 224 224 189 189 190 190 190 172 172 115 115 115 115 115 115 115 115 75 75 75 2 2 2 67 67 6 55 4 4 4 5 5 5 
979 959 959 959 959 939 939 908 908 928 920 874 874 894 894 874 856 856 828 828 828 828 828 828 681 681 681 681 681 681 681 681 765 681 681 681 727 727 681 681 681 681 681 656 656 666 621 650 621 621 622 574 574 574 588 588 557 557 543 543 543 543 543 543 489 489 489 489 489 499 476 476 444 444 444 444 444 445 380 426 426 380 415 380 403 373 373 379 284 284 320 284 284 329 329 320 315 284 270 270 270 270 270 244 251 251 189 189 225 189 189 190 172 172 172 172 115 115 115 115 115 115 75 75 75 85 85 85 85 85 67 67 6 22 22 22 5 5 5 6 
959 959 939 939 939 939 939 908 908 908 920 894 894 894 894 874 856 856 867 856 781 781 828 828 781 781 781 781 781 781 765 765 765 681 681 735 735 728 700 700 700 656 656 656 656 666 621 621 621 557 557 611 611 557 557 557 557 557 570 543 543 543 543 543 489 489 489 489 444 444 444 444 444 472 445 445 445 445 380 426 426 380 415 380 380 373 373 373 373 284 320 284 284 320 320 320 315 284 270 270 270 270 270 244 244 244 244 189 225 189 189 172 172 191 129 129 129 129 129 129 115 115 75 75 75 85 85 85 85 85 75 67 6 22 22 22 5 5 5 6 
959 959 939 939 952 952 946 908 908 908 920 894 894 894 894 874 874 856 856 856 781 781 781 781 781 781 781 797 797 781 765 765 728 728 728 728 728 728 700 700 656 656 656 656 656 656 656 621 621 557 557 557 557 557 581 581 581 557 570 543 543 543 550 543 444 444 444 444 444 500 444 444 445 445 445 459 437 437 380 380 380 380 415 380 380 373 373 373 374 284 320 320 320 320 284 284 315 284 291 291 284 270 270 244 244 244 244 189 189 189 209 172 191 191 129 129 129 129 129 129 115 115 75 75 75 75 105 105 85 85 75 67 6 6 6 22 22 22 22 6 
959 959 970 939 952 946 946 908 908 908 908 908 859 859 859 886 874 874 859 857 781 781 781 829 782 782 782 797 797 781 781 728 728 750 750 640 640 640 656 656 656 695 656 656 657 657 657 621 557 557 557 557 581 581 581 581 581 557 570 543 543 543 543 543 444 446 446 446 446 500 481 481 445 445 437 437 437 437 437 427 427 404 404 380 380 380 373 373 284 284 352 320 320 336 284 284 284 284 284 284 284 259 259 226 226 226 226 226 226 172 172 172 191 191 129 129 129 129 129 129 129 129 75 75 116 75 75 75 75 75 75 67 6 6 6 37 6 6 6 6 
939 939 939 939 939 946 946 908 921 921 921 908 859 859 859 859 859 859 859 857 781 845 781 781 781 781 782 782 787 787 782 728 750 750 640 640 729 640 656 656 656 656 656 658 657 657 657 621 557 557 557 557 581 581 581 575 575 557 557 557 557 557 444 444 444 446 446 446 446 500 481 482 473 473 437 437 437 446 427 427 404 404 404 404 404 380 380 380 284 284 284 284 284 284 284 284 284 284 284 285 285 259 259 226 226 226 226 226 226 172 172 172 172 191 129 129 129 129 129 129 129 129 75 75 116 116 106 106 67 67 67 67 6 6 6 6 6 7 7 7 
939 975 939 939 939 946 946 908 908 908 908 908 908 859 859 859 879 858 858 857 781 781 781 781 781 781 811 782 787 782 782 728 728 728 640 729 729 640 640 640 640 658 658 658 667 667 658 621 621 557 557 557 557 557 557 575 575 575 557 557 557 557 544 544 446 446 474 474 474 474 474 474 473 473 437 437 437 446 427 433 404 404 404 404 360 360 360 360 360 360 284 284 340 284 284 259 259 284 284 284 284 259 259 226 226 167 167 235 172 172 172 172 172 191 129 129 129 129 129 86 86 86 128 128 106 106 106 107 67 67 67 67 6 6 23 23 23 7 7 7 
939 868 868 868 960 946 946 908 908 908 908 909 909 859 887 887 879 858 858 858 781 781 781 781 781 811 811 782 782 782 728 728 728 728 640 729 729 729 640 640 640 658 658 658 658 658 658 621 621 633 571 571 571 571 557 557 557 557 557 561 557 557 544 544 446 446 446 446 490 490 490 474 474 446 446 446 446 446 427 427 427 404 404 404 360 360 360 360 360 340 340 340 340 259 259 259 259 284 284 284 284 259 259 226 226 245 167 167 172 172 210 172 191 191 129 129 129 129 164 86 147 86 86 86 106 106 23 23 67 67 67 67 6 6 23 38 23 27 7 7 
939 868 966 868 868 868 868 929 929 908 908 909 909 859 859 859 879 858 858 858 781 781 781 781 781 811 798 798 782 782 728 728 766 640 640 659 659 659 640 640 640 658 658 658 658 658 634 634 634 571 571 602 602 571 557 557 557 557 557 557 557 519 519 519 519 446 446 446 490 490 491 474 474 446 446 446 446 446 385 385 427 404 404 404 360 360 340 340 340 340 340 340 340 259 321 259 259 295 295 259 259 259 259 259 259 245 245 167 227 172 172 172 129 129 129 178 129 129 164 86 86 86 86 86 106 106 23 23 23 23 23 23 58 23 23 38 23 23 7 8 
939 868 966 966 868 868 868 868 929 929 895 895 895 895 895 859 859 859 859 859 781 781 781 781 728 798 798 798 798 728 728 728 766 640 751 659 736 659 640 640 701 658 658 658 658 658 634 634 634 571 571 571 602 571 571 571 571 571 571 557 557 519 551 519 519 446 446 446 509 446 446 474 474 474 446 446 452 446 385 385 385 404 404 404 360 360 340 375 340 340 340 340 340 259 321 259 259 259 259 259 280 280 246 246 246 246 246 167 227 172 172 198 129 129 129 178 129 129 164 86 86 86 86 86 86 86 23 23 23 68 68 23 23 23 45 23 23 23 7 8 
939 868 868 868 868 868 868 868 868 868 895 868 868 868 868 868 868 868 868 860 812 812 812 812 728 798 728 728 728 728 757 757 757 640 751 659 736 659 702 640 640 640 640 640 640 640 634 634 634 634 571 571 602 602 560 560 560 560 478 478 478 519 519 519 519 519 519 446 446 446 446 446 446 446 446 446 446 446 385 434 385 404 340 340 340 340 340 375 375 340 340 340 259 259 321 321 259 259 259 259 280 280 246 246 246 246 167 167 211 211 211 198 198 129 129 129 129 129 164 129 129 139 129 129 86 86 23 23 23 68 68 68 23 23 45 23 23 23 7 7 
939 868 868 953 953 953 868 868 868 868 868 868 896 896 896 868 868 868 868 860 812 812 812 812 728 728 728 757 757 757 757 757 757 640 640 659 659 659 702 702 702 685 685 674 674 640 571 571 571 635 571 614 602 602 560 560 560 560 478 478 478 478 478 478 478 478 478 501 501 501 478 478 478 438 438 438 438 385 385 434 385 404 340 340 340 340 340 340 340 340 340 340 259 337 322 322 259 259 259 259 280 280 246 246 246 246 167 236 211 211 199 199 199 129 129 129 129 129 164 129 129 129 129 86 86 117 23 23 23 68 68 68 23 23 45 23 28 28 23 7 
939 939 939 953 953 953 868 868 868 888 868 868 896 896 896 880 880 868 868 860 812 812 812 812 812 812 812 757 757 757 757 757 757 757 640 659 659 659 659 659 659 659 686 674 640 640 571 571 571 571 571 571 602 602 560 560 560 560 560 478 478 478 529 529 513 513 478 478 478 478 478 478 478 438 438 438 438 385 385 385 385 385 385 385 396 396 340 340 376 361 353 259 259 337 322 322 259 259 259 259 280 280 246 246 246 167 167 199 199 199 199 200 200 129 129 129 129 129 129 129 140 129 129 86 86 86 23 23 23 68 68 68 45 45 45 23 23 23 23 7 
976 976 939 953 953 953 888 888 934 888 888 888 888 888 896 880 880 860 860 860 812 812 830 830 757 757 757 757 757 757 757 757 757 757 640 659 659 510 510 713 659 659 674 674 640 640 571 571 571 571 623 571 602 602 576 576 576 576 560 560 560 529 529 529 513 513 502 502 502 502 447 447 447 447 438 438 438 438 438 385 385 385 385 385 396 396 361 361 361 361 353 259 259 259 259 259 259 305 259 259 286 246 246 167 167 167 167 199 199 212 212 199 199 149 149 149 149 129 129 148 140 140 118 123 123 86 86 86 86 68 68 68 45 45 45 23 23 24 24 7 
976 976 939 939 939 939 888 888 888 888 888 888 888 888 896 860 860 860 861 861 830 830 830 831 757 757 757 757 757 757 757 757 757 757 752 510 510 510 510 510 659 659 674 674 640 640 571 571 571 571 571 571 576 576 576 582 582 558 558 558 558 529 529 536 536 513 513 513 502 502 447 447 447 447 438 438 453 438 438 419 419 419 385 385 385 397 361 361 344 344 354 305 305 305 305 305 305 305 259 259 246 246 271 167 167 167 167 199 199 212 212 199 199 149 149 149 149 149 149 148 148 118 118 24 24 86 86 87 86 86 59 59 59 45 45 24 24 24 24 7 
947 947 947 939 939 939 888 888 888 888 888 888 888 888 896 888 860 860 830 830 830 831 831 831 823 768 768 768 768 783 783 757 757 757 752 714 714 714 721 510 510 659 659 659 640 640 640 571 571 576 576 576 576 576 576 510 510 558 545 545 558 558 529 529 529 529 510 510 510 447 447 447 453 453 438 438 453 420 420 419 419 419 385 398 385 385 385 344 344 344 354 305 305 305 305 305 306 306 259 259 246 246 167 167 260 167 167 199 228 199 199 199 199 149 149 149 149 149 149 156 118 118 24 24 24 24 24 87 87 87 59 60 60 45 45 24 24 24 24 7 
947 947 947 947 939 939 888 888 935 888 888 915 888 888 888 888 830 830 830 831 831 831 768 768 823 768 813 807 768 768 768 757 767 757 752 714 714 714 714 714 510 510 687 659 659 668 640 640 640 510 510 576 576 603 510 510 510 545 545 545 545 545 545 545 529 529 510 510 447 447 492 447 447 453 453 453 453 420 420 420 420 420 385 398 398 398 344 344 344 344 354 305 305 305 305 306 306 207 207 207 246 246 167 237 237 237 237 199 199 199 213 167 167 167 167 167 150 150 149 149 118 118 24 24 24 76 24 24 24 24 59 24 24 24 24 24 34 24 24 7 
947 947 947 947 939 939 939 939 889 889 889 915 888 900 888 830 830 830 830 831 831 831 768 768 768 768 813 807 788 788 768 757 757 757 714 714 714 703 703 703 703 510 659 659 659 668 659 510 510 510 510 510 510 510 510 510 510 545 545 545 545 545 510 510 510 510 510 510 447 447 447 447 447 447 454 454 454 420 420 385 385 385 385 344 344 399 344 344 344 344 344 305 305 305 305 306 207 207 287 287 287 167 167 237 237 237 237 237 217 217 167 167 184 184 184 167 150 150 150 149 149 118 24 24 24 76 93 93 93 24 24 24 39 39 39 39 7 7 7 7 
947 947 947 947 947 947 939 939 889 922 889 915 888 888 888 830 830 830 830 768 768 768 768 832 807 807 807 807 788 788 768 768 768 758 714 714 703 703 722 704 704 510 659 659 659 659 659 510 510 583 583 583 583 510 510 510 510 510 510 510 510 545 510 510 510 520 520 514 447 447 493 447 447 447 454 454 455 447 385 385 416 416 416 344 344 344 344 344 344 344 344 344 297 297 297 207 207 307 287 287 167 167 261 261 261 237 237 218 218 218 167 167 167 167 167 167 150 150 150 150 150 118 24 24 24 76 76 94 94 39 39 39 39 39 40 40 7 7 7 9 
977 977 947 947 948 947 947 922 922 922 889 889 888 888 870 870 830 830 768 768 768 768 832 832 807 807 784 784 784 784 784 768 768 758 714 714 703 722 722 704 705 510 510 510 510 510 510 510 510 583 595 583 583 583 583 510 510 562 562 562 510 510 510 520 520 520 514 514 447 447 447 447 447 447 447 447 447 447 385 385 344 344 344 344 344 344 344 344 344 297 297 297 297 297 297 207 207 207 207 287 167 167 167 167 167 167 167 218 218 218 167 167 167 167 167 179 167 167 141 141 151 118 118 118 118 118 76 76 95 39 39 39 39 39 40 40 7 9 9 9 
977 977 954 954 948 948 948 922 922 922 922 889 901 901 870 870 870 768 768 846 846 846 807 807 807 807 784 784 799 758 758 758 758 758 740 740 722 722 722 704 705 510 510 615 615 583 583 583 583 583 595 583 612 583 583 583 583 552 552 552 552 510 510 520 520 520 514 514 447 447 447 447 447 466 466 344 344 344 344 344 344 421 344 344 344 381 381 381 344 297 297 297 297 297 297 323 296 296 207 207 167 167 167 167 247 247 167 167 167 167 167 167 167 167 167 167 167 141 141 141 124 124 124 124 124 111 111 76 76 76 76 39 39 39 40 40 7 9 9 9 
954 954 954 954 954 948 948 923 923 923 923 889 889 889 889 889 870 768 869 846 846 807 807 833 784 784 784 784 799 758 758 758 758 740 740 741 722 722 722 704 615 615 615 615 615 615 583 583 624 624 595 583 583 583 589 589 584 552 552 552 552 552 552 520 520 520 514 514 456 456 460 460 460 466 466 344 344 421 421 421 421 421 344 344 344 381 344 344 344 297 297 345 297 330 330 323 296 296 296 207 167 167 167 247 247 247 247 167 167 167 167 167 201 167 185 167 167 141 141 141 124 124 124 124 124 111 111 96 96 76 76 39 39 39 40 40 7 10 10 10 
954 954 954 954 954 954 923 923 936 923 923 889 889 902 870 870 870 768 768 768 807 807 833 833 784 821 784 784 740 740 740 740 740 740 697 697 704 704 704 704 615 615 615 675 615 615 624 624 624 624 595 595 583 583 559 559 584 552 552 530 530 552 552 520 520 520 514 514 456 456 460 460 460 460 460 460 421 421 344 344 344 344 344 344 344 344 344 297 297 297 297 297 297 323 323 323 296 296 296 207 167 167 167 247 252 252 229 229 229 167 167 167 167 167 173 173 173 168 141 141 141 141 96 96 96 96 96 96 97 61 61 61 61 13 13 13 7 10 10 10 
961 955 955 955 955 955 923 923 923 923 923 902 902 902 870 881 881 768 768 768 807 833 833 784 784 740 740 740 740 740 740 777 740 740 697 697 704 704 704 704 615 615 675 675 615 615 624 624 624 624 624 595 595 595 559 559 559 559 559 530 530 530 530 546 520 520 456 456 456 456 456 456 460 460 461 461 421 421 344 428 428 344 344 344 400 297 297 297 362 362 297 297 297 297 297 297 297 296 296 207 247 247 247 247 252 253 229 229 229 167 167 206 167 173 173 168 168 168 141 141 141 141 96 96 96 69 69 97 97 61 61 61 61 13 13 13 7 7 7 7 
961 955 955 955 940 940 940 940 883 883 883 902 902 902 870 870 882 768 768 768 807 784 784 784 784 740 814 740 740 740 740 769 769 697 697 697 704 704 704 704 706 675 675 682 675 615 615 615 641 624 624 615 595 595 559 559 559 577 559 530 530 530 530 530 530 530 456 456 456 483 483 456 456 456 461 461 421 421 344 428 428 344 344 344 400 297 297 297 297 363 297 297 297 297 297 297 297 297 297 207 247 252 252 252 252 253 229 229 229 167 167 206 167 167 167 168 168 169 141 141 141 141 96 96 96 69 69 69 69 88 61 61 61 13 13 11 11 11 11 11 
961 955 955 955 940 940 940 940 883 930 883 883 883 883 870 870 870 870 870 768 768 784 784 784 784 740 740 740 740 740 740 769 697 697 697 697 704 704 704 706 706 675 675 675 675 642 642 615 615 615 615 615 595 595 595 537 537 577 559 563 559 559 553 530 530 530 456 456 456 483 483 483 456 456 461 461 421 421 344 344 344 344 344 344 400 400 364 364 297 297 297 297 297 297 297 297 316 308 207 207 247 247 247 247 253 253 230 230 230 167 167 167 167 192 167 168 168 169 141 141 130 130 130 130 69 69 98 98 69 69 69 29 29 29 13 11 11 11 11 12 
961 978 961 961 940 940 940 940 883 930 910 910 910 883 870 870 870 847 847 847 768 768 768 784 784 740 740 768 768 740 740 769 697 697 697 704 704 704 704 706 696 675 675 675 675 642 642 642 642 616 625 596 596 596 596 537 537 577 559 559 559 553 553 530 530 530 521 467 467 494 494 456 456 456 456 456 421 421 344 344 344 344 364 364 364 364 364 364 377 364 308 308 297 297 316 316 316 308 207 207 230 230 230 247 230 230 230 230 207 207 207 207 167 167 167 168 90 90 130 130 130 130 130 69 69 98 98 98 98 69 69 29 29 13 13 41 11 11 11 11 
961 978 961 961 940 940 940 940 883 930 910 910 910 883 883 870 870 847 847 847 847 847 768 768 740 740 768 768 768 768 769 769 697 697 697 697 704 704 723 706 696 696 642 642 642 642 660 636 636 616 616 596 596 596 537 537 537 537 537 537 537 553 537 537 537 521 521 467 467 467 467 456 456 456 467 456 421 421 344 344 344 344 256 256 256 364 364 364 364 364 308 308 308 308 308 308 308 308 207 207 230 230 230 247 230 230 230 230 207 193 193 186 186 186 186 90 90 90 130 130 130 125 125 69 69 98 98 98 69 69 69 69 29 13 13 13 35 11 11 11 
961 961 961 961 961 940 940 940 883 910 910 897 897 883 883 870 870 834 834 852 852 768 768 768 740 740 740 740 768 768 769 769 697 759 697 697 730 730 723 706 706 642 642 636 636 636 636 636 636 636 616 616 537 537 537 590 564 564 564 537 537 553 537 521 521 521 467 467 467 467 467 467 467 467 467 456 456 421 439 256 256 256 256 412 256 364 364 365 365 365 308 308 308 308 309 309 309 309 207 207 230 230 230 230 230 254 207 207 207 193 193 186 186 186 90 90 174 90 90 130 130 125 125 125 69 69 69 69 69 77 77 29 29 46 46 13 13 13 13 13 
971 971 971 962 962 940 940 940 883 910 897 897 897 883 883 883 883 834 834 834 834 768 768 768 768 768 768 768 768 770 770 760 760 697 697 730 730 723 723 706 706 642 688 636 636 636 636 643 643 537 537 537 537 537 537 590 564 564 564 537 537 537 537 521 531 531 467 467 468 468 468 468 468 468 468 421 421 421 256 256 429 256 256 412 256 386 386 365 365 365 308 308 308 308 309 298 298 298 298 207 230 230 230 262 262 207 207 238 193 193 193 193 193 90 90 90 90 90 90 135 152 125 125 125 125 99 99 99 99 29 29 29 29 29 29 29 29 29 13 13 
962 962 962 962 962 940 940 940 883 883 897 916 897 897 897 834 834 834 834 834 834 742 742 742 742 742 742 742 742 742 770 760 760 697 697 697 697 706 706 706 707 642 676 676 636 636 537 537 537 537 626 537 537 537 537 590 564 564 564 564 521 521 554 521 521 467 467 467 468 468 495 468 468 468 468 421 421 421 421 435 412 412 412 412 256 386 386 308 308 308 308 346 341 309 309 309 309 299 299 207 207 262 262 262 263 207 193 193 193 219 193 193 193 90 187 90 157 157 157 135 135 135 135 14 14 99 14 14 100 29 29 29 29 47 47 30 30 30 13 13 
962 962 962 962 962 940 941 941 883 883 897 897 897 897 897 834 834 834 834 834 834 742 742 742 742 789 789 800 800 742 770 760 760 760 742 742 697 706 706 706 642 642 676 676 676 537 537 637 637 637 537 537 537 537 590 590 564 564 564 564 521 521 521 521 521 467 421 421 421 468 468 468 468 468 468 421 421 421 421 435 412 412 367 367 256 256 387 308 308 308 308 341 341 309 309 309 309 299 272 272 207 207 207 207 207 207 193 193 193 193 193 193 193 90 90 90 90 170 157 157 135 135 135 14 14 14 14 14 14 29 29 29 29 29 48 30 30 30 14 14 
962 962 962 962 962 940 883 883 883 917 897 897 897 897 897 834 834 834 834 834 834 834 834 834 742 789 789 800 742 742 770 770 770 742 742 743 697 697 697 706 642 642 642 642 642 537 537 637 637 637 537 617 537 537 537 564 564 564 564 564 521 521 521 547 532 532 421 421 421 468 468 468 468 421 421 421 448 367 367 367 367 367 367 367 367 256 256 256 308 308 308 341 341 324 324 324 299 299 272 272 288 272 272 207 207 255 193 193 231 202 202 193 193 193 90 158 90 90 90 90 135 135 135 14 14 14 14 62 14 29 29 29 29 29 48 14 14 14 14 15 
962 962 962 912 912 940 883 883 931 917 917 917 884 884 884 890 834 834 835 835 835 835 835 835 742 742 789 800 742 742 742 742 742 742 743 743 697 697 697 697 697 697 642 642 642 642 537 537 537 537 537 537 537 537 537 564 564 564 565 565 521 521 532 532 532 421 421 421 421 421 421 421 479 421 469 462 448 367 367 406 406 406 406 406 367 256 256 256 256 256 256 341 341 324 324 324 299 299 299 272 272 272 273 207 207 255 193 193 231 202 202 202 202 194 90 158 165 165 165 90 153 14 14 14 14 112 112 62 14 78 78 29 29 29 14 14 14 14 15 15 
912 912 912 912 912 883 883 883 931 931 924 884 884 903 884 824 824 824 835 835 835 835 835 746 746 742 789 789 789 789 742 742 771 743 743 744 652 652 642 642 642 642 642 642 642 642 644 644 644 537 627 537 604 578 578 564 564 578 521 521 521 521 532 532 421 421 522 421 421 421 484 421 421 421 421 462 448 448 367 406 430 406 406 406 367 367 367 367 366 366 256 341 341 324 324 256 256 256 299 256 256 256 256 207 207 202 202 202 202 202 214 194 194 194 90 158 165 165 165 90 90 14 14 14 14 112 112 62 14 78 78 29 29 29 14 14 14 14 15 15 
912 912 912 912 912 883 937 937 937 924 924 884 911 884 884 824 824 824 824 824 824 824 824 746 746 742 742 790 790 790 742 742 771 743 743 652 652 652 642 642 642 642 642 642 669 669 644 644 644 537 537 537 604 578 578 578 578 578 521 504 504 504 504 532 421 421 421 421 503 503 484 484 421 421 421 462 367 367 367 406 430 422 405 405 405 368 368 367 366 366 256 256 256 331 331 256 317 256 256 256 256 256 256 256 264 202 202 202 202 202 214 194 194 90 90 158 165 171 165 90 90 131 131 131 119 119 62 62 14 89 79 29 29 49 49 14 14 14 15 15 
912 912 912 912 912 883 937 937 937 924 924 884 911 884 884 824 824 824 824 824 824 848 824 836 746 746 742 742 801 742 742 742 771 652 652 652 652 652 708 708 642 642 683 683 669 669 651 644 644 537 537 618 604 578 578 578 578 521 521 504 504 504 504 504 504 504 504 504 457 457 457 457 457 421 421 462 367 367 367 406 406 422 405 405 405 368 368 367 347 347 347 347 256 331 331 256 289 289 292 292 274 274 274 256 202 202 202 202 202 202 90 90 194 90 90 158 165 165 165 90 90 119 119 119 119 62 62 108 14 14 79 29 29 14 14 14 14 14 15 15 
912 967 967 912 912 883 883 883 883 924 924 884 884 884 884 884 884 853 853 853 853 824 824 836 824 746 815 742 742 742 742 742 771 652 745 745 652 731 708 708 642 642 652 652 670 670 651 651 618 618 618 618 604 591 591 591 521 521 572 504 504 504 533 533 533 504 504 504 457 496 496 457 457 462 462 462 367 367 440 406 406 422 405 405 405 368 368 367 347 347 289 289 256 256 256 256 289 289 292 292 274 274 256 256 202 202 202 202 220 220 90 90 90 90 90 158 158 158 158 158 90 119 119 90 90 62 62 62 62 14 14 56 56 14 14 14 14 31 15 15 
912 967 967 967 912 912 912 883 883 924 924 884 884 884 884 884 853 853 824 824 824 824 843 824 824 746 746 808 742 742 742 742 771 652 745 745 652 652 708 708 708 652 652 652 652 652 661 652 618 618 618 604 604 591 591 591 521 515 515 504 504 504 533 533 533 533 504 504 457 457 457 457 457 457 457 457 457 440 440 406 406 406 406 406 368 368 368 367 347 347 289 289 256 256 325 325 289 289 293 293 289 256 256 256 256 256 202 202 220 220 90 90 90 180 158 158 158 158 90 90 90 142 90 90 90 90 62 62 62 62 14 14 56 56 14 14 14 14 16 16 
912 912 912 912 912 912 912 912 912 924 924 884 884 884 884 884 853 853 824 824 824 824 824 824 816 816 746 746 746 746 746 771 771 652 652 652 652 652 652 652 709 652 652 652 652 652 652 652 638 638 604 604 604 604 521 521 521 515 515 504 504 504 515 515 515 515 504 504 504 504 457 457 457 463 463 463 440 440 436 436 406 406 406 406 368 368 388 367 367 367 289 289 256 256 325 325 289 289 289 289 289 256 256 256 257 257 232 232 220 220 90 90 90 180 158 158 158 158 90 142 142 142 90 126 126 90 101 101 101 62 62 14 14 14 50 14 14 14 16 16 
912 912 972 912 912 912 912 912 912 912 912 912 912 884 884 884 853 853 824 824 837 837 837 837 816 816 816 746 746 791 746 746 746 746 746 746 652 652 652 652 652 652 652 652 652 653 653 653 638 638 604 604 604 605 521 521 521 515 515 515 515 515 515 538 538 515 515 515 504 504 457 457 463 463 463 463 440 440 436 436 406 406 406 406 406 368 368 368 368 368 289 289 289 289 289 289 289 289 289 289 289 256 256 268 257 257 232 232 232 90 90 90 90 180 180 180 158 158 90 90 90 90 90 126 126 90 90 90 90 90 62 62 62 14 14 14 14 14 16 16 
