958 944 944 944 905 905 905 815 815 815 815 815 815 885 874 750 750 750 750 750 750 750 750 750 750 750 750 783 750 750 750 750 750 739 739 624 624 624 624 675 675 675 675 675 605 605 605 605 605 605 605 605 605 605 557 557 557 557 562 535 535 535 535 535 498 498 498 498 393 393 393 393 393 393 393 393 393 393 393 417 393 393 393 393 393 369 369 369 357 357 339 339 317 317 317 299 299 299 280 280 280 262 262 262 239 239 183 183 183 183 195 195 195 183 157 157 157 157 2 2 2 2 2 2 2 2 2 2 2 2 2 2 29 29 29 29 29 1 1 1 
944 944 944 944 905 905 905 815 815 900 900 900 815 815 874 750 750 750 750 822 822 822 822 814 790 790 750 750 750 750 750 739 739 739 624 624 624 624 624 675 675 675 675 675 605 605 605 605 617 617 609 605 605 557 557 575 575 557 562 535 535 535 543 536 498 498 498 498 393 393 393 357 357 357 393 393 393 393 393 417 393 393 393 357 357 369 357 357 357 339 339 340 317 305 305 299 299 299 280 280 280 262 262 262 239 183 183 196 196 183 183 183 183 183 157 170 136 136 2 2 2 2 2 2 2 2 2 95 73 73 73 2 2 2 2 36 1 1 1 1 
944 944 944 944 905 905 905 905 815 815 901 901 895 815 874 750 750 850 850 814 814 814 814 814 790 692 692 692 692 692 692 739 739 739 624 731 624 624 624 675 675 675 675 675 668 605 605 605 617 617 609 609 609 557 575 575 576 557 557 557 393 393 543 536 498 498 513 498 393 393 457 357 357 357 357 357 393 393 393 393 393 393 393 357 357 357 357 370 339 339 339 317 317 305 305 299 299 299 239 239 281 239 239 239 239 196 196 196 196 196 183 183 157 157 157 170 136 136 150 2 142 2 2 2 2 2 73 73 73 73 73 2 2 2 2 2 1 1 1 1 
945 945 945 944 905 905 905 905 905 815 815 815 895 815 874 750 750 850 851 814 814 814 790 790 790 692 692 784 692 692 692 624 624 743 624 624 624 624 624 624 624 606 606 606 668 605 605 605 617 617 617 617 557 557 575 557 557 557 557 393 393 393 393 536 498 498 498 498 498 393 457 457 357 357 357 357 357 357 357 357 357 405 357 357 370 370 370 370 339 339 339 317 335 305 305 299 299 239 239 239 281 239 239 196 196 196 227 227 196 196 196 196 157 157 136 136 136 136 136 2 2 2 112 2 2 2 73 74 74 74 74 2 57 2 47 2 1 1 1 1 
945 945 945 944 932 932 815 815 905 905 905 815 895 815 850 850 850 850 851 814 814 790 790 806 806 692 692 784 692 772 624 624 624 624 624 624 624 624 624 624 624 624 624 606 606 605 605 617 617 618 618 618 557 557 557 557 557 557 557 393 519 519 393 393 498 498 498 393 393 393 482 457 457 457 457 357 357 418 357 357 357 357 357 239 239 239 239 239 239 335 335 317 335 305 305 305 305 239 239 239 239 239 239 196 166 166 227 227 196 196 196 196 196 157 136 136 136 136 136 136 136 136 112 112 110 110 73 74 74 74 75 2 2 2 2 2 1 1 1 1 
945 945 945 932 932 815 815 815 815 815 815 815 815 815 850 815 815 815 815 815 815 790 790 790 692 692 692 692 692 772 624 624 624 624 740 624 624 714 691 691 624 624 624 676 606 655 655 617 617 618 618 619 557 557 557 557 557 557 557 393 519 519 393 393 526 393 393 393 492 492 470 470 470 450 450 450 363 418 418 418 363 363 363 363 384 239 239 239 239 335 335 335 335 305 305 305 305 239 239 239 239 239 239 196 166 166 227 227 215 215 153 153 157 157 136 136 136 136 151 112 112 112 112 112 73 73 73 69 69 3 3 3 2 2 2 2 2 1 1 1 
945 945 945 932 815 815 923 923 815 815 815 815 815 815 815 815 815 815 833 833 833 833 823 790 692 692 692 692 692 692 692 692 740 740 740 624 624 624 691 691 624 624 624 676 606 617 617 617 617 618 618 618 577 577 577 577 577 557 557 393 519 519 393 526 526 393 504 504 483 483 470 470 450 450 450 450 363 363 363 419 363 385 385 363 384 384 377 239 239 239 239 239 239 305 305 305 305 239 269 269 269 274 196 196 166 166 166 166 215 215 153 153 157 157 157 157 151 151 151 112 112 112 112 112 73 89 89 69 69 3 68 3 3 3 3 3 2 1 1 1 
945 945 945 932 815 815 815 815 815 815 875 875 875 875 875 869 823 823 823 823 823 823 823 790 790 692 692 692 765 765 765 692 692 692 741 624 624 624 710 691 624 624 624 606 606 617 617 617 640 618 618 618 577 577 577 578 578 393 393 393 393 519 393 393 393 393 504 504 483 483 483 470 450 450 450 450 363 363 363 363 363 385 385 363 363 363 377 363 363 239 239 341 239 239 239 239 239 239 269 269 269 196 196 166 166 234 234 166 166 215 153 153 153 184 157 157 151 151 151 112 112 112 112 112 73 89 89 69 3 3 68 68 3 3 3 3 2 2 1 1 
918 918 945 932 932 815 815 815 917 815 875 875 815 815 815 869 823 823 823 823 823 815 815 815 790 790 790 692 692 773 692 692 751 692 741 624 624 710 710 691 691 691 624 606 606 606 606 606 606 606 623 606 606 606 577 578 578 393 393 393 393 519 519 519 519 519 504 504 483 483 483 470 471 411 411 411 411 363 363 363 385 385 385 385 385 363 363 363 292 292 292 292 327 327 318 239 239 239 269 269 269 196 196 166 228 228 228 228 171 171 153 153 153 184 157 157 157 158 112 112 112 112 73 73 73 111 89 69 3 3 3 3 3 3 3 30 30 2 2 2 
918 918 945 945 815 815 815 815 917 815 875 875 815 815 815 815 823 823 815 815 815 815 816 816 776 776 776 692 692 692 692 692 692 692 692 692 692 710 710 692 692 692 624 656 656 656 656 624 624 606 606 606 606 606 577 577 577 393 393 393 393 393 519 519 527 505 505 505 462 462 462 470 471 411 411 411 411 363 363 363 385 396 396 396 385 385 300 300 292 292 292 292 292 292 318 239 239 239 269 269 269 269 166 166 228 240 171 171 171 171 153 153 153 153 153 157 157 158 112 112 112 128 73 73 73 73 89 69 69 69 76 3 3 52 3 3 3 3 3 3 
918 918 918 946 815 815 815 917 917 815 815 815 815 815 865 815 815 815 815 834 834 834 816 817 776 776 776 692 692 692 692 692 692 692 692 702 692 692 692 692 697 624 624 656 656 657 657 624 624 606 606 586 586 586 553 553 577 563 563 393 393 393 519 519 527 505 505 505 462 462 462 470 471 411 411 411 411 363 363 385 385 396 396 396 300 300 300 300 336 336 336 336 336 292 292 306 306 275 275 269 269 269 166 166 228 171 171 221 221 216 153 153 153 153 153 157 157 112 112 112 112 128 128 73 73 73 89 89 89 69 69 69 3 3 3 22 4 4 4 4 
918 918 918 946 918 918 918 824 824 824 824 824 815 815 865 865 865 815 815 834 834 835 816 817 776 776 776 776 692 692 692 692 752 742 742 702 711 697 697 697 697 624 624 669 669 624 624 624 624 624 624 586 586 586 553 553 577 563 553 553 553 458 458 458 458 458 462 462 462 462 462 470 462 462 451 451 411 411 411 385 385 396 396 396 300 371 371 300 336 336 336 314 314 314 292 292 292 275 275 275 275 269 268 166 171 171 235 171 171 216 153 153 153 153 159 112 112 112 152 143 143 112 112 112 112 112 89 89 90 77 77 58 58 3 3 22 4 4 4 4 
918 918 918 918 918 918 918 824 824 824 824 824 824 824 824 865 865 857 800 800 834 816 816 776 776 776 776 776 692 692 692 692 752 742 742 702 711 697 697 697 620 620 624 624 624 624 624 624 641 624 624 586 553 553 553 553 553 563 553 553 458 458 458 458 458 458 462 458 458 463 462 462 462 463 451 451 411 411 411 420 385 396 396 397 300 371 371 300 300 300 300 314 314 314 314 314 292 292 292 275 275 269 268 166 171 171 171 171 171 171 171 171 197 153 159 112 112 112 152 143 143 112 112 112 119 113 96 96 77 77 23 58 22 22 22 22 4 4 4 4 
918 918 918 918 918 918 918 824 824 824 824 824 824 886 824 824 824 857 800 800 800 816 816 776 807 776 776 776 776 742 742 742 742 742 742 702 711 715 620 620 620 620 641 641 641 641 641 646 641 624 624 586 553 553 553 553 553 553 553 553 458 458 458 458 458 458 458 458 458 463 463 463 463 463 458 429 429 429 411 420 385 396 396 300 300 371 371 371 300 300 300 342 314 314 300 300 307 292 292 275 282 269 269 166 166 166 166 166 166 171 171 171 171 153 159 112 112 112 152 112 112 112 112 112 113 113 96 96 23 23 23 58 22 22 37 37 4 4 4 4 
955 955 918 918 918 918 918 918 918 824 824 886 886 886 876 870 824 857 800 800 800 800 800 776 776 776 777 777 777 742 742 742 753 702 702 702 711 711 620 620 620 620 620 658 641 641 641 641 641 635 586 586 553 553 553 553 553 553 554 554 554 458 458 537 458 458 458 458 458 458 458 458 458 458 458 429 429 429 411 420 385 385 385 385 385 343 343 343 301 301 300 300 300 300 300 300 307 292 292 275 282 275 249 249 249 229 229 229 166 166 166 203 171 153 159 159 159 112 112 112 112 112 113 113 113 113 91 91 23 23 23 23 23 22 22 31 31 22 4 4 
918 918 918 918 918 918 918 918 870 870 870 870 870 870 876 870 824 824 843 800 800 800 800 800 776 776 742 742 742 742 742 702 702 702 711 711 711 711 711 620 620 620 620 658 658 658 658 641 641 635 586 586 586 586 586 569 569 569 537 537 537 537 537 537 458 458 458 458 479 479 458 458 459 430 430 429 429 429 411 411 385 385 345 345 385 343 343 343 301 301 301 300 300 319 319 300 308 292 292 275 275 275 249 249 249 222 222 222 207 207 166 166 171 153 153 153 159 159 60 60 124 124 113 113 113 113 91 91 91 23 23 23 23 23 22 31 31 22 4 4 
918 918 918 918 918 918 918 918 870 870 906 870 870 870 870 870 824 824 843 843 800 800 824 800 808 800 742 742 742 742 742 702 702 702 711 723 711 711 711 620 620 620 620 625 625 625 625 625 625 635 569 569 569 569 586 569 569 570 537 537 537 537 537 458 458 458 458 458 479 479 479 459 459 430 430 429 429 429 429 411 411 345 345 345 385 343 343 343 301 301 301 301 337 319 319 300 300 300 264 264 230 230 230 230 250 222 222 222 207 207 207 166 171 171 171 153 153 60 60 60 60 124 129 113 113 114 91 97 23 23 23 23 59 23 22 22 22 22 4 4 
950 950 950 936 936 870 870 870 870 870 870 870 871 871 871 871 824 858 824 824 824 824 824 800 800 800 791 742 742 742 742 702 702 702 711 723 723 711 711 620 620 620 620 625 625 625 659 625 625 635 569 569 610 569 586 586 569 569 537 537 537 406 406 458 458 458 458 458 458 493 479 459 472 430 430 430 442 429 429 411 411 345 345 345 345 345 345 343 343 352 352 301 301 301 301 301 301 301 264 264 230 230 230 230 250 222 185 185 185 185 208 166 166 171 171 171 153 60 60 60 60 124 124 124 91 91 91 97 23 23 23 59 59 23 38 38 22 22 4 4 
950 950 936 936 936 870 870 870 870 870 870 870 871 871 871 871 824 824 824 844 791 791 791 791 809 791 791 725 725 766 766 702 702 702 711 711 711 711 712 620 620 620 620 620 625 625 659 625 625 625 625 569 569 569 569 569 569 569 537 537 406 406 406 406 520 520 458 506 458 479 479 459 459 459 459 430 430 430 430 411 411 345 345 345 345 386 345 372 343 352 352 343 241 241 241 315 241 241 264 264 264 230 230 230 230 222 185 185 185 185 185 204 166 171 171 171 153 60 60 60 60 60 60 60 91 91 91 23 23 23 23 23 23 23 23 23 23 23 5 5 
950 950 936 936 936 870 870 870 887 887 887 887 871 871 844 844 866 844 844 844 791 791 791 791 809 791 791 725 725 766 754 754 754 702 711 711 712 712 712 693 693 693 620 620 625 625 406 406 406 406 406 406 569 569 569 406 406 406 406 406 406 406 406 406 520 520 458 458 458 479 479 479 431 431 431 431 431 431 431 411 411 386 386 345 345 386 345 343 343 343 343 343 241 241 241 241 241 241 264 264 264 276 263 263 230 222 222 185 185 217 185 185 166 166 166 166 153 153 153 60 60 60 130 60 91 91 91 23 23 23 23 23 23 32 32 32 32 5 5 5 
950 950 867 867 867 870 870 870 870 870 887 887 887 887 844 844 844 844 845 845 791 791 791 791 791 791 791 725 725 766 754 702 702 702 702 702 712 712 712 693 670 670 620 620 620 620 406 406 642 626 626 406 406 406 406 406 579 507 507 406 406 406 406 406 406 520 458 458 464 464 431 431 431 431 431 452 431 431 411 411 411 386 386 386 386 386 345 343 343 343 353 241 241 241 320 241 241 241 264 264 264 263 263 263 230 230 222 222 222 185 185 185 166 166 172 166 166 154 154 131 131 60 130 60 60 60 60 60 23 23 60 60 60 32 32 32 32 5 18 5 
879 879 867 867 867 870 870 870 870 870 887 887 887 844 844 844 844 845 845 791 791 791 791 791 810 792 792 725 725 725 754 702 702 702 702 702 724 693 693 693 670 670 670 670 670 620 626 626 626 626 627 579 579 579 406 406 579 507 507 507 406 406 406 406 406 406 464 464 464 464 431 431 473 431 431 412 412 412 411 411 411 406 360 360 386 386 345 373 343 343 241 241 241 241 320 293 293 241 264 283 283 263 263 263 251 230 230 230 223 185 185 185 166 166 172 131 131 154 155 131 131 60 60 60 104 104 104 60 23 23 60 60 5 5 5 32 32 5 5 5 
879 879 867 867 867 933 870 870 870 870 844 844 844 844 877 844 844 791 791 791 791 791 825 791 810 792 793 725 725 725 754 702 702 702 702 702 702 693 693 693 693 693 670 670 671 620 626 626 626 627 627 579 611 579 579 579 579 507 507 507 406 544 544 406 406 406 406 406 499 464 484 431 431 431 431 406 406 412 412 412 412 406 360 360 360 345 345 358 358 358 241 344 241 293 293 293 293 241 264 264 264 264 264 251 251 223 223 223 223 205 205 185 185 185 172 131 131 154 131 131 131 60 60 60 60 104 104 60 60 60 60 60 5 39 5 5 5 5 5 5 
879 879 867 867 867 878 878 878 878 844 844 877 877 877 877 844 844 791 791 791 791 791 791 791 810 801 725 725 725 732 732 732 732 732 732 732 702 702 693 693 693 693 620 620 620 620 626 626 626 627 628 579 579 579 587 587 507 507 507 507 406 544 406 406 406 406 514 406 406 464 464 464 431 431 431 406 406 412 412 421 406 406 360 360 360 345 358 358 345 345 241 241 241 293 293 309 293 241 241 241 264 264 264 251 251 205 205 205 205 205 205 205 185 185 172 131 131 131 131 131 131 60 60 60 60 78 78 60 60 78 78 5 5 39 39 39 5 5 5 5 
879 879 867 867 867 878 878 878 878 844 844 844 844 844 844 844 844 844 826 826 791 791 791 801 801 801 725 785 725 732 732 732 732 732 732 732 702 702 693 693 693 693 620 620 620 620 620 620 620 627 627 579 579 588 587 587 507 507 507 507 406 406 406 406 528 406 406 406 406 406 406 464 464 464 406 406 406 406 432 406 406 407 360 360 360 345 345 345 345 345 354 241 241 328 293 309 293 293 293 241 264 264 264 251 251 205 205 205 205 205 198 198 198 186 172 131 146 146 146 131 131 131 131 60 60 78 78 78 78 78 79 5 61 5 5 5 5 5 5 5 
879 879 867 867 867 867 878 878 878 878 878 878 878 878 878 844 844 844 826 826 791 791 791 801 801 801 725 785 725 725 732 732 732 732 732 732 702 702 702 702 677 677 684 620 620 620 620 629 620 620 627 588 588 588 596 507 507 507 507 507 507 406 406 406 406 406 515 406 406 406 406 464 464 465 406 443 443 406 432 406 360 360 360 360 360 387 293 293 359 345 345 345 293 293 293 309 241 241 241 241 264 264 264 264 252 198 198 198 198 198 198 206 186 186 172 131 131 131 146 146 131 131 131 60 60 60 60 98 78 78 79 5 61 5 5 24 24 5 5 5 
956 879 937 937 937 867 927 867 867 867 907 878 878 878 878 859 859 859 826 826 836 836 826 801 801 801 725 785 778 725 725 725 725 725 732 732 703 703 703 703 677 677 677 677 629 629 629 629 643 620 627 588 588 588 588 507 507 507 507 507 507 507 507 507 507 406 406 406 485 406 406 474 474 406 406 443 443 406 406 406 360 398 398 398 387 387 293 293 359 359 346 346 293 316 321 309 241 241 241 241 241 241 241 241 252 198 198 198 198 198 186 186 186 186 172 172 131 131 147 147 131 131 131 60 105 105 60 98 78 78 79 5 5 5 5 24 24 24 5 5 
956 879 879 879 938 867 927 867 867 867 867 867 867 867 867 859 859 859 826 826 826 826 826 725 725 725 725 778 778 774 725 725 755 725 733 733 703 703 703 703 677 678 678 678 629 629 629 643 643 620 620 620 588 588 588 588 558 558 558 549 549 549 507 507 507 507 406 406 485 406 406 406 406 406 443 443 443 406 406 422 360 387 387 387 387 293 293 293 293 293 346 346 293 316 321 309 309 294 294 241 241 242 242 241 241 241 198 198 198 198 186 186 186 186 156 156 131 131 131 131 131 137 132 60 105 105 60 60 78 78 79 24 24 24 24 24 24 6 6 6 
956 956 879 879 938 867 867 867 867 867 867 867 867 888 867 867 867 826 826 826 826 827 827 725 778 778 778 778 779 774 725 725 755 725 725 725 725 716 703 703 677 678 678 629 629 629 629 643 643 580 580 580 580 580 597 558 558 558 558 549 549 549 508 508 508 507 507 507 485 494 406 406 443 443 443 422 422 422 433 422 360 387 387 387 387 293 293 293 293 293 293 293 293 316 316 316 294 294 242 242 242 242 242 242 242 242 198 198 198 198 209 186 186 187 156 156 156 131 131 131 131 132 132 60 105 105 105 60 60 60 79 24 24 24 24 24 24 6 6 6 
879 879 879 938 938 934 867 867 919 867 902 902 867 867 867 867 826 826 852 826 827 827 725 725 778 778 794 774 774 774 725 725 755 725 725 725 716 716 703 704 677 685 685 629 629 629 629 629 643 580 580 580 580 580 580 580 580 558 564 529 529 529 508 508 508 521 507 507 485 485 485 480 434 434 434 422 422 422 422 422 360 360 387 387 387 293 293 293 293 293 293 293 278 278 294 294 294 302 242 242 242 242 242 242 253 173 173 173 173 173 173 173 173 173 156 156 156 156 156 132 132 132 133 60 60 60 60 60 92 60 79 62 62 7 7 7 6 6 6 6 
879 879 879 934 934 934 919 919 919 867 867 867 867 867 795 795 826 826 826 826 826 826 725 725 725 802 774 774 755 755 755 755 755 725 725 725 698 698 703 677 677 581 581 581 660 660 660 629 643 636 580 580 580 607 580 580 558 558 564 529 529 529 508 508 508 508 507 507 486 486 486 480 434 434 434 434 434 434 434 423 360 360 387 387 293 293 293 347 347 293 293 293 278 294 294 294 256 256 256 242 242 242 270 173 173 173 231 231 173 173 199 199 199 173 156 156 156 156 132 132 133 133 133 120 120 60 60 60 60 60 60 62 63 7 48 7 7 7 7 7 
879 879 879 934 879 879 919 919 909 909 903 903 867 867 795 795 826 826 826 826 826 826 725 725 725 802 774 774 755 755 755 755 698 698 698 698 698 698 703 677 686 686 686 581 581 661 661 629 629 636 629 580 580 589 589 589 558 558 564 558 529 529 529 529 529 508 508 508 486 486 480 480 434 434 434 434 444 423 423 423 360 360 360 360 293 388 293 347 347 347 347 347 278 294 294 294 256 256 256 242 242 242 242 173 254 224 224 224 218 218 132 132 173 173 173 173 160 160 132 133 133 133 133 120 121 60 60 99 60 60 60 62 63 7 48 7 7 25 7 7 
879 879 879 879 879 879 879 919 909 910 903 903 867 867 795 795 795 795 826 826 826 826 828 795 795 795 795 774 780 755 755 755 698 698 698 698 726 698 698 677 686 686 581 581 581 661 661 647 629 629 629 589 589 589 589 589 558 558 558 558 529 529 529 529 486 486 508 508 500 486 434 434 434 423 423 423 423 423 423 423 360 360 360 360 293 388 293 293 293 331 331 331 278 310 310 310 256 256 295 242 242 242 242 173 173 224 224 224 218 218 132 132 173 173 173 174 160 160 132 133 133 133 133 120 120 60 60 99 60 60 62 62 63 7 7 7 7 8 8 8 
879 879 879 879 879 879 879 919 909 909 903 903 889 889 795 872 795 795 846 846 826 826 795 795 774 774 774 774 767 767 767 755 698 698 698 698 726 698 698 677 677 686 581 581 581 647 647 647 629 629 630 589 589 589 589 589 558 558 558 538 538 529 529 529 486 486 486 486 500 486 434 453 453 423 423 423 360 360 423 423 360 360 360 360 293 293 293 293 293 331 331 331 278 310 310 310 310 256 256 284 284 173 173 173 173 224 224 224 224 218 132 132 160 160 160 160 160 160 132 132 133 133 133 106 106 106 106 99 93 7 7 7 7 7 7 7 7 8 8 8 
879 879 879 879 879 879 909 909 909 909 879 879 889 889 795 795 795 860 846 846 837 837 795 774 774 796 796 767 767 755 755 755 734 734 726 726 726 698 698 698 677 581 581 647 647 647 648 648 637 637 565 565 565 565 590 590 565 565 538 538 538 538 538 538 486 486 486 486 486 486 434 434 453 423 423 423 360 360 360 360 360 360 360 360 360 360 360 360 360 360 331 278 278 329 310 310 277 277 256 271 271 173 173 173 255 224 224 218 218 218 132 132 160 160 160 160 160 160 132 132 138 138 106 106 106 106 99 99 93 7 7 7 7 7 7 7 26 26 8 8 
959 928 928 928 939 879 879 924 879 879 879 879 889 889 795 795 795 795 846 846 837 837 795 774 774 774 797 767 767 755 768 734 734 734 726 726 726 698 698 698 677 581 581 647 647 581 581 581 637 637 565 565 565 565 565 565 565 565 538 538 538 545 545 486 486 434 434 434 486 486 434 434 453 453 453 453 360 360 360 360 360 408 360 360 360 374 374 374 331 331 331 278 278 278 277 277 277 277 256 271 271 271 271 173 173 236 236 218 218 218 132 132 188 188 160 160 160 160 132 148 138 106 106 115 115 115 99 100 93 41 41 7 53 53 7 7 26 26 8 8 
947 947 947 928 928 928 879 879 879 904 904 879 879 890 795 795 853 795 795 795 795 795 795 774 774 774 755 755 755 755 768 734 734 734 734 734 664 664 664 698 677 677 581 581 581 581 592 581 631 631 565 565 565 565 598 581 581 565 565 486 486 486 486 486 530 434 516 434 434 434 434 475 475 413 413 413 413 413 360 360 360 360 400 360 360 374 331 331 331 331 331 348 278 278 277 277 277 277 256 256 256 256 256 256 256 218 218 218 218 218 132 132 188 188 160 160 161 161 132 138 138 106 106 99 99 99 99 93 93 83 41 53 53 40 40 9 9 9 8 8 
947 947 947 947 940 928 928 879 879 904 904 904 879 879 879 795 853 853 853 841 841 795 795 755 755 755 755 781 781 744 744 744 744 744 734 734 664 664 664 698 698 677 677 581 581 592 592 581 631 631 631 581 581 581 581 581 486 486 486 486 539 539 539 539 530 434 516 434 434 475 475 475 476 413 413 413 413 413 360 360 360 360 360 360 394 331 331 331 331 331 331 278 278 265 265 265 265 277 277 277 277 272 272 132 132 218 218 218 132 132 132 132 132 132 132 132 132 132 132 138 138 106 106 99 99 93 93 93 83 83 41 53 53 40 40 9 9 9 9 9 
947 947 892 892 940 904 904 904 904 904 880 880 880 879 879 795 853 853 841 841 755 755 755 755 811 786 786 744 744 744 744 756 756 727 727 664 664 664 664 664 664 664 672 672 672 592 592 581 581 581 581 581 581 581 591 591 486 486 530 530 530 530 530 530 530 434 434 434 434 434 434 434 434 434 445 445 445 413 360 360 360 378 378 378 394 331 331 331 331 331 331 278 278 278 265 265 265 303 277 277 277 272 272 132 132 132 132 132 132 189 189 200 200 189 175 175 99 99 99 99 99 99 99 125 99 93 83 83 83 84 41 53 53 40 40 40 9 9 9 9 
960 892 892 892 940 904 904 904 904 911 880 880 880 880 880 795 853 853 841 841 755 755 755 803 803 786 786 786 744 744 744 756 756 727 727 664 664 664 664 664 664 664 672 672 638 638 592 581 581 612 612 591 591 591 591 571 582 486 486 486 486 530 530 540 531 434 434 509 434 434 487 434 434 434 445 439 439 413 413 413 413 378 401 378 378 389 331 349 349 331 331 278 278 278 278 278 265 265 265 265 277 272 272 132 132 132 132 189 189 189 189 200 189 189 175 175 99 99 99 99 99 99 99 99 99 93 83 94 94 84 41 70 41 41 41 33 33 9 9 9 
960 892 892 892 896 896 904 904 904 896 896 880 880 880 880 795 853 853 795 841 755 755 755 803 803 803 756 756 756 769 769 756 756 727 727 664 664 664 664 664 664 664 672 672 638 638 592 592 612 612 612 591 591 591 571 571 571 571 486 486 486 466 466 466 531 522 466 466 466 466 434 434 434 434 445 439 439 413 413 378 378 378 378 378 378 389 331 349 349 349 349 278 278 278 278 278 278 278 278 265 277 277 265 265 132 189 189 189 189 210 189 189 189 190 175 175 99 99 99 99 99 99 99 99 122 93 83 83 84 84 41 70 41 41 41 33 33 9 9 9 
892 892 892 892 896 896 904 904 904 896 896 896 896 880 880 795 795 795 795 841 838 838 755 803 756 756 756 787 756 756 756 756 757 727 727 727 727 664 664 664 664 664 672 672 638 638 662 592 612 612 612 612 612 571 571 571 571 559 559 559 466 466 466 466 522 522 466 466 466 466 434 434 434 445 445 454 439 439 378 378 409 409 378 378 378 378 331 349 349 349 349 278 278 330 278 278 278 278 278 265 265 265 265 132 132 189 189 189 189 210 210 189 189 167 167 176 99 99 99 99 99 99 99 122 122 93 93 83 84 84 41 41 41 41 41 41 27 27 9 9 
892 892 892 892 892 896 904 904 904 896 908 896 896 880 880 795 795 795 795 838 838 755 755 803 756 756 756 756 756 756 756 757 757 727 727 727 727 713 713 664 679 679 679 679 673 638 638 592 612 612 632 612 612 571 571 571 559 559 466 466 466 550 466 466 522 523 466 466 466 466 466 466 466 445 454 454 439 439 378 378 378 378 378 378 378 378 331 331 364 349 349 349 278 278 278 278 278 285 285 285 285 265 265 132 132 132 189 189 167 167 211 189 189 167 167 176 162 162 99 99 99 99 99 93 93 93 93 80 80 80 80 10 64 41 41 41 27 27 9 9 
892 892 925 925 892 896 896 896 896 896 908 896 896 880 880 854 854 795 795 838 838 755 829 803 803 756 756 756 756 756 756 757 745 745 717 717 727 713 713 664 679 679 679 679 673 638 638 592 592 592 592 621 592 592 592 592 559 559 466 466 466 466 466 466 522 466 466 466 466 488 488 466 466 445 454 454 375 375 375 375 410 410 378 378 378 378 378 331 331 331 331 278 278 278 278 278 278 285 285 285 266 266 266 266 132 132 237 167 167 167 167 167 167 167 167 176 162 162 93 93 99 99 93 93 116 93 93 80 80 80 80 10 64 41 41 41 10 10 10 10 
957 957 925 925 892 908 908 908 896 896 908 868 868 868 868 854 854 854 854 838 838 755 755 803 803 756 756 756 756 757 757 757 745 745 717 717 717 717 713 664 687 687 687 674 674 638 638 649 638 638 592 592 592 532 532 532 559 559 466 466 555 466 466 466 466 466 517 477 477 477 477 466 466 445 460 375 375 375 375 375 375 375 402 378 378 379 379 322 322 322 331 278 278 278 278 278 285 285 296 278 278 132 132 132 132 167 167 167 167 167 167 167 167 167 167 162 162 162 93 93 93 93 93 116 116 80 80 80 80 80 80 10 64 10 10 42 10 10 10 10 
957 957 925 925 892 908 908 908 908 908 908 868 891 891 868 854 854 854 854 838 839 839 755 755 755 755 755 756 756 757 757 757 745 745 717 717 717 718 713 664 687 687 687 674 674 664 638 638 638 613 613 613 613 532 599 532 532 532 532 532 532 466 466 466 466 517 517 477 477 477 477 477 466 466 375 375 424 424 435 375 375 375 375 375 375 379 379 322 365 322 331 278 278 278 278 278 278 278 278 278 278 278 132 132 238 167 167 167 167 167 167 167 167 167 177 162 162 162 93 149 93 93 116 116 80 80 80 80 80 80 80 10 10 10 10 10 10 10 11 11 
957 957 925 948 892 908 908 908 908 908 908 868 891 891 868 854 854 854 854 838 838 755 755 755 755 755 755 755 755 755 745 745 745 746 717 728 728 713 713 664 687 674 674 674 674 664 650 650 644 613 613 613 532 532 599 532 532 560 560 560 532 546 546 466 466 517 518 477 477 477 477 477 477 467 375 375 375 424 424 375 375 375 375 375 375 375 375 322 365 322 331 331 331 331 286 286 286 286 286 291 278 278 238 238 238 167 167 232 167 167 212 167 167 167 177 177 162 162 93 93 93 93 116 126 80 80 80 80 80 80 80 10 10 43 43 43 12 12 11 11 
957 957 925 925 892 908 908 920 920 897 897 868 868 868 868 868 868 847 847 847 838 838 745 745 745 755 755 755 755 755 745 745 745 746 717 717 717 713 713 664 664 674 674 674 674 664 639 639 644 613 613 613 532 532 532 532 532 560 560 560 532 532 532 532 532 517 518 477 477 477 477 467 467 467 375 375 375 424 424 323 323 323 323 375 375 375 375 322 365 322 332 332 332 332 286 286 286 286 286 286 238 238 238 238 238 243 167 232 167 167 167 167 167 181 181 178 93 93 93 93 93 93 116 126 116 116 54 54 54 54 54 65 65 43 43 43 12 12 11 11 
961 941 941 925 892 892 892 897 897 897 897 868 868 868 868 868 847 847 847 847 819 819 819 818 745 745 745 745 755 755 745 758 758 735 735 735 717 717 694 694 664 664 664 680 664 664 639 639 614 614 614 614 614 532 532 560 532 560 560 560 533 533 533 533 533 489 489 477 477 489 489 467 468 468 455 455 375 424 323 323 323 323 323 375 375 375 375 322 322 322 322 322 333 333 286 286 286 286 297 286 238 238 273 238 238 238 167 232 167 167 167 167 167 167 167 178 93 93 93 144 144 93 116 116 116 117 54 71 71 85 54 54 66 43 43 43 12 12 12 12 
941 941 941 925 925 925 892 897 897 897 897 897 897 868 868 847 847 861 847 819 819 830 818 818 770 770 770 745 745 745 745 758 758 735 735 736 688 688 694 694 694 694 664 664 664 665 639 639 614 614 614 614 615 560 560 560 583 560 560 560 533 533 533 533 489 489 489 489 489 489 489 467 468 455 455 456 375 424 323 323 323 323 323 375 375 375 375 375 322 322 322 322 333 333 322 245 245 245 297 286 286 238 273 238 238 238 167 167 167 167 167 167 167 167 167 178 93 144 144 144 93 93 71 71 71 71 71 71 71 71 71 54 54 54 13 13 13 13 13 13 
941 941 941 941 941 925 892 897 897 897 848 848 848 868 868 847 847 847 847 819 819 830 818 818 770 770 770 770 770 770 770 761 735 735 735 735 688 688 688 699 699 688 688 651 651 651 639 639 639 639 600 600 600 560 560 560 560 560 560 560 533 533 533 533 489 489 489 489 489 489 489 467 467 455 456 456 375 424 436 323 323 395 395 395 395 375 375 323 323 322 322 322 333 333 322 245 311 245 245 245 287 238 273 238 238 244 134 134 134 201 201 201 201 167 167 178 93 93 93 93 93 93 71 71 71 71 71 71 71 71 71 54 54 13 13 34 34 13 13 14 
941 941 941 941 925 925 892 897 897 897 848 848 848 848 848 847 847 848 848 848 819 830 830 748 748 748 748 748 748 748 761 761 735 735 735 735 688 688 688 688 688 688 689 651 651 651 651 651 639 639 600 600 600 608 600 560 560 566 566 502 502 551 502 502 489 489 489 489 489 489 467 467 467 456 456 375 375 424 424 424 323 323 323 323 323 380 380 323 323 323 355 322 333 322 322 245 304 304 245 245 287 238 238 238 238 238 134 134 134 134 202 202 202 167 167 167 167 127 127 93 93 93 71 71 71 71 71 71 71 71 81 71 13 13 13 13 14 14 14 14 
935 935 942 942 925 925 892 892 897 897 848 848 848 848 848 873 848 848 849 849 819 748 748 748 748 748 782 782 782 748 761 762 690 690 690 690 729 688 688 688 688 688 622 622 622 622 663 622 622 622 622 600 600 600 600 593 502 502 502 502 502 502 502 502 489 489 489 489 489 489 467 467 467 456 375 375 440 440 375 399 399 399 399 399 323 323 323 323 366 323 323 322 322 322 245 245 304 304 245 245 245 279 257 257 257 238 238 134 134 134 134 134 134 191 134 134 168 127 127 127 127 127 71 71 71 71 71 55 55 71 71 71 13 13 13 13 14 14 14 14 
935 935 935 942 942 925 925 892 892 912 848 848 848 849 848 848 848 862 849 849 819 748 748 748 748 804 782 782 748 748 761 690 690 690 690 690 729 688 688 688 688 688 622 622 622 622 663 622 622 622 622 600 600 600 593 593 502 502 502 502 502 547 547 502 524 524 489 489 501 467 467 467 467 456 375 440 440 441 375 399 399 399 399 399 323 323 323 323 361 361 323 350 245 245 245 312 312 304 245 245 245 279 257 257 258 245 134 134 134 134 134 134 134 191 134 134 134 134 134 127 127 127 127 127 71 71 55 55 55 55 72 72 13 13 13 13 14 14 14 14 
935 935 935 942 942 935 925 925 892 848 848 848 848 849 849 849 849 849 849 849 819 819 819 819 748 748 748 748 748 761 761 690 690 690 690 690 690 719 705 705 688 688 690 622 622 622 622 622 622 633 633 600 600 600 593 593 502 502 502 502 502 547 547 502 502 525 502 502 467 467 467 467 456 456 375 375 375 375 375 361 361 361 399 399 323 323 323 323 361 323 323 350 245 245 245 245 245 304 245 245 245 245 257 257 258 245 134 134 134 134 134 134 191 191 134 163 163 163 134 139 139 127 127 123 123 55 55 55 55 55 55 55 55 55 13 13 14 14 14 14 
935 935 935 935 935 935 893 893 892 848 848 848 848 848 849 849 849 849 820 820 820 820 820 820 748 748 748 748 747 747 747 759 759 747 690 690 690 690 705 690 690 690 690 622 622 622 622 622 622 622 622 600 600 600 601 502 502 502 502 502 502 547 547 541 502 502 502 502 467 467 467 456 456 375 375 375 375 375 375 361 414 361 361 361 361 361 361 361 361 323 323 323 323 323 323 245 245 304 288 288 288 245 257 257 258 245 134 134 134 134 134 134 134 134 134 163 163 163 134 139 139 127 127 123 123 55 55 55 55 55 55 55 55 56 49 19 19 19 14 14 
951 951 951 949 893 893 893 893 892 913 848 848 848 848 849 849 849 849 820 820 820 820 831 748 748 788 788 748 748 748 747 747 747 747 690 690 690 690 690 690 690 690 690 622 622 622 622 622 622 622 622 600 600 601 601 502 584 502 502 561 502 547 541 541 456 456 456 502 502 456 456 456 375 375 375 375 375 375 375 361 361 361 361 361 325 325 325 325 245 245 245 245 245 245 245 245 313 304 288 288 288 245 245 245 245 245 134 134 225 213 213 134 134 134 134 163 163 163 134 139 139 139 134 101 101 101 101 101 35 35 82 55 55 49 49 19 19 19 19 15 
951 952 952 949 893 893 929 893 892 892 892 892 892 892 849 849 863 863 855 820 820 820 748 748 788 788 788 788 748 748 747 747 748 748 690 690 690 706 706 706 690 690 690 666 666 666 622 622 622 622 622 622 601 601 602 502 502 502 502 561 503 503 541 541 456 456 456 490 490 456 456 456 375 375 375 375 375 415 415 415 415 361 381 381 381 381 381 325 245 245 245 245 245 245 324 304 304 304 288 288 288 259 259 259 245 245 134 134 225 213 214 163 163 163 163 163 163 163 134 139 139 134 134 101 101 101 107 35 35 35 35 35 35 49 44 44 35 15 15 15 
951 893 893 949 893 893 929 893 893 893 892 892 893 893 864 864 863 863 855 832 832 832 748 748 748 748 748 748 748 771 771 748 748 749 706 706 706 706 707 707 681 681 681 666 666 666 645 645 645 601 601 601 601 503 503 503 502 502 561 561 503 503 503 541 456 456 456 490 490 490 490 456 478 375 375 375 375 375 361 425 361 361 381 381 390 390 382 325 245 245 245 245 245 245 324 304 304 304 289 289 289 259 259 259 259 233 233 233 213 213 214 163 163 163 163 163 163 163 134 134 134 134 101 101 101 101 35 35 44 35 35 44 44 44 44 45 35 15 16 16 
893 893 893 893 893 894 894 894 921 893 893 893 893 864 864 864 864 864 855 832 832 832 748 748 748 748 748 748 748 748 748 748 749 749 706 737 707 707 707 708 681 695 681 681 645 645 645 652 601 601 634 601 601 503 503 503 503 572 561 561 503 552 503 510 510 510 456 456 456 456 456 456 456 375 375 375 446 375 361 361 361 361 381 381 382 382 382 325 325 362 245 245 245 334 304 304 304 304 289 289 289 259 259 259 259 233 233 219 219 219 163 163 163 163 163 163 163 140 140 140 140 140 101 101 35 35 35 44 44 86 44 44 50 50 50 35 35 15 15 15 
893 953 953 943 943 894 930 894 894 894 864 864 864 864 881 864 864 855 855 832 832 832 748 798 798 798 798 748 748 763 763 763 749 749 706 737 707 720 707 707 681 681 681 645 645 652 652 652 601 634 634 503 503 503 503 594 503 561 561 561 503 503 503 510 534 510 510 510 456 456 456 456 456 375 375 375 375 375 437 361 361 361 382 382 382 382 382 325 325 362 245 245 245 334 304 304 304 304 260 260 260 259 259 233 233 233 233 219 219 219 163 163 192 192 163 163 163 140 140 140 140 140 101 101 35 35 35 44 44 44 44 50 50 50 50 35 35 20 20 15 
893 893 954 943 894 894 926 926 894 894 864 898 898 864 864 864 864 855 855 832 832 832 748 798 798 748 748 748 763 763 749 749 749 749 706 737 707 707 707 707 681 681 645 645 603 652 652 652 634 634 503 503 567 567 567 503 503 561 561 561 503 503 510 510 510 511 510 510 491 491 491 426 426 426 426 426 426 426 426 426 326 326 367 367 383 383 383 325 325 325 356 325 325 325 304 304 304 304 260 260 260 259 259 233 233 226 226 226 135 135 135 163 163 163 163 164 164 164 140 140 140 140 101 108 108 118 35 35 35 44 44 50 50 35 35 35 35 20 21 15 
962 893 954 943 894 922 922 922 922 914 864 864 864 864 882 855 855 855 855 832 832 832 748 748 748 748 799 748 748 748 749 749 749 749 706 737 707 707 700 700 700 645 645 682 603 653 653 653 634 634 503 616 567 567 567 503 503 503 503 503 503 503 510 510 510 511 511 511 491 491 491 426 426 426 426 426 426 426 427 427 326 326 367 367 367 367 367 367 367 325 325 325 325 325 304 304 304 304 260 260 260 260 260 233 233 226 226 135 135 220 135 193 193 193 164 164 164 101 101 101 101 101 101 108 108 118 108 102 35 44 44 44 67 35 51 35 35 20 20 15 
962 893 954 943 894 894 894 894 894 914 883 883 883 883 855 855 855 855 855 832 832 832 832 706 706 805 706 706 706 748 748 748 749 749 706 706 706 721 700 700 700 645 682 682 603 603 634 634 634 634 503 616 616 567 567 567 567 573 496 496 496 503 503 503 503 503 503 503 503 491 491 426 426 426 426 426 447 326 326 326 326 326 367 367 367 326 326 367 367 326 326 351 325 325 325 261 261 261 261 290 260 260 260 233 233 246 226 135 135 135 135 193 193 194 164 164 164 101 101 101 101 101 135 108 108 108 108 102 35 44 44 44 35 35 20 20 20 20 20 15 
962 893 893 943 893 893 931 894 894 914 883 883 883 883 855 855 855 855 855 832 832 840 821 821 706 706 706 760 706 706 706 748 706 706 706 706 706 645 645 645 645 645 603 603 603 603 634 634 634 634 503 503 603 603 603 567 567 573 496 496 496 496 496 496 503 503 512 512 481 481 481 426 426 469 426 426 326 326 438 416 416 326 326 326 326 326 326 326 326 326 326 326 326 325 325 261 247 247 261 290 260 260 260 260 233 233 226 135 135 135 135 135 135 135 135 135 169 101 101 101 145 135 135 108 108 102 102 102 35 87 44 44 35 35 20 20 20 28 15 15 
893 893 893 893 893 893 931 894 894 914 883 883 883 883 883 856 856 856 840 840 840 840 821 821 812 706 706 760 760 760 706 706 706 645 645 645 730 645 645 645 696 696 603 603 603 603 603 603 603 603 603 603 603 604 604 567 567 567 567 496 496 496 496 496 496 496 496 496 481 495 481 481 426 426 426 326 326 428 428 416 416 403 403 326 326 391 326 326 261 261 261 261 326 326 326 261 247 247 261 290 290 261 261 260 260 233 226 135 135 135 135 135 179 179 182 135 135 165 135 135 135 135 102 102 102 102 103 103 35 35 35 35 35 35 20 46 28 28 15 15 
893 893 893 893 893 893 893 893 894 894 883 883 899 884 884 856 856 856 840 840 840 813 813 812 812 645 645 645 645 760 760 760 760 645 645 645 730 722 645 645 667 667 683 683 603 603 603 603 603 603 603 603 595 595 595 595 567 567 568 496 496 496 496 542 496 496 496 496 481 481 481 426 426 426 448 326 326 428 428 428 416 403 403 326 326 368 368 376 261 261 261 261 338 261 261 261 247 247 261 261 261 261 261 261 261 233 226 226 179 179 179 179 179 179 179 179 135 165 135 135 135 102 102 102 102 102 88 88 88 88 35 35 35 35 20 46 28 28 15 15 
893 893 893 893 893 893 893 893 915 894 894 894 899 884 884 813 813 856 856 813 813 813 813 812 812 645 645 645 645 760 760 764 645 645 645 645 645 722 645 709 667 667 683 654 654 654 603 603 603 603 603 603 595 595 481 481 481 574 568 496 556 496 496 542 496 496 496 496 496 496 481 426 426 426 448 448 448 428 428 404 404 404 404 368 368 368 368 368 261 261 261 261 261 261 261 261 247 247 298 261 261 247 247 247 247 233 233 226 179 179 179 179 179 180 180 180 135 135 135 135 135 102 102 102 102 102 88 88 88 46 46 46 46 46 46 46 28 28 15 15 
893 893 893 893 893 893 893 893 915 915 894 894 899 894 813 813 813 813 813 813 842 813 813 812 812 645 645 645 645 775 645 645 645 667 667 738 645 645 645 667 667 667 683 654 654 654 654 654 603 603 603 481 481 481 481 481 481 481 568 496 496 496 548 542 481 481 481 481 497 497 481 426 426 426 461 449 449 404 404 404 368 368 368 368 368 368 368 368 261 261 261 261 247 247 247 247 247 298 298 247 247 247 267 267 247 247 226 226 226 180 180 180 180 180 180 180 135 135 135 135 141 141 102 102 102 102 109 88 88 46 46 46 46 46 46 17 17 17 15 15 
893 893 893 893 893 893 893 893 916 916 894 894 894 894 813 813 813 813 842 842 842 813 813 813 813 645 645 789 645 645 645 667 667 667 667 667 667 667 667 667 701 667 667 667 667 667 654 654 603 603 603 481 481 481 481 481 585 481 481 481 481 481 481 481 481 481 481 481 481 481 481 426 426 426 461 449 449 404 404 404 368 368 368 368 392 392 368 368 368 261 261 261 247 247 247 247 247 247 247 247 248 248 248 248 248 248 226 226 226 180 180 180 180 180 180 180 135 135 135 135 141 141 102 102 102 102 109 88 88 88 46 46 46 46 46 17 17 17 17 17 
