971 971 971 971 971 971 926 926 926 926 926 926 926 756 756 859 859 859 859 859 874 783 783 783 783 783 783 783 783 783 783 783 783 768 768 750 750 750 647 647 647 647 647 692 692 692 496 626 626 626 626 626 626 626 594 594 594 594 441 441 441 441 441 441 531 531 441 441 441 441 441 441 441 441 441 456 413 413 422 422 422 381 381 381 381 381 381 381 381 292 292 292 292 344 292 292 292 292 292 292 292 292 266 266 266 237 237 237 237 172 172 172 172 172 186 186 126 126 126 126 126 126 126 126 126 80 80 80 80 80 47 47 47 47 1 1 1 26 1 1 
968 968 968 983 971 971 926 926 756 756 756 934 756 756 756 859 859 859 859 859 874 783 783 783 840 783 783 811 811 783 783 783 784 768 769 750 750 750 647 647 712 712 647 692 692 692 496 496 655 626 626 496 496 627 594 594 594 594 441 441 441 441 441 441 531 532 441 441 501 501 481 481 481 441 441 456 413 413 422 422 423 381 404 404 381 381 381 381 381 292 292 292 292 292 292 292 292 266 266 266 266 266 266 237 237 237 237 246 229 172 172 172 172 172 172 186 126 126 126 126 126 126 118 118 127 80 80 80 80 80 47 69 1 1 1 39 1 26 1 2 
968 968 968 926 926 926 926 926 756 756 756 756 756 918 756 859 859 859 859 868 868 868 859 783 783 783 811 811 783 783 783 783 784 768 769 761 750 750 647 647 712 712 647 647 697 646 646 496 655 655 496 496 496 496 496 496 496 496 441 441 441 441 441 441 531 532 441 441 501 501 481 481 481 441 456 456 413 413 413 381 381 381 404 405 381 381 381 382 382 292 292 292 292 292 292 292 266 266 266 266 293 293 237 237 237 237 237 246 229 229 172 172 172 172 172 186 186 86 86 126 126 126 118 118 118 93 93 93 80 80 47 69 1 1 1 39 1 1 1 2 
968 968 968 926 926 926 926 926 756 756 756 756 927 918 756 756 899 859 859 868 868 859 859 834 834 783 811 811 783 783 784 784 784 768 769 761 751 751 647 734 712 712 712 647 647 646 646 496 496 496 496 573 496 496 496 496 496 496 589 564 564 564 441 441 531 441 441 513 457 457 457 481 481 441 441 441 413 413 413 381 381 404 404 405 392 392 392 362 362 362 266 266 266 266 266 266 266 302 302 293 293 237 237 237 237 246 246 246 229 229 172 172 172 172 172 172 86 86 86 86 86 118 118 118 118 93 93 93 93 80 47 47 1 1 1 1 30 1 1 2 
968 968 968 981 981 926 955 955 756 756 918 918 918 918 884 884 860 860 859 859 859 859 834 834 834 783 783 783 783 783 784 784 761 761 761 761 751 751 647 647 727 647 647 647 647 647 646 646 661 646 646 573 616 616 496 496 564 564 564 564 564 564 441 441 441 441 519 457 457 502 457 457 457 457 457 441 441 413 413 413 381 381 381 392 392 392 392 362 362 362 266 266 266 266 266 266 266 302 302 293 293 237 237 237 237 237 237 172 172 172 172 213 213 172 172 172 86 86 86 86 86 118 118 118 118 118 93 93 93 80 80 47 47 47 47 1 2 2 2 2 
968 968 968 981 981 926 955 955 955 756 918 918 918 919 884 884 860 860 860 860 860 860 834 834 834 834 783 783 783 783 761 761 761 762 762 762 756 741 741 647 647 647 647 647 647 647 683 646 646 646 647 573 616 616 616 496 496 496 564 564 564 564 540 540 540 457 457 457 495 495 457 457 457 457 457 457 441 413 413 413 413 413 381 392 392 392 392 362 362 362 362 266 266 266 266 266 266 318 302 302 239 237 237 237 237 237 237 172 172 172 172 173 173 173 173 172 177 177 86 86 86 86 86 86 86 86 86 86 86 1 1 70 1 1 1 1 2 2 17 3 
968 968 968 926 926 926 926 962 956 756 918 918 918 918 884 884 884 891 884 794 794 860 860 794 794 794 794 794 794 794 761 761 756 756 756 756 756 741 741 715 715 715 647 704 647 647 647 647 647 647 647 573 616 616 616 604 604 496 580 580 565 565 540 540 457 457 457 457 495 495 457 457 469 469 469 441 441 413 413 381 381 381 381 397 397 397 393 345 345 363 363 266 266 266 266 266 303 303 303 303 239 237 237 237 237 237 237 172 172 208 208 173 173 173 173 172 177 177 86 86 86 144 86 86 86 86 86 101 86 86 1 1 1 31 1 1 2 2 17 3 
1004 968 968 926 926 926 926 962 956 756 918 918 918 918 885 885 884 884 884 794 794 794 794 794 794 825 825 756 756 794 794 756 756 770 705 705 705 741 741 715 715 715 647 704 647 647 684 632 632 632 632 573 573 616 616 604 605 496 496 581 565 565 540 540 457 533 457 457 495 495 495 469 469 469 469 441 441 441 381 381 414 414 267 267 267 267 393 345 345 345 345 345 345 345 266 266 303 303 303 239 239 276 237 237 172 172 172 172 238 208 208 208 208 173 173 172 172 172 86 86 86 86 86 86 86 86 86 101 61 61 61 1 1 31 40 40 2 2 17 3 
1004 968 973 926 926 926 926 956 956 756 756 920 920 920 885 885 885 885 885 794 756 756 794 794 794 756 756 756 756 756 756 756 785 770 705 705 705 741 741 716 716 716 647 647 647 647 684 632 647 647 632 632 573 573 573 604 573 573 496 496 496 496 540 540 457 533 457 514 503 503 469 469 482 442 442 442 442 442 381 381 267 267 267 267 267 267 267 345 345 345 267 267 267 267 266 266 303 303 303 239 297 276 276 276 172 172 172 208 208 208 208 208 208 173 173 173 173 172 172 86 86 86 86 86 86 86 110 61 61 71 61 61 61 31 31 31 31 4 4 4 
968 968 973 984 926 926 926 956 926 926 756 756 756 756 885 756 756 756 756 794 756 756 756 756 756 756 756 756 812 756 756 789 770 770 705 705 705 705 716 716 647 647 647 647 698 647 647 632 647 647 647 632 573 573 573 604 573 573 573 573 573 496 496 496 457 457 457 514 503 503 469 482 482 442 442 442 442 442 381 381 267 267 267 398 398 398 267 267 373 373 267 267 267 267 330 330 267 267 267 239 239 239 239 239 239 239 239 208 208 208 208 208 208 208 173 173 173 173 173 86 86 86 86 128 128 61 61 61 94 71 71 71 54 54 31 31 31 4 4 4 
968 973 973 984 972 972 926 926 926 904 904 904 904 756 756 756 849 849 756 756 756 849 849 789 789 789 789 789 789 789 789 789 770 770 770 728 728 705 716 716 647 647 647 647 698 647 647 647 647 647 647 632 632 573 573 604 573 573 574 574 574 496 496 496 520 520 520 496 496 496 469 469 483 442 442 442 442 442 381 381 267 267 267 267 267 267 267 267 373 373 267 267 267 267 267 267 267 311 267 267 267 267 267 267 267 258 239 208 208 208 208 208 208 208 187 187 187 145 145 145 86 86 136 61 61 61 61 61 94 71 71 72 54 54 31 31 31 4 4 4 
968 973 973 973 973 973 926 926 904 904 904 904 904 904 904 904 849 849 886 756 756 849 849 789 789 835 789 789 789 789 789 770 770 770 728 728 728 705 705 716 716 647 647 647 647 647 675 675 618 618 648 573 573 573 573 573 573 573 574 574 574 496 496 496 496 521 521 496 496 496 496 469 442 442 442 381 381 381 381 381 424 408 408 267 267 267 267 267 373 373 267 267 267 267 267 267 267 311 311 267 267 267 267 268 268 258 239 208 208 214 214 208 208 187 187 188 188 145 145 145 145 145 61 61 61 61 102 102 48 48 48 48 48 48 48 32 32 4 4 4 
968 993 993 973 973 968 968 904 904 948 904 904 904 904 904 904 849 849 849 849 849 849 789 789 789 826 826 789 789 789 789 770 770 770 728 728 728 728 705 705 705 705 705 705 662 662 675 662 662 618 648 573 573 573 573 606 606 469 469 469 469 469 548 548 496 496 496 496 496 496 496 469 442 442 442 381 381 381 430 430 408 408 409 267 267 267 267 267 267 267 267 267 267 267 267 267 267 311 311 298 298 268 268 268 269 258 239 239 239 214 214 214 214 187 145 145 145 145 145 163 146 146 61 61 61 61 102 102 48 48 48 48 48 49 49 32 5 5 4 4 
968 993 968 968 968 968 968 904 957 904 904 904 904 904 849 849 849 849 849 878 869 869 789 826 826 826 827 789 789 795 795 770 770 757 757 763 757 728 742 728 728 705 705 705 662 662 662 662 663 618 613 613 573 573 617 606 606 469 469 469 469 469 548 548 534 534 496 496 510 469 469 469 470 408 408 408 408 408 408 408 408 409 409 267 267 267 267 267 267 374 364 267 267 267 267 324 324 311 311 298 298 268 268 268 258 258 230 230 230 230 187 187 187 187 145 146 146 146 146 146 146 146 61 61 61 61 48 48 48 87 7 7 7 32 32 32 5 5 5 5 
968 968 968 985 968 974 968 904 904 904 904 904 904 904 849 849 849 849 849 878 869 869 789 789 841 789 789 818 789 795 757 757 757 757 757 757 757 728 728 728 729 705 705 705 662 662 664 664 618 618 613 613 613 613 617 606 606 469 469 469 566 566 534 534 534 535 496 496 510 469 469 484 470 408 408 408 408 408 408 408 408 409 409 267 267 364 364 374 374 374 364 351 351 267 267 324 230 230 230 304 230 230 230 277 258 230 230 187 187 187 187 219 209 209 145 145 145 146 146 146 146 146 61 61 61 48 48 87 87 87 7 7 7 32 32 32 5 5 5 5 
999 999 994 968 968 968 968 904 904 904 904 904 904 904 913 905 849 849 849 842 842 869 861 789 789 789 789 789 789 757 757 790 717 717 757 757 662 662 662 729 729 662 662 662 662 662 664 664 618 618 618 613 613 613 613 613 469 469 469 469 566 556 556 469 469 469 496 496 469 469 469 484 470 470 408 408 408 408 408 408 267 267 267 267 267 364 364 374 374 374 364 351 351 267 267 230 230 319 230 304 230 230 230 230 258 230 253 187 187 187 187 219 209 209 145 145 145 146 146 147 147 147 61 61 48 48 111 87 87 7 7 7 7 32 32 32 5 5 18 5 
999 999 994 968 968 968 969 904 904 904 904 904 913 913 913 905 849 849 849 842 842 842 861 789 789 813 789 789 813 757 757 717 717 717 662 662 662 662 662 730 730 662 666 662 662 664 664 664 664 618 618 613 613 613 613 469 469 556 556 556 556 556 469 469 541 469 515 515 469 469 469 484 484 470 470 321 321 321 436 408 267 267 267 267 364 364 364 364 364 364 364 351 351 267 267 230 230 299 230 230 230 230 230 230 230 230 137 137 137 137 137 137 137 209 145 145 145 137 137 147 147 148 61 61 48 48 111 7 7 7 62 62 7 50 50 6 6 5 5 5 
986 986 994 986 975 975 958 904 904 904 904 900 900 900 900 905 849 849 875 842 842 842 842 842 842 813 813 819 813 757 757 717 786 717 662 662 662 662 662 730 730 662 666 666 666 664 664 664 665 618 618 618 628 628 618 469 607 556 556 556 469 469 469 549 469 469 515 515 469 491 491 491 321 321 321 321 448 321 321 408 408 267 267 267 364 364 387 387 365 365 365 331 331 331 331 331 230 299 299 230 230 294 230 230 230 259 137 240 240 137 137 137 137 137 137 137 137 137 137 137 148 148 61 61 48 48 7 7 55 55 62 62 7 7 6 6 6 6 19 6 
986 986 986 986 975 975 958 904 904 938 938 900 921 921 900 900 900 849 875 842 842 862 862 813 813 813 813 819 813 757 757 717 786 717 752 752 662 662 662 731 731 662 662 706 666 693 685 649 649 649 649 618 618 618 618 469 469 556 469 469 469 469 469 549 469 469 522 469 469 491 491 491 321 321 321 321 431 431 431 431 408 408 331 331 364 364 331 331 365 365 331 331 230 230 332 332 230 230 299 299 299 294 230 230 230 259 137 137 137 137 224 137 137 137 137 137 137 174 174 137 148 148 61 61 48 48 7 55 55 55 62 62 62 7 6 6 33 6 6 6 
900 900 900 900 975 975 958 958 958 900 900 900 921 849 849 849 849 849 875 875 875 862 863 813 843 813 813 813 813 717 717 717 717 717 752 752 752 752 662 662 662 662 662 706 666 693 685 649 649 633 633 633 633 618 618 469 469 469 469 575 575 469 469 523 523 469 469 469 491 491 491 471 471 321 458 458 431 431 431 431 331 331 331 331 364 364 331 331 365 365 331 331 230 230 332 332 230 230 305 305 294 294 230 278 230 189 189 189 189 224 224 137 137 137 137 197 137 137 175 137 137 137 137 7 129 7 7 55 55 55 55 55 63 7 7 6 6 6 6 6 
1005 900 900 900 900 900 900 900 900 900 921 921 921 849 849 849 849 876 876 879 862 862 863 813 813 813 828 717 717 717 717 717 717 717 717 717 758 717 717 717 717 717 667 667 666 666 685 676 633 633 633 633 633 618 618 469 608 469 567 567 576 469 469 523 523 523 523 516 491 491 491 471 471 321 458 458 431 431 431 431 331 331 331 331 364 364 331 331 365 365 365 331 352 230 230 230 230 247 247 247 247 247 230 230 230 189 189 189 189 224 224 137 137 137 137 137 137 137 137 137 137 137 137 7 7 7 88 88 88 64 64 55 55 55 7 7 7 7 6 6 
977 977 950 950 950 892 892 949 949 949 921 921 921 849 849 906 849 849 876 879 862 862 863 796 796 828 828 717 717 717 717 717 717 717 717 717 717 717 743 718 718 667 667 667 667 666 666 676 633 633 633 639 619 619 619 469 469 469 567 567 567 567 505 505 505 505 505 516 491 491 471 471 471 321 458 458 431 431 431 431 331 395 395 331 331 331 331 331 331 331 331 331 331 230 230 325 325 247 247 247 247 247 247 247 247 189 189 189 189 224 224 198 198 198 198 65 65 65 65 154 154 88 88 88 88 88 88 103 88 64 64 64 64 34 34 34 34 7 7 7 
977 977 950 950 950 892 892 892 892 892 921 921 921 849 849 906 849 849 876 876 876 862 863 796 796 796 796 717 717 717 717 717 717 717 717 717 717 735 735 718 718 667 667 667 667 694 666 666 666 633 633 639 619 629 582 582 582 595 505 505 505 505 505 505 505 536 505 504 504 504 471 471 471 321 321 321 321 321 437 331 331 395 395 406 383 331 331 331 331 375 331 331 331 346 325 325 306 306 247 247 247 247 247 279 247 189 189 189 189 189 189 198 198 198 198 65 65 178 65 154 154 88 88 88 88 88 88 103 88 88 34 34 34 34 41 41 20 20 7 7 
977 977 950 950 950 892 892 892 892 892 892 892 928 849 849 906 849 887 887 880 796 796 796 796 836 836 796 806 806 806 717 717 771 771 771 735 735 735 735 735 718 718 667 667 667 667 686 667 667 639 639 639 619 582 582 582 582 595 505 505 505 536 536 536 536 536 505 505 505 505 471 471 471 459 459 321 321 321 437 331 395 395 395 406 383 331 331 375 375 375 366 331 331 346 325 325 306 306 306 306 247 247 247 247 247 247 189 189 231 231 189 198 198 204 198 198 65 65 65 65 65 149 120 120 119 119 103 103 34 34 34 56 56 56 41 41 20 20 20 8 
977 977 987 987 950 976 892 892 892 939 939 892 892 892 914 849 849 887 880 880 796 796 796 848 836 836 796 806 806 796 796 771 771 771 764 764 735 735 736 736 678 678 667 667 699 667 667 667 667 639 639 619 619 582 582 582 582 582 582 582 505 536 536 536 536 517 517 517 485 485 471 471 471 471 459 459 321 321 437 331 395 406 406 406 383 383 394 375 375 366 366 346 346 346 306 306 306 306 306 300 300 247 247 247 270 189 189 189 189 189 189 198 198 204 198 198 189 65 65 65 65 149 120 120 119 119 103 34 34 89 34 34 57 57 20 20 20 27 8 8 
977 1000 987 987 950 950 950 892 892 892 892 935 892 892 849 849 880 880 880 870 870 870 796 796 796 837 796 806 806 796 797 771 771 771 764 764 759 736 736 736 678 678 667 667 699 667 667 677 667 639 639 619 619 582 582 614 505 505 590 505 505 536 536 536 536 517 517 517 485 485 485 485 485 471 459 459 321 331 331 331 395 395 395 395 395 383 383 383 367 367 346 346 347 347 306 306 306 306 306 300 300 247 287 270 270 189 189 189 189 189 189 198 198 204 204 189 189 65 65 65 65 149 120 120 103 103 103 34 34 34 34 34 57 57 20 20 27 27 8 8 
977 977 977 977 977 977 950 892 892 940 892 892 892 849 849 907 880 880 888 870 870 870 796 796 796 837 796 796 796 796 797 771 771 759 759 759 759 736 736 736 678 678 678 678 678 667 667 667 667 640 640 640 619 619 620 614 505 505 505 505 511 511 536 536 542 511 511 511 485 485 486 486 486 471 471 460 321 331 331 331 331 415 395 395 395 383 383 383 367 367 346 346 347 306 306 312 306 306 306 300 300 247 247 270 260 260 189 189 189 189 189 205 205 205 205 189 65 65 65 65 65 149 120 103 103 120 34 34 34 34 34 34 34 57 20 20 9 9 8 8 
988 988 988 988 950 950 950 963 892 940 940 892 892 849 849 849 849 849 849 870 871 871 849 849 796 796 797 797 797 797 797 771 771 759 759 759 753 753 744 707 707 707 707 707 678 678 678 678 640 640 619 619 619 619 620 614 505 505 505 505 505 511 511 511 511 511 524 511 511 485 443 443 443 460 460 460 321 331 331 331 331 415 389 389 395 395 395 383 383 367 367 347 347 306 312 312 306 306 306 300 247 247 247 270 260 260 189 189 189 189 189 189 215 189 189 189 65 65 65 164 65 149 120 120 120 120 34 34 34 34 34 73 34 57 20 20 9 9 9 9 
988 931 931 931 950 950 950 950 892 892 892 892 892 892 892 849 849 892 849 870 849 849 849 850 844 796 797 797 797 759 759 759 759 759 759 759 753 753 744 707 707 656 656 656 656 678 678 656 656 656 619 634 634 614 614 614 596 596 583 583 505 505 511 511 505 505 505 505 505 485 443 443 443 460 460 460 321 321 321 331 331 415 389 389 401 347 347 347 347 347 347 347 313 306 312 312 312 312 312 300 247 288 288 247 247 247 189 189 189 189 216 189 189 189 199 199 133 133 133 133 65 65 65 65 65 65 65 34 34 90 34 34 34 21 21 20 9 9 9 9 
931 931 995 931 931 950 950 950 950 950 892 892 892 892 892 849 849 892 849 849 849 864 864 844 844 796 797 797 797 759 759 759 759 759 759 744 744 744 744 707 707 656 708 708 656 656 687 656 668 619 619 635 635 614 614 614 596 583 583 557 557 505 550 550 505 505 525 505 505 485 443 443 443 443 443 443 449 443 321 321 321 321 389 389 347 347 347 347 347 347 368 313 313 306 312 312 312 312 300 300 247 247 247 247 271 247 247 247 232 232 216 216 216 199 199 133 133 133 133 133 133 138 138 133 65 65 65 65 65 65 65 65 65 21 21 20 20 9 9 9 
931 995 995 989 931 950 950 950 950 951 892 892 922 922 892 892 892 892 844 844 844 844 844 844 796 796 720 720 720 759 759 759 759 759 759 744 744 744 745 707 707 656 656 656 656 656 656 656 619 619 635 635 621 621 596 596 596 583 583 557 557 505 505 505 543 505 505 505 505 505 443 443 443 443 443 443 443 443 425 425 425 321 389 389 347 388 388 388 347 347 368 313 306 306 313 313 313 313 313 301 301 280 280 280 261 261 247 247 232 232 220 220 199 199 133 133 190 133 133 165 133 133 133 133 65 65 65 65 95 91 66 74 66 21 21 21 20 9 9 9 
931 931 931 989 931 941 941 941 941 941 941 901 901 901 901 901 844 844 844 844 844 844 865 796 796 820 820 820 720 778 778 778 778 778 772 744 744 744 745 707 707 656 656 709 619 619 619 619 619 635 635 621 621 621 596 596 597 597 583 583 557 557 557 505 537 537 505 505 505 505 443 443 443 443 443 461 425 425 425 426 426 321 389 389 347 388 388 347 347 347 313 313 353 313 313 333 301 301 301 301 280 280 280 280 261 261 247 247 232 232 220 220 199 199 133 133 133 155 155 155 155 91 139 130 130 91 91 91 91 91 66 66 66 21 51 21 20 9 9 9 
931 931 931 941 941 941 941 941 941 941 901 901 901 901 915 901 844 844 844 844 844 844 865 796 796 820 821 821 720 778 778 778 720 720 772 744 744 744 744 707 707 619 619 619 619 695 619 619 669 635 635 621 621 621 621 596 591 591 591 583 558 558 558 505 537 505 505 505 505 505 475 475 475 475 461 461 425 425 426 426 427 321 321 389 347 347 347 347 347 347 313 313 313 313 342 333 301 301 301 301 280 280 261 261 261 261 248 248 232 232 220 220 199 199 133 133 133 133 133 141 156 91 91 130 91 91 91 91 75 75 81 21 21 21 51 21 20 20 20 10 
931 1001 941 941 941 941 941 941 941 941 901 901 901 796 915 901 844 844 844 844 796 796 851 851 796 820 720 720 720 778 720 720 720 720 744 744 744 744 744 707 707 619 619 619 669 669 669 669 669 635 635 621 621 596 596 596 591 591 583 583 558 558 558 505 537 505 475 475 475 475 475 475 475 475 461 461 425 425 426 426 416 416 321 389 389 389 389 389 333 333 333 333 333 333 342 333 301 301 280 280 280 280 261 262 262 262 248 241 241 220 220 217 217 134 134 134 133 133 133 141 140 140 91 91 91 121 91 91 75 75 75 21 21 42 42 21 21 20 20 10 
931 931 941 941 941 941 941 964 901 901 936 936 901 796 796 901 901 796 796 796 796 796 851 796 796 820 720 720 720 778 720 791 720 720 744 744 744 744 744 707 707 619 619 619 669 696 679 679 635 635 650 554 554 596 596 609 609 558 558 558 568 568 558 505 505 505 475 506 506 475 475 475 444 444 461 461 425 425 416 416 416 417 321 321 321 321 389 389 333 333 333 333 333 333 333 333 320 320 280 280 280 280 289 248 248 248 248 241 242 220 220 217 217 134 134 134 133 133 141 141 140 140 140 91 91 121 91 91 75 75 75 75 21 42 42 42 21 21 21 10 
931 931 982 982 982 941 941 964 901 901 901 901 901 901 796 796 796 796 852 796 796 796 796 796 814 814 798 798 720 720 720 720 720 773 773 744 744 719 719 719 719 719 669 669 669 696 635 635 635 635 635 554 554 584 584 609 609 558 558 558 568 558 558 551 475 475 475 506 506 506 475 475 444 444 444 444 425 425 416 416 416 417 399 399 321 321 321 321 333 333 333 333 333 320 320 320 320 248 248 248 248 248 248 248 248 248 241 241 242 217 217 217 217 134 134 133 133 133 141 141 141 141 141 121 121 121 21 21 75 75 82 75 21 42 42 42 11 11 10 10 
931 1002 982 982 982 964 964 964 901 952 908 901 901 901 796 796 796 796 852 796 796 796 796 852 814 814 798 798 798 807 798 720 773 773 773 744 744 719 719 732 732 720 669 669 669 696 635 635 635 635 635 554 554 584 584 584 609 558 558 577 577 558 551 551 475 526 526 475 475 475 475 444 444 444 444 444 444 444 416 432 416 416 399 399 321 321 321 321 376 376 320 320 320 320 334 334 326 248 248 307 248 248 217 217 217 263 241 241 217 217 217 217 134 134 200 200 133 133 157 157 157 121 121 121 121 121 21 21 21 75 75 75 21 58 11 11 11 11 11 11 
931 1002 982 982 982 964 964 964 901 952 908 923 923 923 908 908 796 796 852 877 877 796 796 852 814 814 799 799 798 798 798 720 773 773 773 719 744 719 719 732 720 720 669 669 669 696 635 635 635 635 651 554 554 584 584 584 584 584 558 558 558 558 551 551 475 475 475 475 478 478 478 444 476 476 450 450 445 445 416 416 416 416 399 399 399 399 321 321 376 376 320 359 354 321 321 321 326 321 248 248 248 248 217 281 217 217 217 241 217 217 217 217 134 134 134 134 191 179 157 157 157 121 96 96 131 21 21 104 21 21 75 75 21 58 11 11 11 11 11 11 
931 978 978 978 978 964 964 965 901 952 908 908 908 908 908 909 852 852 852 877 852 852 852 852 814 814 799 799 799 799 799 720 720 773 773 719 719 719 720 720 720 721 669 669 669 658 658 658 554 554 651 554 554 584 584 584 584 584 584 584 544 544 544 544 544 475 475 478 478 478 478 444 476 476 450 384 445 445 410 410 410 410 410 407 399 399 321 321 321 377 320 354 354 321 343 321 321 321 248 248 248 248 217 281 254 254 217 217 243 233 217 217 192 192 192 134 134 179 166 166 150 150 96 96 131 96 96 96 96 21 21 21 21 58 11 11 11 28 11 11 
931 978 978 978 978 978 901 901 901 952 901 901 929 908 908 909 852 877 877 877 852 853 852 852 814 814 814 814 814 787 787 787 720 720 720 720 720 720 720 669 669 669 669 669 669 658 658 658 554 554 554 554 554 554 610 610 610 598 584 584 544 544 544 544 545 507 507 478 478 478 478 444 477 477 450 384 384 384 410 410 410 418 407 407 390 390 390 390 321 321 320 354 354 321 321 321 321 217 217 217 217 217 217 254 254 254 254 217 233 233 217 221 192 192 192 201 134 179 166 150 150 105 105 96 96 96 112 96 96 21 21 21 21 21 11 35 11 11 11 12 
931 931 931 931 978 978 901 901 901 952 901 901 901 901 901 901 852 852 852 852 852 853 853 853 814 814 814 787 787 787 800 787 787 765 765 722 722 722 722 669 669 669 669 669 658 658 670 670 554 554 554 641 636 554 610 610 610 598 559 559 559 559 559 544 545 507 507 507 507 507 478 444 477 477 450 450 450 384 428 410 410 407 407 390 390 390 390 369 369 321 320 320 320 321 321 335 321 217 217 217 217 217 282 254 272 254 254 217 233 217 217 221 180 180 192 192 134 134 166 150 150 105 105 105 105 105 105 105 97 21 21 21 67 21 11 35 35 12 12 12 
931 931 931 931 959 959 959 959 901 901 901 930 930 901 901 901 902 787 787 787 787 787 787 787 787 787 787 787 787 787 779 779 779 765 765 722 722 754 722 737 669 669 669 669 658 670 670 670 670 554 554 636 636 554 610 610 598 598 559 544 544 544 560 544 527 527 527 452 452 452 478 444 444 444 472 451 451 384 428 428 428 407 407 390 390 390 369 369 321 321 355 355 355 321 321 321 321 217 217 217 217 295 282 254 254 264 254 217 233 217 180 180 180 180 180 192 192 134 166 150 150 134 134 105 105 122 97 97 97 21 21 21 21 21 11 11 12 12 12 12 
1006 931 931 990 959 959 959 959 959 930 930 930 930 901 902 902 902 787 889 787 787 787 787 801 801 801 808 808 808 808 779 779 779 779 765 765 722 722 722 737 669 669 669 669 658 670 670 670 554 554 636 636 554 554 615 615 598 599 559 544 544 544 544 544 527 527 527 452 452 452 478 487 487 444 472 451 451 384 419 419 419 419 390 390 390 390 369 369 321 321 321 321 321 321 321 321 322 217 217 217 217 295 282 282 254 254 254 217 217 217 180 210 210 210 180 192 192 134 166 150 150 134 134 134 113 113 97 97 98 21 21 11 11 11 11 11 12 12 12 12 
1006 931 931 931 931 931 931 959 959 930 930 930 930 901 902 902 902 787 787 787 787 787 787 801 801 801 801 801 801 801 801 779 779 722 722 722 722 722 722 710 710 710 710 710 658 688 688 554 554 657 636 636 554 554 554 554 599 599 559 559 544 544 544 552 527 527 527 452 452 452 478 478 488 444 384 384 384 384 419 419 384 384 390 390 390 390 390 369 369 369 369 336 336 336 336 336 322 322 314 283 283 295 254 254 254 254 254 225 225 225 225 210 210 210 180 180 180 134 134 158 158 134 76 76 113 113 113 98 98 21 21 11 11 11 11 11 12 12 12 12 
1006 979 979 979 979 979 931 959 959 930 930 930 930 901 902 902 902 787 787 787 787 838 838 801 801 829 829 801 801 809 779 779 779 722 722 766 722 722 722 710 710 710 710 710 658 688 688 554 554 554 554 637 637 630 554 554 554 554 559 559 544 544 544 528 528 538 452 452 498 452 497 478 478 478 384 419 419 419 419 419 384 384 384 390 390 390 390 369 369 336 336 336 336 336 336 314 314 314 314 283 283 283 254 254 254 254 254 225 225 202 202 210 210 210 202 202 180 180 134 134 134 134 76 76 76 76 76 98 98 21 21 11 11 11 12 12 12 12 12 13 
979 979 979 979 979 979 931 931 931 942 942 901 901 901 910 902 902 893 809 809 809 838 838 838 838 809 809 809 809 809 779 779 779 722 722 722 722 722 722 722 710 710 713 711 658 680 680 680 658 658 554 630 630 630 554 554 554 554 554 554 554 554 528 528 528 528 452 452 498 452 452 452 489 384 384 419 419 419 419 419 384 420 384 384 390 390 390 390 336 336 336 336 336 336 336 314 314 315 315 283 283 283 283 283 234 234 234 225 225 202 202 202 202 202 202 181 181 181 134 134 134 134 76 76 76 76 76 76 76 76 76 76 22 22 12 36 36 12 12 13 
979 979 979 979 979 979 931 931 931 942 942 901 901 901 910 910 809 893 809 809 809 809 866 838 838 809 809 809 809 775 775 775 775 722 774 722 722 722 746 722 722 722 711 711 658 680 658 658 658 659 554 630 630 569 569 569 569 600 585 585 554 554 528 528 528 528 528 452 498 452 452 452 489 384 384 384 438 438 438 384 384 384 384 384 390 390 390 390 336 336 336 336 336 314 314 314 314 315 315 283 283 255 255 284 234 234 234 249 244 202 202 202 202 202 181 181 182 182 167 167 106 106 106 106 76 76 114 76 76 22 22 22 22 22 12 12 12 13 13 13 
932 932 932 979 979 979 931 931 931 942 942 901 901 901 911 911 809 809 809 809 809 809 866 838 838 838 809 809 775 775 775 775 775 722 722 767 722 722 700 700 700 700 711 711 658 658 658 658 658 659 554 642 569 569 569 569 569 585 585 586 554 553 553 553 528 528 528 452 498 498 498 452 489 384 384 384 384 384 439 384 429 384 402 402 402 384 384 384 384 356 356 356 356 314 314 314 314 316 316 283 283 255 255 255 255 234 234 249 244 181 181 181 181 202 181 203 167 167 167 168 106 106 106 106 76 76 114 106 22 22 83 22 22 22 52 12 12 13 13 13 
932 932 932 932 932 932 932 932 931 942 942 901 901 924 881 881 881 881 809 809 809 809 809 809 809 809 830 809 775 775 775 775 775 775 722 767 722 700 700 738 700 700 700 700 700 658 658 658 671 554 554 642 569 569 569 569 569 585 554 554 554 553 553 553 528 528 452 452 498 498 499 452 452 452 473 452 452 384 384 384 429 384 402 402 384 384 384 384 385 356 356 356 356 314 314 314 314 316 274 274 274 255 255 255 255 234 234 234 244 181 181 181 181 181 181 167 167 176 176 151 151 151 106 106 106 106 106 106 22 22 22 22 22 22 22 22 37 22 22 14 
1007 932 991 991 932 932 932 932 931 931 931 931 931 881 881 881 881 881 881 881 845 845 845 845 845 809 830 809 775 775 775 775 775 775 722 722 722 700 700 738 700 700 700 700 700 658 658 658 671 554 569 569 569 569 569 569 554 554 554 587 554 554 553 553 518 518 452 452 499 499 499 452 452 452 452 452 446 446 429 429 429 384 384 384 384 378 378 378 385 378 356 356 356 314 314 314 314 274 274 308 274 255 255 255 255 255 255 234 244 181 181 135 135 135 135 167 135 135 135 151 135 135 106 106 106 123 115 99 99 22 22 22 22 22 53 22 22 22 14 14 
932 932 991 991 932 932 932 953 953 953 780 780 780 881 881 845 845 845 845 845 845 872 854 854 809 809 830 809 775 775 775 788 788 775 775 722 722 700 700 738 723 723 689 689 701 658 658 554 554 554 569 622 622 622 622 569 554 554 554 554 554 554 554 518 518 518 518 452 499 452 452 378 378 378 378 462 446 446 429 429 429 378 378 378 378 378 378 378 378 378 337 337 337 337 337 337 274 274 274 274 274 255 255 255 255 255 255 234 234 234 181 135 135 135 135 135 135 183 135 135 135 135 135 135 99 99 115 99 22 22 84 59 59 22 22 43 14 14 14 15 
932 932 932 932 932 932 932 953 953 953 780 780 780 881 881 845 845 845 845 854 854 872 854 809 809 830 830 809 815 780 780 788 788 780 723 723 723 723 723 723 723 724 689 689 689 689 689 554 554 554 569 569 569 592 592 569 569 569 569 569 569 569 554 518 518 518 518 452 452 452 452 378 378 378 378 378 378 378 378 378 378 378 378 378 378 378 378 370 370 379 337 337 337 337 338 338 274 274 274 285 285 285 285 285 250 250 250 250 234 234 193 193 193 135 135 135 152 152 152 152 99 99 99 99 99 99 99 99 22 92 59 59 59 59 22 43 14 14 14 15 
932 932 932 932 932 932 932 932 932 932 932 932 780 780 780 845 845 894 854 854 854 854 854 809 809 830 809 809 780 780 780 788 788 780 723 723 723 739 739 739 689 689 689 689 689 554 690 554 554 579 569 569 569 592 592 611 611 569 569 570 570 570 554 554 518 518 518 518 492 492 452 452 452 378 378 463 453 378 378 421 421 421 378 378 378 378 378 370 370 379 337 337 357 337 337 339 327 274 274 285 285 285 285 285 250 256 256 193 193 193 193 222 193 193 135 135 152 152 152 152 99 99 99 132 132 116 116 22 22 59 59 77 22 22 22 43 23 23 14 14 
932 932 932 954 954 954 954 954 954 954 943 932 916 916 780 845 894 894 854 854 854 854 855 855 809 809 809 822 780 780 780 788 788 780 723 723 739 739 689 689 689 689 689 681 681 554 554 554 554 579 652 592 592 592 592 592 592 592 592 570 570 570 554 554 518 518 518 518 492 492 492 492 452 452 378 378 453 378 378 421 421 421 378 370 370 370 370 370 370 370 370 337 337 337 337 327 327 274 274 274 285 285 285 250 250 256 256 193 193 193 193 211 211 193 193 193 193 152 152 159 159 152 99 107 107 116 116 22 22 59 59 77 22 22 22 22 23 23 23 14 
996 996 996 954 954 954 966 966 932 932 943 932 916 916 780 845 845 845 845 854 854 854 855 780 780 780 780 780 816 780 780 780 788 780 739 739 739 739 689 689 689 689 681 681 681 681 554 554 579 579 652 592 592 592 592 592 592 601 493 493 493 493 493 493 493 493 493 493 493 493 493 493 452 452 378 378 378 378 378 378 378 378 378 370 370 370 370 370 370 370 370 337 337 327 327 327 328 309 309 274 285 285 285 250 235 235 235 235 235 235 193 211 211 194 194 194 194 152 152 152 152 152 99 107 107 107 107 107 22 59 59 77 22 22 22 22 24 23 23 14 
996 933 933 954 954 954 966 966 932 932 932 932 916 916 780 780 895 895 845 845 845 845 855 780 846 780 780 780 780 780 802 780 788 780 739 739 739 739 689 689 689 689 681 681 681 681 681 681 579 579 643 643 623 623 592 592 592 592 493 493 493 546 546 546 508 508 508 508 508 508 493 493 452 479 378 378 378 433 433 433 411 411 370 370 370 370 370 370 370 370 370 337 337 327 328 328 328 309 309 274 274 274 274 250 235 235 235 235 235 235 193 211 211 194 194 194 194 152 152 152 152 100 100 100 100 100 100 100 22 22 77 77 22 22 22 44 24 23 23 14 
996 933 933 933 954 954 933 933 932 937 937 937 916 916 916 780 780 780 882 882 856 856 855 780 780 780 780 780 780 780 780 780 780 780 739 739 689 689 689 689 689 725 644 644 681 681 681 579 579 579 643 643 623 623 592 592 592 592 493 493 493 493 546 546 508 508 508 508 434 434 434 434 452 452 434 434 434 434 433 433 411 411 370 370 370 371 371 371 380 328 328 337 337 348 328 309 309 309 309 274 274 296 274 273 273 235 235 193 193 193 193 211 194 194 194 194 194 152 152 152 152 100 142 100 100 100 100 100 100 22 22 78 22 60 24 24 24 14 14 14 
996 996 996 933 933 933 933 933 932 932 944 932 932 780 780 780 780 780 882 856 856 856 856 856 780 780 823 823 780 780 780 780 780 780 689 689 689 689 689 689 689 725 644 644 644 681 681 579 660 660 579 579 623 623 623 592 592 602 578 578 578 493 546 555 546 508 508 434 434 464 464 434 434 452 434 454 454 434 434 434 411 411 370 370 370 371 371 371 380 328 328 328 328 328 328 309 309 309 309 309 193 193 274 274 274 235 235 193 226 226 226 211 194 206 206 194 194 160 160 160 160 100 100 100 100 100 100 100 100 22 22 22 22 60 24 24 24 14 14 14 
996 996 996 992 933 933 933 933 945 932 932 932 933 780 780 780 780 896 856 856 856 856 856 856 780 780 823 823 780 780 780 780 780 780 689 689 689 689 747 689 689 725 644 644 644 681 681 579 579 579 579 579 623 623 623 592 592 602 578 578 578 493 546 546 546 508 508 434 464 464 464 464 434 434 434 454 454 411 411 411 411 411 370 370 370 400 371 371 380 328 328 328 328 328 328 309 309 309 309 193 193 193 193 274 274 193 193 193 226 223 211 211 194 194 194 194 195 160 160 160 161 100 100 108 108 108 108 22 22 22 22 22 68 45 45 45 24 24 24 14 
996 992 992 992 933 933 933 933 945 945 945 933 933 925 897 897 780 780 856 856 856 873 856 856 780 780 831 780 780 749 749 749 781 781 689 689 689 689 689 689 714 714 714 644 644 644 644 644 672 644 644 579 579 579 579 579 612 579 579 579 579 493 546 546 547 464 464 464 464 500 500 464 490 434 434 464 411 411 411 411 411 411 370 370 370 400 371 371 380 380 328 328 328 328 265 265 265 193 193 193 193 193 193 193 193 193 251 251 223 223 211 211 211 211 195 195 195 160 160 160 125 125 125 108 108 108 108 22 22 22 22 45 45 45 14 14 14 14 14 14 
996 992 992 960 960 960 960 933 933 933 933 933 925 925 897 897 903 780 780 780 856 856 856 780 780 780 780 780 749 749 803 749 749 782 760 760 644 644 714 714 714 644 644 644 702 644 644 644 644 644 644 579 579 588 588 579 579 579 593 493 493 493 561 464 464 464 529 465 465 500 500 464 464 464 464 464 411 435 435 435 411 411 370 370 370 370 371 371 371 371 371 349 349 265 265 340 265 193 193 193 193 193 193 193 251 251 251 252 223 223 223 223 195 195 195 125 125 125 125 125 125 125 125 108 108 108 108 22 22 22 22 45 45 45 14 14 14 14 14 14 
996 992 992 960 960 960 960 960 960 946 946 925 925 897 897 897 903 890 890 780 856 856 867 780 780 780 824 824 749 810 792 792 749 749 760 760 644 644 644 644 644 644 644 644 702 644 644 644 644 644 644 644 588 588 588 588 588 588 493 493 561 561 561 464 465 465 465 465 465 465 465 465 465 465 465 465 411 411 411 411 411 411 411 370 370 370 371 371 386 349 349 349 349 265 265 265 265 193 193 193 193 193 193 193 251 251 251 218 218 223 223 195 195 195 195 125 125 125 125 125 162 125 143 108 108 124 108 22 22 22 22 45 14 14 14 14 14 14 14 14 
996 996 980 980 980 960 960 960 960 946 947 925 925 897 912 912 890 890 780 780 856 856 867 780 780 780 805 805 749 749 792 793 749 749 760 760 644 644 748 644 644 644 644 644 644 644 653 653 653 653 653 645 588 624 624 588 588 588 493 493 493 561 561 464 464 464 464 464 464 465 465 455 455 466 466 466 412 412 412 412 371 371 371 371 371 371 371 371 371 349 360 360 349 349 265 265 329 193 193 193 193 193 290 275 275 251 251 218 218 218 218 195 195 195 195 125 125 184 125 125 162 125 143 108 108 108 108 108 22 22 45 45 14 14 14 14 14 14 14 14 
996 996 997 961 980 980 961 961 946 946 947 925 925 897 912 912 890 890 780 780 780 780 780 780 780 805 805 805 805 755 755 755 749 776 776 760 644 644 644 644 733 644 644 644 653 653 653 653 653 653 645 645 588 588 588 588 588 588 588 588 493 571 539 539 539 464 464 512 464 464 464 455 455 466 466 466 412 412 412 412 371 371 371 371 391 391 371 371 371 349 360 360 265 265 265 323 323 323 317 193 193 265 265 275 275 218 218 218 236 236 218 218 195 195 195 125 125 125 125 169 125 125 143 108 108 108 108 108 14 14 14 14 14 14 14 46 14 14 25 14 
996 996 997 961 961 961 961 961 946 946 946 925 925 897 897 897 897 897 832 832 780 780 780 780 780 805 805 805 805 755 804 755 749 749 749 760 644 644 644 726 726 644 644 644 653 653 653 653 653 653 645 645 631 631 603 603 493 493 493 493 493 493 539 539 539 464 464 512 512 509 464 494 455 455 466 466 455 412 412 371 371 371 371 371 371 391 391 391 349 349 360 360 265 265 265 323 265 265 317 265 265 265 265 218 218 218 212 212 236 212 212 218 218 185 185 196 196 125 125 125 125 153 125 125 125 125 14 14 14 14 85 29 29 29 14 14 14 14 14 14 
1003 1003 970 970 961 961 970 961 961 832 832 832 832 897 897 898 898 898 832 832 857 857 780 780 847 832 832 805 817 755 804 755 755 755 749 760 760 644 644 726 726 644 644 644 644 682 682 682 673 645 645 645 631 631 603 603 493 493 493 493 493 493 562 539 539 539 530 509 509 509 464 464 467 455 455 455 455 412 412 371 371 371 371 371 371 349 349 349 349 372 372 286 286 286 265 265 265 265 265 265 265 265 265 218 218 212 212 212 212 212 227 170 170 185 185 185 185 185 125 125 125 125 125 125 125 14 14 14 14 14 85 29 29 29 29 29 29 29 14 14 
998 998 970 970 970 970 970 832 832 832 832 832 832 832 832 832 832 832 832 832 857 857 857 857 832 832 805 805 817 755 755 755 755 755 749 749 749 749 749 726 726 644 644 644 644 682 682 673 673 645 645 645 631 631 603 603 493 493 493 493 572 572 562 539 509 509 530 509 509 468 468 464 467 480 474 467 447 447 412 371 371 371 371 371 349 349 396 349 349 372 372 286 358 286 286 265 265 310 310 310 265 265 291 218 218 212 212 245 245 170 170 170 170 185 185 185 170 170 125 125 125 125 125 125 125 14 117 14 14 79 79 79 29 29 29 29 29 29 14 14 
998 998 970 970 970 970 832 832 832 832 832 832 832 832 917 832 832 883 832 832 857 857 857 858 832 839 805 805 805 805 755 755 755 755 755 755 755 740 740 740 726 726 644 644 673 673 673 673 645 645 654 603 603 603 603 603 493 493 493 493 562 562 562 539 509 530 530 509 509 468 468 464 467 467 474 467 447 447 412 412 412 412 412 349 349 396 396 349 349 349 349 286 286 286 286 265 265 310 310 286 286 265 291 265 265 265 212 212 212 170 170 170 207 207 207 170 170 170 170 170 125 125 125 125 125 14 14 14 14 79 79 79 29 29 29 29 16 16 16 16 
998 998 998 970 970 970 832 967 832 832 832 832 832 832 917 883 883 883 832 832 832 857 857 858 832 833 833 805 805 805 755 755 755 777 777 755 755 740 740 740 645 645 645 645 645 645 691 645 645 654 654 603 638 603 603 603 493 493 493 493 562 562 563 539 509 509 509 509 509 468 468 464 464 467 467 467 440 440 440 412 412 412 412 349 403 396 396 349 349 349 349 361 286 350 286 286 286 310 310 286 286 265 265 265 257 257 257 212 212 228 228 170 170 170 170 170 170 171 171 171 125 125 125 125 14 14 14 109 14 38 38 38 38 38 38 38 16 16 16 16 
998 998 998 832 832 832 832 967 832 832 832 832 832 832 917 883 883 883 883 883 832 832 832 832 832 833 833 805 805 805 805 755 755 777 777 755 755 755 740 740 645 645 645 645 703 645 645 645 674 654 654 603 603 603 625 603 603 603 493 493 562 562 563 539 539 539 509 509 509 468 468 468 468 468 468 468 440 440 440 412 412 412 412 349 349 349 349 349 349 349 361 361 286 286 286 341 286 286 286 286 286 286 286 286 257 257 257 212 212 212 212 212 212 212 170 170 170 171 171 171 125 125 125 125 14 14 14 109 14 38 38 38 38 38 38 38 38 16 16 16 
