987 980 971 900 900 900 900 900 900 900 900 886 886 886 813 813 813 813 813 813 813 824 824 813 805 805 741 741 741 741 741 762 741 741 741 695 695 700 700 700 695 677 677 627 627 627 627 627 627 627 565 565 573 573 573 573 573 542 542 542 542 537 537 518 518 480 480 451 451 451 479 454 454 454 454 451 446 437 368 368 368 368 368 368 368 368 368 368 368 316 316 316 316 316 316 316 316 241 241 241 241 241 241 241 241 241 226 226 200 200 200 200 180 180 180 158 158 158 113 113 134 134 113 113 113 65 65 65 65 65 65 65 65 1 1 1 1 1 1 1 
980 980 971 900 900 941 941 900 900 900 900 886 893 813 813 850 850 850 850 850 813 813 813 813 805 741 741 768 768 768 741 741 741 741 741 695 695 695 695 695 695 677 677 627 628 627 627 628 628 628 565 565 565 573 573 573 573 542 542 518 518 537 537 518 519 480 480 451 451 451 451 454 451 451 451 451 446 437 368 426 368 368 368 368 368 368 368 368 368 316 357 334 334 316 316 316 316 241 241 241 241 242 242 242 242 242 226 226 200 200 200 201 180 158 158 158 159 159 113 113 134 134 113 114 114 65 65 65 65 65 65 57 57 1 1 1 1 19 1 1 
980 980 971 900 900 941 942 900 900 900 900 886 893 813 813 813 813 813 813 813 830 830 805 805 805 782 782 768 768 768 695 695 746 746 695 695 723 707 707 696 696 627 627 627 628 627 627 628 628 628 565 565 565 574 542 542 542 542 542 518 518 518 518 518 480 480 480 451 451 462 451 451 451 461 446 446 446 437 368 426 368 368 368 368 368 368 316 316 316 316 357 334 334 316 316 316 316 241 241 241 241 242 242 242 243 243 226 226 200 180 180 180 180 158 168 168 159 159 113 113 113 113 113 65 65 65 65 65 65 65 65 57 57 57 1 1 19 19 1 1 
971 971 971 900 941 941 922 922 922 900 900 886 886 813 813 813 813 813 813 813 830 830 805 805 805 782 782 782 768 768 695 695 695 695 695 707 707 707 708 696 696 627 627 627 628 628 645 628 628 565 565 565 574 574 542 583 564 564 518 518 520 520 480 480 480 496 496 503 496 462 451 451 469 446 446 431 431 437 368 368 368 368 368 368 368 368 316 317 317 334 334 334 334 334 317 317 317 241 241 241 242 242 243 243 243 244 226 226 200 180 206 158 158 158 168 168 159 159 113 113 113 113 65 65 65 65 65 65 74 74 74 57 57 1 1 1 19 2 2 2 
971 971 971 900 900 900 922 922 922 922 900 900 886 814 814 814 814 814 776 776 776 776 776 805 805 782 782 782 782 768 695 695 742 742 742 707 707 713 660 660 660 627 627 627 660 628 628 628 628 565 565 565 574 542 542 583 564 564 518 518 518 520 480 496 496 496 496 496 496 462 462 469 469 446 446 431 431 437 431 368 368 402 402 316 316 316 316 317 317 317 317 335 335 335 317 317 318 241 241 241 241 243 243 243 227 227 227 227 200 180 206 158 158 168 168 168 159 159 151 135 135 135 65 65 65 103 96 65 74 74 74 1 1 1 20 20 19 2 2 2 
950 950 972 900 900 900 900 930 900 900 900 886 886 814 814 873 776 776 776 814 814 831 776 805 805 782 782 783 783 768 768 695 695 695 695 724 724 660 660 701 660 660 660 660 660 628 628 629 629 629 565 565 574 542 542 542 564 564 518 518 518 520 480 496 480 480 506 480 480 480 462 462 462 462 446 431 431 431 431 402 402 402 316 316 392 317 317 317 317 317 317 335 317 317 317 317 318 308 241 293 241 243 243 243 227 227 200 200 200 180 180 180 158 158 158 151 151 151 151 135 142 115 115 65 65 65 96 65 74 74 74 1 20 20 20 20 19 2 2 2 
950 950 950 950 950 950 900 900 900 907 907 886 886 886 814 873 776 776 814 814 814 814 776 805 805 747 747 783 783 695 695 695 695 695 695 695 695 660 661 661 661 661 660 660 661 629 629 629 565 565 565 612 574 574 574 542 542 542 542 542 520 520 480 480 480 480 480 480 480 480 480 446 446 446 446 431 431 431 402 402 402 402 316 392 392 317 317 317 317 317 317 351 317 336 317 317 308 308 241 241 241 258 235 235 235 200 200 200 200 180 180 180 195 189 158 151 151 151 135 135 142 115 115 65 65 65 96 65 65 78 1 1 20 20 20 20 19 19 19 2 
950 950 950 950 950 951 943 886 886 886 886 886 886 886 814 814 814 776 814 814 814 814 776 776 776 747 747 747 783 695 695 695 757 695 695 695 695 660 661 661 661 661 678 661 661 629 629 629 565 587 587 587 587 587 574 574 538 538 538 542 520 520 520 480 480 507 480 480 480 402 402 446 446 446 446 431 431 431 402 402 402 402 316 316 316 385 316 316 317 317 317 351 317 301 301 319 308 309 258 258 258 258 235 264 235 200 200 200 200 180 180 180 189 189 158 151 151 151 135 135 115 115 115 65 65 65 65 65 65 78 1 66 66 20 20 20 20 20 20 2 
950 950 963 963 943 943 943 886 886 886 886 886 886 887 874 874 814 776 776 814 814 814 814 814 776 747 747 747 783 695 695 695 695 695 695 695 695 660 660 702 661 678 678 661 662 629 629 629 565 587 587 613 575 587 587 574 538 538 538 542 542 542 520 520 520 507 507 480 480 402 402 402 463 463 446 431 431 431 402 402 402 402 386 386 316 316 316 316 317 317 317 351 317 301 301 319 319 309 258 258 258 277 264 264 235 200 200 169 169 180 180 180 189 189 158 158 151 151 135 135 115 115 115 65 65 65 97 1 1 78 1 66 20 20 47 35 20 20 2 2 
950 950 963 943 943 943 943 886 886 886 887 887 887 887 874 874 814 814 814 814 806 806 825 815 776 797 797 747 747 758 758 758 758 695 695 725 725 660 660 702 661 661 661 661 662 629 629 629 565 587 587 575 575 595 574 574 574 538 538 538 548 538 538 520 520 504 504 504 402 402 481 402 402 446 446 431 431 431 402 402 402 416 386 386 386 316 316 363 363 363 317 317 317 301 301 301 301 309 258 258 289 264 264 264 235 245 235 169 169 169 169 169 181 181 181 151 151 115 115 115 115 128 128 65 65 104 1 1 1 1 1 66 20 20 20 35 20 20 2 2 
950 943 943 943 943 902 902 886 925 886 887 887 887 868 868 868 868 844 844 844 806 806 806 815 776 797 797 747 747 758 695 695 695 695 743 725 725 660 709 661 661 661 662 662 662 629 629 640 565 587 587 575 575 575 574 574 574 538 561 538 538 538 513 513 513 504 504 504 402 402 402 402 402 446 455 402 402 402 402 416 416 416 397 397 386 386 282 282 282 344 344 344 344 301 301 301 301 301 301 258 289 264 264 264 235 235 235 169 169 169 169 169 181 181 151 151 115 115 143 143 143 128 128 65 65 1 1 90 1 1 66 66 58 58 20 20 20 20 2 2 
950 943 943 943 943 902 902 886 886 886 887 887 887 868 868 868 832 844 844 844 844 832 806 815 776 776 776 747 747 695 695 695 695 747 679 679 679 679 709 661 661 661 662 662 565 565 565 565 565 596 596 604 604 575 588 575 575 538 561 538 538 538 513 513 513 504 504 497 497 402 402 446 446 446 455 402 402 397 397 397 397 397 397 378 378 378 378 378 282 344 344 344 345 301 301 301 301 301 301 258 258 278 222 222 235 235 236 169 169 207 207 169 151 151 151 169 115 115 115 115 115 115 115 65 65 1 1 1 1 20 20 20 58 20 20 20 21 21 2 2 
950 943 943 882 882 882 902 902 902 887 887 901 887 868 868 868 832 832 844 832 832 832 806 806 806 806 776 776 747 747 747 763 747 747 679 726 726 679 679 679 661 661 565 565 565 641 565 565 596 596 596 604 604 575 575 575 576 538 538 538 538 538 539 513 513 504 504 497 497 402 402 446 446 446 402 402 402 397 397 397 397 397 397 378 378 378 378 282 282 358 358 345 345 327 327 301 301 301 301 258 258 278 222 222 222 222 236 169 221 207 208 169 169 169 169 169 144 144 144 144 144 115 115 122 65 1 1 65 65 20 20 20 58 20 20 20 21 21 21 3 
950 950 950 882 932 882 882 902 902 887 887 887 887 887 868 868 869 832 832 832 807 807 806 806 798 798 798 776 784 776 747 747 747 679 679 726 697 697 679 679 661 661 565 663 663 641 641 641 596 630 596 604 604 596 576 576 576 565 538 538 538 538 513 513 513 504 504 402 402 402 402 446 446 446 402 438 438 438 397 403 403 403 403 378 378 282 282 282 364 358 358 345 346 327 259 259 301 301 258 258 258 258 222 222 222 222 236 169 169 207 170 170 170 170 169 169 144 144 144 144 144 115 122 122 65 65 65 65 65 5 5 20 20 20 20 20 21 3 3 3 
950 950 882 882 932 932 882 902 902 923 908 887 887 887 882 851 851 851 851 851 807 807 807 807 798 798 798 776 776 776 747 747 759 679 679 697 697 697 697 697 697 686 565 565 565 652 641 641 596 596 596 596 596 596 576 576 576 565 543 543 538 538 513 513 513 513 402 402 402 402 402 402 402 464 402 438 438 397 397 397 397 397 397 378 378 282 282 282 364 364 345 345 327 327 259 259 259 310 258 258 258 258 258 222 222 246 169 169 169 169 170 170 170 170 170 170 152 152 144 144 115 115 122 122 65 65 65 65 65 5 5 5 5 5 5 36 3 3 3 3 
981 981 882 932 932 932 882 882 902 902 908 887 887 882 882 851 851 800 800 852 807 807 807 807 810 807 777 777 776 776 748 748 748 748 679 697 697 710 710 697 697 686 565 565 565 565 565 565 596 596 596 596 597 597 565 565 565 565 543 538 538 538 402 402 521 402 402 470 470 470 470 470 402 402 402 438 438 397 397 397 397 397 397 359 359 359 359 282 364 364 345 345 327 327 259 259 259 259 259 259 259 279 258 265 222 246 169 169 169 169 209 170 170 170 170 152 152 152 152 144 115 65 65 65 65 5 5 5 83 5 5 5 5 5 5 5 3 22 3 3 
882 882 882 932 932 944 944 882 882 902 902 902 882 882 851 851 851 800 800 800 807 807 807 807 807 807 777 777 777 777 748 748 748 748 679 732 697 710 710 686 686 686 565 565 636 636 565 565 565 565 565 565 597 597 565 577 577 543 543 538 538 538 402 402 402 402 470 470 470 470 482 470 402 402 432 432 432 432 432 397 397 397 397 359 359 359 359 282 364 364 282 282 282 282 282 259 259 259 259 259 259 258 258 265 222 222 169 169 169 210 152 152 190 190 152 152 152 152 152 144 115 65 65 65 5 5 98 5 5 5 5 5 5 5 5 5 3 22 22 3 
882 882 973 932 932 931 931 931 882 882 882 882 882 851 851 851 851 800 800 800 807 807 826 777 777 777 777 777 748 748 748 748 748 748 679 697 697 703 703 686 686 686 674 674 636 636 565 565 565 614 614 565 565 565 565 577 577 543 543 543 543 543 402 528 402 402 470 470 470 470 470 470 402 402 432 432 447 432 432 397 397 397 404 387 387 387 359 282 282 282 282 347 347 282 282 259 259 311 281 281 259 258 258 258 258 222 222 222 222 210 152 152 152 152 152 152 152 160 152 144 115 65 65 5 5 105 5 5 5 5 5 5 5 5 5 5 3 3 3 3 
882 882 882 932 956 931 931 931 882 882 909 882 882 851 851 851 800 800 800 800 800 833 777 777 799 777 777 777 748 748 748 748 748 749 679 697 703 703 703 686 686 636 636 636 636 636 636 636 636 614 614 614 605 566 566 566 402 402 402 402 402 402 402 470 470 470 470 470 470 470 470 402 402 402 456 432 387 387 387 387 387 404 404 387 359 359 359 359 359 359 359 347 347 282 282 323 302 302 281 281 259 280 258 258 259 247 222 222 210 210 152 152 152 152 152 152 152 152 152 144 115 115 5 5 105 105 5 5 5 5 5 5 5 59 48 5 5 5 4 4 
882 882 882 932 945 945 931 931 909 909 909 882 882 851 851 800 800 858 858 800 800 777 777 816 799 777 777 790 748 748 750 750 679 679 679 697 697 697 703 703 636 636 664 664 664 642 642 642 605 605 620 605 605 566 566 566 566 566 402 402 402 402 540 470 470 470 470 470 470 470 470 402 402 402 456 432 387 387 387 387 387 387 387 387 359 359 359 359 312 312 312 312 312 337 282 282 302 302 281 281 259 259 259 259 259 247 222 222 210 210 210 152 152 152 152 161 161 161 144 144 115 115 5 84 84 84 84 91 5 5 5 37 37 59 48 5 5 5 4 4 
974 974 974 932 945 945 945 909 909 910 910 882 882 883 883 800 800 858 858 800 800 777 777 799 799 808 748 748 748 748 750 750 679 679 679 727 727 697 697 636 636 636 636 664 664 642 646 605 605 605 605 605 555 555 555 555 555 402 402 549 549 402 402 522 522 470 470 470 470 489 476 476 402 402 432 432 432 387 387 387 398 398 398 398 393 388 312 312 312 365 352 352 312 328 328 282 302 302 302 281 281 281 266 266 217 217 217 217 217 210 210 152 152 152 152 152 152 162 144 144 115 136 5 84 84 106 84 84 5 5 5 37 37 37 48 5 5 5 4 4 
974 932 932 932 957 946 946 909 883 883 883 883 883 883 800 800 800 845 845 800 800 834 827 799 808 808 748 748 748 748 750 750 750 750 679 727 727 697 697 636 636 636 636 664 664 642 642 605 605 605 605 555 555 555 555 584 555 402 402 402 402 402 402 522 522 470 470 483 470 489 476 476 402 402 432 432 432 387 393 393 393 393 393 393 393 388 312 312 312 365 352 352 312 328 328 282 282 303 303 282 282 282 266 266 217 217 217 217 217 171 171 152 152 191 171 171 152 162 144 144 115 115 5 5 5 5 5 84 5 5 5 37 37 37 37 5 5 5 5 5 
974 932 946 946 946 946 947 909 909 909 903 903 883 883 800 845 845 845 845 800 800 827 827 799 799 799 799 748 748 748 751 751 751 751 679 679 679 697 697 697 687 687 653 653 653 653 642 605 605 605 605 555 555 584 584 584 555 555 555 402 402 541 541 470 470 470 470 483 470 470 470 465 465 465 387 387 387 387 393 393 393 393 405 393 393 388 312 312 312 365 352 352 312 312 312 312 282 282 282 282 217 217 217 266 217 217 217 217 217 217 171 171 171 191 171 152 152 144 144 92 92 115 115 115 115 5 5 84 84 5 5 68 37 37 37 37 29 6 6 6 
974 932 932 932 932 932 932 932 903 903 903 800 800 800 800 845 845 845 845 845 845 827 827 799 799 753 753 753 753 764 751 751 733 733 733 733 679 679 679 697 687 687 653 653 653 653 642 642 606 606 606 606 555 555 555 555 555 555 555 523 523 523 523 470 470 470 470 483 470 470 470 465 465 465 387 439 439 439 421 421 421 393 393 399 388 388 379 379 353 353 353 353 313 313 313 312 312 312 282 282 217 217 217 217 217 248 217 217 144 144 144 144 171 171 171 152 152 144 92 92 92 92 92 92 116 5 5 5 5 5 68 68 7 7 7 38 29 6 6 6 
974 932 932 958 958 933 933 933 903 911 911 800 800 884 884 870 870 800 800 800 800 800 800 800 753 753 753 753 753 764 764 764 733 733 733 711 711 711 679 679 687 687 653 653 653 653 621 621 606 606 606 606 606 578 578 555 555 555 555 523 523 523 523 483 483 483 483 483 490 490 470 470 387 387 387 439 439 421 421 421 406 406 393 379 379 379 379 353 353 353 313 313 313 338 313 313 313 313 294 294 211 211 211 211 260 211 211 228 144 144 144 144 171 171 182 144 144 144 92 92 92 92 129 92 92 92 5 5 7 7 7 7 7 60 7 7 29 6 6 6 
974 982 958 958 959 933 934 934 903 911 911 800 800 875 875 870 870 800 859 846 846 800 800 800 753 753 791 791 753 753 753 753 734 752 711 711 711 711 711 679 679 679 679 653 653 621 621 621 637 621 621 556 556 578 578 585 578 555 555 523 523 523 523 483 483 483 505 505 490 490 483 470 387 387 457 421 421 421 421 421 406 406 393 379 379 353 353 353 353 353 313 313 338 338 172 172 172 314 294 295 211 211 211 211 211 211 211 211 211 144 144 144 144 144 144 144 92 92 153 92 123 129 129 107 107 92 92 92 7 7 7 7 7 39 39 7 7 25 6 6 
974 958 958 959 959 933 933 933 903 911 911 800 875 875 875 875 870 800 800 846 785 785 785 800 800 753 753 753 753 753 753 753 734 752 711 711 711 711 711 679 679 679 679 621 621 621 647 621 637 621 621 556 556 578 578 578 578 555 555 523 523 523 523 529 523 483 505 505 490 490 483 470 470 421 421 421 421 421 421 421 406 406 406 379 379 353 353 353 353 348 348 313 338 338 172 172 172 172 294 211 211 211 211 267 211 211 211 211 211 144 144 144 144 172 172 172 92 92 92 92 123 123 123 107 107 107 7 7 7 7 7 7 7 39 39 39 7 7 7 7 
958 958 964 959 959 933 933 933 903 903 912 800 875 875 870 870 870 800 800 785 785 835 785 817 800 753 753 753 753 753 753 753 734 734 734 734 714 714 621 621 680 680 680 621 621 631 621 621 637 621 621 556 556 556 556 556 556 556 555 555 523 523 523 523 523 483 483 483 483 483 483 470 470 421 421 421 421 421 421 421 406 406 407 379 379 379 348 348 348 348 348 313 313 329 329 172 172 172 172 211 211 211 267 267 172 172 172 229 211 211 211 144 144 172 172 172 92 163 109 109 109 109 123 123 7 7 7 75 75 75 75 7 7 61 26 40 7 7 8 8 
958 983 964 964 903 903 903 903 903 903 912 800 800 875 870 870 870 800 800 785 785 785 785 785 800 800 800 785 785 778 769 753 753 753 714 714 714 715 621 621 680 621 621 621 621 631 621 621 621 621 556 556 556 556 556 556 579 556 555 555 523 523 523 523 524 484 484 483 483 484 484 470 470 440 440 440 421 421 433 422 422 406 407 379 379 379 348 348 369 313 313 313 313 329 329 172 172 172 172 211 211 211 267 267 172 172 172 229 172 172 172 172 172 172 173 173 92 92 109 109 109 109 123 123 7 7 7 7 85 61 61 61 61 61 26 26 26 26 8 9 
958 958 964 964 903 924 924 924 904 904 904 904 800 800 800 800 800 800 800 785 785 785 828 785 785 785 785 785 778 778 769 714 714 714 714 728 728 715 621 621 621 621 621 621 665 631 631 638 638 556 556 615 556 556 556 556 556 556 555 555 544 544 523 523 524 484 484 484 484 484 485 470 470 440 440 440 433 433 433 422 422 406 407 348 348 348 348 348 369 313 313 313 313 329 329 172 320 172 172 172 211 211 267 267 172 172 172 172 172 212 212 172 172 173 173 92 92 92 109 109 109 109 130 124 7 7 7 7 85 61 61 61 61 41 41 41 26 26 8 8 
988 903 903 903 903 924 924 924 904 904 904 904 800 800 800 860 860 860 860 853 785 785 828 785 785 792 792 792 778 770 770 714 760 715 715 715 715 715 621 621 621 643 643 643 643 643 631 631 631 556 556 556 556 556 556 556 556 556 556 556 544 544 523 523 484 484 484 484 484 484 471 471 471 440 440 440 433 433 433 422 422 406 348 348 348 348 348 348 348 348 348 354 313 313 313 172 172 172 172 172 172 172 172 172 172 237 237 172 172 212 212 196 196 173 173 92 92 92 92 109 109 109 109 124 7 7 85 85 85 61 61 61 61 41 42 42 8 8 8 8 
988 903 903 903 960 903 903 924 924 924 904 904 800 800 800 860 836 836 836 853 836 836 778 778 778 778 778 778 778 770 714 714 760 715 715 715 715 715 621 621 621 643 643 643 643 643 648 643 631 631 622 556 556 598 589 556 557 557 557 557 544 544 530 530 484 484 484 484 491 491 471 472 472 440 440 448 448 406 406 422 406 406 348 348 348 348 348 380 348 366 348 354 330 330 313 313 172 172 172 172 172 249 249 172 172 237 237 172 172 212 212 196 197 173 173 92 92 92 92 131 131 131 109 108 108 108 85 85 85 61 61 41 41 41 42 43 8 8 8 8 
988 903 903 903 960 903 903 903 924 924 904 836 836 836 836 836 836 865 836 836 836 778 778 818 770 770 770 770 770 770 714 729 729 729 729 729 729 715 621 621 621 621 643 643 643 643 643 643 639 622 622 589 589 589 589 556 557 557 557 558 471 471 530 530 484 484 484 484 491 471 471 472 441 441 440 406 406 406 406 406 406 408 408 348 348 348 348 348 348 366 348 354 330 330 330 313 172 172 172 172 249 249 249 249 249 249 154 154 192 192 192 192 192 174 174 92 92 92 154 131 131 131 109 109 109 109 85 85 41 41 41 41 62 62 42 8 8 8 8 8 
903 903 903 903 903 903 903 903 904 904 904 836 836 836 836 836 836 836 836 836 778 778 818 818 770 770 770 770 770 714 714 729 729 729 729 715 715 715 621 621 621 621 643 643 643 654 643 643 639 622 622 589 589 589 590 556 557 557 471 471 471 471 514 514 484 484 491 491 491 471 441 441 441 441 440 406 406 406 406 348 348 348 348 348 348 348 370 370 370 366 348 354 348 330 330 313 313 172 172 296 249 249 268 268 249 249 154 154 154 218 154 154 192 174 174 92 92 92 154 131 131 131 131 93 93 93 85 85 41 76 76 42 42 42 42 8 8 8 8 8 
903 965 903 903 903 903 903 903 904 836 836 836 836 836 836 836 836 836 861 778 778 837 818 818 675 675 675 675 770 714 761 761 761 715 715 715 716 716 681 681 621 621 621 621 621 621 639 639 639 607 607 589 589 589 589 556 567 567 471 471 471 471 514 514 514 514 491 491 491 471 441 441 441 440 440 406 406 406 406 348 348 348 348 348 348 366 366 366 366 366 348 348 348 330 330 313 313 283 283 283 283 283 250 250 250 250 154 230 154 218 154 154 192 192 174 174 92 92 154 93 93 93 93 93 117 93 93 93 41 41 77 42 42 42 42 8 8 8 8 10 
903 965 965 965 903 903 903 903 904 836 913 894 894 836 836 836 861 861 861 778 778 778 778 778 675 675 675 675 675 714 715 715 715 715 715 715 716 716 681 681 681 681 681 666 666 621 639 639 607 607 607 616 589 589 589 556 556 471 471 550 550 471 471 471 471 491 491 471 471 471 473 441 441 440 440 440 440 406 406 348 348 348 348 394 366 366 366 366 371 321 321 272 272 272 272 313 283 283 283 283 250 250 250 154 154 154 154 230 154 154 154 154 192 192 154 154 154 154 154 93 93 93 93 117 117 86 86 86 86 41 10 10 10 10 10 10 10 10 10 10 
903 903 903 903 903 935 935 935 904 836 913 894 894 836 836 876 861 778 778 778 778 778 778 778 675 675 675 675 675 714 715 715 715 715 715 735 681 681 681 681 681 681 666 666 667 621 621 607 607 632 607 607 607 556 556 556 556 471 562 471 471 531 531 531 471 491 491 471 492 492 473 441 441 441 441 441 440 440 409 409 423 348 348 394 366 366 366 366 321 321 321 272 272 272 272 313 283 283 283 283 250 284 154 154 154 154 154 154 154 154 154 154 154 154 154 154 154 154 41 41 93 41 41 117 117 86 86 41 41 41 10 10 10 10 10 10 10 10 10 10 
903 903 903 903 888 888 936 936 904 836 836 836 836 836 836 876 861 778 778 778 778 838 778 778 675 675 675 675 675 714 715 715 715 715 715 735 681 681 681 681 681 681 666 666 621 621 621 607 608 608 608 608 608 556 556 471 471 471 562 471 471 471 471 471 471 471 471 471 492 492 473 473 417 417 417 441 441 441 409 409 409 348 348 394 366 366 366 366 321 321 321 272 272 272 272 313 283 283 283 283 250 250 154 269 154 154 154 154 154 202 202 154 154 154 154 154 154 154 41 41 41 41 41 117 117 41 41 41 41 41 41 10 10 10 10 10 10 10 10 10 
903 903 888 888 888 888 936 904 904 914 914 888 888 836 836 876 861 793 793 793 793 793 793 819 675 675 675 675 675 714 714 714 715 715 715 715 715 675 675 675 689 688 666 666 621 621 607 607 608 599 599 599 599 599 556 471 471 471 562 471 471 471 471 471 471 471 471 471 498 486 486 473 417 417 417 441 441 442 409 427 409 409 409 394 366 366 366 321 321 321 321 272 272 272 331 272 272 272 272 272 285 285 154 154 154 154 154 154 154 202 202 202 175 175 154 154 155 155 41 41 41 41 41 41 41 41 94 94 41 41 41 10 10 10 10 30 30 23 23 11 
975 975 888 966 888 888 936 904 904 888 888 888 888 888 876 876 861 793 793 793 793 793 793 793 793 793 793 793 675 675 771 714 715 715 715 715 715 675 675 675 689 688 666 666 607 607 607 608 608 599 599 599 599 600 556 471 471 471 562 471 471 471 471 525 525 459 459 498 498 486 486 473 473 417 417 417 442 442 409 409 409 409 410 394 394 321 321 321 372 321 321 339 339 272 272 272 297 297 304 272 285 272 272 154 154 154 154 154 223 202 202 175 175 175 175 175 155 155 155 41 41 137 79 79 79 79 70 70 41 41 69 69 10 10 10 30 30 23 23 11 
975 975 975 888 888 952 936 904 904 888 889 889 895 889 876 876 861 793 793 854 847 811 811 820 811 793 793 675 675 675 771 714 717 717 717 717 717 717 675 675 689 689 666 666 607 607 556 556 556 599 599 599 599 600 556 568 568 471 471 471 551 471 471 471 471 459 459 459 417 417 417 473 473 417 417 417 442 417 417 409 409 409 389 389 389 389 372 372 372 321 321 339 339 339 272 272 297 297 297 272 272 272 272 154 154 154 154 154 223 155 155 175 175 175 176 176 155 164 138 138 41 41 79 79 79 70 70 70 41 41 69 69 10 10 49 30 30 11 11 11 
976 976 976 888 888 888 888 888 888 888 889 889 889 889 861 861 861 861 861 847 847 811 811 811 811 801 801 675 675 714 714 714 675 675 675 675 718 718 675 675 675 675 675 675 668 607 556 556 556 556 556 556 556 556 556 568 568 459 459 551 551 471 471 471 471 459 508 459 459 459 417 417 417 417 417 417 417 417 417 417 417 417 389 389 389 390 372 321 321 321 321 340 340 340 272 272 297 297 297 297 272 272 272 154 154 231 231 231 223 155 155 176 176 176 176 155 155 164 138 138 138 138 111 111 79 110 99 70 41 41 70 70 31 31 31 31 31 11 12 12 
976 967 967 967 915 915 915 888 888 889 889 896 896 861 861 877 861 861 861 847 847 811 811 766 766 801 675 675 675 714 675 675 675 744 744 675 675 675 675 649 649 668 668 668 668 607 607 556 556 556 556 556 556 591 591 568 568 459 459 459 459 459 459 459 459 459 459 459 459 459 459 417 417 458 458 411 411 411 411 411 411 411 389 389 389 372 372 321 321 321 321 321 321 321 332 321 321 297 238 238 238 238 273 154 154 231 223 223 223 155 155 176 176 183 183 155 164 164 138 138 145 111 111 111 79 79 99 70 70 70 70 31 31 31 31 11 11 11 12 12 
976 967 967 915 915 953 915 926 926 889 889 861 861 861 877 877 861 861 861 766 766 839 766 766 766 766 675 675 786 714 675 736 736 754 649 649 649 649 649 649 649 668 556 556 556 556 556 556 556 556 556 556 556 591 568 568 568 459 563 545 545 545 459 459 459 459 459 459 459 493 459 459 459 458 458 411 411 411 411 424 424 411 411 372 372 372 321 321 321 321 321 349 349 321 321 321 297 297 238 238 238 238 231 231 231 231 232 232 155 155 155 155 155 155 155 155 164 145 145 145 145 111 132 111 118 79 99 70 70 31 31 31 31 50 50 11 32 12 12 12 
915 915 915 915 953 953 915 915 915 915 915 861 861 861 877 861 861 766 766 766 766 766 766 766 766 766 802 675 714 714 675 736 736 736 649 719 719 719 704 704 649 668 556 556 556 655 556 556 556 556 556 556 556 591 568 569 568 459 459 545 459 459 459 459 459 493 493 493 493 493 452 452 459 459 459 411 411 411 411 376 376 376 376 372 372 372 321 321 321 321 321 349 324 324 324 324 297 305 238 238 238 238 231 231 231 231 232 232 155 198 198 198 198 111 111 111 164 145 145 145 111 111 111 111 118 79 79 79 79 31 31 31 31 50 50 11 32 12 12 12 
915 915 915 927 927 927 948 915 915 916 890 890 890 861 861 861 766 766 766 766 766 766 766 766 802 802 802 675 714 675 675 736 737 736 649 649 649 720 704 704 649 668 556 556 556 655 623 623 556 556 556 556 556 591 568 569 568 568 459 459 459 546 459 459 459 493 509 493 493 494 452 452 452 459 459 411 411 412 412 376 376 376 376 395 372 372 373 373 373 321 321 321 324 324 324 297 297 305 305 238 238 238 270 270 231 231 198 198 198 198 199 199 199 111 111 111 111 111 145 145 111 139 111 111 111 111 71 71 79 31 31 50 50 50 50 11 11 11 13 13 
915 915 915 915 927 927 948 927 927 916 890 890 890 890 885 766 766 766 766 766 848 766 766 802 802 675 675 675 675 675 736 736 737 736 736 736 649 704 704 704 649 668 668 556 556 623 623 623 617 617 617 617 591 591 568 569 569 569 459 459 526 526 526 459 459 493 452 452 452 452 452 452 452 411 411 411 411 412 376 376 376 376 376 395 372 372 372 372 372 321 321 321 297 297 297 297 297 297 297 238 251 251 251 271 231 231 198 198 198 199 199 111 111 111 111 111 111 111 145 145 111 139 71 71 71 71 71 71 79 79 31 50 50 33 51 33 33 11 11 11 
915 915 915 915 927 927 948 927 917 916 916 885 885 885 885 766 871 766 766 766 848 779 779 802 802 675 794 794 675 736 736 765 737 737 737 737 649 704 704 704 649 690 649 649 669 623 623 623 617 617 617 617 591 591 568 586 559 559 559 559 526 526 526 526 526 493 452 452 452 452 452 452 474 411 411 411 411 412 376 376 376 376 376 395 372 372 372 372 372 321 321 355 297 341 297 297 297 297 297 238 251 251 251 251 251 251 198 198 198 198 198 111 111 111 111 111 111 111 111 111 111 139 71 125 100 100 100 71 71 71 31 31 31 33 33 33 11 11 11 11 
915 915 915 968 927 927 948 927 917 917 917 885 885 796 796 766 779 779 779 779 779 779 779 802 802 675 675 675 675 736 736 765 738 738 738 738 649 691 691 691 649 649 649 649 649 649 649 623 623 623 623 609 609 568 568 586 559 559 559 559 493 493 493 493 493 493 510 452 452 452 452 452 474 452 452 452 412 412 434 376 376 376 376 395 372 372 372 372 372 297 297 355 297 297 297 297 274 274 306 238 238 238 238 238 252 252 198 198 198 198 198 198 111 111 111 111 111 111 111 148 139 139 71 125 100 100 87 87 87 71 71 71 31 63 33 33 11 11 11 11 
984 984 915 968 927 927 927 927 796 796 796 885 885 796 796 766 779 779 779 779 779 840 779 779 779 779 779 779 779 779 738 738 738 649 649 649 649 691 691 691 691 691 670 670 670 633 633 633 633 633 609 609 568 568 592 580 580 559 559 493 493 547 493 493 527 510 510 499 499 452 452 452 452 452 452 452 412 434 434 376 376 376 376 395 395 381 381 297 297 297 297 297 297 297 297 297 274 274 306 274 274 274 274 238 238 238 238 177 177 177 177 111 111 111 111 111 111 111 111 148 139 139 71 87 87 87 87 87 87 31 31 31 31 63 33 33 34 14 14 14 
915 915 915 968 927 927 927 927 796 905 796 796 796 796 796 766 866 866 862 779 779 840 738 738 812 779 779 795 779 779 738 649 649 649 730 730 730 691 691 691 691 692 670 559 559 633 633 633 609 609 609 618 568 580 580 580 559 559 559 493 510 510 510 510 510 510 499 499 500 443 443 443 443 453 453 453 412 434 434 376 376 400 400 400 381 381 297 297 360 360 360 274 274 274 274 274 274 274 274 274 239 239 239 239 239 239 239 177 177 177 177 111 111 111 184 177 111 111 156 146 146 71 71 87 87 87 87 87 87 31 52 52 52 14 14 14 14 14 14 14 
915 977 977 919 919 919 919 937 796 905 905 796 796 796 796 766 766 766 862 779 779 738 738 738 738 795 795 795 779 779 738 649 649 649 649 731 731 692 692 692 692 692 670 559 559 633 633 609 609 634 568 568 568 580 580 580 559 570 493 493 510 510 499 499 499 515 499 443 443 443 477 443 443 453 453 453 412 412 412 412 376 376 376 376 381 391 297 297 360 360 360 274 274 274 274 298 298 298 298 298 239 239 239 239 239 253 177 177 219 219 177 177 177 177 177 177 167 149 149 146 146 71 71 126 87 101 101 87 31 31 52 52 52 14 14 14 14 14 15 15 
915 915 915 919 919 919 919 937 928 905 905 796 796 796 878 878 766 766 863 855 779 738 738 738 738 738 738 738 738 780 738 649 649 649 649 649 649 692 692 692 692 693 670 559 559 559 609 609 568 568 568 568 568 568 593 559 559 570 493 510 510 510 499 499 499 499 499 443 495 495 477 443 443 466 453 453 435 435 435 412 412 376 376 376 381 297 297 297 360 360 360 274 274 299 299 298 298 299 299 299 239 239 239 239 239 177 177 213 213 213 213 177 177 178 178 178 167 149 149 149 71 71 71 126 87 87 87 87 31 31 31 31 52 64 52 14 14 14 14 14 
929 929 915 915 919 919 919 919 928 905 905 905 796 796 878 878 766 855 855 855 779 779 779 738 738 738 738 738 738 738 738 649 649 649 649 649 649 692 692 692 692 693 670 559 559 559 609 609 568 568 568 568 568 568 593 559 559 493 493 493 493 493 493 493 493 493 511 443 495 477 477 477 443 466 453 453 435 435 435 428 412 376 376 376 381 297 297 297 360 360 274 274 299 299 299 299 299 299 286 286 239 239 239 239 261 177 177 213 213 167 167 167 167 167 167 167 167 149 149 71 71 133 133 31 31 31 31 31 31 31 31 31 52 52 52 14 14 27 14 14 
929 929 929 969 919 919 949 919 918 918 918 796 796 891 878 878 766 766 766 766 766 766 766 766 766 766 766 787 787 766 766 766 649 649 649 649 649 670 670 670 670 670 670 559 559 559 650 559 559 559 624 568 568 559 559 559 559 493 493 493 532 532 532 532 493 493 511 443 443 477 477 477 443 443 443 443 443 443 428 428 412 412 412 376 376 376 382 297 367 367 274 299 299 342 275 275 275 275 286 286 286 286 275 177 177 254 177 177 224 167 214 185 185 185 185 167 167 71 71 71 71 133 31 31 31 31 31 31 80 80 53 53 53 53 53 27 27 27 14 16 
985 985 929 929 949 949 949 919 918 918 918 796 878 878 878 878 766 766 796 796 796 796 821 821 766 766 766 787 787 766 772 755 755 755 670 670 670 670 712 682 682 694 682 559 559 559 650 559 559 559 559 568 610 559 559 559 493 493 493 532 532 533 533 533 493 493 493 443 443 443 443 443 443 443 443 443 428 428 428 429 412 412 413 376 376 376 382 297 367 367 274 274 274 274 275 315 315 275 275 300 286 286 275 177 177 177 177 177 224 167 167 185 167 167 71 71 71 71 71 71 71 133 31 112 112 112 53 53 80 80 53 72 54 54 54 27 27 14 14 16 
985 961 961 929 929 929 919 919 796 796 796 796 878 878 878 878 796 796 796 856 849 796 821 821 766 803 803 766 766 766 755 755 755 670 670 739 670 670 712 682 682 682 682 559 656 656 559 559 559 559 559 568 559 559 571 571 493 493 493 533 533 533 534 534 493 493 493 443 443 443 443 443 443 443 414 414 428 428 428 429 418 418 413 376 396 297 297 297 374 274 274 274 274 274 275 275 315 315 275 275 275 275 275 177 255 255 177 177 167 167 167 167 167 167 71 71 165 119 119 119 147 133 31 31 31 31 53 53 53 80 53 53 54 54 54 27 27 14 16 16 
985 961 961 961 961 929 919 938 796 796 879 879 879 879 879 879 796 849 849 849 849 796 796 796 766 803 803 766 766 755 755 755 755 670 705 705 705 682 682 682 683 683 683 559 559 559 559 559 559 559 559 559 559 601 571 571 493 493 493 533 533 512 512 512 512 512 493 493 443 443 443 443 443 467 414 414 414 444 418 418 418 413 413 376 297 297 297 297 374 274 274 274 274 177 177 275 275 275 275 275 275 275 276 177 255 255 203 203 167 167 215 167 167 167 71 71 165 119 119 119 119 133 119 119 119 31 53 53 53 53 53 53 53 53 55 27 27 14 16 16 
954 954 954 954 954 929 919 919 919 796 796 796 897 796 796 796 796 849 849 849 829 796 796 796 766 766 766 766 766 755 773 755 670 670 705 721 705 682 705 705 657 657 657 657 657 657 559 559 559 559 559 581 581 581 571 571 493 493 493 552 552 512 512 512 512 512 493 493 443 443 443 443 443 443 414 414 414 414 418 418 418 413 376 376 297 297 297 297 374 274 274 177 177 177 177 275 275 275 275 275 275 275 177 177 203 203 203 203 225 167 167 167 167 167 71 71 165 165 119 119 119 133 119 120 120 31 31 31 53 53 53 53 53 53 53 27 27 14 16 16 
954 954 954 954 954 929 929 929 919 919 919 796 796 796 880 880 841 841 841 849 829 829 829 796 796 766 766 788 788 755 773 755 670 705 705 721 705 705 705 706 657 684 684 559 559 559 559 644 635 635 559 581 581 581 581 571 571 571 468 468 468 512 512 512 516 516 493 493 443 443 443 443 443 443 414 414 449 414 414 413 413 413 376 361 361 361 297 297 374 297 297 177 177 177 177 275 275 275 177 177 290 177 177 203 203 166 166 203 203 203 203 203 167 167 186 71 71 71 119 119 119 119 119 120 120 31 31 31 88 45 45 67 53 53 53 27 14 14 16 17 
954 954 954 970 954 954 929 929 841 841 841 841 841 841 841 841 841 867 841 841 829 829 822 822 796 766 766 670 670 755 755 755 670 705 705 721 705 705 657 657 657 684 685 559 658 658 644 644 635 635 559 581 581 581 581 571 571 571 468 553 468 468 512 512 516 516 493 493 443 487 487 443 443 449 449 449 449 445 414 413 413 413 376 376 361 361 297 297 297 297 297 177 177 177 177 177 177 177 177 177 290 177 203 203 262 166 166 203 203 203 203 204 186 186 186 166 166 71 140 140 140 140 89 89 31 31 45 45 45 45 45 67 67 53 53 27 14 16 16 17 
986 986 954 954 954 955 929 939 841 841 841 841 841 841 857 857 857 857 864 841 841 841 822 822 796 796 804 670 670 670 767 767 670 745 745 721 721 721 657 657 684 684 559 559 658 658 644 559 559 559 559 581 611 581 581 571 571 571 468 553 553 468 512 512 512 512 512 443 443 487 487 443 475 449 449 449 449 445 414 430 413 413 376 376 361 361 297 297 375 177 177 177 177 177 287 287 177 177 307 177 177 177 203 256 256 256 166 166 166 186 186 186 186 166 166 166 166 166 140 140 141 141 89 89 31 31 31 31 81 81 45 67 67 14 14 44 14 14 24 17 
986 978 978 940 940 929 929 939 841 841 841 841 898 857 857 857 857 857 864 857 842 842 822 822 796 796 670 670 789 670 670 670 670 657 657 657 657 657 657 657 684 559 559 671 671 644 644 559 559 559 625 581 581 581 581 581 581 572 468 554 468 468 468 468 468 468 468 443 443 487 487 443 449 449 449 450 450 445 414 414 414 419 376 376 383 361 361 361 375 177 177 177 177 177 287 287 287 287 287 287 287 287 203 203 203 203 203 233 166 186 186 205 166 166 179 179 166 166 140 140 141 141 89 89 31 31 31 31 81 81 45 67 67 14 14 14 14 14 24 17 
978 978 978 940 940 929 929 939 841 841 920 841 898 857 857 857 857 857 857 857 842 842 822 823 796 796 670 670 670 774 774 657 657 657 722 722 722 722 684 684 684 559 559 559 672 644 644 559 559 559 559 560 560 594 594 572 572 572 468 554 468 468 468 468 468 468 468 488 443 487 487 443 449 449 449 450 450 445 414 414 414 414 414 376 383 383 383 361 361 177 177 177 177 287 287 287 287 287 287 287 291 187 187 187 203 203 203 166 166 186 186 166 166 193 179 179 166 166 140 140 140 141 89 89 89 89 31 31 45 45 45 67 67 45 45 45 17 17 24 17 
978 978 978 940 940 940 929 929 929 841 841 841 898 892 857 857 857 857 822 822 842 842 822 823 796 796 670 670 670 774 774 657 657 657 722 722 722 722 684 684 673 673 676 559 672 644 644 559 559 559 559 560 560 594 594 572 582 468 468 554 554 468 468 468 468 468 468 488 443 443 443 443 401 401 401 445 445 445 401 401 414 414 376 376 376 376 376 376 361 361 356 356 177 287 287 287 288 288 291 291 291 187 187 187 203 203 240 166 166 186 186 166 193 193 187 140 140 140 140 150 140 141 89 121 121 89 89 89 45 45 45 73 45 45 46 46 17 17 24 17 
989 940 940 940 940 940 940 841 841 841 841 906 892 892 857 857 872 822 822 822 842 843 822 823 796 796 670 774 774 774 774 657 657 657 722 722 722 673 673 673 673 673 676 559 559 651 651 559 619 619 626 560 560 602 572 572 572 468 468 468 468 535 535 535 468 468 468 488 488 488 488 401 401 401 401 445 445 401 401 401 414 414 376 376 376 376 384 376 376 361 356 356 177 343 325 325 288 288 288 288 292 187 187 187 187 203 203 203 166 166 166 166 193 187 187 140 140 140 150 150 140 141 89 89 89 89 102 89 45 45 45 73 45 46 46 46 17 17 17 17 
989 940 940 940 940 940 940 841 841 841 841 841 892 892 822 822 822 822 822 822 842 843 822 809 809 796 670 670 670 670 670 670 756 756 722 722 722 673 698 698 698 673 676 676 559 651 651 559 559 619 626 560 560 560 572 572 572 468 468 468 468 468 468 468 468 517 468 468 468 468 401 401 401 401 401 401 401 401 436 401 401 401 415 376 376 376 376 376 376 361 361 177 177 343 325 288 288 288 288 288 292 187 187 187 187 187 187 187 187 187 187 187 187 187 157 157 157 140 140 140 140 89 89 89 17 17 102 89 89 82 45 45 45 46 46 46 17 17 17 17 
989 940 979 940 940 940 940 940 841 841 841 841 899 822 822 881 822 822 822 842 842 843 822 809 809 796 796 796 670 670 670 670 740 740 722 722 673 673 698 698 699 673 676 676 559 659 559 559 559 619 619 619 560 560 560 560 501 501 501 468 468 468 536 536 468 468 468 501 501 468 401 478 401 401 460 401 401 425 425 425 425 401 401 401 376 376 376 177 177 177 177 177 326 325 325 288 322 288 288 288 187 187 187 187 263 187 187 234 220 220 216 187 187 194 157 157 157 140 140 127 127 89 89 89 17 17 17 17 17 82 17 17 17 46 46 17 17 28 17 17 
989 940 979 940 962 841 841 841 841 841 841 822 822 822 822 822 822 822 822 842 822 822 822 809 809 809 775 775 775 781 670 670 740 740 740 740 673 673 673 673 699 673 673 673 559 559 559 559 559 619 619 619 560 603 560 560 501 501 501 501 501 468 468 468 468 468 468 501 502 468 401 401 401 401 425 425 425 425 425 425 420 420 376 376 376 376 177 177 377 177 177 350 326 326 333 288 288 288 288 288 187 187 187 187 187 257 220 220 220 216 216 188 188 188 188 157 157 157 157 127 127 127 89 89 17 17 17 95 17 82 17 17 17 56 56 17 17 17 17 18 
989 940 940 940 962 841 841 841 841 841 921 822 822 822 822 822 822 822 822 822 822 822 822 809 809 809 775 775 775 775 775 670 740 740 740 740 673 673 673 673 699 673 673 673 673 559 559 559 559 619 619 619 560 560 560 560 560 560 560 560 501 501 501 501 501 501 501 501 502 468 468 468 468 468 425 425 425 425 425 425 420 420 376 376 376 376 177 177 177 177 362 350 350 326 326 326 288 288 288 288 288 288 187 187 187 257 220 220 220 216 216 188 188 188 188 157 157 157 157 127 127 127 127 127 17 17 17 95 17 17 17 17 17 17 17 17 18 18 18 18 
