940 940 940 824 824 824 824 824 824 824 900 900 824 824 869 869 852 852 824 824 832 824 770 770 770 770 770 770 770 770 770 689 689 689 710 670 670 670 670 670 670 670 670 670 610 610 610 610 610 610 610 610 610 610 565 565 565 565 565 565 565 510 510 510 510 510 510 510 510 486 486 486 452 452 452 452 452 374 374 374 374 374 374 374 374 374 374 383 374 365 365 341 341 341 286 286 286 309 309 286 286 286 228 228 262 262 242 242 242 210 210 210 210 204 166 166 166 166 166 114 114 114 120 120 120 114 64 64 64 64 75 3 3 3 34 34 34 19 19 1 
940 940 940 824 824 824 824 824 824 824 824 824 824 824 824 824 852 852 824 824 824 824 770 818 788 788 788 788 788 770 770 689 689 689 710 670 670 670 670 670 670 670 670 670 670 670 610 610 597 597 597 597 610 610 565 582 582 582 510 510 566 510 510 510 510 510 511 511 511 486 486 486 452 452 452 452 452 374 374 374 374 374 374 374 313 313 374 374 374 365 365 341 341 341 286 286 286 286 286 286 286 286 228 228 262 262 242 242 242 210 210 210 204 204 166 189 166 166 114 114 114 114 120 114 114 114 64 64 64 64 75 3 3 3 3 19 19 19 19 1 
940 940 940 824 824 824 824 824 824 824 824 862 862 862 862 824 824 852 824 824 825 825 770 818 788 788 788 788 771 771 771 689 689 689 710 710 728 670 670 670 670 670 670 638 638 671 651 651 597 597 597 597 597 597 565 582 582 582 510 510 510 510 510 510 510 510 510 511 511 486 487 487 452 467 467 452 452 452 374 374 374 374 407 407 313 313 313 313 313 313 313 313 313 313 313 286 286 286 287 287 286 286 228 228 228 228 242 242 210 210 210 210 204 205 166 189 166 166 114 114 114 114 114 114 58 58 64 64 64 64 64 3 3 3 3 19 19 19 19 1 
878 878 940 824 824 824 915 915 915 824 824 862 862 862 862 862 824 824 824 824 825 825 770 796 796 796 788 788 771 730 730 689 689 689 689 710 710 710 710 710 670 670 638 638 638 638 638 638 597 597 597 597 597 597 565 582 582 582 510 510 510 510 531 531 510 510 510 452 452 486 486 452 452 467 467 452 452 453 374 374 399 399 399 399 313 313 313 313 313 343 343 342 342 342 313 313 313 313 287 287 287 287 228 228 228 228 242 242 210 236 210 210 204 204 166 166 166 166 58 58 58 58 125 125 58 58 64 64 97 64 64 3 56 3 3 19 19 19 1 1 
878 878 940 940 940 915 915 915 915 906 906 901 889 853 853 862 862 824 824 840 825 825 770 796 796 796 796 796 771 730 730 745 745 745 689 689 689 689 689 711 670 670 638 638 638 638 638 638 638 638 597 597 597 597 565 565 582 582 510 510 510 510 531 531 531 531 452 452 452 452 452 452 446 446 446 446 446 453 446 374 399 399 399 399 313 313 344 344 344 343 343 342 342 342 336 280 280 280 280 301 280 280 280 228 228 228 228 228 210 210 210 211 211 204 166 166 166 166 58 152 58 58 125 125 58 58 97 97 97 64 64 3 3 3 3 19 19 19 1 1 
878 878 878 941 941 915 927 915 915 906 889 901 889 853 853 863 863 770 770 770 770 770 770 730 730 771 771 771 771 730 730 745 745 672 672 672 729 689 689 711 689 689 689 638 638 597 597 597 597 597 597 597 597 597 565 565 583 583 510 510 510 532 532 532 532 532 452 517 488 488 452 452 446 446 446 446 446 453 446 374 399 399 399 408 399 393 344 344 344 343 343 353 353 336 336 280 310 310 280 280 280 280 228 228 228 228 228 228 228 228 228 166 166 166 166 166 166 173 58 58 58 58 125 125 58 58 97 97 97 64 64 52 52 52 3 1 35 1 1 1 
878 878 878 941 941 915 927 915 906 906 889 889 889 853 853 863 770 770 833 833 833 770 770 730 730 771 771 771 730 730 730 730 730 672 672 672 672 689 689 689 689 672 672 672 677 597 639 639 597 597 597 597 597 597 565 565 565 584 510 510 510 532 532 543 533 533 452 452 488 488 488 488 446 446 468 446 446 453 446 374 399 399 399 399 399 393 344 344 375 343 343 343 354 343 280 280 310 310 310 280 280 280 228 272 228 228 228 229 229 229 229 166 212 166 166 166 167 167 167 58 147 58 58 58 58 58 106 64 64 64 52 52 52 52 3 1 35 1 1 1 
878 878 878 941 941 915 915 915 906 853 853 853 853 853 853 863 770 833 833 833 833 770 770 730 730 771 800 730 730 765 765 765 730 672 672 737 672 672 689 689 701 672 682 672 677 597 597 639 639 639 597 597 597 611 565 565 565 584 565 565 565 533 533 543 533 452 452 452 452 478 478 478 478 468 468 446 446 446 446 374 399 399 399 399 376 393 344 344 375 343 343 343 343 343 280 280 280 280 280 280 280 280 228 228 265 229 229 229 229 229 166 166 212 166 190 190 167 168 168 58 58 58 58 58 58 58 106 64 64 64 52 52 52 52 3 1 1 1 2 2 
878 878 878 928 928 928 928 906 906 853 907 853 853 853 853 863 770 770 770 770 770 770 770 730 730 771 730 730 789 765 765 765 730 730 730 730 730 672 719 672 672 672 682 672 677 672 597 597 597 597 625 625 597 597 597 597 565 565 565 533 533 533 533 543 533 452 452 452 452 478 478 478 478 468 468 374 374 374 374 374 424 399 399 376 376 393 344 344 344 368 344 344 344 344 280 280 280 280 280 280 280 280 280 228 265 229 255 243 243 166 166 212 212 166 166 167 167 168 168 153 58 58 58 58 102 102 102 64 64 64 64 64 3 3 3 20 20 20 2 2 
954 954 878 928 928 928 906 906 916 853 853 853 853 877 853 853 864 826 826 826 770 770 770 730 730 730 730 730 730 765 765 712 712 712 712 731 731 672 672 672 678 678 682 672 672 672 597 597 597 597 598 598 598 598 565 565 565 565 565 533 533 533 533 533 533 468 468 468 468 468 468 468 468 468 468 374 415 415 415 439 424 424 415 376 376 376 376 384 344 344 344 360 344 344 273 273 273 273 302 302 280 280 280 228 265 229 243 243 166 166 166 166 166 166 166 167 167 153 153 153 58 58 58 58 58 58 102 102 64 64 64 64 3 3 20 20 20 20 2 2 
954 878 878 928 928 928 906 906 906 902 902 902 853 853 853 853 853 826 826 826 770 770 770 730 730 730 730 730 730 712 712 712 746 746 712 731 731 712 712 712 678 678 682 682 672 672 597 620 620 598 598 598 598 598 565 565 565 565 565 533 533 533 533 533 537 468 523 468 468 468 468 461 461 461 374 374 415 415 415 415 415 415 415 322 322 322 376 376 376 345 345 345 345 345 273 273 273 273 302 229 229 229 229 229 229 229 243 243 166 166 166 195 195 195 195 126 126 153 153 153 58 87 87 87 87 87 87 87 87 87 64 64 57 3 3 24 20 20 20 3 
878 878 951 928 928 928 878 878 906 902 902 878 878 853 853 853 853 826 826 826 770 770 770 770 770 801 801 730 730 712 772 766 702 702 712 712 712 712 712 712 678 678 678 678 678 597 597 620 620 598 598 598 604 604 604 598 565 565 574 550 550 533 533 533 468 468 523 468 468 502 461 461 479 461 374 374 374 415 322 322 322 415 415 322 322 322 376 376 345 345 345 345 346 346 273 273 273 273 273 229 229 229 229 229 229 256 256 213 213 213 213 191 191 191 191 126 126 174 153 153 58 87 87 115 115 87 87 98 76 76 76 57 57 3 3 24 24 24 3 3 
878 878 878 928 928 934 878 878 906 878 878 878 878 853 853 865 865 853 826 826 770 770 770 770 770 801 712 712 781 712 712 766 702 702 702 702 732 713 713 713 678 678 690 678 678 597 620 620 620 633 633 598 598 598 598 598 589 574 574 550 550 533 533 533 468 502 502 502 502 502 461 461 461 461 469 461 374 415 322 440 322 416 416 322 322 322 385 385 345 369 345 345 346 346 273 273 314 314 273 273 273 229 229 229 229 213 213 213 213 213 213 191 191 191 191 191 126 126 153 153 58 87 87 115 115 115 98 98 76 76 76 57 57 3 3 3 3 3 3 4 
878 878 878 928 928 934 878 878 906 878 878 878 878 878 853 853 853 853 826 826 826 826 770 812 812 801 712 712 781 781 712 712 702 702 743 702 702 713 713 678 678 678 678 678 678 597 620 620 620 620 620 598 598 589 589 589 589 574 575 550 550 550 550 468 468 502 502 480 480 503 461 461 461 461 461 461 374 415 322 440 322 416 416 322 322 322 322 322 345 322 322 361 346 346 273 273 273 315 294 294 273 273 213 213 213 213 213 213 213 213 230 191 191 191 191 191 178 126 169 58 58 115 115 115 88 88 98 98 98 65 65 65 44 44 44 44 3 3 4 4 
878 878 878 878 878 934 878 878 878 878 878 878 878 878 770 770 770 770 770 770 834 770 770 748 748 801 801 712 712 712 712 712 702 702 702 702 702 702 702 678 678 678 678 678 678 640 640 652 620 620 620 620 620 589 574 574 590 574 574 550 550 550 551 468 534 534 480 480 480 503 461 461 461 461 470 374 374 415 322 440 322 322 322 322 322 322 322 322 322 322 322 322 346 346 273 273 273 315 294 294 294 273 213 213 156 156 156 156 156 213 133 133 133 133 133 133 178 126 126 58 58 115 58 58 88 88 88 99 99 65 65 65 44 47 47 3 3 3 4 4 
949 949 949 949 878 934 878 878 878 878 878 880 879 879 770 866 866 770 770 770 770 770 821 748 801 801 801 790 790 747 747 702 702 702 702 738 702 702 702 702 702 678 678 678 679 673 640 652 620 620 620 620 589 589 574 574 574 585 574 550 550 550 468 468 534 480 480 518 480 480 480 480 480 454 454 374 374 374 322 322 322 322 417 322 322 322 322 322 322 323 323 322 322 322 322 322 322 295 295 303 273 273 213 213 156 156 156 156 156 213 133 133 133 133 196 133 133 133 126 154 58 58 58 58 88 88 88 88 88 88 44 44 44 47 3 3 25 3 3 5 
949 949 949 949 878 878 878 878 878 908 908 880 880 880 770 866 821 821 821 841 770 770 821 748 801 801 801 790 791 747 747 702 702 702 702 702 702 653 653 714 703 678 678 678 673 673 640 640 640 640 620 620 589 612 574 574 574 574 574 468 468 468 468 544 534 480 480 518 480 480 480 454 454 454 454 374 374 374 322 322 322 322 322 322 400 377 377 322 322 323 323 323 323 323 323 323 323 295 295 303 273 273 273 273 156 156 156 156 244 213 231 133 133 133 196 133 133 133 126 126 126 132 132 58 58 88 88 88 44 44 44 44 44 44 3 36 25 25 3 5 
949 949 949 949 878 878 929 890 890 890 890 890 890 881 770 821 821 821 821 841 821 821 821 748 790 790 790 790 791 747 747 747 747 747 702 702 653 653 653 653 703 678 678 678 673 673 653 653 589 589 589 589 589 612 574 574 574 574 574 468 561 561 468 468 534 480 480 518 480 480 480 454 454 454 454 374 374 374 322 425 322 322 322 377 400 377 377 377 377 323 323 323 323 323 323 323 323 295 295 288 288 288 266 266 266 156 156 156 156 213 213 213 213 133 133 133 133 133 170 155 126 132 126 126 58 58 58 58 44 44 44 44 44 44 3 36 36 3 3 5 
942 942 942 942 942 890 890 890 891 891 891 891 891 881 770 821 821 821 821 821 821 827 748 748 790 748 748 748 748 748 748 759 759 748 653 653 653 720 720 653 653 678 678 683 653 653 653 589 589 589 589 589 621 552 552 599 574 574 574 468 468 468 468 468 468 480 480 480 480 504 454 454 454 454 454 457 322 322 322 425 425 425 322 377 377 377 379 379 370 370 323 323 323 323 323 323 323 295 295 288 288 288 266 266 266 156 156 156 156 213 213 214 214 133 133 133 133 155 155 155 126 126 126 58 58 58 58 58 44 44 44 44 44 44 3 3 37 3 6 6 
942 942 942 942 942 890 890 890 891 891 891 881 881 881 770 854 854 854 821 821 748 748 748 748 748 748 749 749 749 749 748 748 748 748 653 653 653 720 715 715 653 653 683 683 653 653 653 589 589 589 589 589 621 552 552 552 552 552 552 552 552 538 538 538 468 480 480 480 480 504 454 454 454 454 454 457 322 322 441 441 322 322 322 409 377 377 379 379 370 370 323 323 323 323 323 295 295 295 295 295 295 249 249 249 249 249 249 249 156 156 156 156 156 206 133 133 133 133 133 133 133 133 133 58 58 58 58 58 89 89 66 66 58 44 44 3 3 3 6 6 
942 942 942 942 942 890 890 890 891 891 881 881 882 882 770 854 835 835 835 835 748 748 748 748 749 749 749 749 749 749 749 749 760 749 653 653 653 715 715 715 653 653 683 683 653 674 654 654 634 634 589 589 589 552 552 552 552 552 552 552 552 538 538 538 468 535 468 468 504 504 496 454 454 454 471 457 457 322 322 322 322 322 322 394 394 394 379 379 323 323 323 323 323 323 337 295 295 295 295 223 223 249 249 249 249 223 223 223 223 223 223 223 156 206 156 156 156 171 171 156 107 107 107 107 107 107 107 58 58 58 66 66 58 3 3 3 3 21 6 6 
955 955 935 935 890 890 890 890 881 881 881 882 882 770 770 835 835 835 835 835 835 748 748 749 749 653 653 749 749 773 773 749 749 749 744 653 653 715 715 715 653 653 653 653 653 654 654 634 634 634 589 589 589 552 552 552 552 552 552 567 567 538 538 538 468 468 468 468 496 496 496 462 462 454 454 454 454 454 322 322 322 418 418 394 394 379 379 379 323 323 323 323 323 295 295 295 295 295 295 223 223 223 249 223 223 223 223 223 237 237 223 223 156 156 156 192 156 156 156 156 107 107 107 107 107 77 77 77 77 58 58 58 58 3 3 3 3 21 21 7 
955 955 935 935 890 890 890 890 881 881 881 882 882 770 874 835 835 835 835 835 802 802 802 749 749 653 653 653 792 773 773 744 744 744 744 653 634 634 634 634 698 698 653 653 680 654 662 634 634 634 591 591 591 552 552 552 552 552 552 538 538 538 538 538 468 468 468 468 496 496 496 462 462 462 462 462 454 454 322 442 322 418 419 394 394 379 379 379 323 323 323 355 323 295 295 295 295 295 295 223 223 249 249 223 223 257 257 157 157 157 157 157 157 157 157 157 157 157 157 157 127 127 134 127 77 77 103 103 77 77 77 67 3 3 3 7 7 7 7 7 
935 935 935 935 935 890 890 890 881 881 881 882 882 770 770 842 842 855 802 802 802 802 802 813 813 653 653 653 744 744 744 744 653 653 653 653 634 634 634 634 698 699 653 653 654 654 662 634 634 641 591 591 591 552 552 552 552 552 552 538 538 538 545 545 468 468 468 496 496 496 496 462 462 462 462 462 454 454 322 322 322 418 419 394 394 379 379 379 323 323 323 355 323 323 323 329 304 304 304 304 223 223 223 223 223 257 157 157 157 157 157 122 122 122 122 179 179 158 158 158 127 127 127 127 77 78 78 78 67 67 67 67 3 3 3 7 7 7 7 7 
935 956 935 935 935 890 890 890 881 881 881 770 770 770 770 842 842 855 802 802 802 802 802 813 813 653 653 653 744 744 744 744 653 653 653 653 733 634 634 698 698 634 634 684 654 634 634 634 634 634 591 591 613 613 552 552 552 552 552 538 538 538 538 538 538 463 463 463 463 463 463 463 463 463 463 463 454 454 418 418 418 418 401 401 401 379 379 379 378 323 323 355 355 323 323 329 304 304 311 257 257 289 223 223 257 257 157 157 157 238 122 122 215 122 122 179 179 158 158 158 127 127 127 128 77 78 78 78 67 67 67 59 59 48 48 7 38 7 7 7 
935 935 935 935 935 890 890 890 909 909 909 770 770 770 842 842 842 855 802 802 828 828 802 802 802 802 802 653 653 653 653 744 653 653 653 653 733 634 634 634 634 634 634 654 654 634 634 634 646 634 634 591 591 591 552 552 552 552 552 552 552 552 552 538 538 463 489 489 489 489 463 463 463 463 366 366 454 454 418 426 426 426 401 401 401 379 379 378 378 323 323 323 323 323 329 329 304 304 311 257 257 289 223 223 257 238 238 238 238 238 122 224 122 122 180 180 140 140 140 127 127 127 128 128 77 78 78 78 78 78 78 7 7 48 48 7 7 7 22 7 
935 935 935 935 935 935 890 890 909 909 909 770 770 770 842 855 855 855 842 842 814 814 814 802 802 802 803 653 653 653 653 653 653 653 653 721 721 721 721 685 685 685 634 654 634 634 642 642 642 642 591 591 591 591 605 591 591 576 576 562 562 552 552 538 538 463 489 489 489 489 489 489 463 463 366 366 418 418 418 388 388 388 401 401 401 379 379 378 378 366 366 323 323 347 304 304 304 257 257 257 257 257 274 274 257 238 238 238 238 122 122 122 122 207 180 180 140 140 140 127 127 127 128 129 77 108 108 7 7 7 7 7 7 7 7 7 7 7 7 7 
935 935 935 935 910 910 910 910 910 910 910 770 770 770 842 842 855 855 842 843 814 814 814 802 802 802 803 653 774 774 774 653 761 653 653 721 721 721 721 685 704 685 634 654 634 635 635 635 642 642 591 591 591 591 591 591 576 576 576 562 553 553 553 463 463 463 524 481 489 489 490 490 463 463 366 366 418 418 418 388 388 388 401 388 388 379 379 379 379 366 323 323 323 347 304 304 324 257 257 257 257 257 274 257 257 238 238 238 238 122 232 122 122 122 180 180 180 140 140 140 127 127 128 129 92 92 7 7 90 90 45 45 45 7 7 7 7 7 7 8 
950 950 935 935 910 936 910 910 892 892 892 892 892 842 842 842 855 855 842 843 814 814 814 802 802 803 803 653 653 782 653 653 761 750 739 739 685 685 685 685 704 685 634 634 634 635 636 635 635 635 635 586 586 586 600 600 576 576 576 562 553 553 553 463 524 524 524 481 481 505 490 490 366 366 366 366 366 366 366 388 388 388 388 388 388 388 379 379 366 366 323 323 323 304 304 304 304 257 257 257 257 257 257 257 238 238 216 216 216 216 216 216 216 122 122 122 181 140 140 140 140 140 128 128 92 92 7 7 90 90 45 45 45 45 45 45 26 26 8 8 
950 950 950 950 910 892 892 892 892 892 892 892 892 842 842 842 856 856 842 842 814 829 814 814 739 739 739 739 653 782 653 750 750 750 739 739 685 704 704 704 704 685 685 634 634 635 636 636 636 636 636 586 586 586 592 592 592 562 562 562 553 553 553 463 524 524 512 512 481 481 481 491 366 366 366 366 366 366 366 366 366 366 402 402 402 388 388 366 366 371 323 323 356 304 304 304 304 257 257 290 290 290 275 275 238 238 216 216 216 216 197 197 197 208 197 122 122 122 122 122 128 128 135 128 92 92 92 7 79 79 79 45 45 45 45 26 26 26 8 8 
950 910 910 910 910 892 892 892 892 892 892 739 739 842 842 842 842 842 842 842 814 829 814 814 739 739 804 739 653 653 653 750 750 739 739 739 685 704 704 716 635 635 635 635 635 635 663 569 569 569 569 586 586 586 592 592 592 562 562 562 562 562 554 463 463 524 512 512 481 481 481 481 481 474 366 366 366 366 366 434 434 366 366 366 366 366 366 366 380 371 304 304 304 304 330 330 275 275 275 275 275 275 275 238 238 238 245 245 245 216 197 197 197 197 197 122 122 122 122 122 128 128 128 128 92 92 92 7 79 68 68 45 45 26 26 26 26 26 8 8 
950 910 910 910 943 892 892 892 892 739 739 739 739 739 739 857 842 842 842 842 814 814 814 814 739 739 804 739 739 775 775 750 750 739 734 734 685 704 704 716 635 635 635 635 635 663 663 569 569 569 569 569 569 586 586 586 586 586 555 555 555 563 554 463 463 524 512 512 512 474 474 474 474 474 366 366 366 366 366 434 435 410 410 366 366 366 366 386 371 371 304 304 304 304 304 331 275 275 275 275 296 275 275 238 238 258 245 245 245 216 233 197 197 197 122 122 175 175 122 122 122 116 116 116 92 92 7 7 68 68 68 45 45 26 26 26 26 8 8 9 
950 910 910 910 892 892 917 917 917 739 911 739 739 883 739 857 857 857 819 819 836 814 814 814 739 739 776 776 739 739 739 750 750 739 734 734 685 685 691 691 691 635 635 635 635 663 655 655 569 569 637 626 569 614 586 586 586 586 569 569 555 563 463 463 463 463 474 474 474 474 474 474 482 475 366 366 427 427 447 434 435 410 410 410 386 386 386 386 371 357 357 304 304 304 304 331 275 275 275 275 276 276 281 238 238 258 258 245 245 216 216 217 217 197 122 175 175 122 122 159 122 116 116 130 92 92 7 7 68 91 68 68 39 39 39 26 26 8 9 9 
950 950 910 910 892 918 917 917 918 739 739 739 739 739 739 739 739 739 819 819 819 819 819 814 814 739 776 776 776 776 739 739 739 739 734 734 734 685 691 691 691 655 655 655 655 655 655 655 569 569 569 626 569 569 569 569 569 569 569 555 555 563 463 463 463 463 474 474 474 475 475 475 475 475 366 464 427 427 447 434 410 410 410 410 386 386 371 371 371 357 357 304 304 304 304 325 325 276 276 276 276 276 276 238 238 238 246 246 246 216 216 217 197 197 122 175 182 122 122 159 122 122 116 116 121 92 109 7 68 68 68 8 39 39 39 39 39 8 9 10 
960 950 910 910 892 918 930 917 918 739 739 739 739 739 739 739 739 739 819 819 819 819 819 819 739 739 776 777 777 776 776 705 705 705 734 734 734 685 691 691 691 655 655 655 655 655 655 655 569 569 569 569 569 569 569 569 569 569 569 555 563 563 463 463 539 463 463 463 463 475 475 475 475 475 366 427 427 427 427 434 410 410 410 410 386 386 371 387 357 357 357 357 357 338 338 277 277 276 276 276 276 291 276 276 238 238 246 216 216 216 216 216 197 197 122 122 122 122 122 148 148 122 122 116 121 92 7 7 100 8 8 8 60 8 8 39 39 8 9 9 
950 950 910 910 892 918 918 918 918 739 739 739 739 739 739 739 739 819 819 819 837 739 739 739 739 776 776 777 777 777 705 705 762 705 705 705 685 685 685 685 691 691 691 685 643 643 656 656 627 627 627 627 569 569 569 569 569 569 569 555 563 563 463 463 463 525 525 463 463 475 475 475 475 475 366 427 427 427 427 434 434 410 410 410 371 371 371 387 357 357 357 357 357 338 277 277 277 277 277 277 277 277 277 277 238 238 246 216 216 216 216 216 197 197 148 148 148 148 148 148 141 141 122 116 92 92 100 100 100 8 80 8 8 8 8 8 8 8 9 9 
950 950 950 950 892 937 918 918 919 739 739 884 884 884 875 739 739 819 819 739 739 739 815 739 739 776 776 776 793 777 705 705 705 705 705 705 685 685 685 685 685 685 685 685 643 643 643 657 627 627 627 615 615 569 569 569 569 569 577 555 563 563 463 546 463 463 463 463 513 475 475 475 475 475 366 465 427 427 448 434 434 371 371 371 371 371 371 333 333 333 367 338 338 338 277 332 277 277 277 277 277 238 238 278 238 238 246 216 216 216 216 216 148 148 148 148 148 148 172 141 141 122 122 116 92 92 92 8 8 8 80 8 8 40 8 8 27 27 9 9 
950 950 950 950 892 892 924 924 739 739 739 884 875 875 875 739 739 739 739 739 739 739 815 815 815 776 776 776 777 777 777 705 705 751 705 705 705 705 705 705 705 685 685 686 643 643 643 657 643 643 615 615 569 569 569 569 577 577 577 555 564 564 463 463 540 463 463 463 463 463 475 475 475 475 366 427 427 427 427 434 434 371 371 371 371 371 371 333 333 333 338 338 333 333 277 277 277 316 277 277 277 238 238 238 238 246 246 216 216 216 216 216 148 148 198 148 183 141 141 141 122 122 136 116 116 116 92 8 69 69 69 69 8 40 46 46 27 27 9 9 
944 944 944 944 944 892 924 924 739 739 739 884 875 875 858 858 858 858 778 778 778 778 778 778 778 778 776 776 777 777 777 705 705 705 705 705 705 648 648 648 648 648 648 643 643 643 643 643 643 615 615 628 569 569 569 577 577 578 578 555 564 555 555 463 463 463 463 463 463 463 475 483 483 389 389 427 427 427 427 427 427 427 389 389 389 333 333 333 338 338 338 333 333 333 333 333 277 277 277 277 277 238 238 238 267 246 246 216 216 216 218 218 218 148 148 148 183 141 160 160 122 142 122 122 122 92 92 8 8 8 8 8 8 40 40 40 40 9 9 11 
944 944 944 944 944 892 892 892 892 892 884 884 858 858 858 858 858 859 778 778 778 778 778 778 778 778 778 778 778 778 778 705 705 705 705 648 648 648 722 648 648 648 648 643 643 643 643 643 647 615 615 615 615 615 601 577 577 577 577 555 555 555 556 463 463 536 463 519 475 475 475 475 475 389 389 389 389 427 427 427 428 428 389 411 389 333 333 333 338 338 333 333 358 277 277 277 277 277 277 277 187 187 187 187 187 187 246 250 216 216 218 218 218 138 138 183 183 141 160 122 122 142 122 122 122 92 92 92 92 92 8 8 41 41 41 40 40 9 9 9 
944 944 944 884 884 884 884 920 920 884 884 858 858 858 858 870 797 797 797 797 797 778 778 778 778 779 779 779 779 779 779 705 705 705 705 648 722 722 722 648 648 648 648 648 643 643 658 658 616 616 616 616 616 616 601 601 577 577 577 555 555 555 463 463 463 463 463 519 475 475 475 475 475 389 389 389 389 389 389 389 428 428 389 411 389 389 389 333 333 333 333 358 358 277 277 277 277 277 305 305 187 187 187 187 187 187 246 218 218 239 218 138 138 138 138 138 184 141 122 122 149 122 122 123 123 117 81 81 81 81 70 70 41 41 41 40 40 9 9 9 
944 944 952 884 884 884 884 884 884 884 858 858 893 858 858 858 797 797 797 797 797 778 778 778 778 779 779 779 779 783 648 648 648 648 648 648 722 724 706 706 706 648 648 648 664 664 658 658 616 616 616 616 616 602 602 602 577 577 577 555 555 555 463 463 463 463 514 514 514 506 475 475 475 389 389 389 389 389 389 389 389 429 389 390 390 390 390 372 372 372 348 348 348 348 269 269 269 305 305 187 187 187 187 187 187 187 187 218 218 218 218 138 138 138 138 138 138 141 122 122 122 122 123 123 104 117 81 81 81 81 70 70 41 41 41 41 28 28 9 9 
961 944 952 884 884 884 858 858 884 884 858 893 893 858 858 858 797 797 797 797 797 797 779 779 779 779 779 783 783 783 675 675 675 675 740 740 722 722 706 706 706 648 648 648 648 664 664 658 602 602 602 602 616 602 602 570 570 570 570 570 463 463 463 463 463 463 514 514 514 506 475 475 389 389 389 389 389 389 389 389 389 389 389 390 390 390 390 372 372 372 348 334 334 269 269 269 269 269 269 187 187 187 187 247 247 187 187 218 218 218 218 218 218 138 138 193 138 138 143 122 122 143 123 123 104 104 104 81 81 81 70 70 42 42 49 41 28 28 9 9 
961 944 944 884 884 884 858 858 858 858 858 893 893 885 871 871 797 797 797 797 797 797 779 779 779 779 783 783 783 783 675 675 675 675 675 722 722 722 706 706 706 675 675 648 648 648 648 658 602 602 602 602 602 602 602 570 570 570 570 570 463 463 463 463 463 506 506 506 506 506 476 476 389 389 389 389 389 443 443 443 389 389 420 390 390 348 348 348 348 348 348 334 334 269 269 269 269 269 269 279 279 279 247 247 247 187 259 218 218 218 218 218 218 138 138 138 185 138 143 143 143 143 123 123 93 93 104 81 81 81 81 42 42 42 42 41 41 9 9 9 
944 944 944 884 884 884 858 858 858 903 903 903 885 885 871 872 797 797 797 830 830 830 779 779 809 809 783 783 783 784 675 675 675 675 675 722 722 722 722 675 675 675 675 648 648 648 648 658 602 602 568 568 568 617 570 570 593 568 568 568 568 463 463 547 506 506 515 515 515 507 476 476 476 476 403 403 389 389 389 389 389 412 412 412 403 348 348 348 381 348 348 334 334 334 334 334 269 269 269 279 279 279 247 247 247 187 187 187 187 187 218 218 219 138 138 138 138 138 143 143 93 93 137 93 93 93 104 104 82 82 42 42 42 42 42 42 42 9 9 9 
944 944 944 884 884 884 858 858 858 903 903 885 885 871 871 860 860 860 797 830 830 830 779 779 780 780 805 783 783 784 675 675 675 675 675 722 722 722 722 675 675 675 675 687 675 675 648 648 648 602 568 568 568 617 570 593 593 568 579 571 506 506 506 506 506 515 515 515 515 507 476 476 403 403 403 403 403 403 403 403 436 403 403 413 403 348 348 348 381 373 362 362 300 300 300 300 300 317 269 269 297 279 247 247 268 247 247 247 247 187 218 218 138 138 199 186 186 161 161 161 93 93 93 93 124 93 82 82 82 82 42 42 42 42 43 43 43 9 9 9 
944 944 944 884 884 884 884 884 858 903 903 885 894 871 871 860 860 860 797 830 830 830 779 779 780 780 780 780 784 784 752 752 752 675 675 741 675 675 675 675 692 692 675 675 675 602 602 602 649 602 568 568 568 568 570 568 568 568 571 571 506 506 506 515 515 515 520 520 507 507 497 403 403 403 403 403 404 404 449 403 403 403 403 403 403 362 362 362 362 373 362 362 300 300 300 300 300 317 269 269 297 279 279 247 247 247 247 187 187 187 138 138 138 138 138 186 186 161 161 162 93 93 93 111 93 93 82 105 82 82 82 42 42 42 43 12 12 29 9 9 
944 944 945 884 884 925 925 884 858 858 858 885 858 858 858 860 860 797 797 838 838 780 780 780 780 797 797 780 780 785 752 767 752 675 675 675 675 692 692 692 692 692 692 665 665 602 602 602 649 602 622 622 622 568 568 568 594 506 506 506 506 506 506 515 515 515 507 507 507 497 497 403 403 403 404 404 404 404 404 403 403 404 404 404 404 362 362 362 362 373 362 362 300 300 300 300 300 269 269 292 292 292 279 279 247 247 247 187 187 240 138 138 138 138 138 194 138 138 161 144 144 111 111 111 93 110 82 82 82 93 43 43 43 43 43 43 12 12 23 12 
944 944 945 945 945 884 925 884 884 914 858 885 858 886 858 858 860 797 797 797 780 780 780 780 780 797 797 797 780 785 752 767 752 752 725 725 725 692 692 692 692 693 693 665 665 602 602 602 602 602 622 622 622 581 581 506 506 506 580 506 506 522 522 515 515 507 507 497 497 497 498 484 484 404 404 444 444 444 404 437 437 404 421 404 404 362 362 362 362 362 362 319 319 319 300 300 300 269 298 292 292 292 247 247 247 247 251 251 187 225 225 225 138 138 138 138 138 138 138 144 144 111 111 111 93 110 110 82 82 93 43 43 43 43 43 43 43 12 12 12 
946 946 946 946 946 884 925 925 884 884 858 885 858 848 848 858 848 848 848 797 780 780 780 816 816 797 797 780 780 785 752 753 763 753 725 725 725 692 692 692 692 665 665 665 665 665 665 622 622 622 622 526 526 581 581 581 506 506 580 506 506 522 522 515 515 507 521 497 497 498 498 484 404 404 444 444 444 444 404 404 404 404 404 404 404 362 362 362 362 362 319 319 319 319 300 300 300 269 298 292 292 292 247 247 247 247 251 251 187 225 225 225 138 138 200 138 138 176 138 144 144 144 138 111 93 93 93 93 93 93 43 43 43 53 43 43 43 30 13 13 
799 799 799 947 947 884 884 884 884 884 858 858 858 848 848 848 848 665 665 797 797 797 816 816 797 797 797 780 785 785 752 753 753 753 725 725 725 725 692 692 707 665 665 665 665 665 666 622 622 622 622 526 526 581 581 581 587 587 580 506 506 522 522 541 541 507 521 521 404 404 499 484 404 404 444 444 444 444 404 404 404 404 404 404 404 395 319 362 319 319 319 319 319 319 319 335 300 269 298 298 298 269 269 269 269 252 252 252 187 225 225 187 187 200 200 176 176 176 138 138 138 138 138 111 94 94 94 94 71 71 71 71 30 30 30 30 30 30 13 14 
957 957 799 947 947 884 884 884 912 912 912 887 887 848 848 848 848 665 665 665 665 797 816 816 797 798 798 780 780 780 780 753 753 725 725 735 735 725 665 665 665 665 526 526 526 526 526 526 526 526 622 526 526 526 606 581 587 580 580 526 526 522 522 522 522 507 507 507 404 404 484 484 404 404 472 444 444 444 450 430 430 430 363 363 363 395 319 319 319 339 339 319 319 319 319 319 300 269 269 306 299 269 270 270 270 252 260 253 187 187 187 187 187 200 200 176 112 112 138 138 138 138 139 111 94 94 94 94 71 71 71 72 30 30 30 30 13 13 13 14 
957 957 799 947 947 884 884 884 912 913 913 887 887 887 848 848 848 665 665 665 665 797 797 797 797 798 798 780 780 780 780 665 665 725 725 725 725 725 665 665 700 700 667 667 526 526 526 659 526 526 622 526 623 526 526 581 581 581 581 526 526 522 522 522 522 522 522 522 404 404 500 404 404 364 364 444 450 450 450 430 430 430 363 363 363 363 363 363 363 339 339 339 339 339 339 319 300 318 269 269 299 269 252 252 252 252 260 253 187 187 226 226 187 200 200 176 112 112 138 138 138 138 139 111 94 94 94 94 71 83 83 30 30 30 31 31 13 13 13 14 
958 958 799 948 948 884 884 884 912 895 895 895 876 876 876 848 848 665 665 665 665 797 797 817 817 798 798 798 665 665 665 665 665 665 665 665 665 665 665 665 700 667 667 667 526 526 526 659 526 526 526 526 526 526 526 581 581 581 581 526 526 522 522 404 404 404 404 404 404 404 404 404 414 364 364 444 444 444 444 444 363 363 363 363 405 363 363 363 363 363 363 363 320 320 319 319 300 300 312 269 269 269 252 252 221 221 221 253 220 220 226 226 187 187 187 176 112 112 112 112 138 138 111 111 94 94 94 94 71 71 71 30 61 30 31 31 13 13 13 14 
958 799 799 948 948 884 931 884 912 895 895 895 876 876 822 867 867 665 665 665 665 665 665 817 786 786 798 798 665 665 665 768 726 726 726 726 726 726 694 694 700 667 667 667 667 667 667 526 526 526 526 629 624 526 526 526 526 526 526 526 526 557 557 404 404 404 404 404 404 508 492 492 414 364 364 364 455 455 363 363 363 363 363 363 363 363 363 363 363 363 363 363 320 320 319 319 326 300 300 300 300 252 252 252 221 221 221 220 220 220 220 220 201 201 187 176 112 112 112 112 150 145 111 111 111 111 111 94 94 94 71 30 30 30 50 31 13 13 13 14 
958 799 888 888 888 884 884 884 895 895 895 895 895 822 822 867 665 665 665 665 831 831 665 665 786 786 786 786 786 786 665 726 726 754 694 694 694 694 694 694 694 694 694 660 660 660 660 526 526 526 526 526 624 526 526 526 595 526 526 526 526 557 404 404 404 404 404 492 492 492 492 493 414 414 414 364 455 455 363 363 363 363 396 396 363 363 363 363 363 363 363 363 320 320 320 319 319 319 300 300 252 252 254 254 221 221 221 220 220 220 220 220 201 201 187 176 176 176 112 112 112 145 73 73 73 73 73 101 101 95 71 71 50 50 50 31 31 31 13 13 
799 799 888 888 888 938 888 888 895 895 895 895 895 822 867 867 665 665 665 665 831 810 810 665 665 665 665 665 786 786 665 726 764 736 736 694 694 727 723 694 694 694 694 660 660 660 660 660 644 644 526 526 526 526 607 595 595 526 526 526 526 526 404 404 404 404 404 492 492 492 414 414 414 414 414 364 455 455 451 363 363 363 396 396 363 363 363 363 363 363 363 363 320 320 320 327 327 320 252 252 252 293 254 254 221 221 221 221 220 220 220 220 201 201 187 176 176 176 112 163 112 145 73 73 73 73 73 73 73 95 71 71 50 54 32 32 32 32 13 13 
799 799 888 888 888 888 888 888 888 896 896 896 896 822 822 868 868 665 665 839 831 831 810 810 806 806 806 665 786 786 665 726 764 736 736 736 736 723 723 694 694 694 694 660 660 660 660 644 644 645 526 526 526 595 595 595 526 526 526 526 526 526 526 526 526 526 404 404 404 414 414 414 414 414 414 364 364 456 451 363 438 363 396 396 396 396 363 363 363 363 363 363 349 349 320 320 320 320 252 254 254 254 282 254 271 254 254 221 221 241 220 220 220 201 187 187 187 176 112 112 112 145 73 73 73 73 73 73 73 73 71 71 50 54 32 32 32 32 13 15 
959 799 799 921 921 921 921 926 888 888 888 822 822 822 822 868 822 822 822 839 839 726 726 810 806 806 665 665 794 665 665 726 726 726 726 736 736 723 708 708 708 695 695 660 660 660 660 644 644 603 603 603 603 595 595 595 526 526 526 572 526 526 558 526 526 526 526 404 404 414 414 414 414 414 466 364 364 456 451 363 363 363 396 396 396 396 391 364 364 364 364 364 349 349 321 321 321 321 252 254 254 254 254 254 254 254 254 254 221 221 221 221 221 201 201 118 118 176 112 112 112 145 73 73 73 73 50 50 50 73 73 73 50 13 13 13 13 13 13 15 
959 959 799 921 921 922 921 921 921 888 888 822 822 822 822 868 822 861 822 844 822 822 726 810 810 810 665 665 665 665 755 755 755 755 726 742 723 723 708 695 695 695 696 660 668 668 668 573 573 603 603 603 603 595 595 595 526 526 526 526 526 526 542 542 542 404 527 404 404 404 404 414 485 466 466 364 364 364 451 363 363 431 396 396 406 391 391 364 349 349 349 349 349 349 321 252 252 252 252 307 254 254 254 254 254 263 209 209 209 209 209 209 209 209 118 118 118 176 112 112 112 112 73 73 73 73 50 50 50 50 50 74 50 13 13 13 15 15 15 15 
799 799 799 921 921 922 922 922 922 888 888 888 888 888 822 822 822 861 822 822 822 822 726 726 726 726 807 795 795 726 726 726 726 726 726 723 723 708 708 695 695 660 660 660 573 573 573 573 573 573 573 573 603 618 595 595 548 548 548 548 526 526 542 542 542 404 404 404 404 404 404 414 414 466 466 466 364 364 451 363 363 431 364 364 406 397 364 364 349 350 350 350 350 321 321 252 328 252 252 307 283 283 283 263 263 263 209 209 209 209 209 209 209 209 118 118 118 118 112 112 151 112 112 112 73 73 112 50 50 50 50 50 50 13 13 13 13 13 15 15 
799 953 953 939 939 939 922 922 799 799 799 799 799 799 799 799 799 799 822 822 822 822 822 808 808 726 807 795 795 726 726 769 726 726 723 723 708 708 609 609 609 660 660 660 573 573 573 573 573 573 630 573 603 603 595 595 548 548 548 548 548 494 494 494 494 404 404 494 494 494 494 494 414 458 458 458 364 364 364 364 364 364 364 364 364 397 364 349 349 350 350 350 350 321 321 252 252 252 252 252 283 283 283 263 209 209 209 209 209 209 209 209 202 202 202 118 118 118 112 112 151 131 131 112 112 112 112 50 50 84 84 50 50 13 13 13 13 13 13 13 
799 953 953 939 932 932 932 799 799 897 897 799 799 846 799 799 849 799 822 822 822 822 822 808 808 726 726 726 726 726 726 769 756 756 723 723 708 609 609 717 609 609 609 609 573 669 669 573 573 573 630 573 573 603 603 603 573 573 573 573 548 494 548 548 494 528 528 494 494 494 494 495 414 458 459 458 458 364 364 364 364 422 422 414 364 364 364 349 382 350 350 350 350 350 252 252 252 252 252 252 283 283 284 263 209 209 209 209 209 209 234 202 202 202 202 118 118 118 151 151 151 131 131 131 118 118 84 84 84 84 85 50 50 13 13 13 13 13 13 13 
799 939 939 939 932 932 932 799 923 897 897 897 897 846 799 799 849 799 845 845 822 822 808 808 808 811 756 756 756 756 756 756 756 757 723 723 708 609 609 709 709 609 609 609 573 669 573 573 573 573 630 630 573 573 573 573 573 573 573 573 548 494 548 549 494 494 494 494 494 501 414 414 414 458 459 459 459 364 364 422 422 422 414 414 392 392 392 349 349 351 351 351 351 351 252 252 252 252 252 252 283 283 263 263 209 209 209 248 248 209 209 202 202 203 203 118 188 118 118 118 118 118 118 118 118 84 84 62 62 62 62 62 62 16 16 16 16 13 13 16 
799 939 799 799 932 932 932 799 799 897 897 897 898 846 799 799 849 799 799 799 822 822 808 808 808 808 756 756 756 787 756 756 756 756 708 708 708 609 609 709 609 609 609 609 573 573 573 608 608 631 631 631 573 573 573 596 596 573 573 573 548 548 548 529 529 494 494 516 516 501 414 414 414 458 473 414 414 414 414 414 414 414 414 392 392 398 349 349 349 351 351 340 340 340 340 252 252 252 252 252 283 283 263 263 264 264 209 248 209 209 209 202 202 203 203 118 118 118 164 164 146 146 84 84 84 84 113 62 62 96 62 62 63 16 16 16 16 16 16 16 
799 939 799 799 799 799 799 799 799 899 897 897 846 846 799 799 849 849 849 799 799 823 808 808 808 808 756 756 787 787 756 756 756 756 708 708 708 609 676 676 609 609 688 688 609 609 608 608 608 631 631 632 573 619 573 596 596 559 559 559 559 559 559 529 529 529 529 516 516 501 414 414 414 414 473 414 445 445 445 445 432 432 423 392 349 349 349 340 340 340 340 340 359 285 285 285 285 285 285 285 285 285 263 263 264 264 209 209 209 227 227 227 164 164 164 164 164 164 164 165 146 84 84 84 84 62 62 62 62 96 86 51 51 51 51 17 17 16 16 17 
799 799 799 799 799 899 899 799 799 899 904 904 846 846 873 873 846 846 850 846 799 823 820 820 808 808 808 756 756 718 756 756 756 756 708 708 609 609 676 676 676 609 609 609 609 609 608 650 650 631 631 632 573 619 573 588 588 559 559 559 559 559 560 529 529 501 501 501 501 501 501 414 414 414 414 414 445 445 445 432 432 433 423 392 349 349 349 340 340 340 340 340 340 285 285 285 285 285 285 285 285 285 263 264 264 264 235 235 235 222 222 222 164 164 164 164 146 146 165 165 146 84 84 84 84 62 86 86 86 86 86 51 51 51 51 17 17 17 17 17 
799 799 933 799 799 899 899 899 899 899 899 905 846 846 873 846 846 846 846 846 799 823 823 799 799 808 808 756 756 718 718 718 718 758 708 708 609 676 676 676 676 697 697 609 609 609 608 608 608 631 631 632 573 573 573 588 588 559 559 559 559 559 529 529 529 501 530 501 501 501 501 477 477 477 460 460 460 423 423 432 432 423 423 392 349 349 349 340 340 340 340 340 340 352 285 285 285 308 308 308 285 285 263 263 235 235 235 235 235 222 222 222 222 164 164 164 146 146 146 146 146 84 84 62 62 62 86 86 86 86 55 55 55 55 17 17 17 17 17 17 
933 933 933 799 799 899 899 899 899 899 899 905 846 846 846 846 847 847 851 847 799 823 823 799 799 808 808 756 756 756 756 718 718 758 609 609 609 676 676 676 676 676 676 681 681 609 609 661 608 608 608 608 608 608 608 588 588 588 559 559 559 559 529 529 529 501 501 501 501 501 477 477 477 477 460 460 423 423 423 423 423 423 392 392 349 349 349 340 340 285 285 285 352 352 285 285 285 308 285 285 285 285 285 263 235 235 261 235 235 222 222 164 164 164 164 164 146 146 146 146 146 84 84 62 119 119 86 86 86 86 55 55 55 17 17 17 17 33 17 17 
933 933 933 933 933 933 933 899 899 899 899 899 899 847 847 847 847 847 847 847 799 799 799 799 799 799 799 799 756 756 756 718 718 718 718 718 718 718 718 718 676 676 676 676 676 676 609 609 609 609 609 609 609 609 609 588 588 588 559 559 559 559 529 529 529 501 501 501 501 509 477 477 477 477 460 460 423 423 423 423 423 423 392 392 392 392 392 340 340 285 285 285 285 285 285 285 285 285 285 285 285 285 285 263 263 235 235 235 235 235 235 164 164 164 164 164 177 177 146 146 62 62 62 62 119 119 86 86 86 86 55 55 55 17 17 17 17 17 17 18 
