937 937 937 946 937 900 900 900 900 900 836 836 836 836 834 834 834 834 834 834 791 791 791 791 791 739 739 739 739 739 739 739 739 597 597 597 597 597 597 597 597 597 597 597 666 630 630 630 630 630 617 617 608 570 570 570 570 570 540 540 540 540 540 540 489 489 489 489 489 489 489 456 456 456 456 456 396 396 396 396 396 259 259 259 259 259 259 259 259 259 333 333 333 333 259 259 259 259 259 259 259 259 259 259 259 202 202 202 202 202 202 202 202 170 170 170 170 162 126 126 126 126 126 126 73 73 73 73 73 73 73 73 62 19 19 19 19 19 19 1 
937 937 937 937 937 900 900 900 901 901 836 836 836 836 834 834 834 834 834 834 791 791 791 791 791 739 739 739 739 739 756 730 730 597 597 597 597 597 597 692 597 597 597 597 666 630 631 631 631 631 617 617 608 570 570 570 570 570 540 556 556 540 540 489 489 489 489 448 448 448 448 456 456 456 396 396 396 259 259 259 396 259 259 259 259 259 259 259 259 259 333 333 334 334 259 259 299 299 259 259 259 259 269 259 259 202 202 202 229 89 89 203 203 170 170 170 170 162 126 126 126 126 102 102 73 73 73 73 73 62 62 62 62 19 19 19 38 29 1 1 
937 937 937 937 938 869 869 869 901 836 836 836 836 834 834 834 834 834 835 835 791 791 791 791 791 791 756 756 739 739 756 730 730 730 597 597 597 597 597 692 597 597 675 666 666 630 631 631 631 608 608 608 608 570 570 570 570 570 540 540 540 540 540 489 489 489 489 448 448 448 448 456 456 396 396 396 396 259 259 259 259 259 259 259 259 259 259 259 259 259 259 333 259 259 259 259 299 202 202 287 259 259 269 260 260 202 229 229 229 89 89 89 89 89 162 162 162 162 126 126 126 126 102 102 113 73 73 73 73 62 62 62 62 19 19 1 1 29 1 2 
869 959 869 869 869 869 869 869 836 836 869 869 836 834 834 834 834 834 835 835 791 791 791 792 792 792 756 756 756 756 756 730 730 730 597 597 692 692 692 692 597 597 675 666 630 630 653 631 631 608 608 570 570 570 570 570 570 540 540 540 540 540 540 521 521 521 448 448 448 448 448 456 456 396 396 396 396 396 259 429 259 259 404 404 259 259 259 259 259 362 259 259 259 320 320 299 299 202 202 202 202 202 269 260 260 202 229 229 229 89 204 204 204 89 162 163 163 163 1 1 1 1 102 102 102 102 102 73 73 1 1 62 62 19 19 1 1 29 1 2 
869 869 869 869 869 931 869 869 911 869 869 869 836 836 868 836 836 836 836 823 791 791 791 791 756 756 756 756 756 756 756 730 731 731 597 597 692 692 692 693 597 597 597 666 630 630 653 608 608 608 608 570 570 570 570 588 570 540 569 540 540 540 540 521 521 521 448 448 448 448 448 448 448 448 466 396 396 396 393 393 393 393 393 393 259 390 259 259 259 259 259 259 338 320 320 299 299 202 202 202 202 202 202 202 202 202 229 229 229 89 204 155 155 198 162 155 155 164 1 139 139 1 1 114 114 88 88 88 1 1 1 1 1 1 1 1 1 1 1 1 
961 939 939 869 869 902 925 869 869 869 891 869 881 836 836 836 836 836 836 823 823 791 791 791 756 756 756 756 756 756 756 730 731 597 597 692 692 692 693 693 654 654 597 666 630 630 608 608 608 608 608 608 580 580 580 580 570 540 540 540 540 540 540 521 521 521 448 448 448 448 457 448 448 448 448 448 448 396 393 393 393 393 393 393 259 259 259 369 369 259 259 259 338 320 320 299 299 291 291 202 202 202 202 249 249 249 229 229 229 89 89 155 155 155 155 155 155 164 1 1 1 1 1 1 1 88 88 88 1 1 1 1 1 43 43 43 1 1 1 1 
939 939 939 869 869 902 902 902 902 902 845 869 869 869 836 836 836 836 836 836 791 791 730 730 756 756 756 756 756 756 756 730 730 597 597 692 692 692 693 654 654 654 597 597 630 608 608 639 639 608 608 608 580 580 580 580 570 570 540 540 521 521 521 521 521 521 448 511 448 448 457 473 473 473 448 448 396 396 393 393 420 405 405 370 370 259 259 320 320 320 320 320 320 320 321 299 299 291 291 202 202 202 249 249 249 249 229 229 229 89 89 155 171 155 155 181 155 155 155 1 1 1 1 1 1 1 88 88 88 1 1 1 1 43 43 43 1 1 1 3 
939 939 939 869 869 903 903 903 903 903 845 869 869 869 869 845 845 845 836 836 791 730 730 730 797 756 756 730 730 730 730 745 730 732 597 597 597 597 693 654 654 654 597 597 630 608 608 608 608 608 618 618 580 580 580 580 580 570 562 562 521 521 521 521 521 521 448 448 448 448 457 457 457 457 457 457 396 396 396 393 420 405 405 370 370 320 320 320 370 320 320 283 283 283 283 283 283 283 283 202 202 202 249 261 261 240 240 229 229 89 155 155 171 171 171 171 171 156 156 1 1 1 1 1 115 1 1 88 88 1 1 1 63 43 50 43 4 4 3 3 
962 939 939 947 939 903 903 903 903 903 845 887 870 870 870 845 854 824 824 824 791 730 730 730 730 730 730 730 645 645 730 730 730 716 716 716 597 597 693 693 654 654 597 597 597 597 632 632 632 632 580 580 580 580 580 513 513 570 562 563 521 521 521 521 448 448 448 505 505 448 474 474 449 449 449 449 449 441 396 393 420 405 405 405 370 320 320 320 370 283 283 283 339 283 283 283 283 283 283 283 283 202 249 249 240 240 240 229 229 89 89 89 89 89 89 89 89 156 156 1 1 1 1 115 115 1 1 1 1 1 1 1 63 43 43 43 4 4 3 3 
962 939 939 939 939 932 903 903 903 903 845 887 870 870 870 845 845 824 841 824 791 791 730 645 645 645 645 645 645 645 716 716 716 716 716 716 597 654 654 654 654 654 654 597 597 597 597 597 632 632 580 580 580 596 513 513 513 570 570 448 448 543 543 448 448 522 448 448 448 448 474 474 474 474 449 449 441 441 396 393 420 405 405 405 370 370 370 370 370 283 283 283 339 283 283 283 283 283 283 283 283 202 270 249 240 240 240 172 172 172 89 89 199 89 89 182 89 156 156 1 1 1 1 1 1 1 103 1 4 4 4 4 4 56 4 4 4 4 4 4 
962 940 940 940 940 932 903 903 904 904 845 845 845 845 845 845 845 824 824 824 824 730 730 645 770 770 645 645 645 645 716 746 716 716 597 597 597 654 682 682 682 682 654 654 654 654 654 597 597 580 580 580 580 596 513 513 513 574 448 448 448 448 448 448 522 522 515 441 441 474 474 474 474 474 449 449 441 441 396 393 393 405 405 393 393 370 370 283 283 283 283 283 339 283 313 313 283 283 283 283 283 202 202 249 202 202 241 172 172 172 172 172 199 89 89 182 89 156 146 146 1 1 131 1 1 1 1 1 4 4 74 74 4 4 4 4 4 4 4 4 
962 940 940 940 932 932 824 824 824 824 892 824 824 824 824 824 824 824 824 825 825 730 808 645 770 770 770 778 645 764 716 716 716 597 597 717 654 654 682 682 682 682 676 645 645 645 645 645 597 580 580 580 609 596 596 513 513 513 513 515 515 515 522 522 522 515 515 441 441 474 474 474 474 474 441 441 441 441 396 396 393 393 393 393 394 370 370 283 283 283 283 283 283 283 313 288 288 288 288 288 284 278 202 249 202 202 202 224 172 172 218 172 199 199 182 182 89 89 146 147 1 131 131 1 1 89 89 89 89 4 4 4 4 57 4 4 4 4 4 4 
962 940 940 940 932 932 824 855 824 824 892 824 824 855 855 862 855 825 825 825 826 730 808 645 645 645 770 770 645 645 723 723 723 597 597 597 654 654 654 654 676 676 676 645 640 645 645 601 597 597 597 597 597 597 597 513 513 513 513 513 557 515 515 515 515 515 516 441 441 441 441 441 441 441 441 434 434 434 434 396 393 393 393 393 394 371 371 371 371 340 340 340 340 288 288 288 308 289 289 289 284 278 202 202 202 250 202 224 224 224 202 172 172 172 182 172 172 89 146 1 1 1 1 1 1 89 89 89 89 21 21 21 4 4 4 4 4 4 4 5 
954 954 824 824 932 932 824 855 824 824 824 824 824 855 855 855 855 826 826 826 826 730 730 645 645 793 730 770 770 645 723 747 723 723 723 654 654 654 654 654 676 645 645 645 640 640 640 601 601 601 597 597 600 600 513 513 513 513 513 513 515 515 515 530 530 512 512 441 441 441 441 441 441 441 441 434 435 435 435 396 396 406 406 406 394 371 371 371 340 340 352 288 288 288 322 271 271 289 289 289 284 278 202 202 202 202 202 202 202 202 202 205 205 172 172 172 173 89 89 1 1 1 116 116 116 89 89 89 89 21 21 21 58 4 4 4 4 20 20 5 
954 954 824 824 824 824 824 855 855 855 855 855 855 855 804 804 856 826 826 809 809 809 730 730 730 730 730 645 645 645 723 723 723 723 724 654 654 654 654 654 645 645 662 662 640 640 640 640 640 601 597 597 600 600 513 513 513 513 513 513 515 515 515 512 512 512 512 512 441 490 490 467 467 441 441 434 435 435 435 396 396 394 394 407 394 340 340 376 340 363 288 288 322 322 322 271 271 284 284 284 284 278 202 202 202 202 236 202 202 183 183 183 183 183 183 183 89 89 89 1 1 89 89 117 117 89 89 96 21 21 21 21 58 58 21 21 4 4 4 5 
954 954 824 824 824 838 838 804 804 804 804 804 804 804 804 804 804 804 826 804 804 809 730 730 798 645 645 645 740 740 740 723 723 723 724 654 654 654 654 654 645 645 645 662 640 640 601 601 601 601 601 601 581 581 581 513 513 513 550 550 550 550 512 512 523 523 498 498 441 441 491 467 467 467 467 434 434 396 396 396 396 394 394 394 394 340 340 340 340 288 288 288 288 323 323 271 271 284 271 271 271 278 242 242 202 202 236 236 230 183 219 183 183 183 184 184 89 89 89 89 89 89 89 89 89 89 89 96 21 21 21 21 21 21 21 21 21 21 4 4 
954 954 954 824 824 838 838 804 804 905 804 804 882 871 871 804 804 804 826 804 804 809 809 645 645 645 645 645 740 740 740 740 699 699 699 699 713 654 654 654 654 654 645 662 662 662 601 601 601 601 601 601 581 513 513 513 513 513 550 550 550 550 512 523 523 498 498 498 506 441 441 467 467 467 421 421 434 396 396 396 396 394 394 394 395 340 377 377 288 288 353 288 288 323 323 271 271 271 271 271 271 242 242 242 242 242 242 230 230 183 183 183 206 183 183 183 89 89 140 140 89 89 127 127 89 89 21 21 21 21 21 21 21 22 22 22 22 21 21 4 
955 955 955 838 838 838 838 804 804 804 804 804 882 804 804 804 804 804 826 804 804 804 645 645 645 645 757 757 740 740 740 740 699 699 699 699 699 699 699 654 654 654 645 645 601 601 601 601 601 601 601 581 581 513 513 513 513 513 550 550 550 550 512 512 531 498 498 498 498 498 441 441 441 421 421 421 421 396 396 396 414 414 394 394 395 340 377 377 288 288 288 288 288 323 323 271 271 271 292 271 271 242 242 242 251 251 243 230 206 206 206 206 206 183 183 183 118 118 140 140 140 118 118 118 118 21 21 21 21 21 21 21 21 22 44 44 22 22 22 4 
955 955 955 838 838 838 926 804 804 804 893 804 804 804 872 804 804 804 826 804 804 804 645 645 771 771 757 757 757 757 740 740 740 699 699 699 699 699 694 694 645 645 645 645 601 601 601 601 601 624 624 581 581 513 513 513 513 513 513 513 513 513 513 531 531 498 498 513 507 397 397 397 441 421 421 421 421 421 421 396 396 396 395 395 395 340 340 340 340 288 288 288 288 271 271 271 271 271 292 271 271 279 242 242 230 230 243 230 206 206 206 206 183 183 192 118 118 118 140 140 140 118 119 119 21 21 21 21 21 21 22 22 22 22 44 44 22 22 23 4 
955 955 955 838 838 926 926 805 805 805 893 805 805 805 805 804 804 804 826 804 804 804 804 645 771 771 757 757 771 757 757 748 699 699 718 699 699 699 694 694 645 667 667 667 667 601 646 646 624 624 610 610 581 581 513 513 571 571 571 513 513 544 513 513 513 513 513 513 507 397 397 397 441 468 468 421 450 421 421 421 421 396 396 396 396 372 372 372 340 288 288 288 288 271 324 271 271 292 292 271 271 271 271 230 230 230 230 230 231 183 183 206 183 192 192 174 174 118 118 118 118 118 119 119 21 21 21 77 77 77 22 22 22 22 51 45 30 30 23 4 
838 838 838 838 838 926 805 805 912 805 893 805 805 805 805 804 804 846 804 804 827 804 804 645 645 771 771 771 771 645 645 748 699 699 718 718 699 699 700 645 645 663 663 667 667 601 624 624 624 633 610 610 610 581 581 564 564 572 572 513 513 544 544 507 507 507 507 507 507 397 397 397 441 468 468 421 421 421 421 421 408 408 408 408 397 372 372 372 372 288 288 288 341 271 271 271 230 230 230 230 280 280 230 230 231 231 231 231 231 183 183 183 183 183 193 174 175 148 148 104 104 104 119 119 119 21 21 77 77 77 77 45 45 45 45 45 30 23 23 4 
838 838 926 926 926 926 805 805 805 805 805 805 805 863 863 863 804 846 804 827 827 804 810 804 645 645 645 645 645 645 645 645 699 699 699 699 699 699 645 645 663 663 663 667 667 601 647 647 601 601 601 601 601 601 581 564 564 572 572 513 513 545 545 507 508 508 508 508 508 397 441 441 441 458 458 421 421 442 397 397 408 408 408 397 397 383 383 364 364 288 288 288 341 230 230 230 230 230 230 230 230 230 230 265 231 231 183 183 232 183 183 183 183 183 174 174 175 148 148 104 104 104 104 104 104 104 104 78 78 78 78 45 45 45 30 30 30 23 23 4 
963 838 926 926 933 933 805 805 805 805 805 805 805 842 842 842 804 804 804 827 827 804 804 804 785 785 785 779 726 726 726 645 699 699 699 699 699 699 645 695 663 683 663 663 663 601 647 647 601 625 625 619 582 582 581 564 564 564 564 564 507 507 507 507 508 508 508 508 508 397 441 441 441 458 458 458 442 442 397 397 422 397 397 397 383 383 364 364 364 364 348 348 230 230 230 230 300 300 293 230 230 262 262 265 231 231 183 183 183 183 183 174 174 174 174 149 149 148 148 148 52 52 52 52 52 78 78 78 78 78 79 45 45 45 30 31 31 31 4 4 
838 838 948 948 933 933 805 805 805 805 805 805 842 842 873 842 842 847 842 811 811 811 811 785 785 785 785 779 726 726 726 645 699 699 725 699 699 645 645 695 663 663 663 663 663 601 601 601 601 619 619 619 582 582 581 564 564 564 573 507 507 551 525 525 508 508 508 508 508 397 441 397 397 397 397 397 397 397 397 397 397 397 343 343 383 383 364 364 364 364 230 230 230 314 314 314 300 300 293 230 230 262 262 262 183 183 183 200 200 200 200 174 174 174 174 149 149 148 148 148 52 52 52 52 52 78 78 78 78 52 52 45 45 45 30 30 31 31 4 4 
838 838 838 838 838 838 838 838 838 838 894 805 805 879 864 864 842 842 842 811 811 811 811 794 794 794 779 779 726 726 726 645 645 645 645 645 645 645 663 663 663 663 663 663 619 619 655 619 619 619 620 620 582 582 581 581 581 507 507 507 551 551 525 525 508 508 508 508 508 397 397 397 430 430 430 430 430 430 430 430 423 343 343 383 383 383 364 364 364 364 230 342 342 314 314 309 309 293 293 183 183 262 262 262 183 183 244 200 200 200 200 174 174 200 149 149 149 149 149 149 52 52 52 52 120 78 78 97 52 52 52 52 52 52 52 30 30 4 4 4 
964 914 914 914 914 927 927 913 913 838 838 838 805 805 864 864 842 842 842 811 811 811 811 794 794 794 779 780 726 758 758 645 645 701 701 719 645 645 663 684 684 684 619 619 619 619 619 619 619 619 602 602 602 582 582 582 582 507 507 507 551 541 541 525 525 524 508 508 508 492 492 482 398 398 398 398 398 436 436 423 423 343 343 343 383 383 384 364 364 230 230 342 342 314 314 309 310 293 183 183 183 262 262 262 262 183 225 225 225 200 200 214 200 200 149 149 149 52 52 150 52 132 132 52 52 52 52 52 52 80 80 52 52 52 52 46 30 4 4 4 
964 914 949 949 914 927 927 914 914 838 838 838 838 805 864 864 842 842 842 811 811 811 812 805 794 794 779 726 726 733 733 733 701 701 701 701 701 701 663 684 684 684 619 619 619 619 619 619 619 619 602 602 602 602 589 589 551 551 551 551 551 541 541 541 525 524 508 508 492 492 482 482 398 398 398 398 398 436 423 423 343 343 343 343 378 378 378 378 230 230 354 342 342 314 314 309 309 293 183 183 183 183 183 183 183 183 225 225 225 200 200 200 200 194 194 52 52 52 52 150 52 52 52 128 52 52 75 75 75 75 75 52 52 24 24 46 30 24 24 6 
964 914 914 914 914 914 914 914 914 838 838 838 838 805 805 805 805 805 805 805 805 805 805 805 794 794 779 726 726 733 733 733 701 701 701 701 714 701 663 663 663 619 619 619 619 619 619 619 641 626 626 589 589 589 589 590 551 575 541 541 541 541 541 541 525 525 508 508 492 492 482 483 398 398 398 398 398 436 423 343 343 343 343 343 378 378 378 230 230 354 354 342 342 309 309 309 309 293 293 183 285 183 183 183 183 183 245 225 225 200 200 200 200 194 194 52 52 52 52 150 52 52 52 52 75 75 75 75 75 75 75 7 7 24 24 24 30 24 6 6 
914 914 914 914 914 914 914 914 914 838 838 838 838 838 817 817 817 817 817 817 813 813 806 806 786 786 779 779 726 749 749 733 733 701 701 714 714 701 701 663 663 619 619 619 626 626 626 626 626 626 589 589 611 589 589 590 551 551 541 541 541 546 532 532 532 499 499 499 482 482 482 483 398 398 398 459 398 398 423 343 343 343 343 343 391 391 230 230 354 354 343 343 343 309 325 309 309 301 183 183 285 183 252 183 183 183 183 225 225 200 200 200 200 194 194 52 52 52 52 52 52 52 133 52 52 75 75 75 75 75 75 7 7 7 7 24 24 24 6 7 
914 914 914 906 906 906 906 914 914 838 838 838 838 838 817 817 817 817 817 817 813 813 813 786 786 786 779 779 726 749 749 749 733 733 702 702 702 702 702 663 663 663 663 663 626 626 648 648 642 589 589 603 603 603 583 583 583 551 541 541 541 546 546 517 517 499 499 499 482 482 482 482 398 398 459 459 398 398 423 343 343 415 343 343 391 391 230 230 230 365 343 343 309 309 301 301 301 301 183 285 285 183 252 183 183 183 183 237 225 225 200 200 207 185 185 185 52 52 52 52 141 52 52 52 52 105 105 90 90 75 75 7 7 7 7 7 25 25 25 7 
960 960 914 906 907 907 906 906 906 906 838 838 838 838 817 817 817 817 817 817 813 813 813 786 786 786 779 779 726 726 726 726 733 733 702 702 702 703 703 656 656 656 656 663 663 626 642 642 642 589 603 603 603 603 583 583 583 551 541 565 552 552 517 517 517 499 499 499 509 482 482 482 475 475 459 459 398 398 398 343 343 415 343 343 343 391 230 230 230 343 343 343 309 301 301 315 301 301 183 285 285 183 252 252 252 183 183 237 185 185 185 185 185 185 185 185 98 98 98 98 98 98 134 52 52 98 98 90 90 75 81 7 7 7 53 7 25 7 7 7 
914 914 914 906 907 907 907 920 907 907 838 838 838 838 817 817 817 817 817 817 817 817 814 786 786 786 786 696 696 726 726 726 726 734 702 702 702 656 656 656 656 656 656 673 663 663 642 642 642 589 589 589 589 589 589 551 551 551 541 552 552 510 517 517 517 517 517 499 475 475 475 475 475 459 459 459 398 398 398 398 343 343 343 343 343 230 230 230 230 343 309 309 309 301 326 294 294 294 183 183 183 183 252 252 252 185 185 185 185 220 220 186 186 186 186 186 98 98 98 98 98 98 98 98 98 98 98 90 90 75 81 7 64 53 53 7 7 7 26 8 
914 914 956 906 907 907 907 907 907 838 838 838 838 838 817 817 848 848 814 814 814 814 814 786 786 787 787 696 696 759 759 750 726 726 702 702 702 656 656 656 656 656 656 668 668 656 656 642 642 589 589 589 612 589 589 551 584 541 541 552 552 510 510 510 533 517 517 499 475 475 475 475 475 459 459 459 296 296 296 398 398 343 343 343 385 385 385 343 343 343 309 309 301 301 326 294 294 294 183 183 286 253 253 253 252 185 185 185 185 220 220 186 186 157 157 157 157 157 157 98 98 129 129 129 121 98 98 90 90 75 75 75 64 53 53 39 39 8 8 8 
914 914 956 906 906 906 907 907 907 838 838 865 865 865 865 814 814 814 814 696 696 696 696 787 787 787 696 696 696 759 759 750 677 726 726 677 677 677 677 677 677 656 656 668 668 656 657 642 642 589 589 589 589 589 589 551 541 541 558 558 510 510 510 510 510 510 510 499 499 499 475 476 476 476 296 296 296 296 296 398 398 343 343 343 385 343 343 343 309 309 309 309 301 301 294 294 294 294 294 253 253 253 272 253 252 252 185 185 185 220 220 186 186 157 157 157 157 165 98 98 98 98 121 121 121 98 98 98 53 53 59 59 59 59 53 39 39 8 8 8 
914 914 914 906 906 906 907 907 907 838 838 865 865 865 865 814 814 814 814 696 696 696 696 696 696 696 696 772 696 696 696 750 677 677 677 677 696 696 677 677 677 685 656 656 668 656 649 649 598 598 589 613 613 589 589 551 541 541 558 558 510 510 510 510 510 510 510 510 510 475 475 476 476 476 296 296 451 296 296 398 398 398 409 343 343 343 309 309 309 309 309 294 294 294 294 294 294 294 253 253 272 272 272 253 253 253 185 185 185 185 185 185 185 157 157 157 158 158 98 98 98 98 121 121 99 99 99 99 53 53 59 76 53 53 53 39 39 8 8 8 
914 914 914 906 906 906 906 906 838 838 895 865 865 865 865 865 814 814 814 837 696 696 696 696 696 696 696 772 772 696 696 750 735 735 696 696 696 696 696 696 677 677 677 656 656 656 649 649 598 598 589 589 589 589 598 551 585 541 541 558 558 510 510 510 510 510 510 510 475 475 493 476 476 296 296 296 451 410 410 410 424 398 398 398 398 294 309 379 355 355 355 294 294 294 294 294 253 253 253 246 246 246 253 253 253 185 185 185 185 185 185 185 185 157 157 157 158 158 98 98 53 53 53 121 99 99 99 53 53 53 59 53 53 53 53 9 9 9 9 9 
957 957 914 914 941 906 906 906 838 895 895 865 865 865 866 866 814 814 837 837 696 696 696 736 736 736 736 736 736 696 750 750 735 735 696 710 710 710 697 697 677 677 649 649 649 649 649 649 598 598 627 589 589 598 598 551 551 551 541 541 541 541 510 510 475 475 475 475 475 484 484 484 296 296 410 410 410 410 437 410 410 410 410 294 294 294 309 309 355 355 355 349 294 253 253 253 253 253 253 246 246 246 253 253 253 185 185 185 185 185 221 185 185 157 157 187 158 158 158 53 53 53 53 121 99 99 53 53 91 53 53 53 65 53 53 9 9 9 9 10 
957 957 957 914 914 906 906 906 838 888 888 888 838 838 818 818 818 818 818 818 818 696 696 736 781 781 781 781 736 696 750 750 696 696 696 710 710 697 697 649 649 649 649 598 598 598 598 598 598 598 598 598 598 598 576 576 586 541 541 541 541 541 475 475 475 518 518 475 475 478 478 478 296 296 296 410 410 416 416 416 416 416 411 294 294 294 309 309 355 355 355 349 294 253 253 253 253 215 215 246 246 246 253 253 263 185 185 185 185 185 185 208 151 151 151 151 151 151 151 53 53 53 53 53 99 99 53 53 91 32 32 32 65 54 54 9 9 10 10 10 
957 942 942 942 914 914 914 838 838 888 896 838 838 838 818 849 849 849 736 736 818 818 736 736 781 795 736 736 736 696 696 696 696 696 696 697 697 697 634 649 649 649 678 598 598 598 598 598 614 614 614 614 614 576 576 576 576 541 541 541 541 541 475 475 475 475 475 475 475 478 478 478 478 296 296 452 452 416 425 425 425 411 411 399 399 294 309 309 309 349 349 349 294 316 253 253 253 215 215 246 246 246 246 246 246 246 246 238 226 226 185 208 151 151 151 188 151 151 151 53 53 53 53 53 53 109 53 53 91 32 65 65 65 54 54 40 40 10 10 10 
957 942 942 942 942 897 897 838 888 888 838 838 838 838 874 849 849 849 736 736 828 736 736 781 781 795 736 760 760 760 760 736 736 696 696 697 697 634 634 649 649 649 649 649 649 649 650 650 614 614 614 614 576 576 576 576 576 576 475 475 541 541 475 475 475 475 475 475 475 478 478 478 478 296 296 296 296 416 416 411 411 411 412 399 400 294 309 309 309 349 294 294 294 316 316 316 253 215 215 215 215 215 246 246 238 238 238 238 226 226 185 208 151 151 151 166 166 166 151 53 53 136 53 53 53 109 53 66 66 32 65 65 65 54 54 40 40 10 10 10 
957 942 942 943 943 897 897 838 838 838 838 883 838 874 874 849 849 849 736 736 736 736 815 781 799 795 736 760 773 765 736 736 736 736 727 634 634 634 649 649 649 649 679 649 649 649 650 650 591 591 591 621 576 576 576 576 576 576 475 475 475 475 475 475 475 475 475 460 460 460 460 460 460 460 460 460 296 416 416 411 426 411 411 399 400 294 294 294 294 294 294 344 344 316 316 316 253 215 215 215 273 215 215 215 238 185 185 185 185 185 185 208 208 151 151 166 166 166 151 151 53 53 135 53 53 109 53 66 66 32 32 32 32 32 32 40 40 10 10 10 
957 942 942 943 897 897 897 897 915 838 838 883 838 838 838 867 850 850 736 736 736 815 815 781 795 795 736 760 765 765 736 751 736 736 727 634 649 649 649 698 649 649 651 651 651 651 650 650 591 591 591 621 576 576 576 576 576 576 475 475 475 475 475 475 475 475 519 460 460 460 485 485 460 460 296 296 296 411 411 411 411 411 411 399 399 294 294 294 294 294 356 344 345 316 316 316 253 215 215 215 273 273 273 215 238 185 185 185 185 185 185 185 185 151 151 176 176 151 151 53 53 53 53 53 53 53 53 66 66 66 66 32 32 60 32 40 40 10 11 11 
957 942 942 943 897 934 928 897 897 897 897 883 883 838 838 867 850 850 736 736 815 815 800 800 795 795 736 760 765 736 736 751 705 705 727 634 649 649 649 698 649 651 651 634 634 651 651 651 643 591 591 591 591 591 591 577 577 577 475 475 547 547 547 475 475 526 460 460 460 460 485 485 460 460 296 438 438 411 411 411 411 411 411 399 399 294 294 294 294 294 356 344 344 327 327 253 253 253 253 253 273 273 215 215 238 238 238 238 185 185 185 185 185 185 151 151 151 151 151 53 53 137 53 110 110 110 100 100 66 66 66 32 32 60 32 32 41 10 10 10 
897 897 897 897 897 928 928 916 916 884 884 884 884 838 850 850 857 850 736 736 815 819 800 800 800 736 736 760 736 736 761 705 705 705 705 634 649 649 649 649 649 651 634 634 634 634 634 634 643 591 591 591 578 578 591 577 577 577 475 475 547 526 526 526 526 526 460 460 460 477 477 477 477 477 296 438 438 438 438 411 411 380 380 399 380 380 380 380 366 366 327 327 344 327 328 253 253 253 295 253 281 281 215 266 238 238 238 238 143 143 143 143 143 185 151 151 151 151 151 152 53 53 53 110 100 100 100 67 67 67 66 66 66 33 33 32 32 32 12 12 
897 897 897 897 928 928 929 916 916 884 884 884 884 838 838 850 850 850 815 815 815 819 720 720 720 736 736 736 736 705 705 705 705 705 705 634 649 649 704 649 649 651 634 634 634 664 634 634 634 634 578 578 578 578 591 577 577 577 566 566 526 526 534 534 534 460 460 460 460 477 477 461 461 461 296 296 296 443 417 417 417 417 380 380 380 327 327 327 327 327 327 327 327 327 328 253 253 302 295 253 253 253 215 266 238 238 143 143 143 215 215 215 143 143 143 143 143 143 159 142 142 110 110 110 100 100 100 67 83 67 67 67 67 33 33 33 33 33 12 13 
965 897 897 944 928 928 929 921 884 884 884 858 858 858 838 838 838 838 815 815 815 819 720 720 801 736 736 774 774 705 705 752 705 705 728 634 651 651 651 651 651 651 634 634 634 664 634 634 634 635 578 578 578 578 591 591 577 577 566 566 526 553 514 514 514 460 460 460 460 477 477 461 461 461 461 461 296 443 417 417 417 401 401 401 401 327 327 327 327 335 335 335 327 327 274 274 274 274 274 274 253 253 215 215 215 143 143 233 233 215 215 215 189 189 189 143 143 143 142 142 110 110 110 110 100 100 100 100 83 83 67 67 68 33 34 34 34 34 12 13 
965 897 897 944 944 921 921 921 884 884 884 858 858 858 858 858 858 838 838 838 815 815 815 720 720 720 766 766 766 766 705 705 741 705 705 634 634 634 634 634 634 634 634 658 658 658 634 634 635 635 578 578 578 604 577 577 577 470 470 526 526 553 514 514 514 460 460 514 460 460 460 461 461 469 469 462 296 296 296 417 417 401 401 401 386 386 327 327 327 335 335 335 335 335 329 303 303 303 274 274 253 253 253 253 215 254 215 215 215 215 215 215 189 189 189 189 177 143 142 142 110 110 110 100 100 100 84 84 84 84 68 68 68 33 33 33 33 33 12 12 
897 897 935 935 935 921 921 885 885 885 884 889 858 858 875 839 839 839 839 815 815 815 815 720 720 720 720 767 767 762 762 705 705 705 705 705 705 705 705 688 688 658 658 658 658 658 634 634 635 635 622 622 578 577 577 577 577 470 470 526 526 553 514 514 527 527 514 514 460 460 460 461 461 469 462 462 296 296 296 296 296 401 401 401 386 386 386 327 327 296 296 335 335 329 329 303 303 303 274 274 274 274 253 253 215 215 215 215 215 215 216 216 177 177 177 177 177 143 142 142 110 110 122 100 100 100 84 85 85 85 68 68 27 27 33 33 33 33 27 12 
897 935 935 935 935 921 921 885 917 885 884 884 884 839 839 839 851 851 839 815 815 815 816 720 720 720 720 767 767 762 762 705 705 705 670 670 706 706 706 688 658 658 665 658 658 658 658 635 635 635 622 578 578 577 577 577 577 470 470 526 526 548 548 514 514 514 514 460 460 460 460 462 462 462 462 463 427 427 427 427 296 296 401 401 386 386 387 296 296 296 296 296 336 329 304 304 304 304 296 275 275 274 274 247 247 247 247 215 234 215 216 217 177 177 167 167 143 143 142 142 138 138 122 122 122 84 84 85 86 86 27 27 27 27 27 27 27 27 27 12 
897 852 852 935 935 885 885 885 917 885 885 839 839 839 843 843 843 829 839 815 815 815 815 720 720 720 767 767 767 767 686 686 686 686 670 670 670 670 670 688 658 658 665 658 658 658 658 635 445 445 622 578 578 577 577 577 577 470 470 526 548 548 549 460 460 460 460 460 460 460 462 462 479 453 453 463 427 427 427 427 427 296 296 296 296 296 296 296 296 296 296 296 336 336 304 304 304 296 296 275 275 274 274 247 247 215 215 215 234 215 216 217 167 167 167 167 143 143 142 142 138 138 92 92 123 84 85 85 86 86 27 27 69 27 27 27 27 27 27 12 
852 852 852 950 935 885 885 885 885 885 885 839 839 839 843 843 843 829 839 839 815 815 815 720 720 720 720 720 767 767 686 742 742 686 670 670 670 670 670 670 670 658 665 665 665 665 658 635 445 445 445 445 578 578 578 470 470 470 526 526 526 470 470 460 460 460 460 460 460 460 462 462 454 454 453 453 453 427 427 427 427 296 296 381 381 381 381 381 296 296 296 296 296 296 296 296 296 296 297 275 275 274 274 210 210 215 215 215 215 215 216 167 167 167 167 167 167 143 143 143 143 138 92 92 84 84 85 85 92 82 82 27 27 28 28 28 28 28 28 12 
852 852 852 950 935 935 885 885 885 885 885 885 885 839 839 843 843 829 829 829 829 720 720 720 720 720 720 720 775 686 686 742 742 686 670 670 670 670 670 670 670 658 658 658 665 665 658 635 445 445 628 445 578 578 578 470 470 470 526 526 526 470 470 470 460 460 460 460 460 500 462 462 454 454 454 454 454 431 431 427 427 296 296 346 346 388 388 367 367 296 296 317 317 317 317 317 296 296 235 235 275 275 275 210 210 210 210 216 216 227 216 167 167 167 178 178 167 167 111 111 111 138 92 92 84 84 106 92 92 82 27 27 27 28 28 28 28 28 12 12 
852 852 852 950 922 922 922 922 898 898 898 832 832 839 839 859 843 843 843 830 830 720 720 720 720 720 720 775 775 686 686 686 686 686 670 670 670 711 670 670 670 670 680 658 665 665 658 635 445 445 628 445 578 578 578 470 470 470 470 470 470 470 535 470 460 460 460 460 460 494 494 431 431 431 431 431 431 431 431 431 346 346 346 346 346 346 367 367 357 357 357 317 317 317 317 305 305 305 235 235 235 235 210 210 210 210 210 216 216 216 216 209 209 178 178 178 167 167 111 153 111 111 111 92 92 92 92 92 82 82 27 27 47 28 28 28 35 35 12 14 
951 951 852 852 922 922 922 922 898 898 898 832 832 831 831 859 859 843 843 830 830 720 720 720 720 720 720 720 720 686 686 686 686 737 670 670 670 670 670 670 670 670 680 658 669 658 658 635 445 628 628 445 605 605 578 470 470 578 470 470 554 554 535 470 470 470 486 486 486 494 494 431 431 431 431 431 346 346 346 432 346 346 346 346 346 346 367 367 357 357 357 305 305 305 305 305 306 306 235 235 235 235 210 255 255 255 210 210 222 222 222 209 209 178 178 178 178 111 111 112 112 112 111 111 111 111 27 27 27 27 27 27 47 47 47 47 12 12 12 14 
951 951 951 852 945 936 918 918 898 898 898 832 832 831 831 831 831 831 831 831 830 720 720 720 720 720 720 720 720 686 686 753 686 686 686 670 670 674 674 674 674 670 670 658 658 658 635 635 445 445 445 445 445 445 578 578 578 578 470 470 496 496 535 535 535 470 470 470 486 486 486 486 470 470 431 431 346 439 346 346 346 346 346 346 346 346 346 367 367 367 346 346 346 305 305 306 306 235 235 257 257 282 210 210 210 210 210 210 222 222 222 209 209 178 178 111 111 111 160 112 112 112 112 112 112 27 27 93 93 87 42 42 47 47 55 12 12 12 12 14 
951 951 951 852 852 936 918 918 918 852 852 832 832 831 831 831 831 831 831 831 831 720 720 720 720 720 720 720 720 753 753 753 686 686 686 686 715 674 674 674 674 674 670 670 670 635 635 636 636 636 445 445 445 445 599 592 496 496 496 496 496 496 536 536 536 496 496 470 470 495 495 470 470 470 470 464 346 439 439 346 346 346 346 346 346 346 346 346 373 346 346 306 347 306 306 306 311 235 235 257 257 257 257 257 256 256 210 210 210 210 210 210 210 111 111 111 179 160 160 112 112 112 112 112 112 27 87 87 87 87 42 42 42 55 55 12 14 14 14 14 
951 951 951 951 852 852 918 852 852 852 852 832 832 832 832 832 832 831 831 840 831 720 720 720 720 720 720 782 720 720 720 720 743 720 720 686 686 686 686 674 674 674 674 674 635 635 635 635 635 615 615 615 615 445 599 592 496 496 496 496 496 496 536 536 537 496 496 496 470 495 495 470 470 470 470 464 346 439 439 346 346 346 413 346 346 346 346 346 373 346 358 306 306 306 306 306 235 235 235 257 257 257 257 257 257 257 210 210 210 111 111 111 111 111 111 111 179 160 160 112 27 27 27 27 27 27 42 42 42 42 42 42 42 55 12 12 14 14 14 14 
951 951 852 852 852 852 918 852 852 908 852 852 852 860 860 860 832 832 831 831 831 720 720 720 720 720 720 720 720 720 720 720 720 720 720 720 689 689 686 686 686 686 644 644 635 635 635 635 635 615 629 615 615 445 592 592 496 496 496 496 496 496 496 496 537 496 520 496 470 501 470 470 470 464 464 464 346 444 346 346 418 346 346 346 350 350 346 346 346 346 358 350 290 290 318 318 235 235 235 257 257 267 267 267 257 235 235 235 235 111 111 195 195 195 195 161 161 161 112 112 27 42 42 42 42 42 42 94 94 42 42 42 42 55 12 12 12 14 14 15 
951 951 852 952 852 852 852 852 852 852 852 852 852 852 852 860 860 832 832 832 832 720 720 720 720 720 720 768 768 768 738 738 738 738 689 689 689 689 689 689 689 644 644 644 659 659 659 635 635 615 615 615 616 445 445 593 496 496 496 496 496 496 496 496 496 496 520 496 470 470 470 480 480 464 464 464 346 444 346 433 418 418 346 346 350 350 350 350 350 350 350 350 290 290 290 290 312 307 235 257 257 257 257 257 257 235 235 235 235 111 111 195 195 195 161 161 180 161 112 112 27 42 42 42 124 42 42 94 42 42 42 42 42 42 48 48 12 12 15 15 
951 951 852 852 852 852 852 852 852 852 877 877 877 877 852 852 852 852 820 820 820 820 720 720 720 720 720 768 768 768 738 738 738 738 689 712 712 712 689 689 690 644 681 644 644 644 660 635 635 615 615 616 616 445 445 593 496 496 496 496 559 496 496 520 520 520 520 496 496 496 496 480 481 464 464 464 346 346 346 350 350 419 350 350 350 392 351 351 351 351 351 351 290 290 290 290 312 307 235 235 235 235 235 257 257 258 235 111 111 111 211 211 211 161 161 190 161 161 112 112 27 27 27 42 42 42 42 42 42 36 36 42 70 42 42 12 12 12 15 15 
910 910 910 852 852 852 852 852 852 899 877 877 877 877 852 852 852 853 820 820 820 821 720 720 720 720 788 689 689 689 689 689 744 689 689 712 707 707 707 644 644 644 681 644 644 644 660 616 616 616 616 616 445 445 568 560 560 560 560 567 496 496 496 520 520 528 445 445 502 502 480 480 455 455 455 465 455 445 350 350 350 350 350 350 350 392 351 351 351 351 351 351 290 290 290 290 312 307 290 290 235 235 235 257 257 258 235 111 111 228 211 211 211 161 190 190 161 161 112 112 112 112 112 112 112 112 42 42 36 36 36 42 42 61 42 12 12 12 16 16 
910 910 910 910 910 923 923 923 919 899 877 890 852 852 852 852 852 821 821 821 821 821 720 720 802 689 689 689 769 769 763 689 689 689 729 712 707 708 708 644 671 644 644 644 671 616 616 616 637 637 616 616 445 606 568 560 560 560 560 560 496 496 496 528 528 528 445 445 445 445 480 480 455 455 455 455 455 445 350 428 428 350 350 392 392 392 351 351 374 351 351 351 290 290 330 307 307 307 290 235 235 235 235 235 235 235 235 111 111 144 144 211 211 161 161 161 161 161 161 112 112 112 112 36 36 36 107 36 36 36 36 71 42 61 42 16 16 16 16 16 
910 910 958 910 910 923 919 919 919 899 877 890 852 852 876 852 861 821 821 821 807 807 807 807 689 689 789 783 754 754 763 689 689 712 712 712 707 708 708 644 671 644 671 671 671 616 616 616 637 637 623 623 445 445 568 594 560 560 560 560 560 496 496 528 445 445 445 445 503 445 445 480 455 455 445 445 445 445 350 392 392 392 392 392 402 382 382 382 368 368 331 331 331 290 290 307 307 290 290 235 235 235 235 235 264 196 196 111 144 144 144 144 168 168 168 168 168 168 125 125 112 112 112 36 36 36 107 36 36 36 71 71 42 42 42 16 16 16 16 16 
910 910 910 910 923 923 919 919 899 899 877 877 886 852 852 852 861 807 807 807 807 822 689 689 689 783 783 783 754 754 754 712 712 712 721 721 707 708 708 644 671 644 671 671 671 644 644 644 644 623 623 579 579 445 568 568 560 560 560 568 445 445 445 445 445 445 445 445 503 503 445 445 445 445 445 446 446 446 350 392 392 392 402 402 402 382 382 382 368 331 331 331 331 337 290 290 290 290 298 235 235 276 276 196 196 196 196 111 111 111 223 144 168 144 144 191 144 144 125 125 112 112 112 130 36 36 36 101 36 36 71 71 71 42 42 16 16 36 16 16 
910 910 910 910 923 910 910 919 899 899 899 877 877 877 877 807 807 807 807 807 807 807 689 689 783 783 783 783 754 754 754 712 712 712 721 707 707 644 644 644 671 671 671 671 672 644 644 652 623 623 579 579 579 445 595 568 568 568 568 568 445 445 445 538 538 504 504 504 504 504 445 445 350 350 350 350 350 350 350 392 392 392 402 402 403 368 368 368 368 331 331 331 331 331 331 298 298 298 298 276 276 276 276 196 196 196 196 111 111 111 223 144 144 144 144 191 144 144 144 125 112 112 130 130 36 36 36 36 36 36 72 72 72 42 42 42 42 36 16 16 
910 910 910 910 910 910 910 919 919 807 807 877 877 880 807 807 844 844 844 807 807 807 689 689 689 689 689 784 776 754 754 712 712 712 712 707 707 644 691 691 691 671 671 671 672 644 644 652 623 623 579 579 579 445 595 595 568 568 445 445 445 555 497 497 497 497 497 497 497 497 497 487 350 471 471 375 375 375 375 392 392 392 392 368 368 368 368 368 368 331 331 331 331 319 319 298 298 298 276 276 276 276 276 196 196 196 196 111 111 111 223 196 196 196 144 144 144 144 144 125 125 125 125 125 125 36 108 95 95 36 72 36 36 49 49 49 36 36 17 17 
910 910 953 953 910 910 910 924 807 807 807 807 807 807 807 807 807 807 807 807 689 689 689 689 689 796 689 776 776 754 754 754 687 687 712 707 707 644 644 644 644 644 644 672 672 644 638 638 623 623 579 579 579 445 445 445 445 445 445 445 445 555 497 542 497 497 497 487 487 487 487 487 350 350 350 375 375 447 375 392 392 392 392 368 368 368 368 368 368 331 359 331 331 319 319 298 298 298 276 276 276 276 277 196 196 248 248 196 196 196 196 196 201 196 196 144 144 144 154 154 144 125 125 125 36 36 108 95 95 36 36 36 36 49 49 49 36 17 17 18 
966 910 953 953 910 910 910 807 807 909 807 807 878 878 878 807 790 790 790 790 689 689 689 689 803 796 790 776 755 755 687 687 687 687 712 707 707 644 644 687 687 687 644 644 644 644 638 638 623 623 579 579 607 607 445 445 579 579 497 497 561 497 497 497 497 529 497 487 487 487 487 488 472 472 350 375 375 447 375 375 375 375 375 375 375 375 375 375 375 331 331 331 319 319 332 268 268 268 276 276 277 277 277 268 196 248 248 196 212 212 196 196 201 201 197 144 144 169 154 154 144 125 125 125 36 95 95 95 95 36 36 36 36 36 36 36 36 17 17 17 
966 910 910 910 910 910 930 807 807 807 807 807 807 807 807 807 790 790 790 790 833 689 689 796 796 796 790 776 755 755 687 687 687 687 687 722 687 687 709 687 687 638 638 638 638 638 638 638 623 623 579 579 607 607 579 579 579 497 497 497 497 497 497 497 539 497 497 487 487 487 487 487 472 472 472 375 440 440 440 375 375 375 375 375 360 389 389 360 360 360 360 319 319 332 332 268 268 268 268 268 277 277 277 268 196 196 196 196 212 212 212 212 212 197 197 144 144 144 144 144 144 36 36 36 36 95 95 36 36 36 36 36 36 36 36 36 36 37 17 17 
966 910 910 910 910 910 910 910 910 910 807 807 807 807 790 790 790 790 790 790 790 790 790 790 790 790 790 776 777 755 755 755 687 687 687 687 687 687 687 687 687 638 638 638 638 661 661 638 638 638 579 579 579 579 579 587 587 497 497 497 497 497 497 539 539 497 497 497 497 487 487 487 472 472 472 375 375 375 375 375 375 375 375 375 360 360 360 360 361 361 361 319 319 319 319 319 268 268 268 268 268 268 268 268 196 196 239 239 212 212 213 213 213 197 197 144 144 144 144 144 145 36 36 36 36 36 36 36 36 36 36 36 36 36 36 36 36 37 17 17 
