1007 1007 1000 1000 973 973 904 904 904 904 904 904 914 914 914 914 903 903 859 859 859 865 865 859 825 825 825 825 825 808 808 759 759 759 759 759 768 759 744 744 712 728 668 668 668 668 668 631 631 631 631 631 631 631 631 608 608 608 608 580 580 580 564 564 564 497 497 497 497 520 520 483 483 483 483 483 361 361 361 361 361 361 361 418 418 407 352 352 352 352 359 359 352 316 316 316 219 219 219 219 285 219 219 219 219 249 219 219 219 219 197 197 197 193 180 141 141 141 141 141 141 39 39 39 39 39 39 39 39 1 1 1 1 1 1 27 27 1 1 1 
1007 1007 1000 1000 973 973 904 904 904 904 904 904 914 914 859 859 903 859 859 886 859 859 859 859 825 825 825 825 825 808 808 759 759 759 759 759 759 759 744 744 712 712 712 712 708 668 668 631 631 631 631 631 641 608 608 608 580 580 580 580 580 580 564 497 497 497 544 544 497 520 520 497 497 497 361 361 361 361 361 454 361 361 361 407 407 407 352 352 352 352 352 352 352 316 316 316 219 258 258 219 219 219 219 219 219 219 219 219 219 197 197 198 198 193 180 141 141 141 141 39 39 39 126 39 39 39 39 39 39 1 1 1 1 1 1 1 1 1 1 1 
1007 1007 1007 974 974 973 973 904 904 904 904 904 904 904 859 859 859 859 894 886 860 860 860 860 817 817 803 803 803 803 803 803 759 759 777 777 753 753 753 729 729 712 712 708 708 668 650 650 631 631 641 641 641 608 608 608 580 497 497 497 497 564 564 497 544 544 544 497 497 497 497 497 361 361 361 361 361 361 454 454 361 361 361 407 419 352 352 352 352 360 360 360 343 343 316 316 219 219 258 258 258 258 258 258 258 219 219 193 193 197 197 193 193 193 180 141 141 142 142 39 135 135 126 39 39 39 97 39 39 1 1 1 1 1 1 1 18 18 18 2 
910 910 1008 974 974 974 974 904 958 904 904 904 904 904 859 859 859 859 859 886 860 866 866 817 817 817 803 803 803 817 759 759 759 759 777 777 753 754 754 729 729 712 712 708 708 668 650 650 650 650 641 641 642 608 608 580 580 497 590 590 497 564 564 497 511 511 551 497 497 497 521 361 361 361 361 361 477 441 441 441 361 361 361 407 407 352 374 374 383 360 360 343 343 344 316 316 316 219 219 219 258 258 269 269 250 250 193 193 193 193 193 193 194 194 180 141 167 142 142 39 39 39 126 39 39 39 39 39 39 39 39 59 1 1 1 38 2 2 2 2 
910 910 910 974 974 975 975 904 904 904 904 904 904 904 859 859 859 859 859 886 860 866 866 817 817 817 838 817 817 817 759 792 792 792 753 753 753 754 754 729 729 729 713 713 668 668 650 650 650 641 641 641 642 613 613 580 580 497 497 590 497 497 497 497 511 511 511 511 511 511 521 361 503 361 361 468 468 441 441 441 441 441 361 361 407 352 352 374 374 374 344 344 344 344 316 316 250 250 269 269 269 269 269 250 250 251 193 193 193 193 210 207 194 194 180 141 141 142 142 142 142 39 39 39 39 39 39 39 39 39 39 59 1 1 1 38 2 2 2 3 
910 910 910 910 910 910 910 904 904 952 904 904 904 904 904 859 859 859 859 860 860 817 817 817 817 817 817 817 759 759 759 759 792 792 753 753 753 745 745 745 729 729 713 713 668 668 688 678 650 641 641 641 613 613 613 613 580 580 497 590 590 581 497 497 511 511 511 511 511 511 521 361 361 361 361 468 468 468 434 434 434 434 434 361 361 408 352 352 361 361 344 344 295 295 295 295 295 250 250 250 250 279 250 250 251 251 193 193 193 193 207 207 180 180 180 141 141 142 142 86 86 116 116 116 39 39 39 52 52 52 52 52 52 43 43 28 28 2 2 3 
910 910 910 910 910 910 910 910 910 910 904 904 904 922 904 859 859 859 859 860 860 817 817 817 817 817 817 817 759 759 759 759 745 745 745 745 745 745 730 730 730 730 694 694 694 668 668 678 650 658 658 650 613 638 613 613 580 580 497 497 591 581 552 552 552 552 498 498 498 511 434 434 468 468 468 468 434 434 434 434 442 442 394 394 361 361 361 361 361 361 368 344 295 329 329 329 295 295 295 295 250 250 250 251 251 252 193 193 193 193 207 180 180 180 180 141 168 127 127 86 86 86 86 86 86 39 39 52 39 39 39 52 52 43 43 28 28 2 2 3 
910 910 910 910 910 910 959 959 959 910 910 910 910 922 904 904 904 904 895 860 860 817 817 745 745 745 745 745 759 818 759 759 745 769 769 730 730 730 730 746 731 731 694 694 694 694 668 678 650 650 650 650 613 613 613 613 613 613 497 497 591 581 552 565 565 552 498 545 498 511 511 434 434 434 434 434 434 434 434 434 442 442 394 394 420 394 394 361 361 361 361 361 295 295 295 295 295 295 251 251 251 251 251 251 259 235 235 235 141 141 141 141 141 141 141 141 168 127 127 86 86 86 86 86 86 39 39 39 39 71 39 39 39 39 39 39 28 2 2 2 
910 910 910 910 910 910 959 959 953 953 910 910 910 910 910 910 910 895 895 860 860 860 745 745 745 745 745 745 759 759 759 745 745 769 769 769 769 746 746 746 731 694 694 694 695 695 668 668 668 626 626 626 626 613 613 614 614 614 552 552 552 581 552 498 498 552 498 498 498 498 511 511 434 434 490 460 460 460 442 442 442 442 394 394 394 394 375 375 375 375 295 295 295 295 295 295 295 295 251 251 286 251 251 259 259 235 235 141 141 211 211 172 172 141 141 168 168 127 127 127 143 86 86 86 109 21 21 80 80 71 60 60 29 28 28 28 28 2 2 2 
1014 1014 910 910 910 910 959 959 953 953 910 910 910 910 905 905 905 895 745 745 745 745 745 826 745 745 745 745 745 745 759 745 745 746 746 746 746 746 746 746 731 694 694 694 679 679 679 679 626 626 626 626 625 625 625 552 552 552 552 598 552 552 552 498 498 552 552 498 535 498 512 512 498 498 409 409 478 460 442 442 394 394 394 421 421 409 375 375 375 375 295 295 295 251 251 251 251 251 251 251 251 251 251 259 259 235 235 141 141 141 141 172 172 172 181 168 168 127 127 127 127 127 127 86 109 21 21 21 21 71 60 60 29 28 28 28 29 2 2 2 
1014 1014 910 910 991 954 954 954 954 905 905 905 905 923 905 905 905 895 745 745 745 745 745 826 826 826 826 826 826 745 745 745 745 746 746 746 746 746 746 746 731 732 694 694 679 626 626 626 626 626 626 651 625 625 625 552 552 552 552 552 552 498 498 498 498 498 498 498 498 498 512 512 498 409 409 409 478 460 460 409 409 409 409 409 409 409 395 345 345 375 295 295 251 251 287 287 287 287 251 251 251 238 238 238 238 235 235 200 200 200 141 141 199 172 172 172 127 127 127 127 127 128 128 86 109 21 21 21 21 21 21 60 29 28 28 28 29 2 2 2 
1014 1014 910 910 910 954 954 954 954 905 905 936 905 905 905 905 905 895 745 745 745 745 745 843 826 826 826 826 809 809 746 746 746 746 746 746 746 746 714 714 731 720 720 679 679 626 626 626 626 626 626 626 626 626 625 625 552 552 552 599 552 498 498 572 546 546 546 546 498 530 498 498 498 409 491 409 478 460 460 409 409 443 430 430 395 395 395 345 345 345 345 345 251 251 251 317 317 287 287 287 287 238 270 270 238 238 238 200 200 200 200 141 141 141 127 127 127 161 127 127 127 128 128 86 86 21 21 21 21 21 21 60 29 29 29 29 29 21 4 4 
1014 910 910 910 910 960 954 954 954 954 905 905 905 905 896 896 905 905 839 839 839 839 839 843 826 826 826 826 809 809 746 746 746 793 746 746 746 714 714 714 714 720 720 679 679 679 626 626 626 626 626 626 626 626 626 626 592 592 552 552 552 498 498 572 546 513 513 513 498 498 498 409 409 409 491 409 409 409 409 409 409 430 430 431 395 395 395 345 345 345 369 345 251 251 251 251 318 271 271 288 288 238 238 238 238 238 236 236 220 220 200 141 141 141 127 127 127 127 127 127 117 117 117 117 86 86 86 86 72 72 21 21 21 30 30 30 30 21 4 4 
1014 910 910 910 992 960 976 960 960 937 937 905 905 896 896 896 906 906 839 839 839 839 839 843 843 843 809 809 809 809 746 746 746 746 746 770 770 714 714 714 714 714 720 679 679 679 626 669 669 626 626 626 626 592 592 627 592 592 592 592 592 498 498 546 546 513 513 513 498 498 522 409 409 409 409 409 409 409 409 409 430 430 384 384 384 384 384 384 384 345 345 345 251 251 251 251 318 271 271 271 271 271 238 238 238 238 236 236 220 220 200 141 141 141 127 127 153 127 127 127 117 136 117 117 103 103 86 86 72 72 21 21 21 21 21 21 21 21 4 4 
1014 982 982 982 982 960 960 960 961 937 937 937 905 896 896 896 906 906 839 839 839 839 839 839 839 844 809 809 809 809 746 746 747 747 760 760 714 714 714 714 714 714 714 714 679 679 626 626 626 626 592 592 592 592 592 592 592 498 498 498 498 498 498 546 513 513 513 513 513 513 513 513 409 409 409 409 409 409 409 455 384 384 384 384 384 385 385 385 385 345 345 345 251 251 251 251 251 271 271 271 272 271 271 271 220 220 220 220 220 220 200 200 200 173 173 173 153 153 153 146 117 136 117 117 103 104 87 87 72 72 65 53 53 31 31 21 21 4 4 4 
1014 982 982 982 982 982 977 961 961 905 905 905 905 896 896 896 896 896 839 839 839 839 839 839 839 839 839 747 747 809 809 747 747 747 760 760 714 714 714 714 714 733 609 609 609 609 609 609 609 652 592 592 609 609 609 592 592 498 498 498 498 498 498 546 513 553 553 513 513 523 523 409 409 499 409 409 409 409 409 455 384 384 384 384 384 384 396 370 370 370 370 345 345 345 251 251 251 296 296 296 272 272 272 272 220 229 229 229 229 201 201 173 173 173 173 174 146 146 146 146 117 117 117 103 103 87 87 88 65 65 65 53 53 31 31 21 21 4 4 4 
1014 905 905 905 993 977 977 961 905 905 938 938 896 896 919 896 896 896 839 879 879 839 845 845 845 845 747 747 747 819 747 747 800 747 747 760 760 760 747 747 733 733 609 689 689 689 609 609 609 652 592 592 609 609 609 592 592 498 498 582 582 582 498 498 513 553 553 513 409 409 409 409 499 499 308 308 308 308 308 455 384 384 384 384 384 384 370 370 346 346 346 362 319 319 319 319 319 280 280 280 280 280 272 272 229 229 229 229 230 201 201 173 173 173 173 174 146 146 146 146 87 87 87 103 87 87 98 65 65 73 53 53 53 31 31 31 31 4 4 5 
905 905 1009 905 993 977 977 961 905 938 938 896 896 896 896 896 896 896 839 839 839 839 840 840 846 846 747 747 747 747 747 747 747 747 747 747 747 747 747 733 733 734 609 689 689 689 689 680 609 652 592 652 609 609 609 609 609 609 609 582 582 498 498 498 513 513 513 513 409 524 524 409 409 409 308 308 308 469 308 308 308 308 308 308 384 384 370 370 346 346 346 319 319 319 319 319 319 280 280 280 280 221 221 221 229 229 229 201 201 201 201 201 201 87 87 87 146 146 146 146 87 87 87 87 87 98 98 65 65 44 44 44 44 44 4 4 4 4 4 5 
905 905 1009 905 905 977 977 961 905 938 938 896 896 896 896 896 896 896 839 839 880 840 840 840 846 846 747 747 810 810 810 747 747 747 771 771 771 755 755 733 733 609 609 680 680 680 680 680 609 652 652 652 609 609 609 582 582 582 582 582 582 498 498 573 498 498 513 513 409 409 409 409 409 409 308 308 450 450 450 308 308 435 435 308 308 308 308 346 346 346 371 319 319 319 319 319 319 274 274 297 221 221 221 221 221 221 231 201 201 201 201 201 201 87 182 87 87 87 154 87 87 87 87 87 98 98 99 65 65 44 44 44 44 44 4 4 4 4 4 5 
1017 905 905 1001 905 977 977 961 905 905 932 932 896 896 896 915 896 896 840 840 840 840 867 840 840 747 747 747 747 747 747 747 771 771 771 755 755 755 733 733 733 609 609 680 680 680 680 609 609 663 609 609 609 609 609 582 582 600 600 600 593 498 498 573 498 498 514 514 514 386 386 386 409 409 308 308 308 308 450 450 450 435 435 422 422 308 308 346 376 346 346 346 346 346 335 320 320 274 274 274 221 221 221 221 221 221 231 231 231 162 162 162 202 87 182 87 87 87 87 87 129 129 87 87 98 89 89 89 81 44 44 44 44 44 4 4 4 4 5 5 
905 905 905 905 905 905 977 961 961 905 932 931 896 896 896 915 896 896 840 840 840 867 867 840 840 747 747 747 827 820 722 722 722 722 722 755 755 755 733 733 733 733 609 609 609 681 681 609 663 663 609 609 609 609 632 582 582 600 593 593 593 498 498 498 498 498 498 498 514 386 386 386 409 409 308 308 308 308 308 308 308 308 435 422 423 308 397 346 376 376 308 308 335 335 335 320 320 274 274 274 274 221 221 221 221 221 239 162 162 162 162 162 202 87 87 87 87 87 87 87 129 129 129 118 89 89 89 81 81 44 44 44 44 44 44 22 22 22 5 5 
905 905 905 905 994 905 977 905 905 905 932 931 931 911 911 915 911 896 840 840 881 840 840 840 840 840 747 747 820 820 722 722 722 722 722 778 738 738 733 733 738 609 609 609 609 681 681 609 609 659 659 609 632 632 632 582 566 566 593 594 594 566 566 566 566 498 498 498 514 386 386 386 386 386 386 456 456 456 308 308 451 308 308 422 308 308 397 346 308 308 308 308 335 320 320 320 320 274 274 274 274 274 274 221 239 239 239 162 162 162 162 162 162 162 87 87 87 87 147 147 129 129 129 118 89 89 89 81 81 61 61 44 44 6 6 22 22 22 5 5 
994 994 905 905 994 905 905 905 955 955 932 932 932 911 911 911 911 896 896 840 840 840 840 840 840 840 747 747 820 820 722 722 722 722 781 738 738 738 738 738 738 609 609 609 681 681 681 681 609 659 659 609 632 632 632 582 566 566 566 566 566 566 566 566 566 498 498 547 514 386 386 386 386 386 386 456 456 456 456 432 432 444 308 308 308 346 346 346 308 354 308 308 335 335 289 330 321 274 303 274 274 281 221 221 239 239 239 162 162 162 203 203 203 162 183 118 118 118 118 118 118 118 118 118 61 61 61 61 61 61 61 61 54 6 6 6 6 5 5 5 
994 994 994 994 994 962 962 965 955 955 911 911 911 911 916 916 750 750 750 750 750 750 750 750 840 840 840 761 761 761 811 722 722 722 738 738 772 738 738 738 738 609 609 609 681 681 681 682 609 659 659 609 515 515 515 582 566 566 566 577 566 566 566 558 558 558 515 515 514 514 514 386 504 386 386 386 456 456 456 432 432 432 308 308 308 308 308 308 308 354 308 308 335 335 289 289 321 274 274 274 274 281 221 221 239 239 240 162 162 162 203 203 204 162 183 118 118 118 130 130 130 130 118 118 61 66 61 61 66 66 66 54 54 6 6 6 6 5 5 5 
994 994 994 994 962 962 962 962 962 924 924 924 924 924 750 750 750 897 897 887 750 750 750 750 832 832 832 761 761 761 761 761 722 722 738 738 738 738 609 609 609 609 609 609 681 681 690 609 609 609 609 609 515 515 515 582 566 566 610 577 577 577 577 558 559 559 515 515 536 514 514 386 386 386 386 386 456 456 456 432 432 432 436 386 386 386 386 386 386 354 354 308 335 335 289 289 289 289 298 298 273 260 260 221 221 221 221 162 162 221 175 175 204 162 183 162 162 162 130 130 130 130 130 61 61 66 61 61 66 74 54 54 55 6 6 6 5 5 5 5 
978 978 1010 962 962 983 750 750 750 750 939 939 924 924 750 750 750 897 887 887 882 750 750 861 850 832 832 761 761 761 761 761 722 722 722 722 773 739 739 739 739 609 609 690 690 690 690 609 609 609 609 609 515 515 515 582 566 566 610 558 558 558 558 558 515 515 515 515 536 514 514 500 500 500 386 484 386 386 456 456 432 432 432 386 386 398 398 354 354 354 354 308 308 347 289 289 289 289 298 273 273 260 260 260 260 253 221 221 221 221 175 175 175 162 162 162 144 144 130 148 130 130 61 61 110 66 66 66 66 54 54 55 55 6 6 6 5 19 19 5 
978 978 962 962 962 962 750 750 750 750 750 750 750 750 750 912 912 887 887 882 882 750 850 850 850 832 831 831 782 782 812 761 761 761 761 722 683 683 683 683 683 721 721 601 601 601 601 601 670 653 653 653 633 633 515 582 515 515 610 558 558 558 558 558 515 531 531 515 515 515 514 514 500 500 386 386 386 386 386 457 433 433 432 432 386 386 399 354 354 353 353 353 308 308 322 322 322 289 289 273 273 273 273 273 253 253 221 221 221 221 175 175 175 175 175 175 144 144 130 130 130 130 119 119 48 48 100 48 48 54 55 55 55 6 6 6 5 19 19 5 
978 978 962 962 962 962 933 933 750 750 750 750 920 920 920 887 887 887 887 882 882 750 750 862 832 832 831 831 782 782 782 794 794 794 761 722 683 683 683 683 683 683 683 601 709 601 601 601 601 653 653 654 633 633 515 515 515 515 515 558 558 558 558 558 515 531 531 492 492 515 515 515 492 492 492 386 386 470 386 433 433 433 433 433 386 386 391 391 354 353 353 353 353 308 308 308 308 308 289 273 273 275 273 273 253 254 232 232 232 212 212 175 175 175 144 144 144 144 144 149 130 130 119 120 48 48 48 48 48 54 55 55 55 6 40 40 5 5 5 5 
978 978 962 962 962 962 933 933 933 750 750 750 750 750 887 887 887 887 887 887 750 750 750 862 832 832 821 831 782 782 782 794 794 761 761 722 722 683 683 683 683 683 683 601 601 601 601 601 601 653 653 643 643 633 633 515 515 615 515 515 515 515 515 515 515 531 531 492 492 515 515 492 492 501 493 386 386 386 386 433 433 433 433 386 386 410 391 391 354 372 372 354 354 331 331 331 212 212 289 289 289 275 275 253 253 254 232 212 212 212 213 175 175 195 144 176 144 144 144 144 144 119 119 120 48 48 48 48 48 54 6 6 6 6 6 6 32 5 5 5 
978 978 962 962 962 962 933 966 933 933 933 750 750 750 887 887 887 887 887 887 750 750 851 851 851 832 821 821 782 782 782 801 801 761 761 779 722 683 683 683 683 683 683 696 696 601 601 601 601 653 653 643 643 601 601 601 601 601 601 601 515 515 578 567 567 531 492 492 492 492 492 492 505 493 493 386 386 386 386 386 386 386 386 386 377 377 377 377 354 354 354 354 355 331 331 331 212 212 304 253 253 253 253 253 212 212 232 212 212 195 195 208 195 195 144 144 144 155 155 119 119 119 119 120 48 48 48 48 54 54 6 6 6 6 6 6 6 5 5 5 
978 978 962 962 962 962 933 933 933 933 933 933 933 750 750 750 887 887 873 873 873 750 750 852 852 832 841 821 782 782 782 801 782 782 761 761 722 722 683 683 735 735 683 683 696 696 601 601 601 601 601 601 601 601 634 601 601 567 567 567 567 567 567 567 531 531 492 492 492 492 516 492 492 493 485 485 411 411 411 411 445 445 386 386 377 400 400 377 377 377 354 354 331 331 212 212 212 212 212 253 212 212 212 212 212 212 232 232 212 195 195 195 195 184 184 155 155 155 155 119 119 119 119 120 48 105 48 48 54 54 54 47 47 47 6 6 6 23 6 6 
978 978 1002 1002 978 978 978 933 933 933 940 940 750 750 750 750 887 887 873 874 873 873 750 852 852 832 832 821 821 821 782 782 782 782 782 761 774 722 722 722 722 722 722 683 697 697 601 601 671 601 601 601 601 567 567 620 620 567 611 567 567 567 567 567 531 531 492 492 517 516 516 492 492 492 485 485 411 411 411 411 445 445 411 411 377 377 377 377 377 378 331 331 331 323 323 212 212 309 212 212 212 241 241 261 261 212 212 212 212 195 195 195 195 184 185 155 155 155 155 119 119 119 119 48 48 105 48 48 48 48 48 47 47 47 6 6 6 6 6 7 
978 1015 1002 1002 978 978 967 967 933 933 873 873 750 925 873 873 873 873 873 874 874 874 750 750 750 750 832 832 750 750 750 750 750 783 783 761 761 761 748 748 684 684 683 683 683 683 683 683 567 567 567 601 601 567 567 567 567 567 611 567 567 567 531 531 568 531 492 492 517 516 516 516 492 492 462 462 479 411 411 458 445 445 411 411 411 377 377 387 331 331 331 323 323 323 323 323 323 241 241 241 241 241 241 261 261 212 212 212 212 195 195 205 205 184 184 155 155 155 155 119 119 119 119 48 75 75 75 75 75 75 48 48 56 45 45 6 6 7 7 7 
978 978 978 978 995 978 967 967 933 933 873 873 925 925 873 873 873 873 873 868 868 868 868 784 784 750 750 750 750 750 804 750 750 783 783 762 762 762 748 748 684 684 683 683 683 698 683 683 567 567 567 567 567 567 602 602 602 602 602 602 595 531 531 531 531 531 492 492 517 517 517 517 492 462 462 462 462 471 411 411 411 411 411 412 411 411 387 387 331 331 323 323 356 241 241 324 324 241 241 241 241 282 241 241 241 241 241 195 195 195 214 156 156 184 184 156 156 155 155 131 131 131 131 48 75 106 75 75 76 76 48 48 56 45 45 7 7 7 7 7 
1011 1011 1011 978 978 978 979 968 933 933 873 873 873 873 873 873 873 873 873 868 869 869 869 784 784 784 784 750 750 750 804 750 750 783 783 762 749 749 748 748 684 684 683 683 691 691 691 684 567 567 567 567 567 567 602 602 602 602 595 595 595 531 531 531 560 560 492 492 492 492 492 492 492 462 462 462 462 471 331 331 411 411 424 412 412 412 387 387 387 331 323 241 241 241 241 241 241 241 241 242 242 282 241 241 262 255 195 195 195 195 156 156 156 156 156 156 156 156 156 131 131 131 132 48 75 75 57 57 57 48 48 56 56 45 45 7 7 7 7 7 
1011 1011 1011 978 978 872 872 968 941 941 873 873 873 873 873 873 873 898 898 868 868 868 870 784 784 784 784 784 750 750 804 804 750 750 750 762 749 749 749 749 684 684 723 684 684 684 684 684 567 583 583 583 583 583 583 583 595 595 595 595 595 583 531 531 560 560 531 531 531 531 462 462 462 462 462 462 462 331 331 331 446 446 424 424 424 413 331 331 331 331 323 241 241 241 336 241 241 310 242 242 242 242 242 255 255 255 195 195 195 195 156 156 156 156 156 177 131 131 131 131 131 131 48 48 75 75 57 90 57 48 48 56 56 45 7 7 7 7 7 7 
1011 948 948 948 872 872 872 968 941 941 947 941 889 889 873 873 873 898 842 842 842 842 842 784 784 805 805 784 784 795 795 795 795 795 750 750 749 749 749 749 684 684 684 684 699 699 685 685 567 583 583 655 583 583 583 583 595 595 595 583 583 583 531 531 531 531 531 531 531 525 525 462 462 462 462 462 462 331 461 331 331 331 331 331 331 413 331 331 331 331 323 241 336 336 336 305 305 305 242 242 242 242 242 255 255 242 242 195 195 195 156 156 156 156 131 131 131 163 48 48 137 137 48 57 57 57 57 90 57 77 48 56 56 45 7 7 7 7 7 7 
1011 948 948 948 872 984 872 872 872 941 941 941 889 889 889 889 898 898 842 875 842 842 842 842 842 805 805 833 784 784 784 784 784 784 784 750 750 749 749 749 699 699 699 699 699 700 685 686 567 583 583 655 635 635 583 583 595 595 595 583 583 583 531 531 531 531 463 463 537 525 525 462 462 462 462 462 462 331 331 331 437 437 437 331 331 413 331 331 323 323 323 241 241 241 241 305 305 305 242 242 242 242 242 242 242 242 243 195 195 195 195 195 156 156 131 131 131 163 48 48 48 48 48 57 57 90 90 90 57 77 48 48 48 45 7 7 33 7 8 8 
1011 948 948 1003 872 984 948 948 872 872 872 872 921 921 921 889 898 898 842 875 875 875 842 842 842 842 805 833 805 805 805 805 784 784 785 750 750 750 750 750 699 724 724 685 685 685 685 567 567 583 583 635 635 635 583 583 621 595 595 583 583 584 463 463 463 463 463 463 463 463 463 494 494 494 462 462 480 331 331 331 437 437 437 331 331 331 331 392 323 306 306 306 241 241 241 305 305 305 242 242 242 242 243 243 243 243 243 195 195 195 195 195 156 156 131 163 163 163 48 82 82 82 82 82 82 90 90 91 57 57 57 57 48 48 7 7 33 7 7 9 
1011 948 948 872 872 984 948 948 948 948 948 872 921 921 921 889 889 889 842 888 875 875 842 842 842 842 805 805 805 813 699 699 699 699 699 750 750 750 750 750 699 699 699 685 685 701 567 567 672 583 583 635 644 635 583 603 603 603 603 603 583 584 463 569 569 554 554 463 463 532 463 494 494 494 494 462 462 462 462 331 437 437 414 414 323 323 323 323 323 306 306 306 348 348 241 305 305 305 305 242 242 242 243 243 243 243 243 195 195 195 195 195 195 131 131 163 163 157 157 82 82 82 82 121 82 82 82 82 82 57 57 57 57 7 7 7 7 7 7 9 
1011 948 948 872 872 948 948 949 949 949 949 872 926 926 913 913 913 889 842 842 842 842 842 842 842 847 805 805 805 813 699 699 699 796 699 699 699 699 699 699 699 699 699 715 685 701 567 567 567 635 635 635 644 635 583 583 583 583 583 583 583 584 463 554 554 554 459 459 459 459 463 463 463 463 463 463 463 463 463 331 414 414 414 323 323 323 323 306 306 306 306 306 306 306 306 306 306 306 306 242 242 242 244 244 243 243 243 195 195 222 195 195 195 131 169 169 157 157 157 62 62 62 62 62 62 107 82 82 83 57 57 57 57 7 7 7 7 9 9 9 
985 985 948 996 996 948 949 949 872 872 872 872 913 913 913 907 907 889 899 889 853 853 853 853 842 847 805 805 805 813 699 699 796 796 699 699 740 740 699 699 699 699 699 715 685 701 567 567 567 664 635 635 635 635 583 583 583 583 583 596 596 584 463 463 561 561 459 459 459 459 463 463 495 463 463 463 463 331 331 331 414 414 414 323 323 323 306 306 373 373 373 357 357 349 337 170 170 311 290 290 290 170 170 244 244 244 244 195 195 186 186 209 169 169 169 169 157 157 157 62 62 62 62 62 62 62 82 82 83 62 62 57 57 41 41 41 9 9 9 9 
985 948 948 948 948 948 949 969 872 872 950 942 913 913 913 907 907 889 889 889 853 853 853 853 842 842 842 814 814 813 813 699 699 699 699 699 740 740 699 699 699 699 699 699 685 701 567 567 567 664 635 656 635 635 583 583 583 583 583 584 584 584 459 459 459 459 459 459 459 459 518 518 495 495 495 459 459 331 331 425 414 414 414 323 323 323 306 373 373 379 363 363 349 349 337 170 170 170 290 290 290 170 170 244 244 237 237 237 186 186 186 186 169 169 169 169 150 150 62 62 62 62 133 62 62 62 62 62 62 62 62 62 49 41 41 41 9 9 10 10 
985 948 948 948 985 985 949 949 872 872 942 942 907 907 907 907 907 907 900 871 871 871 871 853 853 814 814 814 814 814 814 699 699 699 699 699 740 740 740 740 740 699 699 699 685 685 685 567 567 664 635 635 645 612 612 612 583 583 584 584 585 585 459 459 459 459 459 459 459 459 518 518 495 495 459 459 459 331 331 425 425 414 414 323 323 414 306 306 306 306 363 349 349 337 337 170 299 170 170 170 290 283 170 237 237 237 237 186 186 186 186 186 186 186 186 169 150 150 62 62 62 62 62 62 62 62 62 62 62 62 62 62 49 41 41 41 9 9 10 11 
985 985 985 985 985 943 943 949 872 872 942 942 907 907 900 900 908 908 900 871 871 854 854 854 854 814 814 780 780 780 780 780 786 786 786 699 740 756 756 685 685 685 685 685 685 702 685 567 673 660 660 635 635 612 612 612 622 584 584 584 585 585 459 526 526 459 459 526 526 459 459 459 459 459 459 459 459 459 459 459 425 414 414 414 414 414 306 306 306 306 363 349 349 337 337 170 299 299 299 170 170 283 170 237 237 237 237 186 186 186 186 169 169 169 187 169 150 150 150 150 111 111 111 111 111 62 62 62 62 62 63 63 49 41 41 42 9 10 10 11 
1012 997 997 985 985 943 943 927 927 872 872 872 872 872 900 900 900 900 900 854 854 854 814 814 814 814 814 780 780 780 780 780 780 786 786 699 740 740 740 685 685 716 685 685 685 685 685 567 567 660 604 604 635 635 635 612 612 584 584 584 519 519 459 526 526 526 526 526 526 526 526 459 459 486 486 459 459 459 459 459 425 425 425 401 401 401 306 306 306 306 306 306 349 350 170 170 299 299 299 299 170 170 170 237 256 256 170 170 186 186 186 169 169 169 169 169 111 111 158 111 111 111 111 112 112 62 62 62 78 78 63 63 49 41 41 42 9 9 9 9 
1012 997 997 997 997 943 943 927 927 927 927 872 872 872 872 872 872 872 854 854 854 854 814 855 855 814 814 828 780 780 780 780 780 780 787 699 740 740 740 751 685 716 716 716 685 685 685 687 567 567 661 604 628 628 628 628 612 616 584 584 519 519 519 526 526 562 527 527 527 527 527 459 459 486 486 486 459 459 415 415 425 425 425 425 425 401 401 306 306 380 306 306 349 349 170 170 312 312 170 170 170 170 170 237 237 257 170 170 223 223 188 188 169 169 178 178 111 111 111 111 122 122 122 112 112 92 92 92 63 63 67 63 49 34 34 34 34 9 9 9 
1012 1012 1012 997 997 943 927 927 956 956 927 927 927 927 872 872 872 872 854 854 854 854 814 814 856 814 814 828 828 685 685 780 780 780 780 699 699 740 740 685 685 736 717 717 685 685 685 567 567 567 661 604 628 628 628 629 612 612 612 604 519 586 519 527 527 527 527 527 527 519 519 519 464 464 496 464 464 464 464 415 415 415 425 425 426 415 306 306 306 306 306 349 349 349 338 170 312 170 170 300 170 170 237 237 237 170 170 170 170 224 188 188 188 169 169 169 111 111 111 111 122 122 122 122 92 92 92 92 63 63 63 63 49 34 34 34 34 9 9 9 
943 943 943 943 943 943 956 956 956 956 943 943 928 928 872 872 872 872 872 872 872 872 872 814 814 814 814 834 685 685 685 685 685 685 780 780 685 685 685 685 717 717 717 703 703 703 692 567 646 646 646 604 604 604 604 604 623 604 604 604 519 586 519 519 519 519 519 519 519 519 528 464 464 464 464 464 481 438 438 438 452 415 415 415 415 415 306 306 306 306 338 338 338 338 338 170 170 170 246 246 246 170 170 170 170 170 233 233 170 170 170 170 188 188 164 169 169 111 111 111 111 123 123 123 92 92 92 63 63 63 63 63 49 49 34 34 34 9 9 9 
943 1013 1013 943 943 943 956 956 956 956 943 928 928 929 872 872 890 890 890 890 848 848 848 848 848 848 685 685 685 815 815 685 685 685 685 685 685 685 685 685 685 685 703 703 704 704 692 567 567 665 646 646 646 604 604 604 623 604 604 604 519 519 555 555 555 519 519 533 533 533 464 464 506 464 464 481 481 438 438 438 452 438 438 415 415 416 306 306 381 381 338 338 338 332 332 332 246 246 246 246 246 170 170 233 233 233 233 233 233 170 170 170 170 188 164 164 164 164 111 111 111 123 123 101 101 101 101 63 63 63 63 63 50 50 24 24 24 9 12 12 
943 1013 943 943 998 943 943 956 956 943 943 928 929 929 872 872 890 848 848 848 848 876 857 857 857 685 685 829 829 815 763 763 763 763 763 685 685 685 685 741 741 685 703 703 704 692 692 567 567 647 647 647 647 604 630 630 604 604 519 519 519 519 555 555 555 555 555 533 534 534 464 506 506 464 481 481 482 438 438 438 438 438 427 427 393 393 393 393 381 381 338 338 338 332 339 333 246 246 246 246 246 276 276 233 233 225 225 170 170 170 170 170 170 188 188 63 63 63 101 101 101 101 101 101 113 63 63 63 63 50 50 50 50 24 24 25 24 24 12 13 
943 943 943 1004 986 986 943 943 943 943 951 928 929 929 848 848 848 848 883 857 857 857 857 857 857 685 685 685 685 815 763 763 763 763 763 763 685 685 685 685 685 685 703 703 704 692 693 567 647 647 648 648 648 604 604 604 604 617 519 605 555 555 555 555 555 555 556 533 507 507 464 464 464 464 453 453 472 472 438 438 438 438 427 427 393 393 393 364 364 364 338 338 358 332 332 333 246 246 246 246 246 276 276 245 245 225 225 170 170 170 170 170 170 170 170 170 170 63 101 101 101 138 63 63 63 63 63 63 63 50 50 64 51 51 12 25 25 25 12 13 
943 943 986 986 986 987 970 970 799 799 799 928 928 928 848 884 884 884 883 857 857 857 857 857 857 685 685 685 685 737 737 788 788 788 788 763 763 763 737 737 742 737 692 692 692 692 693 567 647 647 648 648 617 617 617 617 617 617 519 605 555 555 555 548 548 563 556 533 533 507 507 464 464 453 453 453 472 472 438 438 438 438 427 393 393 417 364 364 388 364 364 364 332 332 332 291 291 246 246 246 246 246 246 245 245 245 225 225 225 225 170 170 170 170 189 165 165 63 101 101 138 138 63 63 63 63 63 63 68 68 50 64 51 51 12 12 12 12 12 13 
943 943 986 986 986 986 970 970 799 799 799 928 928 928 848 848 848 884 883 883 883 857 857 857 857 685 685 835 737 737 737 737 802 788 788 737 737 764 737 737 737 737 692 693 693 693 693 567 666 666 648 648 617 639 617 617 618 618 519 519 587 587 548 548 548 548 548 548 502 502 507 464 464 453 453 453 428 428 428 428 428 447 427 427 427 364 364 364 364 364 332 332 332 351 340 291 291 246 246 246 246 246 246 246 263 245 245 215 215 215 215 165 165 165 165 165 165 63 63 101 101 101 101 63 93 63 63 63 68 68 50 50 50 50 13 13 13 13 13 13 
980 980 980 986 986 986 970 970 799 799 799 934 934 848 848 848 848 884 901 883 883 836 836 863 685 685 685 737 737 816 816 737 802 797 737 737 737 737 737 636 636 636 692 692 692 567 567 567 666 666 589 589 617 617 617 617 588 588 588 519 519 519 548 574 557 557 557 549 502 502 507 507 507 502 453 453 428 473 428 428 428 428 439 428 428 364 402 364 364 364 364 365 292 292 340 334 291 313 246 246 246 246 277 246 246 245 245 215 215 215 165 165 165 165 165 165 165 165 63 63 63 63 63 63 93 93 93 93 68 79 50 50 50 50 13 13 13 13 13 13 
980 980 980 980 980 986 970 970 799 799 799 799 799 848 848 848 848 884 884 884 884 836 836 863 685 685 685 737 765 765 765 737 737 797 737 737 737 737 757 636 636 636 636 636 692 567 567 567 567 589 589 589 589 617 617 617 588 588 588 606 519 519 548 548 557 557 549 549 502 502 502 502 502 502 453 453 428 428 428 428 428 428 439 428 428 364 402 364 364 382 364 292 292 292 292 334 291 291 291 291 291 264 264 264 246 246 246 215 226 226 165 165 165 165 165 165 165 159 159 134 134 139 63 63 102 102 93 93 68 68 50 50 58 15 15 15 14 14 14 14 
1018 980 980 980 980 980 980 944 944 944 944 799 799 848 848 848 848 891 891 891 836 836 836 836 836 836 836 737 765 765 765 765 737 737 737 737 737 737 757 636 636 725 725 636 636 674 674 674 567 589 589 589 589 589 589 589 589 589 588 588 588 588 548 548 538 538 549 549 502 502 502 502 502 465 465 453 453 453 453 428 428 428 428 428 428 364 364 364 364 364 364 292 292 292 292 292 292 291 291 264 264 264 264 264 264 215 215 215 226 226 165 165 165 165 165 165 165 159 159 134 134 139 124 124 102 102 102 69 69 68 68 50 58 15 15 15 14 14 14 14 
1018 980 980 980 944 944 944 944 944 944 944 799 799 848 848 848 848 806 806 806 836 806 806 806 836 836 836 836 765 765 765 765 737 737 789 737 737 765 636 636 743 725 725 718 636 674 674 674 567 567 567 589 589 589 624 624 624 589 589 589 589 589 548 539 539 538 538 538 538 465 465 465 465 465 465 465 453 453 453 453 453 448 403 403 403 403 403 389 389 364 364 292 292 292 292 292 292 307 307 264 264 264 264 264 264 215 247 190 190 190 190 190 190 190 190 69 69 69 69 134 134 139 124 124 69 69 69 69 69 69 69 50 58 15 15 15 15 14 14 14 
980 980 980 980 944 988 981 944 944 944 944 944 799 799 909 909 909 806 806 806 806 806 806 806 837 837 837 837 765 765 765 765 765 765 765 765 765 765 636 752 725 725 725 718 636 705 674 674 674 667 567 589 589 589 589 589 575 575 575 589 589 548 548 539 539 539 538 538 539 465 508 508 508 465 465 465 465 465 465 403 403 448 403 403 403 403 403 389 292 292 292 292 292 292 292 292 292 292 292 292 292 264 264 265 265 215 215 190 190 227 216 69 69 196 69 69 166 166 69 69 134 139 124 124 69 84 84 84 84 50 50 50 58 15 15 15 15 14 14 14 
980 980 980 980 944 944 981 944 957 957 917 917 935 799 909 909 909 806 806 885 806 806 806 837 837 849 837 837 806 806 806 806 765 765 766 766 765 765 636 725 725 718 718 718 636 636 636 675 675 667 567 589 589 589 589 589 575 575 575 548 548 548 539 539 570 539 539 539 539 465 508 508 508 465 487 487 465 474 403 403 403 403 429 429 403 403 389 389 292 292 292 366 292 292 292 292 292 314 293 293 293 152 152 152 152 215 215 190 190 227 216 69 69 69 69 179 166 160 160 69 134 134 134 69 69 84 94 84 84 50 50 46 46 46 15 15 15 14 14 14 
980 980 944 944 944 944 981 944 944 944 917 917 917 799 909 909 909 909 806 885 885 806 806 806 849 849 806 806 806 822 806 806 636 636 636 766 775 636 636 725 725 718 718 719 676 676 636 675 675 667 567 636 636 589 589 589 575 575 575 548 548 548 539 539 465 465 465 465 540 465 508 508 508 465 487 487 465 465 403 403 403 403 429 429 429 403 389 389 292 292 292 292 292 292 292 325 293 293 293 293 293 152 266 266 152 152 227 227 227 227 216 69 69 179 179 179 166 160 69 69 145 140 69 69 84 84 94 46 46 46 46 46 46 46 15 15 15 15 15 14 
944 944 944 944 944 944 971 971 944 944 917 917 917 799 799 909 909 806 806 806 806 806 806 806 849 806 806 822 822 822 806 806 636 636 636 766 775 636 636 725 725 718 718 719 676 676 636 636 636 667 662 636 636 589 589 589 575 597 548 548 548 548 539 539 465 465 465 465 465 465 508 508 509 465 465 465 465 465 403 403 403 403 403 403 403 403 404 326 326 326 292 292 341 341 341 325 293 301 301 293 293 152 266 266 266 152 152 206 206 206 206 206 69 69 69 69 166 160 69 69 69 140 69 84 84 84 94 46 85 46 46 46 46 46 46 15 35 15 15 15 
944 944 944 944 944 944 971 944 944 945 917 917 917 799 799 909 909 806 806 806 806 806 806 849 849 806 806 822 806 806 806 806 636 636 790 766 766 766 636 718 718 718 710 719 710 676 636 636 636 636 662 636 636 589 589 589 575 597 548 548 548 542 542 542 465 465 465 465 465 509 509 509 509 465 465 475 475 475 403 403 403 404 404 403 403 404 404 326 390 326 326 326 341 341 341 325 293 293 301 301 284 284 266 266 152 152 152 206 206 217 217 206 206 69 69 69 69 160 69 69 69 140 69 84 114 84 94 46 46 46 70 46 46 46 46 15 15 15 20 16 
944 944 944 1005 944 944 971 944 963 945 945 945 917 799 799 799 799 799 791 892 791 791 806 806 806 806 806 806 806 823 806 806 636 636 636 767 767 767 636 718 710 710 710 710 710 676 676 636 636 636 662 636 636 589 589 575 575 597 597 548 548 542 542 542 542 465 465 541 541 509 509 440 440 440 440 466 466 466 403 403 403 403 404 404 404 404 405 326 326 326 367 326 326 341 341 325 325 293 301 301 284 284 152 152 152 152 152 152 206 206 206 206 206 69 69 69 69 70 70 69 69 140 69 84 84 84 94 94 70 70 70 46 46 46 46 20 20 20 20 16 
944 944 944 944 944 944 944 944 946 946 946 946 917 917 917 917 799 799 791 791 791 791 791 806 806 806 806 806 806 806 806 807 636 636 636 636 776 636 636 718 710 710 726 710 710 676 676 636 636 636 662 636 636 636 636 575 619 619 597 597 597 542 542 571 542 542 541 541 541 509 509 440 510 440 440 466 476 466 466 403 403 403 404 404 404 405 405 326 326 326 367 367 326 326 326 326 326 293 293 302 284 284 152 234 234 152 152 152 218 218 206 206 206 69 191 69 69 70 70 69 69 69 69 125 84 84 95 95 70 70 70 26 26 20 20 20 36 16 16 16 
964 964 964 1006 989 989 964 964 964 918 918 930 930 930 917 917 799 877 877 877 877 877 791 791 791 791 791 806 806 824 791 791 791 791 791 636 636 636 758 718 718 710 710 710 710 676 676 636 636 636 636 636 637 637 637 575 619 619 579 579 579 542 542 571 571 542 541 541 541 509 509 440 440 440 466 466 476 476 449 449 403 403 404 404 404 405 405 326 326 326 326 327 327 327 327 327 327 293 293 302 284 284 152 152 234 234 234 234 218 218 206 206 206 69 69 69 151 151 70 70 108 108 108 108 108 108 95 95 70 70 26 26 26 26 26 26 26 26 17 17 
964 964 964 989 989 990 964 972 918 918 918 930 930 930 918 918 799 877 877 877 878 858 858 791 791 791 791 806 806 824 791 798 798 798 706 706 706 706 758 718 718 718 706 706 706 706 676 676 676 640 640 640 637 637 637 575 575 575 579 579 579 579 579 571 571 542 542 542 542 509 509 509 440 440 440 488 476 476 449 449 449 449 440 404 404 326 326 326 326 326 326 327 327 327 294 294 294 293 293 302 278 278 278 152 267 234 234 234 234 218 218 152 152 152 152 152 151 151 151 70 108 108 108 108 108 108 70 70 70 70 26 26 26 26 26 26 26 26 17 17 
964 964 989 989 999 964 964 972 918 918 918 930 930 930 918 918 799 799 799 893 878 858 858 858 858 791 791 791 791 791 791 798 798 798 706 706 706 706 758 718 718 718 706 706 711 707 677 677 677 640 640 640 649 637 637 607 607 575 575 579 579 575 575 575 529 529 529 543 543 509 509 509 440 440 440 440 440 467 467 449 449 440 440 404 404 326 326 326 326 326 326 327 327 327 294 294 294 315 293 293 293 278 278 152 152 152 248 152 152 218 218 152 152 152 192 152 151 151 151 70 70 70 70 70 70 70 70 96 37 37 37 26 26 26 26 26 37 17 17 17 
964 964 964 964 964 964 972 972 918 918 918 930 930 918 918 918 799 799 799 799 878 878 799 799 799 830 830 830 830 791 791 799 799 799 706 706 706 706 706 718 718 727 727 706 706 707 677 677 677 640 640 640 640 640 607 607 607 607 575 575 575 575 576 576 529 529 529 529 529 509 509 440 440 440 440 489 440 467 467 449 449 440 406 406 406 326 326 326 326 326 326 327 327 327 294 294 328 294 294 293 293 268 268 268 268 152 248 152 152 152 152 152 152 152 152 152 171 151 151 151 115 115 115 70 70 96 96 96 37 37 37 26 26 26 26 26 37 17 17 17 
1016 1016 964 964 964 964 972 972 918 918 918 918 918 918 918 918 799 799 902 799 799 799 799 864 799 799 799 799 799 799 799 799 799 799 706 706 706 706 706 706 706 706 706 706 706 707 677 677 677 640 640 657 640 640 607 607 607 607 607 607 575 575 576 576 529 529 550 550 529 529 529 440 440 440 440 489 440 440 440 440 440 440 406 406 406 406 406 326 326 326 326 342 342 342 342 294 294 294 294 294 294 268 268 268 268 152 152 152 228 228 152 152 152 152 152 152 152 152 152 152 115 115 115 115 115 96 96 96 37 37 37 37 37 37 37 37 37 17 17 17 
