980 890 890 890 959 890 890 925 925 898 898 898 898 875 875 875 846 846 713 713 713 713 713 713 796 796 796 734 734 734 734 734 756 734 734 734 734 726 621 621 621 621 621 639 639 639 658 658 639 639 602 602 602 602 602 559 559 559 559 559 559 559 538 538 538 504 504 504 504 504 401 401 401 401 401 401 401 401 401 401 401 401 401 401 401 378 378 378 378 370 271 271 271 271 271 271 271 271 301 271 271 282 245 245 245 245 245 212 212 212 221 212 117 117 142 142 142 142 142 131 131 141 131 66 66 66 66 66 66 66 66 66 66 48 48 1 1 1 1 1 
980 890 967 890 890 890 890 898 898 898 898 898 898 875 875 875 846 846 713 713 713 824 824 713 796 796 796 734 734 734 734 734 756 734 734 741 726 726 621 621 699 699 621 639 639 639 639 639 639 602 602 602 602 559 559 559 583 583 538 538 538 538 538 505 505 504 504 504 504 505 401 401 401 444 444 444 452 452 444 378 378 378 378 378 378 378 378 378 370 370 271 271 271 271 271 271 271 271 301 271 271 271 245 270 245 245 245 212 222 212 221 212 117 117 117 117 117 117 142 131 131 131 131 66 66 66 100 44 44 44 44 67 67 48 48 1 1 1 1 2 
980 890 967 890 890 950 890 898 898 920 898 898 898 846 846 846 846 846 713 713 816 816 816 713 796 796 796 734 734 734 734 734 734 734 734 726 726 727 699 699 699 699 621 639 639 639 639 639 648 602 619 619 619 559 559 559 583 583 538 538 538 538 505 505 505 504 504 504 504 505 444 444 444 444 444 444 444 444 444 378 378 378 402 402 378 378 383 383 370 325 325 325 325 271 271 271 302 302 302 271 271 271 245 245 245 246 246 212 222 212 212 212 117 117 184 184 117 117 142 131 131 131 131 66 66 100 100 44 44 44 44 44 44 44 44 44 1 18 18 2 
980 890 967 967 890 890 890 890 898 898 898 899 899 846 846 846 867 846 846 846 816 816 816 713 796 796 796 734 734 734 734 757 757 713 713 726 726 726 699 699 699 699 621 639 639 639 621 621 648 602 602 619 619 603 603 559 559 559 538 538 538 538 505 545 505 505 505 520 505 505 444 444 444 444 444 460 460 453 378 378 378 378 402 402 402 370 370 370 370 325 360 325 325 271 271 271 271 271 271 271 271 271 276 245 245 246 212 212 222 222 222 168 168 117 117 117 117 117 142 142 131 131 131 66 66 100 100 44 44 44 1 1 1 1 44 44 1 2 2 2 
980 890 890 968 890 890 941 890 926 910 910 846 846 846 846 846 846 846 847 847 832 832 816 713 713 796 796 796 713 713 757 757 713 713 713 713 726 726 667 667 667 667 621 621 639 639 621 621 621 621 602 621 603 603 603 559 559 559 538 538 505 505 505 484 484 536 505 505 505 453 500 453 453 453 453 453 453 453 378 378 378 422 325 325 325 370 370 370 325 325 360 325 344 271 271 307 307 307 303 271 271 271 271 271 263 212 212 212 212 222 222 168 168 117 117 117 117 117 160 142 142 131 131 66 66 100 100 44 44 44 1 1 57 57 1 1 1 2 3 3 
980 980 890 890 890 890 890 890 910 910 911 846 846 846 846 846 846 846 788 788 788 788 816 816 713 713 796 796 713 713 713 713 713 713 713 713 726 726 667 667 667 667 667 621 621 666 621 640 640 621 621 621 603 612 603 559 559 559 538 538 505 505 484 484 484 536 512 512 512 453 453 453 453 453 453 453 461 422 422 422 422 422 325 325 325 325 325 325 325 360 360 325 286 286 333 307 307 307 303 263 263 263 263 263 263 212 212 212 212 231 168 168 168 168 168 117 117 117 160 142 142 142 66 66 66 66 66 44 44 44 1 1 1 1 1 33 33 2 3 3 
988 934 934 934 934 934 890 933 910 910 907 907 788 788 788 788 846 846 788 788 788 788 788 788 788 713 713 797 713 713 713 758 758 713 713 713 713 726 667 667 667 700 667 667 621 621 621 640 640 640 628 603 603 612 603 559 559 559 559 572 505 505 484 484 484 512 512 484 484 484 453 453 484 461 461 461 461 422 422 422 422 422 325 325 403 325 325 325 325 325 325 325 286 286 333 303 303 303 303 263 263 263 252 252 252 252 212 212 231 231 168 168 168 168 168 117 117 117 117 142 142 142 66 66 66 109 66 44 44 44 1 1 1 1 45 2 2 2 3 3 
934 934 934 934 951 934 890 890 910 910 907 907 788 886 886 788 788 788 788 788 788 812 812 812 788 713 713 713 713 783 728 728 728 744 713 713 713 713 713 713 667 667 667 667 667 667 628 628 628 628 628 603 603 603 603 559 559 559 559 572 484 484 484 484 484 512 512 484 513 484 484 484 484 461 461 461 461 422 422 422 432 325 325 325 325 325 325 325 325 325 325 352 286 303 303 303 303 303 285 285 285 252 252 231 231 231 231 231 231 152 152 152 168 168 168 168 168 168 117 117 117 66 66 66 66 66 66 44 44 44 77 1 1 1 45 2 2 2 19 4 
934 934 934 969 951 934 934 890 890 912 912 788 788 886 886 788 788 788 788 812 812 812 812 812 788 713 713 713 783 783 728 766 728 744 744 728 728 728 667 667 667 667 667 668 668 668 628 584 584 584 584 584 584 584 584 584 584 584 579 461 461 560 461 461 484 484 484 484 461 461 461 461 461 461 461 461 461 422 422 422 422 325 404 404 325 397 325 325 325 371 286 286 286 303 303 303 303 303 285 285 285 252 252 231 231 231 231 231 231 152 152 152 168 185 185 168 178 117 117 117 117 66 66 66 110 110 49 49 49 49 49 49 46 46 45 45 34 2 4 4 
934 934 934 969 951 951 934 934 890 912 912 788 788 889 855 855 855 859 855 812 812 812 788 788 788 801 801 783 783 783 728 766 728 728 728 728 728 728 667 667 667 667 668 668 668 668 628 584 584 584 584 622 584 584 579 579 579 579 579 461 461 560 461 461 461 461 461 461 461 506 492 492 461 461 473 433 433 433 422 422 422 325 404 404 325 325 325 353 353 353 286 286 286 286 286 303 303 303 285 285 285 252 252 231 231 253 152 152 152 152 152 152 168 185 185 168 168 117 161 117 117 124 124 124 110 110 49 49 49 49 49 49 46 46 45 45 34 2 4 4 
989 934 934 969 934 934 934 935 890 912 912 788 788 889 855 855 855 859 855 812 812 812 788 810 810 798 798 783 783 783 728 728 728 729 729 729 729 729 701 701 701 701 668 668 677 669 628 628 584 584 584 579 579 579 579 580 580 580 580 461 461 461 461 539 539 461 461 461 461 492 492 493 461 461 433 433 445 433 433 422 422 325 325 404 404 353 353 353 372 353 353 353 286 286 286 286 308 308 285 285 285 252 252 231 253 253 152 152 152 152 152 152 168 168 185 185 168 117 117 117 117 117 117 117 117 111 49 94 49 49 49 49 49 46 46 46 34 2 4 4 
989 934 934 934 934 952 934 935 890 912 912 788 788 788 788 788 855 855 855 812 812 812 788 788 811 798 798 798 783 783 728 728 728 690 690 690 690 690 701 701 701 701 668 668 669 669 628 628 584 584 584 579 579 579 579 580 580 580 580 461 461 461 461 539 539 521 521 521 492 492 433 433 433 433 433 462 445 445 433 433 433 423 325 409 353 353 353 353 372 372 325 325 286 286 334 286 286 286 286 286 286 231 231 231 253 254 152 152 235 152 152 152 152 168 168 168 168 169 117 117 117 117 118 118 118 111 49 94 49 74 74 74 49 49 49 35 35 2 2 2 
953 934 934 934 934 934 934 935 890 912 912 788 788 788 788 788 788 788 788 812 812 812 812 788 788 798 798 798 788 728 728 728 728 690 690 690 690 690 690 690 690 690 668 668 668 668 628 628 584 584 584 584 579 579 579 580 580 580 580 461 461 461 461 539 539 521 521 521 492 433 433 485 485 433 433 462 462 445 445 410 410 423 325 325 353 353 353 353 325 325 325 325 345 325 325 325 286 286 294 286 286 231 231 272 253 254 152 152 162 162 162 162 152 198 168 168 169 169 117 117 117 117 118 111 111 111 49 49 49 74 74 35 35 35 35 35 36 20 20 2 
953 953 970 934 934 934 934 935 890 890 913 788 788 788 788 788 788 788 788 848 812 812 812 812 788 788 788 788 788 728 728 728 728 690 690 690 690 730 668 668 706 690 668 668 668 668 628 628 584 584 584 584 579 579 579 580 585 585 573 573 540 540 540 540 540 522 522 522 433 433 474 474 474 433 433 462 462 446 446 410 410 410 416 325 325 325 353 353 325 361 361 325 325 325 231 231 309 309 294 294 231 231 231 272 253 254 152 152 162 162 162 162 152 152 169 169 169 170 152 152 118 118 118 111 111 112 49 49 74 74 74 75 36 36 36 36 36 20 5 5 
981 953 970 970 953 953 890 890 890 890 913 788 788 788 788 788 860 860 848 848 817 817 817 812 812 788 788 788 788 728 728 728 728 690 715 715 668 668 668 668 668 690 690 668 668 670 628 628 649 584 584 623 613 613 580 580 585 585 573 540 540 540 540 522 522 522 433 433 433 474 474 475 474 474 474 462 462 446 446 410 410 410 410 410 325 325 325 325 325 361 362 310 310 310 231 231 231 231 231 231 231 241 241 241 241 254 162 162 162 162 162 205 205 152 152 152 152 152 152 118 118 132 111 111 111 112 49 49 74 74 75 75 36 36 36 36 36 20 5 6 
981 953 953 953 953 954 890 890 890 890 913 890 890 890 876 876 860 860 848 848 817 817 817 817 788 788 788 788 788 728 728 728 752 690 715 715 668 668 668 714 668 668 668 668 670 670 663 649 649 584 624 580 580 580 580 580 573 573 573 540 522 522 522 522 522 522 433 514 514 474 501 475 475 474 474 410 410 454 410 410 410 410 410 411 325 325 325 373 373 361 361 310 310 310 231 231 231 287 287 231 231 241 241 241 241 254 162 162 162 162 162 186 186 186 186 186 118 118 118 118 150 132 111 111 112 112 49 49 90 74 5 5 5 5 5 5 5 20 5 6 
981 981 954 954 954 954 891 891 891 890 890 890 891 891 876 876 856 860 856 833 833 833 817 817 788 788 788 788 788 728 767 767 752 690 690 715 715 715 668 668 668 649 649 649 649 663 663 649 584 584 624 580 580 580 580 580 573 573 573 573 522 522 522 433 433 433 433 514 514 474 474 494 475 475 475 410 410 410 410 434 434 417 417 384 384 384 384 384 373 361 361 310 287 287 287 287 287 287 287 287 287 255 255 255 241 241 241 241 162 162 162 186 186 186 187 187 118 118 118 150 150 132 132 111 112 112 90 90 90 74 5 58 58 58 5 5 5 20 5 5 
982 982 954 954 954 954 891 891 891 891 891 891 891 892 876 876 856 856 856 833 833 833 817 817 690 690 690 690 728 728 767 767 752 690 690 735 735 715 668 668 649 649 691 649 649 663 664 649 584 584 624 624 580 580 580 587 573 573 573 573 522 522 433 433 433 433 528 523 474 474 474 494 486 475 475 410 410 410 417 417 417 417 418 384 384 384 384 384 373 361 361 310 287 287 287 287 287 287 247 247 288 255 255 255 255 255 241 241 162 162 162 162 206 186 187 187 118 118 118 150 150 133 133 111 111 90 90 90 90 74 5 5 5 5 5 5 5 5 5 5 
982 982 914 914 914 914 927 927 927 892 892 892 892 892 876 877 856 856 849 825 825 825 825 818 690 690 690 690 728 728 774 752 752 690 690 690 690 715 715 715 649 649 691 649 649 663 649 649 650 584 584 580 580 614 587 587 586 586 573 573 522 522 433 433 433 433 523 523 474 474 474 494 486 467 467 410 410 410 417 417 417 412 412 412 384 384 387 384 373 373 310 310 287 287 287 287 247 247 247 247 247 247 247 264 264 247 247 213 213 213 223 162 162 186 187 187 179 171 118 150 150 133 133 111 111 90 90 90 90 74 74 5 5 5 5 5 5 5 5 7 
990 914 914 914 914 914 927 914 914 892 892 892 857 857 877 877 856 856 849 849 680 680 680 818 690 690 690 690 728 728 774 752 752 752 690 690 690 731 707 707 707 649 649 649 649 649 649 641 641 641 584 580 580 614 587 586 586 546 546 546 546 546 546 546 433 433 523 523 480 480 480 494 486 467 467 467 410 410 447 417 417 412 412 339 339 384 384 384 373 373 310 310 310 310 310 247 247 295 295 295 247 247 247 247 247 247 213 213 213 213 213 162 162 186 179 179 179 171 118 118 111 111 111 111 119 82 82 82 74 74 74 5 5 5 5 5 5 27 5 5 
983 983 960 960 960 914 914 914 914 914 914 857 857 857 857 878 857 857 857 680 680 834 680 680 690 690 736 690 690 690 690 690 690 690 690 690 690 731 722 584 584 584 649 649 649 649 641 641 651 584 584 625 580 587 587 586 586 546 546 546 546 546 480 480 480 480 523 523 480 480 480 480 486 467 467 467 448 448 339 339 339 424 412 339 339 384 384 385 339 339 339 339 339 339 310 247 247 247 247 296 247 247 247 247 247 247 213 242 213 213 213 162 171 171 179 171 171 171 118 118 111 111 111 111 111 82 82 82 74 74 74 74 5 5 50 5 5 5 5 5 
983 983 960 960 942 942 942 921 921 921 857 857 850 850 857 857 857 680 680 680 784 784 784 680 690 690 736 736 736 736 736 736 690 690 745 736 736 731 722 584 678 584 584 584 649 649 641 641 584 584 629 587 587 587 595 595 595 564 564 562 561 561 480 480 480 480 480 480 480 480 487 480 480 480 467 467 448 448 339 440 339 339 412 339 339 339 339 339 339 339 339 346 346 310 310 326 247 247 247 247 247 247 247 247 256 256 213 213 213 213 213 162 162 171 171 171 171 172 118 118 111 111 111 111 111 113 82 82 74 74 74 74 68 50 50 5 5 5 5 5 
960 960 960 960 942 942 942 921 921 921 857 908 850 850 850 850 850 850 850 850 784 784 784 680 680 680 680 680 680 680 775 736 736 736 736 736 731 731 722 584 678 584 584 584 584 584 641 641 584 587 587 587 604 604 595 595 596 564 564 562 562 562 419 419 419 515 515 480 480 487 487 487 487 468 468 468 448 339 339 419 419 339 412 339 405 339 339 346 346 363 363 346 310 310 317 317 317 247 247 247 247 247 247 256 256 257 213 213 213 213 213 213 162 162 171 171 171 172 118 118 111 111 111 125 82 82 82 82 74 74 74 74 68 50 50 5 5 5 8 8 
960 928 928 928 928 943 943 921 921 857 857 908 850 868 868 868 868 850 850 784 784 784 784 784 784 806 789 789 789 680 768 768 584 584 584 584 731 722 722 584 678 678 678 678 678 584 584 584 584 587 587 587 604 604 604 587 587 587 564 574 547 547 419 419 419 419 515 515 515 487 487 487 468 468 468 468 448 448 448 419 419 339 339 339 405 339 339 346 346 346 346 346 310 310 317 317 317 310 243 243 247 247 247 256 257 257 213 213 213 213 224 162 162 162 171 171 172 172 118 118 125 125 125 125 82 82 82 82 74 74 68 68 68 50 50 9 9 9 8 8 
960 928 928 928 928 943 850 850 850 857 850 850 850 868 868 868 784 784 784 784 784 813 813 784 784 806 789 789 789 680 768 769 584 584 584 584 722 722 584 584 708 678 678 652 652 652 652 584 584 581 587 587 604 587 587 587 587 587 564 574 547 547 547 419 419 419 419 419 419 419 419 419 468 468 468 419 419 448 448 419 419 419 419 347 347 346 346 346 346 346 364 340 340 310 310 310 310 310 243 243 243 243 256 256 257 257 213 213 224 224 224 162 199 199 171 171 162 162 162 118 118 118 134 118 118 82 82 82 82 82 68 68 68 51 51 9 9 9 9 9 
960 974 974 928 928 943 850 850 850 850 850 850 850 868 879 879 784 784 784 784 784 784 813 784 784 806 789 789 789 680 680 584 584 584 584 584 722 722 584 702 702 702 652 652 652 652 652 652 652 581 587 587 587 587 587 587 587 587 564 564 547 563 547 547 419 419 529 482 482 482 482 419 481 481 419 419 419 448 448 419 435 347 347 347 347 346 346 346 346 346 364 340 340 340 318 318 318 311 243 243 243 243 256 256 257 257 213 213 224 224 162 162 162 162 162 162 162 163 163 126 126 118 118 118 118 114 78 78 78 78 78 51 51 51 22 22 9 9 21 10 
960 928 928 928 928 943 943 850 850 850 868 850 850 868 869 869 869 784 784 784 784 784 813 819 784 784 789 789 789 680 680 584 584 680 680 584 584 584 584 702 702 652 652 581 581 581 581 581 581 581 587 587 587 587 588 587 587 564 564 564 547 547 547 548 419 419 524 482 482 482 482 419 419 419 419 419 419 419 419 419 347 347 347 347 347 388 388 346 346 354 354 354 340 340 318 319 319 311 243 243 243 256 256 256 256 248 248 225 225 225 162 162 162 200 162 162 163 163 164 126 118 118 118 118 118 114 78 78 78 78 78 51 51 22 22 22 37 10 10 10 
928 928 975 928 928 955 850 850 850 850 868 868 868 868 869 861 861 861 784 841 841 835 813 813 813 784 784 789 789 680 680 680 584 680 680 584 584 716 716 716 652 652 692 581 581 581 659 659 581 581 581 581 615 615 588 588 588 564 564 564 564 564 419 419 419 524 524 524 482 482 482 482 482 419 419 419 441 441 449 441 347 425 386 386 386 386 386 386 354 354 355 355 340 340 318 319 319 311 243 243 243 256 256 256 256 248 248 225 225 225 188 188 188 188 193 188 126 126 126 126 118 118 118 118 118 114 78 78 78 78 78 22 22 22 52 22 22 10 10 10 
975 975 975 928 928 955 850 850 850 915 915 900 900 861 861 861 861 861 784 784 784 835 784 784 790 790 784 784 784 784 680 680 759 680 680 716 716 716 680 680 652 652 652 684 679 581 659 581 581 581 581 581 581 581 588 588 588 588 564 564 419 419 419 419 419 524 530 524 482 482 495 495 482 482 441 441 441 441 441 441 347 347 386 386 386 386 347 347 354 347 347 347 347 318 318 319 319 311 243 243 289 243 243 243 265 248 248 226 226 225 188 188 188 188 188 188 126 126 126 126 126 126 126 126 114 114 78 78 78 22 22 22 28 28 28 22 22 10 10 10 
975 975 975 928 928 928 928 928 928 900 900 900 861 861 880 880 784 784 784 784 784 784 784 784 790 790 790 790 784 784 680 680 680 680 680 680 680 680 680 680 652 652 652 652 679 581 659 581 630 630 630 605 605 581 581 581 589 589 564 564 419 419 419 419 419 524 524 524 482 482 495 495 441 441 441 427 427 455 406 406 406 347 347 398 398 398 347 347 347 347 318 318 318 318 320 320 311 311 243 243 243 243 277 243 243 248 248 226 226 225 225 214 173 173 188 188 126 126 126 126 143 143 114 114 114 115 22 22 22 22 22 28 28 28 28 22 22 22 22 10 
975 975 975 928 928 928 900 900 900 900 900 900 861 861 880 880 784 784 784 784 842 784 784 784 799 799 799 790 790 753 753 770 746 746 746 717 717 680 680 680 680 680 680 680 581 581 659 581 581 642 631 605 605 605 605 581 589 565 565 565 419 419 419 419 419 531 531 525 507 507 427 427 427 427 427 427 427 427 406 406 406 426 347 347 347 347 347 356 356 356 318 318 318 320 320 320 320 243 243 243 243 277 277 243 243 243 243 243 226 226 226 214 173 173 173 189 173 173 126 126 143 120 120 127 115 115 22 22 22 22 22 28 28 28 28 28 28 28 23 10 
900 900 900 900 961 900 900 900 900 861 861 901 901 861 880 880 784 862 784 784 784 784 784 784 799 799 799 799 753 753 753 770 746 746 746 717 717 717 717 717 703 703 680 680 581 581 659 659 581 642 631 606 606 605 605 581 581 581 581 565 419 419 419 419 419 531 531 525 507 508 427 427 427 427 427 427 427 427 436 436 406 406 406 406 406 356 356 356 356 356 356 356 318 320 335 327 290 290 290 290 290 277 277 243 243 243 214 214 214 214 214 214 173 201 173 173 173 173 120 120 120 120 120 120 115 115 22 22 28 28 28 28 28 53 53 23 23 23 23 10 
900 900 976 900 900 900 900 900 861 861 861 901 901 861 880 784 784 862 784 784 784 836 784 784 799 799 799 799 753 753 753 753 753 753 737 737 717 717 723 718 703 703 680 680 680 581 581 581 581 581 631 606 606 606 606 581 581 581 581 565 565 419 419 525 525 525 525 525 507 469 469 469 427 427 427 427 427 427 436 436 436 427 356 356 356 356 356 356 356 365 365 318 318 320 327 327 290 290 297 297 258 258 258 258 243 243 214 173 173 214 214 215 173 190 190 173 173 173 120 153 120 120 120 120 120 84 84 95 28 28 28 28 28 53 53 23 38 10 10 10 
991 900 900 971 900 900 900 900 861 861 861 861 861 861 880 784 858 858 858 785 785 785 820 820 799 799 799 799 753 753 753 753 753 737 737 737 737 718 718 718 703 703 681 681 581 581 581 581 653 581 581 606 606 616 590 590 590 590 554 554 565 565 554 525 525 428 428 428 507 469 502 469 469 427 427 427 427 427 427 427 427 427 356 356 356 321 321 321 321 365 365 318 320 320 327 290 290 290 297 297 258 258 278 258 266 258 214 214 173 173 173 173 173 190 190 190 173 173 120 120 120 135 120 120 84 84 84 84 84 28 28 53 53 53 53 23 23 10 10 10 
900 900 900 971 900 900 944 929 929 861 916 861 861 861 880 784 858 785 785 785 843 785 820 820 785 785 800 800 753 753 753 760 760 737 737 718 718 718 718 718 703 704 681 581 581 581 581 581 581 581 581 626 606 616 590 554 554 554 554 554 554 554 554 428 428 428 428 428 428 469 502 427 427 427 427 427 450 450 427 427 437 356 356 356 356 321 321 321 321 365 365 318 318 318 318 290 291 291 291 291 291 258 278 258 258 258 214 214 173 173 173 173 207 190 190 165 165 165 165 120 120 135 135 120 84 84 101 53 53 28 28 53 23 23 23 23 23 10 11 11 
900 900 929 929 929 956 929 929 930 861 916 861 861 861 784 784 858 785 785 738 738 785 785 785 785 785 785 785 785 785 776 737 737 737 737 718 718 718 718 718 703 681 681 581 581 581 581 581 581 581 606 606 606 554 554 554 554 554 566 566 566 554 554 428 428 428 428 428 428 469 502 427 427 427 427 469 450 450 450 437 437 356 356 407 407 389 389 321 321 365 365 348 348 313 318 290 291 291 292 292 292 258 258 258 258 258 214 214 173 173 173 173 207 190 190 165 165 165 165 120 120 120 120 120 121 84 101 53 53 53 53 53 23 23 23 23 23 10 10 10 
992 900 929 962 962 929 929 936 930 861 916 861 861 784 784 881 858 785 785 738 738 738 738 738 738 785 785 785 785 776 776 737 737 737 737 738 738 718 718 718 703 681 681 581 581 581 581 581 581 581 581 581 554 554 598 598 554 554 566 566 566 566 428 428 428 428 428 428 469 469 488 488 488 469 469 469 450 456 437 437 356 356 356 407 407 389 321 321 357 357 365 348 348 313 313 290 312 312 292 267 267 267 267 258 258 258 214 214 173 173 190 190 190 190 165 165 165 136 136 120 120 120 121 121 121 84 101 53 83 83 53 53 69 23 23 23 10 10 10 10 
992 900 929 929 929 929 936 936 930 861 861 909 784 784 858 858 858 785 785 738 826 826 826 738 738 785 785 738 738 776 776 737 737 737 737 738 718 718 718 718 703 703 681 681 681 581 581 643 643 643 581 581 554 554 554 554 555 555 566 566 566 566 428 549 428 532 532 428 469 488 488 496 469 469 476 450 450 456 437 356 356 356 356 407 407 389 321 321 357 357 357 357 314 314 313 313 312 312 292 267 267 267 267 259 259 244 244 244 216 216 190 190 190 190 165 165 165 136 136 120 120 120 121 121 121 84 101 53 53 53 53 69 69 23 23 23 10 10 10 10 
992 900 900 900 937 937 936 936 930 922 861 909 784 893 738 738 738 738 738 738 826 826 738 738 738 738 738 738 738 738 738 738 737 737 738 738 718 718 718 718 703 703 693 632 632 671 581 581 581 581 581 554 554 554 554 554 555 555 555 555 566 566 428 428 428 532 428 428 469 488 488 496 469 469 469 450 450 437 437 356 356 356 366 366 366 389 389 321 321 321 321 321 314 314 314 313 313 313 292 292 267 267 267 259 259 244 244 244 216 216 190 190 190 190 165 165 180 136 136 136 136 144 121 121 121 84 84 84 84 84 10 10 70 10 10 39 39 10 10 10 
977 977 977 900 937 937 937 900 930 922 861 784 784 893 738 738 738 738 738 851 837 837 738 821 738 738 791 791 791 777 777 738 761 738 738 685 685 685 685 685 703 693 693 632 632 632 581 581 581 581 581 554 554 554 554 554 555 555 555 555 568 555 555 532 532 532 428 428 469 496 496 496 469 469 469 470 437 437 428 428 428 428 366 366 366 366 366 366 366 321 321 321 321 321 314 314 314 314 267 267 267 267 267 259 259 259 244 244 236 216 216 216 202 202 194 136 136 136 151 151 136 136 121 121 121 102 102 84 84 85 10 10 10 10 10 10 10 10 12 12 
977 977 900 900 937 937 937 900 900 922 861 784 784 784 738 738 738 863 738 851 837 837 738 738 814 738 791 791 791 777 777 738 738 738 747 685 719 719 719 685 693 693 694 632 682 632 581 581 654 644 581 627 554 554 554 554 555 555 555 555 555 555 532 532 541 428 428 428 469 469 469 469 469 469 469 437 437 457 428 429 429 429 366 366 366 366 366 366 366 366 366 321 321 321 321 321 321 315 267 267 267 267 267 259 259 259 227 227 236 202 202 202 202 194 194 136 174 174 151 151 151 136 136 121 121 102 10 10 10 10 10 71 71 59 54 10 10 24 12 12 
977 977 900 972 937 937 937 937 900 861 861 784 784 784 738 738 738 738 738 851 822 822 822 738 738 738 792 792 685 685 685 762 762 685 685 685 719 719 719 685 693 685 685 632 660 660 660 581 581 644 581 627 554 554 554 532 532 532 532 532 532 532 532 541 541 428 437 437 437 437 437 437 437 437 437 437 463 428 428 429 430 430 366 390 390 390 390 379 379 366 366 315 315 321 321 315 315 315 267 267 267 267 267 267 267 227 227 227 236 202 202 217 208 194 194 136 136 136 151 151 137 137 137 122 122 102 10 96 91 29 29 29 29 59 54 40 40 24 24 12 
977 900 900 937 937 937 937 937 900 861 917 784 784 784 738 738 822 822 822 822 822 838 822 822 738 738 792 792 685 685 685 685 685 685 685 724 724 719 719 685 685 685 685 632 660 660 660 660 581 581 581 607 607 607 607 532 591 591 532 532 569 541 541 541 541 428 437 437 428 428 428 428 428 428 428 428 463 428 429 429 366 366 366 366 366 391 391 379 380 315 315 315 315 315 315 315 315 315 304 267 267 267 267 267 227 227 249 227 202 202 202 202 208 136 136 136 181 136 136 151 137 137 137 122 102 102 10 96 91 29 29 29 29 29 54 40 40 12 12 12 
977 900 900 937 937 937 900 900 900 861 902 902 902 882 882 882 822 822 822 822 822 838 822 822 778 778 792 792 792 685 685 685 685 685 685 724 724 719 719 719 685 685 685 632 632 632 632 632 655 632 632 607 607 607 607 532 533 533 532 532 569 541 541 541 541 428 428 428 428 497 497 497 471 471 428 428 428 428 429 429 366 366 366 366 366 366 366 379 380 315 315 315 315 280 280 280 298 298 304 267 267 267 267 273 227 227 227 227 202 202 202 202 208 136 195 136 136 136 136 102 102 102 102 122 102 102 10 10 91 29 29 29 54 54 54 40 40 12 12 12 
977 984 900 937 937 900 900 900 900 861 902 882 882 882 870 870 822 822 822 822 822 838 822 822 778 778 778 748 748 748 748 748 748 748 748 724 724 724 724 685 685 705 685 685 672 672 632 632 632 632 633 532 532 607 607 532 533 533 569 569 569 541 541 542 542 428 428 428 428 497 471 471 471 471 428 428 428 458 442 442 366 366 420 366 366 366 366 379 379 374 315 315 315 280 280 280 298 298 298 298 267 267 250 250 250 227 227 227 237 202 202 218 208 136 136 136 136 136 102 102 145 145 102 102 102 102 103 10 91 76 76 29 29 29 29 29 29 29 25 12 
977 900 900 973 900 900 861 861 861 861 902 882 882 870 870 870 870 827 827 827 827 827 827 778 778 802 802 778 778 778 778 748 748 742 742 724 724 724 685 685 685 685 685 661 661 661 632 632 632 645 532 532 532 532 532 532 533 533 533 569 569 533 533 542 533 533 533 428 428 471 471 471 471 471 428 428 442 442 442 413 413 366 413 413 374 374 374 374 374 374 315 315 280 280 280 280 280 305 305 250 250 250 250 250 250 227 250 227 227 227 227 208 208 136 136 136 136 136 136 154 79 79 104 104 102 102 10 10 91 76 76 76 29 29 41 41 41 25 25 12 
977 900 900 900 900 957 861 861 861 870 870 870 870 870 870 870 871 827 827 844 844 807 807 778 778 778 778 778 771 771 771 771 742 742 742 742 724 724 685 685 685 685 685 661 683 661 661 632 632 645 532 532 532 532 532 532 533 533 533 533 533 533 533 542 533 489 489 489 471 471 471 471 471 471 428 428 442 442 413 413 366 366 413 413 374 374 375 375 375 375 315 315 280 280 280 280 280 280 280 250 279 279 279 250 250 250 250 208 208 208 208 208 175 175 175 175 175 175 136 154 79 79 79 104 104 10 10 97 76 76 76 76 29 29 41 41 25 25 13 13 
977 977 978 958 958 861 861 861 861 870 870 870 870 870 870 870 827 827 827 807 807 807 807 778 778 807 778 778 771 771 771 771 742 709 709 709 724 724 709 709 709 695 695 661 683 661 661 645 645 645 532 532 532 532 532 532 575 533 533 533 533 533 533 542 533 489 489 489 471 471 471 471 471 471 471 471 442 442 413 413 413 413 413 413 374 374 375 375 375 375 315 315 280 280 280 280 280 280 280 250 250 250 250 250 250 250 251 208 238 232 175 175 175 175 175 175 175 136 136 154 79 138 79 79 104 10 10 10 76 76 76 42 42 42 42 42 25 25 13 13 
864 977 977 958 958 861 945 923 923 883 870 870 870 870 870 870 827 827 827 807 807 807 807 807 807 807 742 742 742 742 742 742 742 709 709 709 709 709 709 710 710 695 695 661 683 661 661 645 645 645 532 532 532 532 532 532 575 575 575 533 533 533 533 533 533 489 489 489 471 471 471 471 477 477 477 438 438 438 451 374 374 374 421 374 374 399 330 330 330 330 367 316 316 336 336 316 316 316 280 280 280 250 250 250 250 250 232 232 232 232 175 175 175 175 175 136 136 136 154 154 79 138 138 79 104 104 104 10 42 42 42 42 43 43 43 42 42 25 25 13 
864 864 977 958 958 861 861 923 923 883 883 894 870 870 870 870 870 827 827 845 845 742 742 807 807 742 742 779 779 779 779 742 742 709 709 709 709 709 709 662 662 620 620 661 661 673 661 661 634 634 617 617 617 617 608 532 532 575 575 516 516 543 543 543 543 489 489 489 471 509 471 471 477 478 478 438 438 438 438 374 374 374 421 374 374 399 330 368 368 316 316 316 316 316 337 316 322 299 299 299 280 280 280 250 250 250 232 232 232 209 209 209 209 136 136 136 154 154 154 155 79 79 79 79 104 104 105 98 42 42 42 42 43 43 43 43 13 13 13 13 
864 864 977 958 958 958 861 923 923 883 883 894 894 894 864 864 864 864 845 845 742 742 742 742 742 742 803 779 779 779 779 749 749 709 709 709 709 725 725 662 662 662 620 686 661 661 661 661 634 634 617 617 592 592 608 532 532 575 582 516 516 516 516 516 544 489 489 489 471 471 471 471 477 478 478 431 431 459 438 438 374 374 374 374 374 330 330 368 368 368 368 329 329 316 316 316 316 299 299 299 274 274 274 274 250 250 209 209 209 209 210 210 210 136 191 191 79 79 79 155 79 79 79 79 79 79 79 98 42 42 42 42 43 43 43 43 13 13 13 13 
864 864 864 958 958 861 861 923 923 883 918 894 894 895 864 864 865 865 845 852 742 742 742 742 742 742 742 793 793 749 749 749 749 749 749 725 725 725 725 662 662 662 620 620 674 674 635 635 634 634 634 592 592 592 592 592 592 575 582 516 516 516 516 516 526 526 526 489 489 471 471 471 477 477 477 431 431 431 431 438 374 374 374 374 330 330 329 329 329 329 329 329 329 329 316 328 316 299 299 299 274 274 268 268 268 260 209 228 228 228 210 210 210 136 191 191 79 176 79 79 79 79 79 128 79 79 79 98 42 42 42 55 43 43 43 43 43 13 13 13 
985 985 864 864 861 861 938 938 923 883 883 887 887 887 887 864 864 864 845 852 794 794 794 823 742 742 742 793 793 749 739 739 754 754 750 725 725 725 725 662 662 696 696 620 620 620 635 635 634 634 634 592 592 592 592 592 592 575 575 575 516 516 516 550 526 526 526 526 489 489 471 471 471 477 477 431 431 431 431 438 438 374 374 374 330 329 329 381 381 329 329 329 329 329 316 316 316 299 299 299 274 274 268 260 260 260 228 228 228 228 210 219 136 136 191 191 79 176 79 79 79 79 128 128 79 79 79 98 42 42 42 55 55 60 47 47 13 13 13 13 
963 963 963 864 861 861 861 939 923 923 883 887 883 883 883 883 864 864 845 794 794 839 804 804 742 742 742 793 793 749 739 772 739 739 750 725 725 725 725 662 662 696 696 620 620 620 635 635 635 634 634 597 597 597 592 592 592 575 575 516 516 516 516 550 526 526 526 526 516 489 471 471 471 477 477 431 431 431 431 431 330 330 330 330 330 329 329 381 381 329 329 329 349 329 329 329 299 299 299 299 274 283 268 260 260 260 228 233 233 233 210 210 136 196 191 191 79 79 79 146 146 146 128 128 79 86 86 86 86 86 42 42 55 55 47 47 13 13 13 13 
963 963 963 864 864 864 861 861 923 923 883 883 883 896 883 883 864 866 845 794 794 794 804 804 742 742 742 749 749 749 739 739 739 739 750 725 725 662 662 662 662 662 662 662 620 620 635 635 635 635 635 597 597 597 599 599 592 592 516 516 516 516 516 516 516 516 516 516 516 489 489 489 489 477 477 431 431 431 431 431 330 330 330 330 330 400 329 381 381 329 349 349 349 330 330 330 299 299 299 299 274 283 268 239 239 239 228 228 228 228 228 210 136 196 196 166 166 166 166 146 106 147 128 128 79 79 79 79 86 86 42 42 72 55 55 13 13 13 14 14 
963 963 963 963 963 864 924 924 924 924 919 864 864 864 864 864 864 845 845 794 794 794 804 804 742 742 804 749 749 749 780 755 755 739 750 739 739 662 662 662 662 662 697 662 620 620 620 635 620 620 620 620 620 597 597 597 597 516 516 576 516 551 551 551 518 518 534 491 491 489 489 498 479 479 431 431 431 431 392 392 392 392 330 330 330 400 329 329 329 329 341 341 341 330 330 268 268 268 268 268 268 268 268 239 239 239 239 234 234 234 210 210 136 166 166 166 166 166 166 146 106 106 106 106 106 106 106 79 42 42 42 56 56 61 56 13 13 13 14 15 
964 964 964 963 963 864 864 864 864 864 919 864 903 864 864 845 845 845 845 794 794 828 828 804 804 804 804 749 749 749 749 755 755 739 739 739 721 721 662 662 697 697 697 662 620 620 620 620 620 620 620 600 600 600 600 597 597 516 516 516 516 551 551 518 518 518 518 491 491 491 479 479 479 479 431 431 431 431 392 392 392 392 330 330 330 330 330 330 330 341 341 358 341 341 330 268 268 268 268 239 239 239 239 239 239 239 239 234 136 136 210 136 136 166 166 166 166 167 167 146 146 139 139 106 106 106 106 79 42 42 42 42 56 61 56 13 13 30 14 14 
964 964 964 964 964 888 888 888 931 864 919 864 897 897 845 845 845 845 845 845 794 828 794 794 794 794 794 794 794 749 749 755 755 755 739 739 721 721 687 687 687 662 662 662 665 665 665 620 620 620 620 600 600 600 600 600 593 593 516 516 516 516 516 518 518 518 518 491 491 491 479 479 490 431 431 431 431 431 431 431 392 392 414 414 330 330 330 330 330 341 330 330 341 341 330 268 268 268 239 239 293 239 239 239 239 239 239 234 136 136 136 136 157 157 157 182 182 156 156 146 146 139 139 106 106 106 106 79 92 79 79 42 56 56 56 13 13 26 26 14 
964 964 979 853 853 888 888 888 931 864 864 864 897 897 845 845 845 845 845 845 794 794 794 794 794 808 786 786 786 749 749 749 740 740 739 739 721 687 687 687 687 662 662 662 662 662 662 662 646 646 636 600 600 600 600 600 593 593 516 516 516 516 516 518 518 518 518 491 491 491 491 479 431 431 472 472 431 431 431 431 392 392 392 415 330 330 330 330 330 330 330 330 330 330 330 268 323 268 239 293 293 239 239 234 234 234 234 234 136 229 229 220 157 157 157 182 182 156 156 156 139 139 139 106 106 106 106 79 79 79 80 42 73 14 14 14 31 26 26 14 
964 964 853 853 888 888 888 888 864 864 864 864 829 829 884 884 845 845 845 845 794 794 829 786 786 808 786 786 786 786 749 749 740 740 740 740 721 687 687 687 687 662 662 675 675 675 636 636 646 636 636 601 601 600 600 601 593 593 556 556 556 556 556 518 518 518 518 491 517 491 491 479 431 431 431 431 431 431 439 439 392 392 392 392 330 330 330 376 376 376 369 342 342 342 338 268 323 268 239 239 239 239 239 234 261 234 234 234 136 229 220 220 157 157 157 157 182 156 139 139 139 139 139 107 107 107 107 80 80 80 80 42 73 14 14 14 31 31 14 14 
964 964 853 932 888 888 888 888 864 864 864 864 904 829 872 872 872 829 829 829 829 829 829 786 786 786 786 786 786 749 749 751 740 740 740 740 721 732 687 720 711 662 662 675 675 676 636 636 646 636 601 601 601 601 609 601 593 593 556 556 556 556 556 518 518 518 518 491 491 491 491 479 479 479 479 431 431 431 439 439 439 392 392 392 330 330 330 369 369 369 369 342 350 338 338 268 323 268 300 300 239 239 239 234 261 261 234 234 136 136 220 220 157 157 157 157 156 156 139 139 139 140 140 107 107 108 108 80 80 80 80 42 42 62 14 14 14 14 14 16 
986 986 853 932 940 940 946 888 888 888 888 888 888 829 829 829 829 829 853 853 829 829 830 786 786 786 786 786 786 781 781 751 740 740 740 740 721 732 687 687 711 687 687 687 675 676 636 636 636 636 601 601 601 601 601 601 577 577 577 577 557 557 557 518 518 518 518 491 491 503 491 491 479 479 464 464 464 431 431 431 431 431 392 392 392 392 392 369 369 369 342 342 350 338 338 268 268 268 300 300 239 239 239 234 234 234 234 239 239 136 136 203 203 157 157 157 156 156 156 148 148 107 107 107 107 108 65 80 80 80 80 42 42 14 14 14 14 16 16 16 
986 986 853 932 932 940 940 940 888 888 888 905 888 888 888 873 873 853 853 809 809 795 795 795 795 795 795 795 795 781 781 751 751 751 751 740 721 721 721 687 687 687 688 688 675 676 636 636 647 647 601 601 601 618 601 601 577 570 570 570 557 557 557 535 535 535 518 518 518 503 503 491 491 483 464 464 464 431 431 431 431 431 393 393 408 393 393 369 369 342 342 359 331 331 331 331 268 268 275 275 275 275 239 239 239 239 239 239 136 136 136 203 203 203 157 157 183 156 156 148 148 107 129 129 65 65 65 80 80 80 81 42 42 14 14 14 14 14 14 14 
986 986 853 853 932 932 932 932 888 888 888 905 905 888 888 873 873 853 809 809 809 795 795 795 795 795 795 764 764 787 773 773 763 740 740 740 740 733 721 721 687 687 637 637 675 636 636 636 647 647 601 601 601 618 577 577 577 570 570 570 570 557 557 535 535 535 510 510 510 510 483 483 483 483 464 464 464 431 431 431 431 431 393 393 393 393 394 331 331 342 331 331 331 331 331 275 275 275 275 275 275 275 275 275 239 239 136 136 136 203 203 203 203 203 157 157 157 157 157 157 148 148 129 129 65 116 80 80 93 80 80 42 42 63 17 17 17 17 17 14 
993 987 853 853 947 947 947 932 932 853 853 853 906 888 888 853 853 853 809 809 809 809 795 795 795 795 764 764 764 764 773 763 763 740 743 743 740 733 637 637 637 698 637 637 637 636 636 636 647 647 601 601 601 601 577 577 577 567 567 567 567 567 535 535 535 535 535 483 483 511 483 483 483 465 465 465 465 395 395 395 393 393 393 393 393 393 393 331 331 331 331 331 331 331 331 275 324 275 275 275 275 281 281 136 136 136 136 240 240 203 203 123 123 123 123 123 177 177 157 157 123 123 123 130 65 116 80 80 80 87 80 42 42 42 17 17 17 17 17 14 
993 987 853 853 853 853 853 932 932 853 853 853 853 853 853 853 854 854 854 809 809 809 831 764 764 764 764 764 764 764 773 764 764 740 740 740 740 733 637 637 637 698 637 637 637 636 636 636 656 637 637 601 601 601 601 601 567 567 571 571 571 535 535 527 527 527 483 483 483 483 483 499 465 465 465 465 466 395 395 395 393 393 393 393 393 393 393 331 382 331 331 331 331 331 331 275 275 275 136 136 281 281 136 136 269 136 136 240 211 211 211 123 123 123 123 192 157 157 157 157 123 149 123 130 65 99 99 99 80 80 80 42 42 42 17 17 32 32 17 14 
993 987 853 853 965 948 853 853 853 853 853 853 853 885 885 885 854 854 854 809 809 809 809 764 815 764 764 764 773 773 773 764 765 637 637 637 637 637 637 637 637 698 698 637 637 636 636 637 637 637 611 611 610 610 567 567 567 567 571 578 535 535 558 527 527 527 483 483 483 499 499 499 465 465 465 465 466 395 395 395 395 395 393 393 393 393 395 331 331 331 343 343 351 343 332 332 306 306 306 136 136 136 136 136 262 262 211 211 211 211 211 204 204 204 123 192 157 157 157 157 123 149 123 130 65 99 99 99 80 80 64 64 64 64 32 32 32 32 17 14 
993 987 949 949 949 948 948 853 853 853 853 853 853 885 885 840 840 840 854 854 809 809 809 764 764 764 805 764 773 773 764 764 765 637 637 637 637 637 657 657 637 637 637 637 637 637 637 637 657 611 611 610 610 610 567 567 567 567 571 571 571 552 552 552 527 527 527 527 483 499 499 465 465 465 465 465 395 395 395 395 395 395 395 395 395 395 395 284 284 284 284 343 343 343 332 332 306 306 284 284 284 136 136 136 262 211 211 211 211 211 230 204 204 204 123 123 123 123 123 123 123 149 123 123 65 65 65 65 88 88 64 64 64 32 32 32 32 32 17 14 
987 987 949 949 949 949 949 853 853 853 853 853 853 853 840 840 874 840 854 854 809 809 809 809 809 764 764 764 764 764 764 765 765 637 637 637 637 637 657 657 712 657 657 689 637 637 637 637 657 611 638 610 610 610 610 594 594 594 571 571 571 553 553 553 483 537 483 483 483 465 465 465 465 465 465 465 395 395 395 443 395 395 395 395 395 395 396 284 377 377 284 284 284 284 332 332 306 306 284 284 284 284 136 136 136 211 211 211 211 211 158 158 158 158 197 123 123 158 158 158 149 149 123 123 123 65 65 65 65 65 65 65 65 32 32 32 32 32 17 14 
987 987 949 949 966 949 949 853 853 853 853 853 853 853 840 874 874 840 840 840 840 840 809 809 809 809 764 764 764 782 782 765 765 637 637 637 637 657 657 657 657 657 657 657 657 657 657 657 657 611 611 611 611 611 611 594 594 594 571 571 571 553 553 553 483 483 483 519 519 465 465 465 465 465 465 465 395 395 443 443 395 395 395 395 395 395 396 284 284 284 284 284 284 284 284 284 284 284 284 284 284 284 136 136 136 211 211 211 211 211 211 211 211 158 158 158 158 158 159 159 149 149 123 123 123 65 65 65 65 89 65 65 65 65 32 32 32 32 17 17 
