951 951 951 951 951 945 914 914 914 914 828 828 828 828 828 828 828 842 842 842 773 773 773 773 773 773 773 773 773 773 773 736 736 736 736 726 726 592 592 592 592 592 592 654 654 654 654 654 592 592 589 589 589 589 589 589 589 589 533 533 533 533 511 511 511 511 511 511 472 472 472 472 472 455 455 455 407 407 407 407 407 407 407 407 398 363 363 363 363 363 323 323 323 323 323 323 290 290 290 289 289 261 261 261 261 207 235 235 226 207 207 207 147 147 147 147 166 147 147 147 93 93 93 87 87 87 100 87 87 1 1 1 1 1 1 1 1 1 1 1 
945 945 945 945 945 945 914 914 914 914 828 900 828 828 828 828 828 842 842 842 773 773 773 773 801 801 773 773 773 773 773 736 736 736 736 726 726 592 592 592 689 689 592 592 674 592 592 592 592 592 589 611 605 605 605 605 590 590 533 533 533 533 511 511 511 526 511 511 472 481 481 481 455 455 455 455 407 430 430 430 398 398 398 398 398 363 261 377 261 261 323 323 323 261 261 261 290 290 290 289 289 261 261 261 261 207 235 235 226 207 207 207 147 147 147 147 147 147 93 93 93 87 87 87 92 87 100 87 88 1 58 1 1 1 1 1 1 2 2 2 
945 945 945 945 945 946 914 914 914 914 828 900 828 828 828 828 828 842 842 780 780 773 773 773 801 773 773 779 779 779 773 736 751 751 736 736 592 592 592 592 592 592 592 592 674 592 661 592 592 592 589 611 605 605 605 590 590 591 533 577 560 560 533 533 511 511 511 512 472 481 455 455 455 455 455 455 407 430 430 398 398 363 363 363 363 363 261 377 261 261 323 323 323 261 328 261 261 290 290 289 289 261 261 261 261 207 226 226 226 207 207 207 189 189 147 147 147 147 93 93 93 93 93 93 92 87 87 87 1 1 58 58 58 1 1 41 1 2 2 2 
945 945 945 945 945 946 935 828 828 828 828 828 828 828 875 828 828 842 842 780 780 780 827 773 773 773 773 773 773 773 773 736 736 736 736 737 592 592 592 690 690 690 592 592 674 592 592 592 589 589 589 611 605 605 611 590 590 533 533 560 560 533 533 533 533 506 506 506 472 481 455 455 473 455 464 407 407 443 398 398 425 363 363 363 363 363 261 261 261 261 261 261 261 261 328 261 261 290 290 290 290 261 275 261 261 207 226 207 207 207 207 207 189 1 1 1 1 1 148 93 93 93 127 93 92 87 87 92 1 68 68 68 21 21 1 1 1 2 2 2 
945 945 945 945 945 935 935 828 828 828 908 828 888 828 875 828 828 842 842 842 842 780 780 780 773 773 773 773 765 765 765 765 713 713 737 737 713 713 713 690 690 690 592 592 592 592 592 592 589 635 635 611 611 611 611 590 590 533 533 560 560 533 533 533 506 506 506 506 472 481 481 455 455 455 407 407 443 443 398 398 398 363 363 363 370 370 382 261 261 312 312 312 312 312 312 261 261 261 261 261 261 261 275 262 262 207 207 207 189 189 212 189 189 1 1 1 1 1 148 93 93 93 93 93 92 92 101 92 1 21 21 21 21 21 21 21 21 21 21 3 
935 935 935 935 935 935 828 828 828 828 908 828 888 828 828 869 858 858 842 842 780 780 780 780 773 773 773 773 765 765 774 713 713 713 713 713 713 714 714 690 690 690 592 592 592 666 592 592 630 630 630 630 592 592 592 592 592 592 533 560 560 561 533 533 506 506 506 472 472 481 481 455 455 468 407 407 407 407 398 398 398 363 370 370 370 370 370 370 370 312 324 324 324 324 312 312 312 261 261 262 262 262 262 262 251 251 236 236 189 189 189 189 190 190 1 161 161 161 148 148 1 1 93 93 93 92 101 92 1 21 21 21 21 21 21 21 3 3 3 3 
935 935 935 935 935 828 828 828 828 828 828 828 888 888 828 828 858 828 828 828 780 780 802 802 802 802 780 780 780 780 713 713 704 704 738 738 704 704 704 691 691 592 592 662 662 666 592 592 592 592 631 631 592 592 593 593 593 533 533 560 560 561 533 506 506 506 513 472 472 472 472 472 472 407 407 407 407 407 363 363 398 363 370 370 370 370 312 312 312 312 324 324 324 324 312 312 262 262 262 262 189 189 262 262 251 251 236 236 189 190 190 208 190 191 1 161 155 155 155 1 1 1 1 93 93 92 92 92 1 1 1 1 21 21 21 21 3 3 4 4 
962 935 935 935 935 828 828 828 851 851 893 893 893 876 876 828 828 828 843 828 828 780 780 780 780 780 780 780 780 781 713 713 713 704 704 704 704 721 704 691 691 592 592 592 662 662 662 632 632 592 592 592 592 592 593 593 593 533 533 533 533 533 533 506 506 506 513 513 472 472 472 472 472 407 407 407 363 363 363 363 363 363 378 370 370 370 312 312 312 312 324 324 324 324 324 324 262 303 303 189 189 189 271 271 251 251 189 189 189 190 190 190 190 191 1 161 155 155 155 1 135 135 1 93 93 93 93 93 1 1 75 1 59 3 3 3 3 3 4 4 
962 935 935 936 936 936 927 927 851 851 851 851 851 876 876 828 828 859 843 843 828 780 780 780 790 790 790 790 758 758 713 713 713 704 704 713 713 713 704 704 691 691 592 592 632 632 632 632 632 592 592 592 592 592 593 593 593 593 580 569 569 506 506 506 506 506 506 506 472 472 472 472 474 363 363 407 363 436 436 363 363 363 378 383 383 383 312 312 312 312 324 324 262 262 324 324 262 303 189 189 291 189 189 272 263 189 189 190 190 190 213 190 190 191 1 161 161 1 1 1 135 135 1 1 119 1 1 1 1 1 1 1 3 3 3 3 3 3 5 5 
962 962 962 936 936 936 927 927 851 851 851 901 851 851 851 851 859 859 851 843 828 780 780 780 790 758 758 758 758 758 758 758 713 713 713 713 713 713 715 592 592 692 592 675 632 632 632 632 632 592 592 592 592 592 570 570 570 580 580 569 569 506 547 506 506 506 506 506 472 472 474 474 474 363 363 407 363 436 436 363 363 363 378 378 378 383 312 312 312 345 345 345 262 262 262 262 262 303 189 189 291 189 189 272 263 189 190 190 149 149 213 149 149 149 1 1 1 1 1 1 135 135 128 1 1 1 102 69 69 69 1 1 3 50 42 42 25 25 5 5 
972 972 936 936 952 936 936 851 851 915 851 851 851 851 851 851 851 851 851 843 828 828 828 790 790 758 758 758 729 758 758 758 758 713 713 713 713 713 715 592 592 592 592 675 632 632 632 632 632 632 632 632 570 570 570 570 570 580 580 570 570 506 506 506 534 506 506 506 506 499 474 474 474 363 363 363 363 388 388 388 418 418 378 378 378 383 383 378 312 345 345 345 262 262 262 303 303 303 304 189 189 189 263 263 263 189 190 190 149 149 149 149 162 149 149 156 156 156 156 128 128 128 128 102 102 102 102 69 69 69 69 69 3 50 42 42 25 25 5 5 
936 936 936 959 936 936 937 851 851 851 851 851 851 851 851 865 865 860 843 843 843 828 828 790 803 758 758 758 729 766 766 766 637 637 637 713 713 713 592 592 612 612 684 675 675 632 632 655 632 632 632 632 570 606 570 570 594 594 570 570 571 506 506 520 520 520 520 499 499 499 474 474 475 363 363 363 363 388 437 388 418 418 378 378 378 378 378 378 312 358 358 346 262 325 325 325 262 262 304 298 189 189 189 189 189 189 149 149 149 149 149 209 162 192 149 149 149 149 149 149 102 102 102 102 120 3 3 3 3 3 3 3 3 42 42 42 25 25 6 6 
936 936 936 936 936 851 851 851 851 909 909 851 860 860 860 860 860 860 843 843 843 790 790 790 803 758 758 729 729 766 766 766 637 637 637 713 713 592 592 612 612 612 612 612 612 667 632 632 632 632 636 570 570 606 570 570 570 570 570 548 548 548 548 520 520 520 520 499 499 499 475 475 475 363 363 456 388 388 388 388 418 418 388 388 388 388 378 378 312 358 346 346 262 262 262 262 262 262 304 298 189 189 189 189 189 252 149 149 149 149 149 149 162 162 162 162 167 149 149 150 102 102 102 102 102 3 3 3 3 80 3 3 60 42 42 42 26 26 6 7 
936 936 947 947 851 851 851 851 851 851 851 851 860 860 860 860 861 861 790 790 790 790 816 758 803 803 758 729 729 729 766 766 637 637 637 727 592 592 716 612 612 612 612 612 612 667 612 612 633 633 636 570 570 606 606 606 570 570 570 548 543 543 549 543 388 388 388 499 388 388 475 475 475 363 363 363 388 444 388 388 388 388 388 399 399 312 312 312 312 358 346 237 237 313 313 313 313 262 262 298 189 264 264 264 264 214 214 214 214 149 149 149 193 193 162 162 167 162 150 150 102 102 102 102 102 102 3 3 3 3 3 60 60 3 3 42 26 26 6 7 
963 963 947 947 947 894 894 851 851 851 851 851 851 790 790 790 790 790 790 831 831 831 816 758 758 758 758 791 729 729 637 637 637 637 637 727 592 592 716 693 693 612 612 612 612 612 612 612 612 633 633 633 570 570 570 570 570 570 570 548 543 543 543 543 388 527 388 388 388 388 388 388 388 363 363 363 388 388 389 389 389 389 389 389 389 312 312 358 358 358 346 237 237 237 313 313 237 237 262 237 237 264 264 264 264 214 214 214 214 214 180 180 180 180 162 162 162 162 150 150 102 102 102 102 102 102 3 3 3 3 3 3 3 3 3 3 26 26 6 6 
963 963 947 947 947 894 938 894 894 851 851 851 851 790 790 790 790 852 852 831 831 831 816 816 758 758 758 791 729 729 637 637 637 742 742 727 727 592 592 693 693 693 612 612 637 637 637 637 612 612 612 612 612 612 612 570 570 570 548 548 543 543 550 388 388 388 388 388 388 388 439 439 388 388 388 388 388 388 389 389 389 389 389 389 389 389 312 312 312 312 346 237 237 237 237 237 237 237 237 237 237 237 237 237 237 237 214 214 214 214 180 180 180 180 180 162 162 163 102 102 102 136 102 102 112 112 94 94 3 3 46 46 3 3 46 3 3 27 6 6 
963 963 963 947 947 894 894 894 894 894 894 851 851 790 790 790 790 852 852 831 831 831 817 817 758 804 758 791 729 729 637 637 728 728 728 728 592 592 592 693 693 693 637 637 637 637 637 637 637 637 612 612 612 548 548 548 548 548 548 543 543 543 550 388 535 388 388 388 388 388 439 439 439 439 439 389 389 389 389 389 389 389 412 371 371 371 371 371 371 312 346 346 237 237 237 314 314 237 237 276 276 237 237 237 237 237 214 214 214 214 214 180 180 181 181 162 162 162 102 102 102 136 102 112 112 113 94 81 81 81 46 46 46 46 46 43 3 27 6 6 
963 963 928 928 947 947 894 894 902 902 894 894 894 790 790 790 790 852 852 831 831 817 817 818 758 758 758 791 729 775 775 637 637 637 743 728 728 592 592 700 700 637 637 668 668 637 637 637 637 637 612 612 612 548 548 548 548 548 548 543 543 543 550 388 388 388 388 388 507 439 439 439 439 439 439 389 438 438 438 389 389 389 412 371 371 371 384 371 371 312 346 346 237 237 237 314 314 237 237 276 276 276 276 237 237 253 214 214 214 103 103 103 103 103 182 162 162 162 102 102 102 102 102 112 112 94 94 81 81 46 46 46 46 35 35 43 3 3 3 3 
928 928 928 928 928 928 928 928 902 902 902 902 870 870 790 790 790 852 818 818 818 817 829 818 758 758 797 729 729 775 759 759 759 637 743 637 637 637 637 637 637 637 644 644 668 668 637 637 637 637 637 612 612 613 613 536 536 536 536 536 536 536 439 439 439 439 439 507 507 439 476 439 439 439 439 389 389 438 438 389 389 389 371 371 372 372 372 372 372 312 312 312 312 237 237 237 237 309 243 243 243 243 277 237 237 253 214 214 214 103 171 171 171 103 103 103 103 102 102 102 102 102 129 112 112 94 81 81 81 46 76 46 46 35 35 35 35 3 3 3 
928 929 929 929 929 929 929 929 902 916 910 870 870 870 870 870 852 852 818 847 818 818 818 818 758 758 797 729 729 729 759 759 759 637 637 637 637 637 637 637 637 637 644 644 644 644 637 637 637 637 638 613 613 613 613 536 572 572 572 536 536 536 439 439 439 439 439 439 439 439 476 476 476 439 439 457 389 445 389 389 413 413 371 372 372 372 385 312 312 312 312 312 312 237 237 237 237 309 243 243 243 243 277 237 237 237 237 237 227 103 171 171 171 171 171 171 103 102 102 102 129 129 129 112 112 94 81 81 81 46 46 46 46 35 35 35 36 3 3 3 
928 929 929 929 929 929 929 870 902 910 910 870 889 889 870 870 852 852 818 818 818 832 792 792 792 792 792 782 782 729 729 729 729 729 729 729 729 705 705 644 644 644 644 676 676 644 663 637 637 637 638 613 613 613 613 536 572 572 572 536 536 536 551 439 439 439 514 514 439 439 482 482 439 439 439 439 389 389 389 413 413 413 371 372 372 372 385 312 312 312 312 312 312 335 326 326 243 243 243 243 243 243 243 243 243 237 237 227 227 103 103 103 103 103 103 103 103 164 129 129 129 129 129 103 103 94 94 94 35 35 35 35 35 35 35 35 3 3 3 3 
928 929 929 929 929 929 929 870 902 910 870 870 889 889 870 870 818 818 818 818 818 832 792 819 810 792 792 782 782 782 729 729 744 744 744 729 729 705 705 705 644 644 685 676 676 644 644 644 644 644 624 624 624 536 536 536 601 595 572 572 572 536 536 544 536 439 439 439 439 439 439 483 439 439 465 439 439 439 439 413 413 413 413 372 372 348 348 312 312 312 312 335 335 335 326 326 243 243 243 292 292 283 243 243 243 243 243 227 227 103 103 103 103 103 103 103 141 141 129 129 129 103 103 103 103 103 103 35 35 82 61 61 61 35 35 44 3 3 3 3 
928 929 929 948 948 948 939 870 902 870 870 890 889 889 870 870 818 818 818 818 832 832 792 792 810 792 792 792 729 729 729 729 744 744 745 705 705 705 706 706 685 685 685 681 626 626 626 626 626 626 624 624 624 536 595 595 595 595 572 572 573 562 536 536 536 439 439 439 439 500 439 439 439 439 379 379 379 379 379 379 379 379 379 400 400 348 348 312 312 312 312 315 315 243 243 243 243 243 243 292 292 283 244 244 244 194 194 227 227 103 103 103 199 103 103 103 141 141 141 141 141 103 47 47 47 47 47 35 35 35 61 61 51 51 47 3 3 3 3 3 
928 964 964 928 928 928 939 870 870 870 870 890 890 890 848 848 818 818 848 792 792 792 792 792 810 792 792 793 729 729 729 729 705 705 705 705 705 705 669 669 685 657 657 681 626 626 626 626 626 626 639 624 624 536 595 595 595 595 562 562 562 562 521 521 521 521 521 515 488 488 488 439 439 379 379 379 379 379 379 379 379 379 379 379 401 348 348 348 312 312 312 315 315 243 243 243 243 243 243 283 283 283 244 244 244 194 194 194 194 103 103 194 194 172 172 103 103 103 103 103 103 103 47 104 104 47 47 83 83 35 61 61 47 47 47 3 3 3 3 3 
928 964 964 928 953 928 928 928 870 870 870 890 890 890 848 848 848 848 848 792 792 792 792 820 805 805 708 708 708 729 729 705 705 746 746 705 705 705 669 669 669 669 657 681 626 626 656 656 626 626 624 624 625 536 595 595 521 521 562 521 521 521 521 528 521 521 515 515 488 488 489 439 439 379 379 379 379 379 379 379 426 379 379 379 401 348 348 348 348 312 312 315 315 243 243 243 243 243 243 283 283 174 174 174 244 244 244 238 194 215 215 194 194 172 172 172 165 165 103 103 103 103 47 47 104 47 47 47 83 35 61 61 47 47 3 3 3 3 22 8 
928 928 928 928 928 928 928 928 911 911 911 890 890 890 848 848 848 848 792 792 792 811 811 811 811 806 708 708 708 708 708 705 705 746 746 705 705 705 669 669 669 669 657 677 626 626 626 626 626 626 624 624 536 536 595 595 521 521 521 521 508 508 508 528 528 528 515 515 477 477 477 439 439 451 451 451 451 440 440 379 379 379 379 379 379 379 348 359 348 312 312 315 315 243 243 243 243 243 243 174 174 174 174 174 254 254 238 238 194 194 194 194 194 165 165 165 165 103 103 103 47 47 47 47 104 104 104 47 83 83 47 47 47 47 3 3 3 3 22 8 
928 928 954 954 928 928 928 911 911 911 911 890 890 862 862 848 848 848 792 792 811 811 811 811 812 806 708 708 708 708 708 708 705 705 717 717 717 717 669 669 669 669 657 677 677 657 657 657 626 626 624 624 536 536 595 595 521 521 521 521 508 521 508 508 508 508 515 515 477 477 477 477 477 451 451 440 440 440 379 379 379 379 402 402 402 379 348 359 348 348 312 347 315 315 315 315 315 279 279 174 174 174 174 174 254 238 238 239 200 200 200 194 194 165 165 165 168 103 103 103 47 47 47 125 114 114 47 47 47 47 47 52 52 28 28 28 28 28 8 8 
965 965 954 954 954 911 911 911 917 917 895 895 895 862 862 848 853 853 853 792 811 811 811 806 806 806 788 788 708 708 708 708 717 717 717 717 717 717 669 669 669 669 657 657 657 657 628 628 626 626 626 626 626 536 595 536 536 536 536 521 508 521 552 508 508 508 515 515 477 477 490 477 477 451 451 440 441 441 379 431 379 379 402 402 403 379 348 359 348 348 312 347 312 284 284 284 279 279 279 279 278 278 278 174 239 239 239 239 200 200 200 194 194 165 165 173 151 151 151 151 47 47 47 125 114 115 47 47 47 84 52 52 52 28 28 28 28 29 8 9 
965 954 954 954 955 911 940 917 917 918 895 895 862 862 862 848 848 848 854 792 792 806 806 806 788 788 788 788 708 708 708 708 717 739 739 739 717 717 694 694 694 669 657 657 669 669 628 628 652 628 628 536 536 536 595 536 536 536 536 521 574 521 537 537 537 508 515 515 477 477 490 451 451 451 466 440 441 441 379 431 379 379 379 403 403 379 348 359 359 364 312 312 312 219 219 284 279 279 279 279 279 279 279 174 239 239 174 174 216 216 200 200 194 194 165 151 151 151 151 114 114 114 114 114 114 115 47 47 84 84 52 52 52 52 28 28 28 8 8 9 
965 954 954 954 911 911 940 917 917 895 895 895 862 862 848 848 848 848 854 848 792 806 806 806 788 788 788 788 708 708 760 708 717 717 717 717 717 717 694 694 694 669 657 657 669 628 628 628 628 628 628 536 536 536 536 536 536 536 536 521 574 521 537 537 537 508 508 508 508 477 451 451 451 451 466 440 441 441 379 379 379 379 379 379 379 379 348 348 359 359 359 348 219 219 219 284 293 279 279 293 293 279 279 174 174 239 174 174 216 216 216 200 200 165 165 151 157 157 157 114 142 114 114 114 114 115 47 47 23 23 23 23 23 23 37 37 37 8 9 9 
965 965 965 960 911 940 940 917 917 895 903 866 866 862 848 848 848 848 848 848 792 792 792 821 788 788 788 788 708 708 760 708 717 717 747 717 717 717 717 694 694 669 669 669 669 628 645 645 645 645 628 634 627 536 536 536 536 521 521 521 521 521 553 529 529 529 522 477 477 477 451 451 451 451 440 440 452 441 441 379 379 379 379 379 379 348 348 348 348 348 348 348 219 219 219 284 293 293 293 293 284 284 273 273 174 174 174 174 228 216 216 165 165 165 183 151 157 157 157 114 114 114 114 114 114 95 95 95 23 23 23 23 53 23 23 23 8 8 8 8 
966 966 966 960 911 940 940 911 911 895 903 903 866 862 862 862 862 862 848 848 792 792 792 821 788 788 788 788 788 760 760 708 708 708 747 707 707 707 707 707 694 694 669 669 628 628 645 645 646 646 628 627 627 536 536 536 602 521 521 521 521 477 477 529 529 522 522 477 477 477 491 451 451 451 440 440 452 404 404 404 404 379 379 379 379 348 348 348 348 365 336 336 342 336 219 284 284 284 284 284 284 285 273 273 245 245 245 174 228 216 216 165 165 165 183 151 151 114 114 114 114 114 114 114 114 95 95 95 23 23 23 23 53 53 48 23 8 8 8 8 
966 960 960 960 911 911 911 911 911 895 895 895 866 866 866 862 862 855 855 792 792 821 821 821 767 767 767 788 788 760 760 760 760 708 708 708 708 708 708 701 701 695 628 628 628 628 628 645 645 647 628 627 627 536 602 602 602 563 563 563 563 563 477 529 529 529 477 477 509 440 440 440 440 440 440 440 404 404 404 404 404 379 379 379 379 379 379 336 336 336 336 336 336 336 219 219 219 284 284 294 294 255 255 273 245 245 245 174 228 217 217 165 165 165 165 165 151 114 114 114 114 121 121 121 121 95 95 95 23 23 23 23 23 48 48 23 30 30 8 8 
966 960 960 960 911 911 911 911 911 895 895 895 866 866 866 866 866 855 855 792 821 821 822 822 767 767 767 767 767 767 767 767 752 752 708 708 708 708 708 701 701 695 628 628 628 628 628 628 645 647 628 628 536 536 602 602 545 563 564 564 564 564 477 529 529 529 477 492 492 440 440 440 440 440 440 404 404 446 404 404 404 379 379 390 390 390 379 336 336 360 360 336 336 219 219 219 219 305 305 294 294 255 255 255 255 255 246 174 228 217 217 165 165 151 151 151 151 114 114 114 114 89 89 89 89 89 23 23 23 23 23 23 23 48 48 23 30 30 8 10 
966 966 966 877 877 877 877 877 877 895 877 877 877 877 877 855 855 855 855 792 767 767 767 823 767 767 767 767 767 767 776 761 761 753 708 708 708 708 708 695 695 695 628 628 628 628 628 628 645 640 640 628 536 536 614 607 545 563 545 545 564 564 477 477 477 477 477 477 492 492 440 440 440 440 440 404 404 404 404 404 404 404 404 390 390 391 379 379 349 349 349 349 219 219 219 219 316 305 305 294 294 255 255 255 246 246 246 174 174 174 174 174 201 151 151 151 151 114 114 114 89 89 89 89 122 89 23 96 23 23 77 23 31 31 31 23 30 30 8 8 
966 966 966 877 856 856 856 856 877 877 877 904 767 767 767 855 855 767 767 849 767 833 767 767 767 767 767 794 767 767 776 761 753 753 708 708 708 708 708 695 695 695 628 628 628 628 628 628 645 640 640 628 628 536 607 607 545 563 545 545 545 545 545 545 477 477 516 477 477 492 492 440 440 453 453 453 453 404 404 404 408 408 404 404 404 380 380 380 349 350 350 350 219 337 219 219 219 219 219 219 219 219 219 219 246 246 246 174 174 174 174 174 174 174 151 151 151 114 114 89 89 137 130 71 71 89 23 23 23 23 23 23 31 31 31 23 23 23 23 8 
877 877 877 877 856 856 856 856 924 877 877 767 767 767 767 871 855 767 767 767 767 767 767 767 767 767 767 767 767 777 777 761 761 748 748 722 722 722 708 678 678 678 678 628 628 628 628 628 536 536 536 536 629 536 607 545 545 563 545 545 545 545 545 545 477 523 516 516 477 440 440 440 404 404 404 458 404 404 404 404 408 408 408 408 380 380 381 381 349 349 361 219 219 219 219 327 219 219 219 219 219 219 219 219 229 229 229 229 229 202 202 202 202 174 151 151 151 151 89 89 143 130 130 71 71 89 97 97 89 8 8 8 8 54 31 23 23 23 23 8 
877 877 877 877 956 856 856 856 856 919 767 767 767 767 855 855 855 767 834 767 767 767 767 767 767 767 767 767 767 719 719 761 761 748 722 722 722 722 708 678 678 696 678 628 628 628 628 536 536 536 536 536 629 536 536 545 545 563 545 545 477 477 554 477 477 523 523 477 477 440 440 484 404 404 404 404 404 447 404 404 408 409 409 409 380 380 381 349 349 349 361 219 343 219 327 327 219 219 219 219 219 219 219 219 229 229 229 229 229 202 202 202 174 174 151 151 89 89 89 143 143 130 71 71 71 89 89 89 89 8 8 70 8 54 31 31 31 23 23 8 
877 877 877 877 856 856 930 930 856 856 905 905 767 767 767 767 767 767 834 834 834 834 795 795 795 795 795 795 719 719 719 719 719 748 722 722 708 708 708 708 678 678 678 678 628 628 628 536 536 536 536 536 536 536 536 596 545 545 545 477 477 477 477 477 538 523 523 477 493 493 440 440 478 404 404 404 404 404 404 408 408 373 373 373 380 380 349 349 310 310 310 219 343 219 327 219 219 219 219 286 286 286 280 219 229 229 247 229 229 202 202 202 174 174 174 174 89 143 143 143 130 130 71 71 71 71 71 71 71 71 8 8 8 8 8 45 31 31 8 8 
877 877 877 961 856 856 856 856 856 856 905 878 878 878 878 767 767 767 767 769 769 769 795 795 795 795 795 719 719 719 719 719 719 722 722 722 708 708 718 708 678 678 679 678 678 598 598 536 536 618 536 536 536 536 615 596 596 596 477 477 538 538 538 538 538 523 523 477 493 493 485 485 404 404 459 459 404 404 404 408 408 419 373 373 380 380 349 349 310 366 310 219 343 219 219 219 219 219 219 286 280 280 280 219 265 229 229 229 229 202 202 202 195 195 131 131 131 131 131 131 138 138 131 71 105 105 105 71 71 71 71 8 8 11 8 8 8 8 8 11 
967 967 877 877 957 856 856 856 856 856 856 878 856 856 767 767 767 767 767 769 769 769 769 769 769 769 769 719 719 719 719 719 719 722 722 722 730 708 708 708 678 678 679 678 678 598 598 598 618 618 618 618 618 618 575 603 603 477 477 578 477 477 477 477 477 523 523 477 477 493 493 404 404 459 459 404 404 404 404 408 408 373 373 380 380 380 380 349 310 310 310 219 219 219 219 286 286 286 286 286 280 280 219 219 219 219 219 230 230 202 202 210 195 195 131 133 133 133 133 131 131 131 131 71 105 105 105 72 72 72 71 71 8 11 11 11 11 11 11 11 
967 967 967 877 877 877 877 877 872 872 856 856 856 856 767 767 767 767 767 769 769 835 769 769 769 769 769 719 719 719 719 768 719 719 749 722 722 722 708 708 678 678 679 679 679 598 598 598 618 618 618 618 618 618 575 603 603 477 578 578 477 546 546 546 477 523 523 477 477 501 404 404 404 404 404 404 408 408 408 408 373 373 414 380 380 380 380 349 349 310 310 310 310 317 317 286 286 280 280 280 280 280 219 219 219 256 219 219 219 219 131 131 195 195 131 133 133 133 133 133 131 131 132 71 105 105 105 72 72 72 71 71 8 8 8 8 8 11 11 12 
967 967 920 920 920 920 877 877 872 872 872 856 856 856 856 856 856 767 767 769 769 769 769 769 769 769 768 768 768 768 768 768 762 719 749 722 722 719 719 678 678 598 598 598 598 598 598 653 653 641 641 618 618 618 575 603 603 477 477 477 477 546 546 546 477 477 477 477 501 501 404 404 404 460 460 460 408 448 373 373 373 410 410 410 373 373 373 373 349 349 349 349 310 317 317 317 280 280 280 280 281 281 281 220 220 220 220 220 220 220 131 131 131 131 131 175 144 144 158 133 133 133 71 71 105 105 105 72 72 72 72 72 8 8 8 8 8 11 11 12 
974 967 920 958 958 920 920 920 920 920 872 872 872 872 872 872 856 856 856 813 813 836 769 769 813 769 768 768 768 768 762 762 762 719 719 719 719 719 678 678 598 598 598 598 598 598 598 641 641 641 619 619 619 619 575 575 575 575 581 477 477 524 524 524 524 524 517 517 460 460 460 404 404 460 408 408 408 448 373 373 373 373 373 373 373 373 373 373 373 349 349 349 310 317 317 317 280 280 295 295 220 220 220 220 220 220 220 176 176 221 131 131 131 184 184 144 144 144 144 144 144 133 71 71 71 71 106 72 72 62 62 62 8 8 8 8 8 11 11 12 
974 967 920 920 949 949 807 807 807 807 906 906 807 807 807 807 807 813 813 813 813 813 813 813 813 769 798 768 768 768 762 762 731 731 731 731 719 719 678 678 598 686 598 598 598 598 641 641 641 641 619 619 619 604 604 582 582 575 575 575 575 524 524 539 539 524 517 517 460 460 460 460 460 460 408 408 408 408 427 427 415 415 415 373 373 392 386 374 374 349 349 349 310 310 329 317 317 280 295 295 220 220 220 274 220 248 248 176 176 176 176 203 203 144 144 144 169 139 139 139 139 133 133 116 116 71 106 55 72 62 62 62 8 8 8 8 8 8 8 12 
974 967 967 920 949 949 807 807 807 807 906 907 807 879 879 873 807 813 813 813 830 830 830 807 807 769 769 769 769 769 762 762 731 731 731 731 731 678 678 678 598 686 686 598 598 598 598 598 641 641 608 608 604 604 604 582 582 575 575 576 576 524 524 539 539 524 524 494 494 460 479 479 479 408 408 408 408 408 427 427 415 415 374 374 374 374 386 374 367 367 338 338 338 310 310 318 318 280 280 295 220 220 220 220 220 248 248 176 231 176 176 203 203 144 144 144 169 139 139 139 139 139 134 116 116 116 55 55 72 72 62 62 62 8 8 8 8 8 8 12 
974 967 967 920 941 941 941 807 807 807 912 807 807 879 873 873 807 807 807 850 807 807 807 807 807 807 769 769 789 769 769 769 731 731 731 678 678 678 702 702 598 598 598 598 664 598 598 598 648 648 608 608 604 604 604 582 582 575 575 576 555 555 555 540 540 494 494 494 494 460 460 460 408 408 408 408 408 408 408 427 415 415 374 374 405 374 374 374 367 367 338 338 338 310 310 318 280 280 280 295 295 220 220 220 266 248 248 176 231 176 176 203 203 144 144 144 139 139 139 139 140 140 134 55 55 55 55 55 55 55 62 55 55 8 8 8 8 8 12 12 
968 968 968 920 941 941 941 807 874 807 807 807 896 873 873 874 863 807 807 850 807 824 824 824 799 799 799 770 770 783 770 770 731 731 731 678 687 687 687 702 702 598 598 682 664 598 598 598 598 598 608 608 604 604 604 604 582 582 582 555 555 556 556 540 540 494 494 494 494 460 460 460 408 408 408 408 408 449 408 427 427 416 416 374 374 368 368 368 367 367 351 351 338 310 330 280 280 280 280 299 176 220 220 220 176 176 176 176 222 222 176 203 203 139 139 139 139 139 139 134 134 134 134 55 107 107 107 55 55 55 55 55 55 8 8 8 8 8 12 12 
920 920 920 920 941 941 807 807 874 874 874 874 874 880 880 874 863 807 850 850 807 824 799 799 799 808 770 770 770 770 770 754 754 754 731 731 687 687 687 702 702 598 598 682 664 664 664 649 649 598 608 608 604 604 604 604 604 555 555 555 555 555 555 408 408 494 494 494 494 494 494 408 408 408 408 408 408 408 408 432 416 416 374 374 374 368 368 368 368 368 351 352 338 310 310 280 319 257 257 257 176 176 176 176 176 240 240 240 222 222 176 203 203 139 139 139 139 139 139 134 134 134 134 55 55 55 55 55 55 55 55 73 55 55 8 8 8 8 8 13 
920 920 920 920 920 920 807 881 874 874 881 881 874 874 874 874 863 807 850 807 807 799 799 799 799 770 770 754 754 784 754 754 755 687 687 687 687 687 687 687 687 687 687 649 649 649 649 649 649 598 598 608 620 620 597 597 597 555 555 555 555 555 555 408 408 408 408 408 408 408 408 408 408 408 408 416 416 416 416 432 416 416 417 368 368 393 368 375 375 351 351 352 338 338 310 319 319 257 306 257 257 257 282 257 257 223 223 241 232 176 176 176 176 196 139 139 139 139 139 134 134 134 134 90 90 90 90 55 55 73 73 73 55 55 8 8 8 32 8 8 
920 920 920 920 920 920 807 881 881 881 881 881 881 881 881 863 863 807 807 807 844 799 799 799 799 770 770 754 784 784 754 754 755 687 687 687 732 687 720 649 649 649 649 649 649 649 649 649 649 649 598 608 620 620 608 608 597 502 502 502 502 502 502 502 502 502 408 408 408 408 408 450 408 408 408 416 442 442 416 416 416 416 368 368 368 368 368 375 375 351 351 351 310 310 310 319 319 257 257 257 257 257 257 257 257 223 223 232 232 176 176 176 176 176 176 176 139 139 152 152 145 90 90 90 108 108 90 90 90 73 73 73 63 8 8 8 8 32 8 8 
920 920 920 920 920 920 931 931 881 881 881 881 881 881 881 863 863 863 807 807 799 799 799 799 799 770 770 754 784 754 754 754 755 755 687 687 687 687 720 649 649 649 649 649 649 649 649 658 649 649 598 608 621 621 608 608 597 502 502 502 565 565 557 502 502 502 408 408 408 408 408 450 408 408 416 416 442 442 416 416 420 420 368 394 394 368 368 351 351 351 351 351 310 310 310 310 310 310 257 257 257 257 257 257 257 257 223 232 232 176 176 177 177 177 177 177 139 139 152 152 145 90 123 123 108 108 108 56 56 56 63 63 63 8 8 8 32 32 8 14 
975 920 920 920 932 932 931 931 881 881 881 881 881 881 881 837 837 837 807 807 799 799 799 799 799 770 770 754 754 754 756 756 756 756 687 687 687 720 720 649 649 649 649 649 649 649 649 650 650 650 598 608 608 608 608 608 597 597 502 502 565 565 557 502 502 502 408 408 450 450 450 450 469 469 368 368 442 442 442 420 420 421 368 368 394 394 351 351 351 351 351 351 310 310 300 300 310 310 257 257 287 287 257 257 257 257 223 223 177 177 177 177 177 177 185 139 139 139 152 152 145 90 90 123 123 108 108 56 56 56 63 64 64 8 14 8 8 8 8 14 
975 920 920 920 932 932 932 932 883 883 913 882 882 882 882 837 867 837 837 837 837 837 799 799 799 799 770 770 720 720 720 720 720 720 720 720 733 720 720 649 703 649 649 649 649 649 649 650 650 650 598 598 598 598 598 598 598 598 502 502 558 558 558 502 502 502 408 408 450 450 450 450 450 368 368 368 368 368 368 420 420 421 368 368 395 395 351 351 351 302 302 302 344 339 300 300 300 300 300 300 178 178 257 257 257 223 223 223 177 177 177 177 177 186 139 139 139 139 153 153 145 90 90 90 109 109 109 56 56 56 63 64 8 8 14 14 14 14 14 14 
973 973 920 920 932 932 932 883 883 883 883 882 882 837 837 837 867 825 825 825 825 825 825 825 720 720 770 770 720 720 750 750 750 750 750 720 720 720 720 649 649 649 649 649 649 609 609 659 609 609 609 609 609 609 609 609 598 598 583 502 558 566 502 502 502 502 502 502 502 502 495 450 450 368 433 368 368 420 420 420 420 368 368 387 387 387 387 351 351 302 353 302 302 339 300 300 300 301 301 301 178 178 178 267 267 223 223 223 177 177 177 177 177 186 139 139 139 145 145 145 145 90 90 90 109 109 109 56 56 56 63 63 65 14 14 14 14 15 14 14 
973 973 969 883 883 883 942 883 883 921 883 883 837 837 837 837 825 825 825 825 825 825 720 720 720 720 720 796 720 720 750 750 740 740 740 740 720 720 720 709 697 697 609 609 609 609 609 609 609 642 642 616 616 616 616 583 583 583 583 502 558 502 502 541 541 518 518 518 495 495 495 450 450 368 433 368 368 420 420 420 420 368 387 387 302 302 302 302 302 302 353 353 302 302 302 302 320 301 301 301 288 288 178 178 178 178 178 223 177 177 204 204 204 186 85 85 85 85 145 145 90 90 90 90 90 90 56 56 63 63 63 63 65 14 14 14 14 15 15 15 
973 973 969 883 883 883 883 883 883 883 883 883 837 837 837 837 825 825 825 826 826 838 720 720 720 720 720 796 720 785 740 740 740 697 697 741 720 720 720 709 697 609 609 609 609 670 609 609 616 616 616 616 617 617 617 583 583 583 583 502 502 502 541 541 518 518 495 495 495 503 496 450 450 368 433 433 433 433 433 433 420 368 387 387 302 354 354 354 354 354 354 354 302 302 302 302 320 301 301 301 288 205 205 178 178 178 178 223 233 223 204 204 186 186 85 85 85 85 85 85 90 90 90 90 90 90 56 63 63 63 65 65 65 38 38 38 38 16 16 16 
969 969 969 883 883 950 883 883 883 883 883 883 897 883 883 837 825 825 825 826 826 826 826 826 720 720 720 796 720 785 740 740 740 697 697 697 697 697 697 709 697 609 688 609 609 616 616 616 616 616 616 617 617 617 617 583 583 583 583 531 531 531 518 518 518 530 495 496 496 496 496 450 480 368 461 461 368 368 368 368 420 368 387 387 302 302 354 354 354 354 362 302 302 302 302 320 320 288 288 288 288 205 205 268 268 178 249 223 223 223 178 178 186 186 186 85 85 159 159 85 85 85 85 90 90 56 56 63 63 63 65 65 65 38 38 38 38 16 16 16 
969 969 969 883 883 883 943 883 883 891 891 883 883 883 884 837 837 857 857 826 845 839 814 814 720 720 720 720 720 720 720 740 740 697 697 723 723 697 697 697 697 609 671 671 671 616 616 616 616 616 616 617 617 617 617 583 583 583 584 531 531 531 518 518 518 518 495 496 496 496 497 450 480 368 368 368 368 422 368 368 420 368 411 302 302 302 354 354 354 354 362 302 331 331 331 288 288 288 288 288 288 288 205 205 269 178 178 223 223 178 178 178 178 197 187 85 85 85 85 85 85 85 85 85 124 56 98 98 56 56 56 56 56 38 38 39 39 16 16 16 
969 969 969 883 883 883 883 883 925 891 891 891 891 891 837 837 837 857 857 826 839 839 814 814 814 720 720 720 786 786 720 740 740 740 697 723 723 697 697 697 697 609 671 683 671 671 616 616 616 616 616 617 617 585 585 583 583 583 531 531 531 531 518 518 518 518 495 486 486 450 450 450 480 368 368 368 422 422 368 368 368 368 411 302 302 302 376 376 376 333 333 302 302 302 332 288 288 311 288 288 288 288 205 205 258 258 178 178 178 178 205 205 178 178 187 178 85 85 85 85 85 85 85 85 124 56 56 56 56 78 74 74 56 56 49 39 39 16 16 16 
969 969 969 883 883 883 883 925 925 922 892 892 892 892 837 837 837 864 826 826 839 839 814 814 720 720 720 720 720 720 720 763 763 740 697 723 723 723 697 697 697 609 671 671 671 672 660 660 616 616 616 585 585 585 585 583 583 583 531 531 531 531 531 531 495 495 495 486 486 450 450 450 450 368 368 368 422 422 422 368 368 422 411 302 406 396 333 333 333 333 333 333 333 302 302 302 288 288 288 288 288 288 205 258 258 205 205 205 205 205 205 205 205 178 178 178 85 85 85 85 85 79 85 85 85 110 56 56 78 78 74 74 49 49 49 17 17 16 16 16 
969 969 970 883 883 944 944 925 925 922 892 898 892 892 841 841 841 841 826 826 826 826 814 814 720 720 720 720 720 720 720 720 740 740 697 734 723 723 609 609 609 609 680 660 660 660 660 616 616 616 616 585 585 585 585 583 583 599 531 559 559 559 559 467 495 467 467 486 486 504 486 486 450 450 450 423 423 423 422 422 422 422 411 302 302 396 333 369 333 333 333 333 333 333 333 302 321 288 288 288 288 288 205 205 205 205 224 224 224 224 211 211 160 160 160 160 160 160 160 85 85 79 126 126 85 110 56 56 78 78 78 49 49 49 49 17 17 16 16 16 
970 970 970 922 922 944 922 922 922 922 892 898 892 892 841 841 841 841 826 826 826 826 814 814 815 720 720 720 720 778 778 720 740 740 697 734 734 724 609 710 609 609 680 660 673 660 660 616 616 616 585 585 585 585 585 585 585 585 531 531 531 531 531 467 467 467 467 519 486 486 486 487 450 450 450 462 454 423 423 428 428 423 411 411 333 333 333 369 333 333 333 333 322 322 302 302 302 302 302 302 296 242 242 242 205 205 224 224 225 225 211 211 160 160 160 160 160 160 160 146 146 79 79 79 85 110 110 99 85 85 49 49 66 49 49 17 17 16 16 16 
970 970 970 922 922 922 922 933 922 922 892 898 898 885 885 841 841 841 826 826 826 826 815 815 815 809 720 720 720 778 720 720 740 740 697 734 734 724 609 609 609 698 680 660 673 673 660 660 609 609 585 585 585 622 585 585 586 585 585 531 531 567 531 531 531 531 467 467 510 467 467 467 450 450 450 462 454 423 423 428 428 423 333 333 333 333 333 369 369 369 355 355 322 322 302 302 302 307 307 296 296 242 242 242 270 242 242 242 206 206 218 211 206 160 160 160 160 146 146 146 118 118 79 79 85 85 85 99 85 85 49 49 49 49 49 17 17 33 16 16 
885 885 885 922 922 922 922 922 922 923 892 885 885 885 841 841 697 697 697 697 815 815 815 809 809 809 720 720 720 720 720 771 697 697 697 735 735 724 711 711 609 698 680 660 660 660 660 609 609 609 609 609 609 609 610 610 586 586 586 531 531 567 525 525 532 532 525 467 467 467 498 467 450 450 450 450 454 423 423 434 423 423 333 333 333 397 355 355 355 355 355 356 322 322 322 322 322 307 308 296 297 242 242 242 242 242 206 206 206 206 206 211 206 160 160 179 170 146 146 146 118 118 79 79 79 117 85 85 91 85 49 49 67 19 19 19 17 17 17 17 
885 885 885 922 922 922 922 922 922 892 892 885 841 841 841 697 697 841 841 697 815 697 697 809 697 697 697 697 720 720 757 757 697 697 697 711 711 724 711 609 609 698 680 680 680 609 609 609 651 609 609 609 609 609 610 610 568 568 568 568 568 525 525 525 532 532 525 467 467 467 498 467 467 467 467 450 450 450 423 423 423 424 333 333 333 397 355 355 355 355 322 322 322 340 296 296 296 307 296 296 242 242 259 259 259 259 206 206 206 206 206 206 206 170 170 170 170 146 118 118 118 118 118 79 79 117 111 85 85 85 67 67 67 19 19 19 34 34 24 18 
885 885 885 885 926 926 926 926 926 892 892 885 841 841 697 697 841 841 841 697 697 697 697 809 697 697 697 697 720 720 757 757 764 757 697 711 711 711 711 609 609 609 609 609 609 609 623 623 651 651 609 609 568 568 568 568 568 600 587 579 568 525 525 525 525 525 525 467 467 467 498 463 463 463 463 463 450 450 423 423 429 322 322 333 333 397 355 355 355 355 322 296 296 296 296 296 296 307 296 296 242 242 242 260 260 250 250 188 188 188 188 188 188 170 170 118 118 146 118 118 118 118 118 79 111 111 111 79 79 86 67 67 67 19 19 19 18 18 24 18 
885 885 971 885 885 885 885 934 885 885 892 885 899 841 841 841 841 841 841 841 846 840 697 697 697 697 697 697 697 757 757 757 757 757 697 697 725 725 712 712 609 609 609 609 665 665 588 623 623 623 623 623 568 568 600 600 600 600 587 579 568 568 525 525 525 525 470 470 470 470 470 463 470 470 435 435 435 435 435 435 322 322 322 322 322 322 322 322 322 322 322 296 296 296 296 296 296 296 296 296 242 242 242 260 260 250 250 188 188 188 188 188 188 198 170 118 118 118 118 118 118 118 118 79 111 79 79 79 79 79 79 57 57 19 19 40 40 18 18 18 
885 885 885 885 885 885 885 934 885 885 892 885 886 886 886 841 868 841 841 841 840 840 787 787 787 787 787 787 697 697 697 772 697 697 697 697 712 712 712 699 699 699 665 665 665 665 588 588 643 643 643 623 623 623 600 600 600 588 588 579 525 525 525 525 542 470 470 505 505 505 470 470 470 471 435 435 435 322 322 322 322 322 322 322 322 334 322 322 334 334 334 334 334 341 296 296 296 296 296 296 242 242 242 242 260 260 234 234 234 188 188 188 188 188 170 118 118 118 118 118 118 118 118 79 79 79 79 79 79 79 57 57 57 57 19 40 19 19 19 19 
885 885 885 885 885 885 885 885 885 885 885 885 886 886 887 841 841 841 841 841 841 841 787 787 787 787 800 787 787 787 697 697 697 712 712 712 712 712 712 699 699 699 665 665 665 665 665 588 588 588 588 588 588 588 588 588 588 588 579 579 525 525 525 525 542 470 470 470 470 470 470 470 470 471 435 435 435 322 322 322 322 322 322 322 322 334 334 334 334 334 334 357 334 334 334 296 296 296 296 296 242 242 242 242 260 260 234 234 234 188 188 188 188 188 188 118 118 154 154 154 118 118 118 118 118 118 79 79 79 79 57 57 57 57 19 19 19 19 19 20 
