913 913 913 913 913 887 887 887 849 849 849 849 849 849 816 816 816 816 816 816 789 789 789 754 754 754 754 729 729 729 729 729 677 677 707 677 677 677 677 640 640 640 619 619 619 619 503 503 503 503 590 590 503 503 503 503 547 547 503 503 503 502 502 502 502 474 474 474 474 474 379 379 458 419 419 419 419 419 419 412 388 388 388 388 379 362 362 302 302 302 302 302 302 302 302 302 276 276 276 234 234 234 251 234 234 174 174 174 210 152 152 190 88 88 88 88 88 148 88 88 40 40 40 40 40 40 63 63 63 63 63 63 63 1 1 1 1 1 1 1 
913 913 913 913 913 887 887 887 849 872 855 855 855 816 816 816 816 817 817 817 789 789 789 754 754 754 754 729 729 729 730 730 677 677 677 677 640 640 640 640 666 640 640 619 619 619 503 503 503 503 590 590 503 558 558 503 503 503 503 503 503 502 502 502 503 474 474 474 483 379 379 379 458 419 419 419 379 379 379 412 388 388 388 389 379 362 362 302 302 302 302 302 302 317 302 302 276 276 276 234 234 234 234 234 234 174 174 174 152 152 152 152 88 88 88 160 88 88 88 88 40 122 40 40 95 40 40 40 40 40 40 63 63 1 1 1 27 27 1 1 
913 913 913 913 902 902 902 887 849 872 855 856 856 816 816 816 830 816 816 816 789 789 789 754 754 772 754 754 750 729 730 671 677 677 677 677 640 640 641 641 641 641 640 640 640 619 503 503 503 503 503 503 503 503 558 503 503 503 503 503 503 503 503 503 503 469 469 474 379 379 379 379 440 440 419 419 379 379 379 412 388 388 379 379 379 271 271 271 271 271 302 302 302 317 271 271 296 271 271 271 234 234 234 234 234 174 174 211 152 152 152 152 88 88 88 88 88 88 88 88 40 40 40 40 95 95 95 88 40 40 40 40 40 1 1 1 1 1 1 1 
935 913 913 913 902 902 902 887 849 855 855 856 831 831 831 816 816 816 816 816 789 789 789 754 754 750 750 750 750 729 730 671 671 671 677 677 682 682 641 641 641 641 641 640 640 619 619 619 503 503 503 503 503 503 558 503 503 503 503 503 503 503 503 503 503 469 469 469 379 379 379 379 440 440 440 440 379 379 379 379 379 379 379 271 271 271 271 271 347 271 271 328 271 271 271 271 271 271 174 174 174 174 174 174 174 174 174 211 211 203 152 152 152 152 152 152 152 88 88 40 40 40 104 104 104 88 88 88 40 40 40 40 40 1 1 1 1 1 1 1 
935 913 913 913 913 887 887 887 849 855 818 818 831 831 831 831 631 631 631 631 790 790 790 754 754 750 750 750 750 729 730 722 722 671 671 671 671 671 671 671 641 663 641 641 641 612 612 612 503 503 503 503 503 503 558 558 558 503 503 503 503 503 503 503 503 469 434 434 434 379 379 379 440 440 440 379 379 413 413 396 396 396 396 271 271 271 271 271 336 336 271 271 271 297 297 297 297 285 174 174 227 227 235 235 235 174 174 203 203 203 153 153 153 153 153 153 88 88 88 40 40 104 104 88 88 88 96 40 40 40 40 40 40 1 1 1 2 2 1 1 
927 927 913 913 913 887 887 887 849 855 818 818 831 831 831 831 631 631 631 631 790 791 791 631 631 750 750 729 729 729 722 722 691 691 691 691 691 600 600 641 641 663 641 641 642 612 612 612 503 503 503 503 564 564 564 564 517 517 503 503 517 517 517 469 469 469 434 434 434 434 434 379 440 440 379 379 433 413 413 396 396 307 307 380 380 271 271 336 336 336 336 271 271 297 297 297 297 285 174 174 227 227 227 227 227 174 220 203 203 153 153 153 153 173 153 153 88 88 88 88 130 88 88 88 96 96 96 40 81 40 40 40 40 40 40 40 2 2 2 2 
927 792 792 913 913 887 888 888 849 818 818 818 850 850 831 831 831 631 631 631 790 790 631 631 631 729 729 729 729 729 722 722 716 716 600 600 600 600 600 641 641 600 600 600 600 612 612 612 612 503 503 503 559 559 559 559 517 517 503 503 517 518 518 469 494 494 434 434 434 434 434 379 379 440 379 379 433 413 413 413 396 307 307 380 380 271 271 336 336 307 307 325 325 297 297 297 297 285 174 227 227 245 245 245 227 174 174 174 203 153 153 153 153 153 153 161 88 88 143 88 130 88 113 113 96 96 97 40 40 40 40 40 40 41 41 41 35 28 2 2 
792 792 792 792 792 887 792 792 849 818 818 818 818 818 818 818 832 631 631 631 631 790 631 631 631 729 729 729 751 716 716 716 716 717 600 600 600 600 600 600 600 600 643 643 600 600 600 503 503 503 599 503 559 559 559 559 517 517 517 517 517 518 518 469 494 494 434 484 484 434 434 452 379 379 379 379 433 426 420 396 396 307 307 390 307 307 307 307 307 307 307 307 307 307 307 297 297 285 174 227 227 227 245 245 227 227 221 174 174 174 174 174 174 153 153 153 88 88 88 88 130 88 113 113 96 96 78 78 78 78 40 40 40 41 35 35 35 28 3 3 
792 928 792 792 792 792 792 792 792 818 818 862 792 792 792 818 818 818 818 818 631 631 631 631 631 729 631 631 631 716 716 631 631 631 683 683 683 600 600 600 600 600 643 643 643 600 600 503 503 503 503 503 559 559 559 559 559 538 538 517 517 497 497 469 494 494 434 434 434 434 434 452 452 452 420 420 420 426 420 396 307 307 307 307 307 307 307 307 337 337 337 318 318 318 308 285 285 285 174 227 227 227 204 204 204 204 221 174 174 204 174 174 174 174 153 153 131 131 88 88 88 88 113 113 78 78 78 35 35 35 35 64 64 35 35 35 35 28 3 3 
792 792 907 907 907 792 792 889 792 818 818 862 792 792 792 792 805 805 805 805 805 761 761 761 631 631 631 631 631 742 716 631 631 631 631 631 683 600 600 664 664 600 643 643 643 600 625 606 606 591 591 591 559 559 559 497 497 538 497 497 497 497 497 469 469 494 494 469 469 469 434 434 452 452 420 420 420 420 420 396 307 307 363 363 381 307 307 307 337 338 338 318 308 308 308 285 285 174 174 267 267 204 204 236 236 204 204 204 204 204 174 174 136 136 153 153 131 131 131 131 131 113 113 114 78 78 78 35 35 35 35 64 64 35 42 42 28 28 3 3 
792 792 907 907 907 907 889 889 792 792 792 792 792 792 792 792 805 805 805 806 806 761 761 761 761 761 761 631 631 631 716 716 631 708 708 631 683 683 664 664 664 664 643 643 643 600 600 606 606 591 591 583 583 497 497 497 497 497 497 497 510 510 497 497 469 469 469 469 485 469 469 434 434 434 447 420 420 420 420 396 396 307 363 363 363 363 363 337 337 338 338 318 308 303 303 303 285 174 267 267 204 204 252 236 191 191 191 191 191 191 191 191 136 136 136 153 131 131 131 113 113 113 78 78 78 78 78 78 35 35 35 35 35 35 42 42 28 28 3 3 
792 792 792 792 792 792 889 889 792 792 792 792 792 792 792 792 792 792 792 792 792 792 761 761 761 733 733 733 631 631 631 631 631 708 631 631 683 683 664 667 667 643 643 643 631 631 600 606 606 606 591 583 497 497 560 560 560 497 497 497 510 510 519 497 497 497 469 469 485 448 448 448 448 434 434 434 420 420 420 396 396 307 307 391 363 363 363 337 338 338 338 318 308 303 303 303 285 174 174 174 204 236 236 236 191 191 215 215 198 198 198 168 136 136 136 153 131 131 131 113 113 113 78 78 105 78 98 78 35 35 35 35 42 42 42 42 4 4 3 3 
929 929 908 908 908 792 792 792 878 792 792 792 792 792 650 650 650 650 650 799 799 792 792 650 650 733 733 733 631 631 631 708 708 708 631 683 683 683 664 664 664 643 643 643 631 632 600 613 613 583 583 583 497 497 560 560 560 497 497 497 510 510 519 475 475 475 475 485 485 448 448 448 448 448 448 434 434 427 414 414 307 307 307 391 363 371 363 337 337 318 318 318 308 308 285 285 285 286 277 174 204 236 236 191 191 191 168 168 198 168 168 168 184 136 136 153 153 136 136 113 132 106 106 78 105 78 98 78 35 35 35 4 4 4 4 4 4 4 4 4 
929 908 908 908 908 792 792 792 792 792 792 863 792 792 650 826 826 826 650 799 799 799 650 650 650 733 733 733 733 733 733 631 631 631 631 683 683 683 631 631 664 664 631 631 631 631 600 613 613 607 548 548 548 497 497 497 497 497 497 497 497 510 510 475 475 475 475 485 485 475 448 448 448 449 449 427 427 427 414 414 307 307 307 391 363 363 363 353 337 318 318 285 285 285 285 277 277 277 277 174 204 253 253 191 191 191 168 168 168 168 166 166 184 136 136 136 136 136 136 113 113 106 106 78 78 78 98 78 35 35 35 4 4 4 4 4 5 5 5 5 
929 908 792 792 792 792 792 890 792 792 792 826 826 826 650 826 826 826 650 799 799 650 650 783 650 733 733 650 650 650 734 631 631 631 631 684 684 684 631 631 631 631 631 631 631 631 600 600 600 607 548 592 548 578 497 497 497 497 497 497 497 526 510 510 475 475 475 475 475 475 448 448 448 449 427 427 427 427 404 404 404 307 307 391 353 353 353 353 337 337 318 285 285 285 309 277 174 174 174 174 204 204 204 191 191 228 168 168 168 166 166 166 166 166 166 162 136 136 136 136 113 106 106 78 78 78 78 78 35 35 4 4 4 4 4 36 5 5 6 6 
908 908 792 792 792 792 792 890 879 864 864 826 826 826 845 826 826 826 650 650 650 650 773 773 650 650 650 650 735 650 650 650 650 698 631 684 684 684 631 620 620 620 620 620 620 620 620 600 600 548 548 592 548 548 568 548 548 548 497 497 526 526 453 453 453 453 476 476 475 475 448 448 448 449 427 427 435 427 404 353 353 353 353 353 353 353 353 354 318 318 318 285 285 174 174 174 174 174 174 261 261 261 204 168 168 168 168 168 168 166 166 175 175 175 162 162 113 113 144 113 113 106 106 78 78 78 78 89 56 56 4 4 4 4 4 36 36 6 6 7 
908 930 792 792 792 792 792 879 879 864 864 826 826 851 826 826 800 800 800 800 762 762 762 773 650 650 762 735 735 743 650 650 650 698 631 631 631 685 631 620 649 620 620 633 633 633 620 600 600 548 548 548 548 548 548 548 561 526 526 526 526 453 453 453 453 453 453 476 476 476 448 448 448 428 428 427 427 427 404 353 353 353 353 354 354 354 354 354 318 318 318 285 285 174 174 174 174 174 174 261 261 204 204 168 237 199 199 168 168 168 168 113 113 113 162 162 113 113 113 113 106 106 106 106 78 78 78 89 56 56 56 56 65 4 4 6 6 6 7 7 
908 930 792 921 792 903 903 879 879 864 864 864 826 851 826 827 800 800 800 800 762 762 762 773 773 773 762 735 735 735 650 650 723 698 698 698 631 631 631 620 649 620 620 633 633 634 620 620 600 600 600 579 579 579 548 548 561 526 526 526 526 453 453 453 453 453 453 477 477 477 464 464 428 428 428 428 428 428 404 354 354 354 354 354 355 355 355 355 318 318 318 310 310 310 310 238 238 278 278 261 261 204 204 168 168 199 199 168 168 168 168 113 113 113 113 162 113 113 113 137 106 106 106 106 106 56 56 56 56 56 56 56 56 56 4 6 6 6 6 8 
908 930 792 792 792 903 903 865 865 864 864 864 826 826 826 827 827 827 800 800 762 762 762 762 762 762 762 744 744 735 735 650 650 650 650 650 650 620 620 620 649 649 649 649 633 633 614 614 614 600 600 579 579 569 569 526 526 526 526 526 526 453 453 495 495 495 495 453 453 453 464 464 428 428 428 428 428 404 404 354 354 403 355 355 355 342 342 342 318 318 318 310 319 319 238 238 238 278 278 262 262 262 204 246 168 199 199 199 192 192 192 192 113 113 113 113 113 113 91 91 91 91 56 56 56 56 90 90 66 66 66 66 56 56 4 6 6 29 6 8 
908 908 865 865 865 865 865 865 865 864 864 864 826 826 826 826 833 819 819 800 807 762 762 762 774 774 744 744 744 744 700 700 650 650 699 699 650 620 620 620 620 620 656 633 633 633 614 614 614 569 569 569 569 569 570 526 526 526 526 526 526 453 453 453 453 495 495 453 478 453 453 453 453 453 428 428 428 404 404 404 354 354 355 342 342 342 342 342 318 318 318 329 319 319 238 238 238 262 262 262 204 204 204 246 168 199 199 199 192 192 192 185 185 113 167 113 113 113 91 91 91 91 56 56 56 56 90 90 66 66 66 4 4 4 4 43 29 29 6 6 
931 908 865 865 865 891 891 891 865 865 865 865 826 826 826 826 833 819 819 800 800 762 762 762 774 774 744 744 744 700 700 700 709 709 699 699 650 620 620 620 620 620 656 633 633 633 614 614 614 569 569 569 580 533 533 526 526 549 526 526 526 453 453 453 453 453 453 453 478 478 441 441 441 441 441 441 404 404 404 404 404 354 342 342 372 372 342 342 342 342 318 329 238 238 238 238 238 262 279 204 204 246 246 246 168 168 199 199 199 199 199 185 113 113 167 113 113 149 91 91 91 91 56 56 56 56 56 56 66 66 66 4 4 4 4 4 29 30 6 6 
931 908 865 865 865 833 833 833 833 833 870 833 833 833 826 826 833 819 819 819 800 800 784 784 774 774 678 678 678 701 701 700 709 709 709 700 650 620 620 620 620 620 656 633 633 633 614 614 614 569 569 569 580 533 533 565 549 549 533 533 441 441 441 441 453 453 465 465 465 465 441 441 441 454 441 441 404 404 404 404 404 354 342 342 342 343 343 356 342 342 318 329 238 238 238 238 238 262 262 204 204 246 246 247 238 168 199 199 185 185 185 185 113 176 138 138 138 138 138 138 91 91 91 56 56 99 99 56 66 66 77 4 4 4 4 4 29 29 6 6 
931 908 865 865 865 833 880 880 880 833 833 833 841 833 833 833 833 819 784 784 784 784 784 755 755 755 678 678 678 701 701 700 700 700 700 700 650 620 620 620 620 633 633 633 593 593 593 614 614 569 569 569 580 533 533 533 549 533 533 534 441 441 441 441 441 465 465 465 465 465 465 465 441 441 441 441 415 415 415 415 354 354 342 342 382 343 343 343 343 343 318 329 238 238 238 238 238 262 262 262 204 204 204 247 238 168 168 168 185 200 200 113 113 176 138 138 138 138 138 91 91 91 91 56 56 56 56 56 66 66 77 57 57 57 21 21 21 29 21 6 
931 908 914 914 914 833 880 880 880 833 833 852 841 841 841 833 833 819 784 784 755 755 793 755 755 755 755 678 678 678 701 701 701 701 701 701 650 650 620 620 633 633 633 633 593 635 593 593 593 593 593 593 580 533 533 533 533 533 534 534 441 441 441 441 441 441 441 441 441 441 441 441 441 441 415 415 415 354 354 354 354 392 392 392 343 343 343 343 348 318 318 329 238 238 238 238 238 262 262 262 204 204 238 238 238 168 168 168 185 168 168 113 113 113 113 138 138 139 139 91 123 123 100 100 100 100 100 91 66 77 77 57 57 57 21 21 21 21 21 6 
931 908 908 922 908 908 904 835 835 835 835 852 852 852 841 841 834 819 819 784 755 755 755 755 755 775 755 678 752 678 678 678 701 701 686 686 686 650 650 672 633 633 633 633 593 635 593 593 593 593 593 593 580 580 550 550 550 550 534 534 441 441 441 441 441 441 479 479 479 479 415 415 415 455 415 415 354 354 354 354 343 343 343 343 343 364 364 348 348 318 329 329 238 238 238 287 287 287 238 238 204 204 238 238 238 168 168 168 168 168 168 113 113 113 113 138 138 139 139 91 123 123 100 91 91 91 91 91 66 77 21 21 21 21 21 21 6 6 6 6 
931 931 908 922 908 904 904 835 835 835 835 835 835 835 841 841 834 784 784 784 755 801 794 763 763 755 755 678 752 678 678 678 678 678 686 686 686 686 650 650 650 657 657 650 593 593 593 601 593 593 601 594 441 441 550 441 441 551 441 441 441 441 441 479 441 441 479 490 415 415 415 466 415 415 450 415 354 354 354 343 343 397 397 343 343 348 348 348 349 318 329 238 238 238 238 287 238 238 238 238 238 238 238 238 238 222 222 168 168 168 168 186 186 113 113 138 138 139 139 91 91 91 91 91 107 91 91 92 66 21 21 71 66 58 44 44 6 6 6 6 
873 873 908 908 908 904 904 881 881 835 871 835 835 835 835 835 835 784 784 784 755 794 794 763 763 755 755 678 678 678 678 678 678 678 678 686 686 686 650 650 650 650 650 650 601 601 601 601 601 601 601 594 441 441 441 441 441 441 441 511 511 441 441 479 479 479 479 490 415 415 470 459 459 415 415 415 436 354 354 343 343 397 343 343 348 348 365 357 318 318 329 238 238 238 238 238 238 238 238 238 238 238 238 239 239 222 222 168 168 168 168 186 186 177 139 139 139 139 92 92 133 92 92 101 101 101 101 92 66 66 66 66 66 58 44 44 6 6 6 6 
873 873 873 873 873 904 904 881 881 835 871 866 828 828 828 836 836 828 755 755 755 794 794 763 763 776 755 755 678 678 678 678 678 718 678 678 678 678 650 673 650 650 650 650 601 601 601 601 601 486 486 594 441 441 441 530 530 539 539 511 511 511 520 511 415 415 415 415 415 415 459 459 459 442 442 442 354 354 398 398 343 343 343 343 343 343 365 357 318 344 329 329 238 238 238 238 238 238 280 238 238 238 238 212 212 212 212 212 168 168 168 186 186 177 139 139 139 139 92 92 92 92 92 92 92 92 92 92 58 58 58 58 58 58 44 44 6 6 6 6 
873 873 873 873 873 873 892 892 881 835 871 866 828 828 828 828 828 828 755 820 763 763 763 763 763 776 763 678 678 678 678 678 678 702 702 702 678 678 650 650 650 621 621 621 621 621 626 621 486 486 486 486 486 486 530 530 530 530 530 530 530 511 511 511 415 415 415 415 415 459 459 459 459 442 442 442 354 354 398 398 343 343 366 366 366 366 357 357 318 318 320 320 238 238 238 238 238 238 238 268 268 254 254 212 212 229 212 212 168 168 168 168 168 168 168 139 139 139 92 92 92 124 92 92 92 92 102 93 58 58 10 10 58 58 44 44 6 6 6 6 
873 873 873 873 873 873 892 881 881 835 871 866 828 828 828 828 755 755 755 763 763 795 795 763 763 763 763 678 678 678 702 702 702 702 703 703 678 687 678 674 621 621 651 621 621 621 626 621 486 486 486 486 486 486 486 486 486 486 486 486 486 486 486 486 415 415 415 415 415 459 459 459 460 442 442 354 354 354 398 398 398 398 366 357 357 357 357 357 318 318 330 320 320 320 254 254 238 288 238 268 254 254 240 240 212 212 223 212 212 187 187 187 187 168 168 139 139 139 92 92 92 124 92 92 92 92 102 93 58 58 10 10 10 10 9 9 9 9 9 9 
873 932 873 873 873 892 892 881 881 835 866 866 837 837 837 837 837 763 763 763 808 763 763 763 763 763 678 678 678 678 702 702 702 703 703 704 678 678 678 674 621 621 651 651 644 621 621 621 486 486 486 595 540 540 540 540 540 540 540 535 521 521 521 486 498 498 415 415 415 459 459 460 460 442 442 354 354 354 398 398 398 398 366 357 357 357 357 357 318 330 330 330 254 254 254 254 238 238 238 268 254 254 240 240 240 212 223 212 212 187 188 188 188 150 150 154 154 139 139 139 79 79 79 79 79 79 79 93 58 58 10 10 10 10 9 9 9 9 9 9 
873 873 873 873 909 892 892 893 873 873 866 866 837 837 837 842 838 763 821 808 808 763 763 763 777 777 756 756 745 745 674 674 674 703 710 674 674 674 674 674 621 621 658 644 644 627 627 608 608 608 486 486 540 540 540 540 540 552 535 535 521 527 486 486 498 498 467 467 467 467 467 460 460 429 429 354 354 416 398 398 405 398 366 366 366 357 357 318 318 330 330 330 254 254 254 254 298 254 254 268 254 254 240 240 240 212 212 212 212 187 188 188 188 150 150 150 155 150 117 117 79 125 79 79 79 79 79 93 79 79 10 10 10 10 10 45 37 9 9 9 
925 873 873 873 909 909 873 873 873 874 822 822 822 822 822 838 838 763 821 808 808 796 796 763 736 736 756 756 745 674 674 731 674 703 674 674 692 674 674 621 621 621 621 644 644 627 627 608 615 566 566 486 562 562 486 541 541 541 541 521 521 527 486 486 498 498 467 467 467 467 467 467 460 429 429 354 354 416 398 398 398 398 366 366 366 366 366 318 318 254 254 254 254 254 254 254 254 254 254 254 254 263 240 240 240 187 187 187 187 187 188 188 188 150 150 150 150 150 117 117 79 79 79 79 79 79 79 93 79 79 59 59 59 59 10 37 37 31 10 10 
925 873 873 873 873 873 873 874 874 874 822 822 822 822 822 838 838 763 763 808 808 796 796 763 736 736 736 756 745 674 674 731 674 674 674 674 674 674 674 621 621 621 621 621 621 627 627 608 608 566 486 486 562 562 486 486 486 486 542 521 521 521 521 486 486 486 467 467 467 467 460 460 460 429 429 429 429 416 398 398 398 398 398 254 254 254 254 350 350 254 290 290 290 290 289 289 289 289 254 254 240 240 240 240 187 187 187 187 150 150 188 150 150 178 150 150 156 117 117 117 117 126 117 59 59 59 79 79 79 79 59 59 67 10 10 37 31 31 10 11 
925 925 925 867 867 867 867 874 874 874 822 822 822 822 822 822 822 822 763 763 763 763 763 763 736 778 756 756 745 745 674 674 674 674 674 674 674 674 674 674 621 621 621 621 621 627 627 608 608 566 486 486 584 562 562 562 562 486 542 528 528 528 504 504 504 486 467 467 486 480 460 429 429 429 429 429 429 416 416 416 406 254 254 254 326 326 254 350 350 254 290 290 290 290 289 289 289 240 240 272 240 240 240 240 187 187 187 187 150 150 150 150 150 150 150 150 156 117 117 117 117 126 117 59 59 59 59 59 59 59 59 59 67 10 31 31 31 10 10 11 
867 867 867 867 910 910 867 874 874 874 822 822 822 853 822 822 822 822 822 763 763 802 797 736 736 756 756 745 745 745 674 674 674 674 674 674 674 674 674 674 621 621 621 621 621 608 608 608 616 566 486 486 486 486 486 486 486 486 542 528 531 504 504 504 504 486 486 486 486 480 460 429 429 429 429 429 429 429 383 383 406 254 254 254 326 326 254 254 254 254 326 326 290 290 311 299 299 240 240 240 240 240 240 240 241 150 150 150 150 169 169 169 169 169 169 156 156 140 140 117 117 126 117 59 59 59 59 82 59 59 59 59 67 10 10 10 10 10 11 11 
867 867 910 910 910 867 867 874 874 867 867 867 802 802 822 822 822 802 802 802 802 802 797 736 756 756 764 745 745 674 674 674 674 674 674 674 674 660 660 660 660 660 659 608 608 608 608 608 566 566 486 486 486 486 486 566 542 542 542 528 531 504 504 512 480 480 480 480 480 480 460 460 429 429 417 417 417 417 383 383 254 254 254 254 326 326 326 326 326 326 326 326 290 304 304 299 299 240 240 240 240 240 240 240 150 150 150 150 169 169 193 193 156 156 156 156 157 140 140 140 117 117 117 59 59 59 59 82 82 46 46 72 46 46 46 46 11 11 11 11 
936 867 867 867 867 867 867 894 867 867 867 867 802 802 802 802 802 802 823 797 797 797 797 736 736 736 764 674 674 674 674 674 719 719 674 674 674 660 660 660 660 659 659 608 608 608 608 608 566 571 571 571 571 571 571 566 542 542 542 528 531 480 480 480 480 487 487 487 487 460 460 460 461 417 417 417 417 417 383 383 254 254 254 326 326 326 326 326 326 326 326 326 290 304 304 304 240 240 240 248 240 240 150 150 150 150 150 150 169 169 156 156 156 179 108 108 157 140 140 46 46 46 46 46 46 46 59 46 46 46 46 46 46 46 46 46 11 11 11 11 
936 843 843 843 867 867 867 867 867 875 857 868 802 802 802 802 802 797 797 797 803 803 779 779 779 736 674 674 746 746 674 705 705 705 674 674 674 660 660 660 660 659 659 608 608 608 608 608 566 566 566 566 585 566 566 566 542 542 531 531 531 480 480 480 505 487 487 399 399 460 460 417 417 417 417 417 417 417 383 383 383 254 254 326 326 326 326 326 326 326 326 326 290 290 312 240 240 273 273 248 248 264 150 150 150 150 150 150 108 205 156 156 156 156 108 108 108 108 108 46 46 46 46 46 46 46 59 46 46 46 47 47 47 46 46 46 11 11 11 11 
936 843 926 843 867 867 875 875 875 875 857 857 857 802 802 802 802 797 797 797 803 779 779 779 736 736 674 674 746 746 674 705 705 705 705 674 674 660 660 660 660 659 659 608 608 608 608 609 566 566 602 566 566 566 567 567 531 531 531 532 532 480 480 480 480 487 487 399 399 399 399 417 417 417 417 417 417 417 383 383 383 254 254 326 326 326 326 326 326 326 326 326 326 290 240 240 273 273 273 273 248 248 248 248 230 230 108 108 108 205 156 156 156 156 108 108 141 141 108 46 46 46 46 46 46 46 59 46 46 46 47 47 47 46 46 46 11 11 22 12 
843 843 843 843 875 875 875 895 882 857 857 857 857 802 802 802 802 797 797 797 803 779 779 779 736 736 736 674 674 674 674 705 705 711 705 705 660 660 675 675 660 660 660 608 608 608 608 609 609 609 581 581 581 581 567 567 531 531 531 532 480 480 480 480 480 480 480 399 399 481 399 399 399 417 417 417 417 417 417 417 383 383 383 326 326 326 326 326 326 326 326 326 290 290 240 240 273 273 281 240 240 255 255 230 230 108 108 108 108 205 156 108 108 108 170 108 141 141 108 108 108 108 108 108 108 46 46 46 46 46 47 47 68 46 46 46 12 12 12 12 
843 915 915 915 875 895 895 895 882 857 857 857 857 802 802 802 802 797 797 797 803 779 779 765 765 765 736 705 705 705 705 705 705 711 711 660 660 660 660 660 660 660 660 645 645 603 603 609 609 609 581 581 581 581 572 531 531 543 543 480 480 480 480 480 499 499 480 488 399 399 456 456 399 399 399 443 417 417 399 399 393 393 383 383 383 305 305 358 332 332 332 331 290 313 313 240 240 240 240 240 240 255 255 230 230 108 108 108 108 108 156 108 108 108 108 108 141 141 141 141 15 15 118 46 46 46 46 46 47 47 47 47 68 46 46 47 12 12 12 13 
843 915 915 915 875 875 882 882 882 857 857 857 857 713 713 713 797 797 797 797 765 765 765 765 780 765 736 705 705 705 705 705 705 705 712 660 693 668 668 668 668 660 660 603 603 603 603 609 609 609 603 531 531 531 572 531 543 543 500 500 500 500 500 480 480 480 480 488 488 399 456 456 456 456 399 399 399 399 399 399 393 393 383 383 305 305 305 332 332 331 331 331 290 290 290 290 240 240 249 249 249 255 255 216 216 216 216 108 108 108 108 108 108 127 127 127 141 141 141 15 15 15 118 46 46 46 46 46 47 47 47 73 60 60 47 47 12 12 13 13 
843 915 915 915 915 875 882 896 883 843 843 858 858 713 713 713 797 797 797 797 765 780 780 780 780 765 736 736 753 705 705 705 705 705 712 660 660 660 660 660 660 660 661 603 603 603 603 603 603 603 603 531 531 531 572 531 543 543 500 500 500 500 500 500 463 463 463 488 488 399 456 456 462 444 444 444 437 407 407 399 393 393 393 393 305 373 305 332 331 331 332 332 305 305 314 290 290 290 249 249 249 255 255 216 216 216 216 216 206 206 108 108 120 120 120 127 127 127 145 15 15 15 15 15 109 47 47 47 47 47 47 73 60 60 47 48 14 14 13 13 
843 915 915 875 875 875 882 882 883 843 843 858 713 713 713 713 797 797 797 797 765 765 757 757 757 765 765 736 736 705 705 679 679 712 712 660 660 660 660 665 661 661 661 603 603 603 603 604 604 604 604 531 531 531 531 531 553 553 500 500 500 500 500 500 463 463 463 399 399 399 471 399 399 444 430 430 437 407 407 399 399 399 393 393 305 305 305 332 332 332 332 305 305 305 305 305 290 290 249 249 249 249 249 249 206 206 206 206 206 207 108 108 120 120 120 127 127 127 145 15 15 15 119 15 47 47 47 47 47 47 69 69 69 47 47 48 14 14 13 13 
843 875 875 875 875 875 882 882 843 843 843 858 713 713 713 829 829 829 765 765 765 765 757 757 757 757 757 757 736 747 736 679 679 679 679 679 679 679 679 665 661 661 603 603 603 603 603 603 604 604 605 531 531 531 531 536 536 536 536 500 500 500 500 463 463 463 463 399 399 399 399 399 399 444 430 430 437 407 407 407 407 399 399 305 305 305 305 305 305 305 305 305 321 305 305 306 265 265 265 265 249 249 250 250 206 231 206 206 206 194 194 194 120 120 120 127 145 145 145 15 15 15 15 15 47 47 47 47 47 47 47 47 47 47 47 14 14 14 13 13 
843 875 875 875 875 875 843 843 843 859 843 858 713 713 713 810 810 810 765 765 765 765 713 713 713 757 757 758 736 736 736 679 679 679 679 680 680 680 680 665 665 665 603 603 603 603 628 603 617 573 573 573 573 573 573 536 536 536 536 500 500 500 500 463 463 463 463 463 482 482 399 399 399 399 430 430 430 430 421 407 407 399 399 305 384 367 367 305 305 345 333 333 321 321 265 265 265 282 265 265 249 249 206 206 206 206 206 206 206 194 194 194 120 171 171 127 145 145 146 127 127 127 15 15 47 47 47 74 74 74 74 74 47 47 47 14 14 23 23 14 
843 933 875 875 843 843 843 843 859 859 843 713 713 846 846 810 810 810 809 809 809 713 713 785 713 713 713 748 748 748 679 679 679 679 679 680 680 680 680 665 665 603 603 603 603 603 603 603 573 573 574 574 574 574 574 536 554 554 536 536 500 500 500 500 463 463 472 463 463 463 463 463 463 399 430 418 418 418 421 418 400 400 400 305 367 367 345 345 345 345 333 333 265 265 265 282 282 282 265 265 265 265 206 206 242 206 206 217 181 181 194 194 120 171 172 127 127 127 127 127 110 110 110 15 47 47 47 74 74 74 74 74 61 61 32 32 14 14 14 14 
843 843 843 843 843 843 843 843 859 859 843 713 713 713 847 810 810 810 809 809 809 713 785 785 713 713 713 748 713 713 679 679 679 679 679 679 636 636 636 636 636 603 603 603 646 636 603 622 573 573 573 573 536 536 536 536 554 496 496 496 500 500 522 500 500 500 472 472 472 472 472 463 463 418 418 418 418 418 418 418 400 401 401 305 367 345 345 345 345 345 265 265 265 315 315 282 282 282 282 265 265 206 206 206 206 206 206 217 181 181 181 181 120 171 128 128 127 127 127 127 110 110 110 15 15 47 47 74 74 61 61 61 61 32 32 32 32 32 15 15 
901 901 916 916 916 859 859 859 884 859 843 843 843 713 713 810 810 810 810 810 810 713 785 785 713 766 766 713 713 713 713 724 679 679 679 679 636 636 636 669 636 636 652 652 636 636 603 603 603 573 573 573 573 573 536 536 496 496 496 496 496 496 496 496 496 496 496 472 472 418 418 468 418 418 445 418 418 431 418 400 400 401 401 305 367 345 345 345 345 345 265 265 265 265 265 300 300 291 265 265 265 266 206 206 206 206 224 181 181 201 201 181 120 128 128 128 127 127 127 127 110 110 110 110 15 15 61 61 61 61 32 32 32 32 38 38 38 15 15 16 
901 901 916 916 916 859 859 859 859 859 869 869 843 843 713 810 810 713 713 713 713 713 785 785 713 713 767 713 737 737 713 724 724 679 679 688 688 636 636 669 669 636 652 653 636 603 603 603 603 573 573 573 573 573 575 496 496 555 496 496 523 496 496 506 506 496 496 491 418 418 418 418 418 445 445 418 418 418 418 400 402 305 305 305 367 345 345 345 345 345 265 265 265 265 265 275 275 291 265 265 265 266 206 206 206 206 181 181 201 201 181 181 120 128 128 128 127 127 127 127 110 110 110 110 110 15 15 15 15 15 32 32 15 15 15 15 15 15 24 16 
901 901 901 901 917 911 859 897 859 859 859 859 859 843 713 713 713 713 721 721 811 721 721 786 781 713 767 713 737 737 713 713 713 713 713 688 688 636 636 669 669 636 652 636 636 603 629 603 603 573 573 573 573 575 575 496 496 496 496 496 523 523 523 506 506 491 491 491 418 418 423 418 418 445 445 418 418 400 400 400 402 305 305 305 305 305 368 345 345 345 265 334 275 275 275 275 275 275 265 265 256 256 256 243 243 181 181 218 181 181 181 120 120 128 128 128 128 128 128 128 128 128 110 110 110 15 15 15 18 15 15 15 15 15 15 49 16 16 16 16 
901 901 901 901 901 911 859 859 859 876 854 854 854 843 843 843 721 721 721 721 721 721 721 721 781 713 713 713 737 737 737 713 713 714 714 688 688 688 636 669 669 636 636 636 603 603 586 586 586 573 573 586 586 575 575 489 489 496 496 537 489 489 489 506 506 491 491 491 418 418 423 423 423 423 445 418 418 400 400 400 402 402 402 265 265 305 305 265 265 265 265 334 275 275 301 301 301 275 274 274 256 256 256 243 243 181 218 218 181 181 202 120 120 120 120 120 128 128 147 142 83 83 83 83 83 15 15 15 18 18 18 18 70 18 18 18 16 16 16 17 
901 901 901 901 901 898 898 898 876 876 854 854 854 854 721 721 721 721 721 721 721 721 798 721 721 721 759 759 737 738 738 720 720 714 714 688 688 688 636 636 636 636 636 603 603 630 586 586 586 586 586 586 575 575 575 489 489 489 544 537 489 529 489 506 506 491 491 491 418 418 418 423 423 423 445 445 400 400 400 400 400 400 265 265 265 265 369 265 351 265 265 275 275 275 301 301 301 275 274 274 256 256 256 181 181 181 181 181 181 181 181 181 189 120 120 120 158 120 120 142 83 83 83 83 83 83 15 15 51 51 51 18 18 18 18 18 16 16 17 17 
901 901 898 898 898 898 861 861 885 854 854 854 854 854 721 721 721 721 721 721 721 721 787 787 721 721 759 759 737 738 739 720 720 720 689 689 636 636 636 636 636 636 636 603 647 630 630 586 586 587 587 596 575 575 575 489 556 489 489 537 489 529 489 489 489 491 491 492 489 418 418 457 457 423 423 446 400 400 400 400 400 400 265 265 385 265 265 265 265 339 339 275 275 275 301 301 301 275 283 256 256 256 256 181 232 232 181 181 181 181 181 181 180 180 120 120 120 120 120 83 83 83 83 83 83 83 15 15 51 51 51 75 18 18 18 18 39 17 17 17 
901 898 898 923 898 898 861 861 885 854 854 854 854 854 721 721 721 721 721 721 721 787 787 721 721 737 737 737 737 738 738 720 689 689 689 689 636 636 636 637 637 637 637 603 603 603 603 603 586 587 587 587 587 489 489 489 556 556 489 489 489 513 513 513 489 501 489 489 489 418 418 457 457 457 423 438 438 265 422 265 265 265 265 265 385 374 265 265 265 327 327 327 301 301 301 292 292 275 283 256 256 256 256 181 195 195 213 213 213 181 181 181 180 180 120 163 120 120 120 83 83 83 83 83 83 83 83 83 83 51 51 51 51 51 50 18 18 17 17 17 
901 898 898 898 918 861 861 861 854 854 854 854 854 854 721 812 812 721 721 721 721 787 787 721 721 721 738 738 738 738 738 720 689 689 689 689 689 636 636 637 654 654 637 637 637 637 586 586 586 587 587 587 587 489 489 489 489 489 489 489 489 513 513 513 489 501 489 418 418 418 418 457 457 423 423 438 438 265 265 265 359 359 359 385 385 374 370 340 340 327 327 301 301 293 293 292 292 275 275 275 256 256 256 181 195 195 213 213 181 181 181 180 180 180 120 120 120 120 83 83 83 83 83 83 111 80 80 80 80 51 51 51 51 51 50 50 18 18 18 18 
901 898 898 898 898 861 861 861 854 854 854 860 721 721 721 812 812 824 824 721 721 689 689 721 721 721 738 738 720 749 720 720 689 689 689 694 689 636 636 637 654 654 654 638 638 586 586 618 618 587 587 587 587 546 546 546 563 489 489 489 489 514 514 514 489 501 489 418 418 418 418 432 432 423 423 423 438 265 265 408 359 359 359 359 359 374 370 340 340 340 327 327 327 293 293 292 292 292 275 275 256 181 181 181 181 195 195 195 181 181 181 180 180 180 120 120 120 120 83 83 129 129 83 83 111 80 80 80 80 80 51 51 51 51 50 50 18 18 19 19 
901 905 905 905 905 905 905 861 861 854 854 860 721 782 782 782 812 824 812 812 812 689 689 689 689 721 721 721 720 720 720 725 725 721 689 694 689 689 637 637 654 654 654 638 638 586 586 618 618 610 597 597 588 546 576 546 563 489 489 514 514 514 515 515 489 489 489 418 418 432 432 432 432 432 432 423 423 265 265 408 408 359 359 359 359 359 370 340 340 340 340 327 327 293 293 293 293 256 256 256 256 181 181 181 181 233 195 195 181 181 195 195 120 120 120 120 120 120 120 83 83 83 83 83 111 80 84 84 84 51 51 51 51 51 51 51 18 18 19 19 
901 905 905 861 861 861 861 861 861 860 860 860 721 782 782 782 812 812 812 813 813 689 689 689 689 768 768 721 721 721 721 721 721 721 689 694 694 637 637 639 639 639 654 654 638 638 586 618 618 610 597 588 588 546 576 546 546 546 489 489 508 508 515 507 507 432 432 432 432 432 432 432 432 432 432 432 423 423 423 408 408 359 359 359 386 359 359 359 341 341 341 293 293 293 293 293 293 293 256 256 269 181 181 181 181 233 195 195 195 195 195 196 120 120 120 120 151 151 120 134 134 83 83 83 111 80 80 80 85 51 51 51 25 25 25 25 25 33 25 19 
901 901 905 861 919 899 899 861 861 860 860 860 721 721 782 782 812 812 812 813 689 689 689 689 689 689 689 689 689 689 689 721 721 689 689 706 695 637 639 639 670 639 639 639 639 639 586 588 588 610 588 588 546 546 546 546 546 546 545 489 508 508 508 508 508 432 432 432 432 432 432 432 432 432 432 432 432 432 394 394 409 360 360 360 360 375 360 360 341 293 293 293 293 293 293 293 294 294 181 181 181 181 181 181 181 181 181 181 181 181 181 181 181 181 120 120 120 120 120 134 134 120 120 83 83 83 83 80 85 51 51 25 25 52 52 52 25 33 25 19 
901 901 905 861 919 899 899 861 861 860 860 860 860 721 848 782 812 812 812 813 689 689 689 689 689 769 769 728 728 689 689 721 721 689 695 695 695 690 639 670 670 639 639 586 586 586 586 588 588 588 588 598 546 546 546 546 546 546 545 489 489 489 489 489 489 489 489 432 432 432 432 432 432 432 432 432 432 394 394 394 394 360 360 360 360 360 360 341 341 293 293 293 293 322 293 293 294 294 181 181 181 257 257 181 244 219 219 219 183 183 183 159 159 159 120 120 120 120 120 120 120 120 94 94 94 103 80 80 85 25 25 25 25 52 52 52 25 25 25 19 
901 934 905 861 861 899 899 861 861 721 721 721 721 721 782 782 839 782 782 782 782 782 782 782 782 728 728 728 728 689 726 726 726 689 695 695 655 690 639 670 670 639 639 586 648 588 588 588 588 588 588 588 588 546 577 545 545 545 545 516 516 516 516 516 451 451 451 451 451 432 432 432 432 377 377 377 377 394 394 394 394 387 387 360 360 360 341 341 352 293 293 324 324 316 316 294 294 294 259 259 181 181 258 181 181 219 225 183 183 183 183 159 159 159 159 159 120 120 120 120 94 94 94 115 94 103 80 80 25 25 25 25 25 52 52 53 25 25 26 20 
901 934 905 924 861 899 899 899 886 721 741 741 721 721 782 782 782 782 825 741 741 741 741 782 782 728 728 728 728 689 726 726 727 689 695 695 655 690 639 639 639 639 639 586 586 588 588 623 588 611 588 588 588 546 545 545 546 546 546 516 516 516 516 451 451 451 451 451 451 473 473 432 432 377 377 377 377 394 394 410 410 387 387 387 387 360 341 346 346 346 324 324 324 316 316 294 294 294 259 181 181 181 181 181 181 219 219 183 183 183 183 197 159 159 159 159 120 120 120 135 94 94 94 94 94 94 94 25 25 25 25 25 25 52 52 26 26 26 26 20 
901 901 905 924 861 861 861 900 886 721 741 741 741 741 741 741 840 741 741 741 741 741 741 728 728 728 728 728 728 689 740 689 689 689 695 695 655 655 681 639 639 639 639 639 586 588 588 623 588 588 588 588 588 546 546 546 546 525 525 525 525 524 524 451 509 451 451 451 451 473 432 432 432 377 377 377 377 377 394 394 394 394 394 394 360 360 341 346 346 324 324 323 323 323 295 295 295 295 259 181 181 181 181 219 219 219 219 208 208 208 183 197 159 159 164 164 120 120 120 135 135 94 94 94 94 94 94 25 25 25 25 76 34 34 54 26 26 20 20 20 
937 901 905 861 861 861 861 861 886 721 721 721 721 721 721 741 741 741 741 814 814 741 741 728 728 728 770 728 728 689 689 689 697 696 696 696 696 655 655 655 655 639 639 639 586 588 588 586 586 588 588 588 589 546 546 546 546 525 525 525 525 524 524 451 451 451 493 493 451 451 432 432 432 377 377 377 439 377 377 394 394 360 360 360 360 376 341 341 341 324 324 323 323 323 295 295 259 259 259 181 181 259 259 214 214 226 226 208 208 208 183 182 182 159 164 164 159 87 87 87 87 87 87 112 94 94 94 94 25 25 25 76 34 34 34 34 20 20 20 20 
901 901 905 861 861 861 861 861 877 877 721 721 721 721 721 844 741 741 741 804 804 741 741 728 728 728 728 728 728 732 689 689 697 696 696 696 696 655 655 655 655 655 655 655 586 586 586 586 586 588 588 588 546 546 546 546 546 557 525 525 525 524 524 451 451 451 493 451 451 451 451 451 451 451 451 377 377 377 377 394 394 360 360 395 360 360 361 361 341 341 324 295 295 295 295 295 259 284 284 259 259 259 259 214 214 214 214 208 208 183 183 182 182 159 165 165 159 87 87 87 87 87 87 112 112 86 86 86 86 34 34 34 34 62 34 34 20 20 20 20 
901 901 901 901 901 912 861 861 877 877 721 721 721 721 788 788 788 788 788 804 804 804 741 771 771 771 771 760 728 732 732 732 697 697 697 697 655 655 676 655 655 662 655 655 586 586 586 586 586 586 586 546 546 546 546 546 546 557 525 525 525 525 525 377 377 451 451 451 377 377 377 377 377 377 377 377 377 377 377 377 411 360 360 360 360 360 360 341 341 341 324 295 295 295 259 259 259 284 284 259 259 259 259 214 214 214 214 214 214 183 183 182 182 159 159 159 159 87 87 87 87 121 121 87 87 86 86 86 87 34 34 34 55 55 34 34 34 20 20 20 
920 920 920 920 901 901 906 861 861 877 721 721 861 788 788 788 788 788 788 788 788 788 741 741 741 741 741 760 728 728 728 728 728 715 715 697 655 655 676 676 655 662 662 586 586 586 586 586 586 586 586 546 546 546 546 546 546 557 525 525 525 525 377 377 377 377 451 451 377 377 424 424 424 424 424 377 377 424 424 377 411 360 360 360 377 377 360 341 341 341 324 335 295 295 259 259 259 259 259 259 270 260 260 209 209 209 209 209 209 209 183 182 182 182 159 159 87 87 87 87 87 87 87 87 87 86 86 86 87 34 34 34 55 55 55 34 34 20 20 20 
920 920 920 920 920 901 901 901 861 861 861 861 861 788 788 788 788 788 788 788 815 788 788 788 741 741 741 741 741 741 741 728 728 715 715 697 697 655 655 655 655 662 662 586 586 586 624 624 586 586 586 546 546 582 546 546 546 557 525 525 525 525 377 377 377 377 377 377 377 377 424 424 424 424 424 424 424 424 425 377 377 377 377 377 377 378 360 360 341 341 324 324 324 324 259 259 259 259 259 259 270 260 260 209 209 209 209 209 209 209 183 183 183 183 159 159 87 87 87 87 87 87 116 116 87 87 87 87 87 34 34 34 55 55 55 34 34 34 20 20 
