946 946 946 946 946 946 946 946 946 946 939 890 890 890 890 890 890 890 837 837 632 632 632 836 836 836 632 632 632 632 632 632 754 754 754 754 754 754 632 632 632 632 632 632 632 632 632 632 646 646 646 646 646 632 632 598 598 553 553 553 553 504 504 504 504 504 504 504 504 504 504 504 504 436 436 436 436 436 436 436 436 436 436 338 338 338 338 338 338 338 338 338 338 338 338 338 338 249 249 249 299 299 266 266 280 248 248 248 242 118 118 223 118 118 182 182 182 118 118 118 118 118 118 129 129 26 26 26 69 69 69 69 32 32 32 32 32 1 1 1 
946 946 950 946 946 939 939 939 939 939 939 890 890 890 878 878 878 891 837 632 632 632 632 836 836 836 632 817 817 632 632 632 632 632 776 755 755 755 632 696 696 696 696 696 707 696 696 632 646 646 646 646 646 632 598 598 598 553 553 553 553 504 561 561 561 504 504 532 532 526 436 436 505 436 436 436 436 436 436 436 451 436 436 338 338 338 399 399 343 343 343 343 343 338 338 338 338 249 322 249 266 266 266 266 266 248 248 248 242 118 118 118 118 118 118 118 118 118 118 118 118 152 118 129 129 26 26 26 26 62 62 62 62 1 1 1 1 1 2 2 
1001 946 950 946 946 939 939 939 939 890 890 890 917 917 878 901 878 837 837 632 632 632 632 632 844 632 632 817 818 632 632 632 632 632 776 755 755 632 632 696 696 696 696 696 696 696 632 632 632 632 632 632 632 632 598 598 598 598 598 553 553 504 504 562 562 504 504 504 504 526 436 436 436 436 436 436 436 436 436 436 338 338 338 338 338 399 399 400 343 343 343 343 343 343 343 343 249 249 249 249 266 266 266 288 266 248 248 248 242 118 118 118 118 118 118 152 118 118 118 152 152 152 118 118 118 118 26 26 26 62 62 62 62 1 23 23 23 23 2 2 
946 946 950 939 939 939 939 950 950 890 890 917 917 918 878 878 878 837 837 837 837 862 862 632 632 632 817 817 818 632 632 632 632 632 632 768 632 632 732 732 696 696 696 696 696 703 632 632 632 647 647 632 632 633 633 598 598 598 553 553 553 553 504 504 504 504 504 504 504 504 436 436 436 495 436 471 436 436 436 436 338 440 338 338 338 399 249 249 343 343 361 361 361 343 343 249 249 300 249 249 266 266 249 249 266 266 260 249 242 118 118 118 118 118 118 152 152 152 152 152 153 153 98 98 98 98 26 26 26 85 62 62 62 1 1 1 1 24 2 2 
946 950 950 939 939 939 939 950 890 890 890 917 924 892 892 878 878 878 878 878 837 862 837 837 837 837 732 732 732 805 785 785 785 785 632 632 632 732 732 732 696 696 696 696 696 626 626 626 676 647 647 647 599 599 599 625 599 599 553 553 553 553 576 504 504 504 504 504 533 504 517 436 436 495 436 471 436 436 436 436 338 440 338 429 427 249 249 249 343 343 343 343 343 343 343 249 339 300 323 249 266 266 249 249 249 249 260 249 243 118 118 118 213 118 118 152 152 157 157 167 153 153 98 98 98 98 98 98 26 26 62 62 26 26 39 39 1 24 3 3 
946 950 950 939 939 939 939 950 890 890 890 917 924 892 892 878 878 878 878 878 837 837 837 851 838 838 732 732 732 805 785 732 732 732 732 732 732 732 733 732 732 696 696 708 626 626 697 626 647 647 647 647 599 640 599 599 599 599 599 554 554 553 576 504 504 504 546 504 504 504 436 436 495 495 436 471 471 436 436 436 338 440 338 338 427 249 249 249 343 343 343 343 362 343 343 249 339 300 300 249 249 249 249 281 281 249 249 249 243 118 118 213 213 118 186 186 157 157 157 157 157 98 98 98 98 63 63 98 98 26 26 26 26 26 26 1 1 24 3 3 
946 946 950 978 978 939 939 950 890 890 940 917 917 917 892 892 892 892 845 845 845 851 851 851 838 838 829 732 732 785 785 732 769 732 732 769 732 732 733 732 732 725 725 708 626 626 626 626 647 665 647 647 599 599 599 599 599 599 599 554 554 553 553 553 553 553 534 534 534 436 436 436 436 477 477 477 436 436 441 441 338 338 338 338 427 249 249 249 393 343 343 343 343 343 249 249 328 328 300 300 300 300 243 243 243 243 250 250 243 118 118 186 186 186 186 187 157 157 157 99 99 98 98 98 63 63 63 63 63 86 26 26 26 26 26 1 24 24 1 1 
995 995 950 950 950 950 950 950 890 890 940 897 897 897 902 902 845 845 845 845 845 845 845 845 845 829 829 732 785 785 732 732 769 777 777 769 733 733 733 732 732 732 726 708 708 626 626 647 647 665 665 647 647 599 599 599 599 599 599 554 554 554 554 554 534 534 534 472 472 436 436 436 436 477 477 477 436 465 441 441 338 338 338 338 427 249 249 249 384 384 249 249 343 343 249 344 328 328 308 308 300 300 243 243 243 243 243 243 243 186 186 186 187 187 187 187 157 157 157 99 99 142 98 98 63 63 63 63 63 63 26 26 26 26 46 1 24 24 1 1 
995 890 890 890 890 973 890 890 890 940 940 897 897 897 897 845 845 845 845 845 845 845 845 846 846 829 829 732 785 732 732 794 769 777 777 769 733 733 733 733 733 733 726 626 626 626 686 647 647 647 647 647 647 599 599 599 615 599 599 554 554 554 554 554 534 534 534 472 472 472 512 512 436 436 436 436 436 441 441 441 441 441 338 338 249 249 401 401 384 249 249 249 249 249 249 344 328 328 308 308 308 243 243 243 243 243 243 243 243 186 186 186 186 186 186 186 157 157 157 99 99 142 142 99 99 99 112 63 63 63 63 63 26 26 46 1 24 24 1 1 
995 890 890 890 890 890 890 890 890 940 940 897 897 897 897 845 845 845 845 869 869 869 845 846 846 829 829 732 785 732 800 794 769 769 769 769 760 734 734 736 736 726 726 626 626 626 686 686 677 648 647 656 647 599 599 604 604 604 554 554 554 554 554 569 518 518 534 472 472 472 512 512 472 472 472 472 472 441 441 441 441 441 249 249 249 421 401 401 384 249 249 249 249 356 328 328 328 308 308 295 295 243 243 243 243 243 251 251 243 186 186 186 186 207 186 186 176 176 99 99 99 99 99 99 130 99 99 101 63 63 76 63 26 26 46 1 25 25 1 1 
995 890 890 890 890 890 890 890 890 930 930 897 897 897 897 897 897 845 845 869 869 869 845 847 847 829 829 732 732 732 794 794 760 760 760 770 760 734 734 734 734 726 726 626 648 648 648 648 677 648 647 656 647 634 634 604 554 554 554 592 554 554 569 569 518 518 518 472 472 472 512 512 472 472 472 472 472 442 442 442 442 442 249 421 421 421 384 384 384 385 249 282 282 282 328 328 328 308 308 295 295 243 243 208 208 208 208 208 243 186 186 186 207 207 186 186 176 177 99 119 119 99 99 137 119 119 99 99 99 63 76 63 63 26 26 1 1 1 1 4 
890 890 890 890 890 890 890 958 951 930 930 930 897 897 903 897 897 845 845 845 845 845 845 847 847 732 732 732 732 732 794 795 760 760 760 770 760 734 748 734 734 726 726 626 648 648 648 648 648 648 647 647 647 634 635 604 554 554 554 554 554 554 569 569 518 518 518 472 472 472 472 472 506 472 472 473 473 442 442 443 443 443 249 249 422 422 384 384 249 249 249 282 363 282 282 282 282 282 282 295 295 295 295 208 208 208 261 208 208 186 186 186 186 186 186 186 176 177 99 119 119 119 119 119 119 63 63 63 63 63 70 70 56 56 26 26 26 26 4 4 
890 890 890 890 890 890 890 890 951 930 930 897 897 897 903 825 825 845 845 845 845 870 825 825 847 732 732 732 732 732 760 760 760 760 760 760 760 734 734 734 737 726 726 626 626 626 648 648 648 648 648 648 648 604 604 604 604 604 554 554 554 554 569 569 563 518 518 472 472 472 472 472 472 472 485 473 473 442 442 443 452 249 249 249 384 384 384 384 249 386 282 282 340 340 340 345 282 282 282 295 301 301 282 282 282 208 208 208 208 186 186 186 186 120 120 120 176 176 99 99 99 99 99 131 131 63 102 102 77 77 70 70 56 56 26 26 26 26 4 4 
989 989 989 890 890 890 890 890 919 919 930 897 897 897 903 825 825 825 825 825 825 825 825 825 825 825 806 806 732 732 760 637 637 734 734 771 734 734 734 734 737 698 698 698 698 626 626 687 648 648 648 648 649 604 604 604 604 604 554 554 554 554 554 563 563 518 518 535 535 472 472 472 496 496 474 474 443 443 443 443 452 249 430 430 384 249 249 249 249 386 282 282 340 340 340 282 282 295 295 295 301 301 282 282 282 252 252 208 208 208 208 186 186 120 199 120 120 176 63 63 63 63 143 63 63 63 102 102 77 77 77 47 47 47 17 17 17 17 17 4 
989 989 989 890 890 890 919 919 919 919 919 919 897 897 903 825 825 893 825 825 825 825 825 852 825 825 806 806 806 806 760 637 637 734 734 734 756 756 734 734 737 698 698 698 698 626 626 687 669 669 616 616 616 604 604 616 616 570 570 554 554 570 554 563 518 518 547 535 535 472 472 472 496 474 474 474 443 455 443 443 249 249 249 249 384 249 412 282 282 282 282 282 340 340 351 282 282 295 295 282 282 282 282 282 282 252 252 252 208 208 208 208 208 120 120 188 120 176 63 63 63 63 63 63 102 102 102 102 77 77 77 47 47 47 17 17 17 4 4 4 
989 890 890 890 890 974 919 947 947 947 919 919 925 919 903 903 893 893 825 825 825 825 825 852 825 806 806 823 760 760 760 637 637 734 734 734 756 756 734 737 737 698 698 698 698 626 626 687 669 669 616 616 616 616 616 616 617 570 570 570 570 570 554 554 518 518 518 538 518 518 518 496 496 474 474 474 443 455 455 455 249 249 249 249 249 249 412 282 282 282 282 282 340 340 340 340 282 282 282 282 289 289 289 289 283 252 252 252 208 208 224 224 208 208 120 120 120 176 63 63 63 63 63 102 102 102 102 77 77 87 47 47 47 47 17 17 17 4 4 4 
989 890 890 890 890 919 919 947 919 919 919 931 919 919 886 886 893 893 825 825 853 853 853 825 825 806 806 806 760 760 637 637 637 637 734 734 734 756 734 734 734 698 698 698 698 698 626 626 626 626 666 616 616 616 636 616 616 570 577 577 577 577 577 554 554 554 518 518 518 496 496 496 507 474 474 474 474 437 437 437 437 444 437 302 302 387 387 387 387 387 282 282 340 340 340 340 340 329 267 267 267 289 289 283 283 253 253 253 208 208 214 214 214 120 120 120 120 158 158 63 63 132 132 102 102 102 77 77 47 47 47 64 64 47 47 17 17 18 18 4 
989 890 890 919 919 919 965 947 919 919 919 919 919 886 886 886 886 893 825 825 853 853 825 825 848 806 806 806 806 760 637 637 792 637 734 734 734 734 734 734 734 734 699 699 699 698 698 626 626 626 616 616 641 641 616 616 616 570 577 577 570 570 570 570 548 548 548 518 518 496 513 513 507 486 486 474 474 437 437 437 437 444 437 302 302 302 302 302 302 302 302 302 340 340 340 329 329 329 267 316 267 267 283 283 284 253 253 189 189 214 214 214 214 120 120 120 120 158 158 158 158 132 132 132 132 120 77 103 77 77 4 4 4 4 4 4 4 4 4 4 
989 920 920 919 919 919 965 959 920 920 920 920 920 886 886 904 886 893 825 825 853 853 825 825 825 839 806 824 806 760 760 637 637 637 778 734 734 734 734 734 734 734 699 716 699 699 699 626 626 626 616 616 641 641 616 616 616 570 600 570 570 571 571 548 548 548 548 496 496 496 513 507 507 486 486 478 414 414 414 437 437 437 437 302 302 302 413 388 388 388 375 302 302 329 329 329 329 329 267 316 267 267 283 283 267 267 253 189 189 214 214 214 214 120 120 120 120 171 171 158 158 120 120 120 120 120 77 77 77 4 4 4 4 4 4 4 4 4 4 5 
920 920 920 920 920 959 959 959 920 886 886 886 920 920 886 886 886 825 825 825 853 853 853 853 825 839 806 806 806 760 760 637 637 637 637 734 734 734 734 742 734 734 699 699 699 700 700 626 626 626 657 616 616 616 616 616 618 570 570 570 570 571 571 548 548 496 496 496 496 527 513 507 497 497 478 478 414 466 414 414 437 437 438 302 302 413 413 388 388 375 375 302 302 329 329 329 329 329 267 316 267 267 267 267 267 253 253 189 189 189 189 214 214 200 200 120 120 171 120 120 120 120 121 121 121 121 77 77 100 4 4 4 4 4 4 4 4 5 5 5 
920 920 920 987 920 920 920 920 920 886 905 886 886 886 886 886 886 825 825 825 749 749 749 749 825 825 825 825 760 760 801 637 793 637 637 734 734 637 637 742 734 734 699 699 699 699 688 688 626 626 657 657 650 616 616 616 605 605 570 570 570 571 571 548 548 496 496 496 496 527 513 507 497 497 478 478 414 414 414 414 414 414 414 414 414 413 413 388 388 375 376 302 352 352 352 346 329 329 267 267 267 267 285 285 285 253 253 189 189 238 189 189 215 200 201 120 120 120 120 120 120 154 121 121 133 104 104 104 57 57 4 4 4 4 4 33 33 5 5 5 
960 960 960 960 907 907 907 907 886 886 905 905 905 905 905 905 886 825 825 749 749 749 749 749 826 826 826 826 760 760 760 637 793 637 637 637 637 637 637 637 688 688 699 699 699 699 688 689 626 626 626 626 650 626 626 626 605 496 496 578 578 578 571 548 548 496 539 539 513 513 513 507 507 478 478 478 467 467 414 456 431 431 431 431 414 414 414 388 388 375 375 302 352 346 346 346 329 329 267 267 267 267 225 225 225 225 225 254 189 238 189 189 215 200 200 120 120 120 120 120 120 121 121 121 133 104 113 57 57 57 71 71 4 4 4 19 19 5 5 6 
960 960 960 960 907 966 966 907 886 905 905 905 905 905 913 886 886 825 825 749 749 749 749 749 749 749 749 827 760 760 760 637 637 637 761 761 761 757 637 637 688 688 688 717 704 704 688 689 496 496 496 626 626 626 496 496 496 496 496 578 578 578 571 548 548 496 539 513 513 528 487 487 507 478 478 478 467 467 414 431 431 431 431 370 370 370 370 402 375 389 375 302 352 346 346 346 302 302 267 267 267 302 225 268 268 268 225 225 225 238 189 189 189 200 200 120 120 120 120 120 120 121 121 80 80 104 113 57 57 57 71 34 34 34 34 19 19 19 5 5 
960 960 960 960 907 907 967 907 886 905 905 905 906 906 913 886 886 825 825 879 749 749 749 749 749 749 749 827 807 807 637 637 637 637 761 637 637 757 637 637 688 688 688 717 704 688 688 689 496 496 496 496 496 496 496 496 496 606 496 578 578 578 571 571 564 496 539 513 528 528 487 487 487 487 487 414 414 414 414 431 445 445 370 370 370 370 370 402 375 375 375 302 302 357 302 302 302 302 267 267 302 302 225 225 225 255 255 255 225 225 225 225 189 189 159 159 159 120 120 159 159 121 121 80 80 80 80 57 57 57 71 34 34 34 34 19 19 19 19 5 
996 960 960 960 979 907 907 907 886 886 886 886 906 906 854 854 854 854 879 879 749 749 749 849 849 749 749 749 807 807 637 637 637 749 749 637 637 637 637 637 688 688 688 688 704 688 688 606 496 496 496 496 496 496 619 619 619 606 496 496 496 578 578 564 564 496 513 513 528 528 487 487 459 459 459 414 414 431 431 431 445 445 370 370 370 370 370 375 375 375 370 370 302 302 302 341 341 302 302 317 302 225 225 225 225 255 255 255 225 225 225 216 216 189 189 189 159 172 172 159 144 144 80 80 122 122 80 57 78 78 71 71 34 34 34 19 19 27 5 5 
996 960 960 960 960 960 907 907 907 907 941 886 906 906 854 854 898 854 879 880 749 749 749 749 749 749 749 749 807 807 637 637 637 749 749 637 762 637 637 688 688 688 688 688 704 704 688 606 496 496 496 496 496 496 606 606 606 606 496 496 496 583 564 564 496 496 513 513 513 529 487 487 459 459 459 459 414 414 414 414 445 445 370 370 370 370 370 375 375 375 370 310 310 310 310 318 318 302 302 302 302 225 225 225 225 191 191 191 225 225 225 216 217 168 168 190 159 159 159 159 144 144 80 80 80 80 80 57 57 78 78 65 65 57 34 34 34 5 5 7 
996 996 960 960 960 960 907 907 907 907 941 886 906 906 906 854 898 854 879 749 749 749 749 749 749 749 830 807 807 807 637 796 637 749 749 637 637 637 637 688 688 688 688 688 688 688 688 606 606 606 606 606 606 606 606 606 606 607 496 496 496 496 564 496 496 513 513 513 513 529 487 487 508 459 459 459 459 459 459 414 446 446 423 423 423 423 370 370 370 370 370 310 358 310 310 318 318 302 302 302 309 269 269 269 269 269 191 191 191 191 231 191 191 168 168 168 168 168 168 168 144 144 144 80 80 123 114 57 57 79 79 65 65 57 34 34 34 5 5 5 
997 997 960 960 960 960 960 960 907 907 941 886 886 906 906 854 854 854 854 749 749 749 840 840 840 749 830 807 807 807 637 637 637 749 749 749 758 758 637 637 637 637 637 637 637 637 637 690 678 606 606 637 637 606 606 606 606 499 499 499 499 496 496 496 496 513 513 513 479 479 508 508 508 459 459 475 475 414 414 414 446 446 423 423 423 423 370 370 370 370 370 310 358 310 310 318 318 318 318 318 269 269 269 269 269 191 191 191 191 191 191 191 191 168 168 168 168 168 168 168 145 145 145 80 114 114 114 57 57 57 57 57 57 57 34 34 34 5 5 5 
908 908 960 960 961 961 961 961 907 907 907 932 886 906 906 854 854 854 854 854 854 840 840 840 840 749 749 808 808 808 637 637 749 749 749 749 763 718 718 637 637 637 637 637 637 691 637 637 678 637 637 637 637 637 637 608 608 499 499 593 499 499 496 496 496 555 513 513 479 479 479 479 488 488 488 475 475 414 403 403 446 446 403 403 403 423 370 370 370 370 370 310 358 358 310 310 310 310 310 310 269 269 269 269 269 191 191 191 226 226 226 226 191 168 168 168 168 168 160 160 145 89 89 80 114 114 80 80 57 57 72 72 20 20 20 40 35 5 8 8 
908 908 908 908 961 961 961 961 952 907 907 932 886 886 906 854 854 854 885 854 854 840 863 840 840 840 749 808 808 809 749 749 749 786 749 749 763 718 718 718 718 718 718 637 637 691 701 637 637 637 637 637 642 642 608 608 608 608 499 499 499 499 555 555 555 555 513 513 479 479 479 479 488 488 488 479 414 414 432 403 446 446 403 432 403 403 403 403 370 370 371 310 310 310 324 324 324 324 324 310 310 269 269 269 269 193 193 193 193 183 183 227 191 168 168 168 173 173 160 160 160 89 89 80 124 124 80 80 57 57 72 72 20 20 20 35 35 5 8 8 
908 908 908 908 952 952 952 952 952 907 942 926 926 886 906 854 854 885 885 854 854 840 840 840 850 749 749 749 749 749 749 779 779 749 749 749 749 749 749 743 727 727 718 637 637 691 691 691 637 637 658 658 642 642 608 572 572 609 572 572 572 499 555 555 499 499 549 513 479 479 479 479 479 479 479 479 414 468 432 403 403 403 403 432 404 404 404 404 371 371 371 310 310 310 324 324 324 325 325 209 209 209 209 290 193 193 193 193 193 183 183 183 191 191 191 191 173 173 160 160 89 89 89 80 80 80 80 80 88 88 20 20 20 20 20 35 5 5 8 8 
908 908 908 908 952 952 968 907 907 907 942 926 926 886 906 906 854 854 854 854 854 854 854 854 749 749 749 749 810 810 802 779 779 749 749 749 749 728 728 743 738 727 718 718 702 702 702 670 670 670 608 608 608 608 608 572 572 572 572 594 572 499 499 555 499 499 499 513 479 479 479 514 414 414 480 480 414 468 432 432 432 403 403 432 405 405 405 405 371 371 371 310 310 310 342 342 342 325 325 209 209 209 209 193 193 270 193 193 193 183 183 183 202 202 202 183 183 173 173 160 89 89 89 89 89 89 115 80 88 88 20 73 20 20 35 35 5 5 5 5 
908 908 908 975 975 952 952 907 907 907 926 926 926 886 886 886 886 886 886 864 864 864 854 854 749 749 749 819 810 810 802 779 779 779 749 749 764 728 728 743 738 727 718 718 702 702 702 670 670 670 608 610 610 608 608 572 572 572 594 594 572 572 499 499 499 540 499 499 499 479 479 414 414 414 480 414 414 432 432 432 432 432 432 432 405 405 406 406 371 371 371 371 310 310 342 342 209 209 209 209 209 209 209 193 193 270 193 256 193 183 183 183 183 202 202 183 134 134 134 160 160 89 89 89 89 89 115 80 20 20 20 20 20 20 20 41 20 20 20 5 
908 990 908 908 975 975 952 952 952 907 926 921 921 921 914 886 886 864 864 864 864 864 854 854 749 749 819 819 802 802 802 779 779 779 779 764 764 728 728 728 738 727 727 608 608 608 608 608 608 608 608 610 610 608 608 608 620 572 594 594 588 572 499 499 565 540 540 540 499 519 519 414 414 414 414 414 447 432 432 432 453 405 405 405 405 405 405 372 372 371 371 372 209 209 209 209 209 330 209 209 209 209 209 291 193 193 193 256 193 183 183 183 183 183 183 183 134 134 134 134 134 134 89 89 89 89 80 80 20 20 20 20 20 20 20 41 20 20 20 5 
908 990 990 908 908 908 908 952 952 907 907 921 914 914 914 907 899 864 864 864 864 864 864 820 820 819 819 828 802 802 802 779 779 779 779 764 728 728 750 728 728 728 728 608 659 659 679 679 659 659 659 610 610 608 608 608 620 572 601 588 588 572 572 572 541 541 541 541 499 499 414 414 414 414 414 481 447 447 447 447 453 405 405 405 405 424 405 372 372 372 372 372 209 209 209 331 331 296 296 296 209 209 209 291 286 193 193 256 193 193 228 228 218 203 203 192 134 134 134 134 134 134 89 89 89 89 80 80 80 80 80 58 58 58 20 20 20 20 20 5 
908 990 990 908 908 976 908 908 908 908 907 907 914 907 907 907 899 864 864 864 865 865 865 820 820 819 819 819 819 802 802 779 779 728 728 764 728 750 750 744 739 608 608 608 659 659 679 679 659 659 659 659 610 610 610 610 610 572 572 588 579 579 572 572 541 541 541 541 536 499 414 414 414 498 414 447 447 447 447 447 453 405 405 405 405 424 405 405 364 364 364 364 364 209 209 331 331 296 296 296 303 303 209 209 286 271 239 239 244 193 228 218 218 192 192 192 134 134 134 134 134 134 89 89 89 116 116 89 89 89 81 58 28 28 28 20 20 20 20 5 
908 998 980 980 980 976 908 908 908 908 907 907 907 907 907 907 899 864 864 864 855 855 855 855 820 819 819 802 802 802 728 728 728 728 728 728 728 739 739 744 739 608 608 608 659 659 679 679 659 659 627 627 627 627 610 610 610 610 572 572 579 579 550 550 550 550 550 536 536 499 499 414 414 498 414 447 447 447 460 447 447 447 405 405 405 405 405 405 364 390 209 209 209 209 209 331 331 296 296 296 303 296 296 209 286 271 239 239 239 193 228 218 219 193 193 193 134 134 134 134 134 134 89 89 89 89 89 89 81 81 81 58 28 5 5 5 5 5 5 5 
908 908 980 976 976 976 908 962 908 908 907 907 907 907 881 881 899 881 881 881 855 855 866 820 820 820 820 802 802 802 728 728 728 780 780 728 728 739 739 739 739 608 719 705 705 659 679 679 659 659 627 627 627 627 627 627 572 572 572 572 579 579 550 550 556 550 550 536 536 530 499 414 414 414 414 447 447 460 460 447 447 447 407 407 407 407 407 407 364 390 209 373 209 209 209 347 331 296 296 303 303 296 297 209 209 271 239 239 239 193 193 218 193 193 204 194 178 178 134 161 161 134 134 134 134 105 105 105 81 81 58 58 28 5 5 5 5 5 9 9 
999 908 976 976 981 908 908 962 908 908 907 907 907 907 881 881 881 881 887 855 855 855 866 820 820 820 820 820 820 728 728 780 780 780 765 765 765 739 739 739 739 608 719 705 705 659 659 679 679 659 667 627 627 643 628 628 572 572 572 572 579 579 579 550 556 556 520 520 520 530 499 499 499 499 489 447 447 460 447 447 447 447 407 407 407 407 407 407 364 390 209 209 365 209 209 347 331 331 296 296 296 296 258 258 209 209 209 239 239 239 193 193 193 194 194 194 178 179 134 134 134 134 134 134 135 105 105 105 81 81 58 58 28 28 48 5 5 5 9 9 
999 908 976 976 981 908 908 908 908 908 907 907 907 881 881 881 881 841 841 855 855 855 841 841 841 841 831 728 728 728 728 765 765 765 765 608 608 608 608 608 739 608 719 719 705 659 659 679 679 659 651 660 651 628 628 595 595 595 595 595 589 579 579 550 556 556 520 542 520 530 520 489 489 489 489 447 447 447 447 448 448 448 407 407 407 407 311 311 364 364 364 209 209 209 332 332 332 332 319 319 258 258 258 258 258 258 209 209 209 232 232 169 169 169 169 195 178 106 106 106 106 106 134 134 134 105 105 106 81 90 58 58 28 28 28 28 28 28 9 9 
999 908 908 976 933 933 953 953 953 908 908 908 908 881 881 881 841 841 841 841 841 841 841 841 841 831 831 728 728 811 728 765 765 765 765 608 661 661 751 608 739 608 720 705 705 659 659 692 659 659 651 651 651 628 628 595 595 595 595 589 589 579 579 550 550 550 520 542 520 520 520 489 489 500 490 447 447 447 448 448 448 448 407 407 407 407 311 311 311 311 364 364 311 311 332 332 332 333 319 319 258 258 258 258 258 258 262 257 209 232 232 169 169 169 169 169 178 106 106 106 162 106 134 134 134 106 106 106 81 90 58 58 28 28 28 29 29 29 9 9 
999 999 908 933 933 933 933 933 933 933 908 908 908 908 908 908 841 841 841 841 874 841 841 831 831 831 832 728 728 811 728 728 765 765 765 608 661 661 608 608 608 608 720 705 705 705 659 659 659 671 651 651 595 595 595 595 595 595 595 589 573 573 573 573 550 550 520 520 520 520 520 489 489 500 490 447 447 447 448 448 439 439 439 407 407 407 311 394 394 311 311 311 311 311 332 332 332 319 319 319 258 258 258 258 257 257 262 257 209 232 232 169 169 169 169 169 169 106 106 106 106 106 138 138 106 106 107 107 81 90 59 59 59 59 49 29 9 9 9 9 
908 908 908 933 933 933 933 954 954 933 943 933 915 915 915 841 841 841 841 841 841 831 831 831 831 831 831 728 728 811 728 728 765 765 765 608 661 661 608 608 608 721 720 720 680 680 680 680 680 595 595 595 595 595 595 595 595 595 595 589 573 573 573 573 550 520 520 520 520 489 489 489 500 500 490 469 469 469 448 448 439 439 433 433 407 407 311 311 311 311 377 311 311 311 311 311 311 319 319 319 258 304 257 257 257 257 262 257 209 232 232 169 169 169 169 169 169 106 106 106 106 106 138 138 106 107 107 107 81 59 59 59 59 60 49 29 9 9 9 9 
915 908 908 988 933 933 933 954 954 933 933 933 915 915 915 841 841 841 841 841 841 831 831 831 831 831 831 728 728 728 728 781 781 781 781 608 661 661 661 661 661 721 721 721 680 680 680 693 595 595 595 595 595 595 595 595 595 595 595 589 589 573 573 550 550 520 520 520 520 489 490 490 490 490 490 469 461 461 461 439 439 439 433 433 391 391 391 391 391 311 377 311 353 311 311 320 311 311 311 311 258 304 257 257 257 257 257 257 209 233 233 169 169 169 169 169 169 169 169 169 106 106 138 138 106 107 117 107 81 59 59 59 59 60 49 29 9 9 9 9 
915 988 988 988 956 956 933 954 954 915 915 915 915 915 915 841 841 841 841 841 841 831 831 728 728 831 831 728 821 787 787 781 781 781 782 608 608 709 709 709 661 661 661 722 661 661 680 680 595 672 595 595 595 629 629 595 595 580 580 580 550 550 550 550 551 551 551 520 520 489 490 490 509 469 469 469 461 461 439 439 439 439 391 391 391 408 391 391 391 311 311 311 353 353 353 320 320 320 311 311 258 258 258 257 257 258 258 258 209 209 209 209 209 209 169 169 169 169 169 169 106 139 139 139 106 107 107 107 81 59 59 59 59 49 49 29 29 30 10 10 
915 915 915 956 956 956 933 955 955 915 915 915 916 915 915 882 888 888 888 856 856 856 831 728 728 728 728 728 728 787 787 797 781 781 782 608 608 709 709 709 661 661 661 661 661 661 694 694 595 672 661 661 652 629 629 629 580 580 580 580 550 550 550 550 449 449 449 520 520 489 489 490 490 469 469 391 391 391 439 391 391 391 391 391 391 408 408 408 391 391 366 366 334 334 354 334 334 320 311 311 311 258 258 258 258 258 229 229 229 229 229 229 196 196 196 196 163 163 163 163 106 139 139 139 106 125 107 107 81 91 29 29 29 49 42 42 29 30 10 11 
1000 1000 915 956 982 956 969 955 955 915 915 915 916 915 915 882 888 888 856 856 856 856 831 728 728 728 728 728 728 812 787 781 781 787 772 772 709 709 709 709 709 709 709 661 661 661 661 661 661 672 661 652 652 611 611 611 580 580 580 590 590 550 550 449 449 449 449 449 449 449 489 489 490 490 469 391 391 391 391 391 395 391 391 415 415 415 415 395 395 366 366 366 334 334 354 334 334 320 320 320 258 258 258 258 272 272 229 229 229 229 155 155 196 196 163 163 163 163 163 163 106 106 139 139 106 125 108 108 81 81 29 66 29 29 42 42 29 29 10 11 
1000 1000 915 956 982 956 956 956 915 915 915 915 916 922 916 882 894 894 856 856 856 871 831 728 728 728 833 728 728 728 787 787 787 787 772 772 709 709 709 695 695 695 709 709 709 681 681 681 661 661 661 652 652 611 630 611 611 580 580 580 580 580 580 449 566 449 449 449 493 449 449 489 489 489 469 469 391 391 391 391 395 415 415 415 395 395 395 395 396 366 378 366 334 334 334 334 334 334 320 320 258 258 258 292 272 272 155 155 155 155 155 155 220 196 163 180 180 180 163 163 163 106 106 106 106 125 108 108 82 82 29 66 66 29 29 29 29 29 10 11 
915 915 915 956 982 956 956 956 915 915 915 934 916 916 916 882 894 894 856 856 856 856 831 831 831 728 728 728 822 728 728 728 728 695 695 695 695 695 695 695 695 695 710 710 710 681 681 681 681 661 661 652 652 611 630 630 611 580 580 580 580 580 581 449 566 449 449 493 493 531 449 501 489 489 491 391 391 391 391 391 395 415 395 395 395 395 395 396 396 366 378 366 334 334 334 334 334 273 273 273 273 273 273 273 273 273 155 155 155 155 155 155 155 196 163 163 163 163 163 163 163 106 106 106 106 125 108 108 82 82 29 29 29 29 29 43 29 29 10 10 
915 956 956 956 982 956 956 956 915 915 915 875 875 875 875 882 882 882 882 882 875 856 856 856 788 842 728 728 813 813 728 728 728 695 695 759 759 759 711 711 695 695 695 695 695 695 695 695 652 652 652 652 611 611 630 630 611 611 580 580 580 580 449 449 449 449 449 493 537 449 449 501 489 489 391 391 391 391 454 454 395 395 395 395 395 395 395 396 396 366 378 366 366 326 326 334 334 273 273 273 273 273 263 263 273 273 155 155 240 240 155 155 155 196 196 196 181 181 125 125 125 146 146 125 125 125 82 82 82 82 29 29 29 29 29 29 10 10 10 10 
915 956 956 956 956 956 956 956 956 915 915 875 875 923 875 875 875 875 875 875 875 857 857 857 788 695 695 695 813 695 695 695 728 728 695 759 759 711 711 711 723 723 723 723 711 652 652 652 652 673 611 611 611 612 612 621 621 584 584 584 584 584 449 449 449 543 449 493 537 449 521 501 489 489 391 391 391 454 454 454 454 395 395 416 416 416 416 366 366 366 378 366 366 326 326 334 334 334 273 273 312 273 298 263 263 263 263 155 240 240 155 155 221 210 181 181 181 125 125 125 125 125 125 125 126 82 82 82 50 82 82 50 50 29 29 29 10 10 10 10 
915 915 915 915 915 915 915 915 915 915 935 935 875 923 875 875 875 875 875 883 876 857 857 857 788 695 834 695 695 695 783 695 695 695 695 759 759 711 711 711 711 711 711 711 711 652 652 652 673 673 611 612 612 612 612 621 622 584 584 584 584 585 543 543 567 543 493 493 537 449 449 501 501 501 482 482 454 454 454 454 326 326 326 326 366 366 417 366 397 366 366 366 367 326 326 334 334 334 273 273 312 273 298 263 263 274 155 155 240 240 155 155 210 210 181 181 181 125 125 125 125 125 147 126 126 82 82 82 50 50 50 50 50 50 50 10 10 10 10 10 
915 915 991 983 983 915 915 963 875 875 875 936 875 875 875 875 875 875 875 883 876 857 857 857 788 695 695 695 814 814 783 783 783 783 783 766 766 711 711 711 711 711 711 711 712 652 652 652 652 611 611 612 612 612 638 621 621 584 584 584 584 585 543 543 543 543 493 493 493 493 449 515 492 492 482 454 454 454 454 454 326 326 326 326 366 366 417 366 366 366 379 366 326 326 326 334 334 326 326 273 273 273 298 263 263 155 155 234 234 234 155 155 210 181 181 84 84 127 127 127 147 147 147 126 126 126 51 51 74 74 67 67 67 51 51 10 10 10 10 10 
991 991 991 983 983 875 875 875 875 927 875 875 875 875 875 875 875 875 876 876 876 788 788 788 788 695 695 695 814 814 664 664 664 784 784 766 711 711 752 711 711 711 711 711 712 652 652 652 652 611 611 653 653 612 612 612 621 612 557 557 585 585 543 543 543 543 543 543 493 493 449 449 492 492 492 454 454 454 454 326 326 326 326 326 366 366 366 366 366 366 366 366 326 326 326 348 326 326 155 155 155 155 155 155 155 155 245 234 234 234 234 155 210 181 84 84 84 84 84 127 127 127 136 136 136 127 51 51 51 74 67 67 67 51 52 10 10 10 10 10 
991 944 944 983 983 875 875 875 875 927 927 927 927 909 909 909 876 876 876 876 876 788 788 788 788 843 803 803 664 664 664 798 664 664 664 766 711 711 711 711 711 711 711 724 652 652 652 652 652 662 611 613 613 613 613 612 612 612 557 557 585 585 544 544 544 543 543 544 493 522 522 449 449 449 449 449 454 454 454 326 326 326 326 326 366 366 366 409 366 366 326 326 326 326 326 348 326 335 155 313 313 155 155 155 155 275 245 259 230 230 230 155 155 181 84 148 148 148 148 164 164 127 127 127 127 127 51 51 51 74 83 74 51 51 52 10 10 10 10 10 
991 944 944 944 984 875 875 875 875 948 909 909 909 909 909 909 876 876 876 876 858 858 788 843 843 843 803 803 803 798 798 798 664 664 664 753 753 753 711 711 711 724 724 724 652 652 652 652 652 662 611 613 613 613 613 557 557 557 557 557 591 585 544 544 544 544 544 544 493 522 522 493 493 449 449 449 449 454 454 326 326 434 326 326 418 418 418 326 326 326 326 368 368 326 326 326 326 335 313 313 305 305 245 245 245 245 245 259 230 230 230 230 155 181 84 148 148 148 148 148 148 148 148 51 51 51 51 51 51 74 74 74 51 52 52 10 10 10 10 12 
991 944 992 944 944 875 875 944 944 948 909 909 909 909 909 909 876 876 876 876 858 858 788 788 788 788 803 803 803 798 798 798 664 664 664 753 753 753 753 663 729 724 724 724 663 663 682 682 682 662 662 662 654 613 557 557 613 613 557 557 585 585 544 544 450 450 450 493 493 493 493 493 493 449 449 457 449 449 449 449 449 434 434 326 326 326 326 326 398 368 368 368 326 326 355 326 335 335 313 313 305 305 245 245 245 259 259 259 230 230 230 230 155 181 84 84 84 84 84 84 84 84 149 51 51 51 51 51 51 51 51 51 51 52 44 44 10 10 21 12 
944 944 944 944 944 970 970 944 944 944 944 909 909 909 909 876 876 889 889 876 858 858 858 858 788 788 788 788 803 803 803 788 788 788 664 740 740 740 740 663 729 729 729 663 663 663 663 663 663 663 663 663 654 613 613 613 613 557 557 585 585 574 574 574 450 450 450 493 493 493 516 516 493 493 493 457 457 457 457 449 449 449 434 434 326 326 392 392 392 392 369 369 326 326 326 326 335 293 293 313 305 305 245 245 245 245 245 245 230 230 230 230 155 155 155 84 84 84 84 84 165 84 84 51 51 84 84 92 92 92 84 51 51 44 44 12 12 12 12 12 
944 993 944 944 944 970 970 944 944 937 937 937 876 876 876 876 900 876 876 876 858 858 858 859 788 788 788 788 788 788 788 788 664 664 664 740 740 740 740 663 663 663 663 663 664 664 683 683 683 663 663 654 654 639 639 623 623 557 557 557 557 574 574 574 450 450 450 450 450 450 516 516 450 450 450 450 450 470 457 449 449 449 369 369 369 369 369 369 369 369 369 369 369 293 293 293 293 293 293 293 314 306 241 241 287 264 264 245 230 230 235 185 185 211 155 184 184 84 174 84 165 155 84 140 84 84 84 84 84 93 84 53 53 53 14 12 12 12 12 12 
944 993 993 944 944 971 971 944 944 937 937 876 876 876 876 876 876 876 867 867 858 858 859 859 746 746 746 746 815 815 664 664 664 664 664 773 740 740 740 745 740 730 730 664 664 664 654 654 654 674 654 654 655 639 639 623 596 596 602 596 557 574 574 574 450 450 450 450 450 450 516 516 450 450 450 450 450 450 457 457 449 449 369 435 369 369 419 380 380 380 380 369 369 293 349 349 293 293 293 293 293 306 241 241 287 264 264 245 245 185 185 185 185 185 155 155 155 84 84 84 155 155 84 140 84 94 94 109 84 84 84 53 53 53 14 14 36 12 12 12 
944 944 944 944 944 944 944 944 944 937 937 876 876 876 910 910 867 867 867 867 858 858 859 859 746 746 746 746 815 815 664 664 664 664 664 773 740 740 740 745 740 730 730 664 664 664 654 654 654 674 654 654 623 623 623 623 596 596 596 596 557 586 574 574 568 450 450 450 450 510 510 510 510 450 476 476 476 450 450 450 450 450 369 369 380 380 380 380 381 380 380 369 369 293 349 349 293 293 293 293 293 241 241 287 287 276 246 246 246 185 236 185 185 185 155 155 155 175 175 155 155 84 84 140 84 84 94 94 94 94 68 68 68 53 53 14 14 14 14 13 
1002 944 944 985 944 944 944 944 944 938 938 938 928 910 910 911 867 867 867 867 867 867 859 859 746 746 746 746 746 789 789 789 789 789 664 664 740 740 740 740 740 664 664 664 664 706 654 654 654 654 654 654 623 623 623 596 596 614 596 596 557 557 557 557 568 450 450 484 450 510 450 450 450 450 360 360 360 462 462 369 369 369 369 369 380 380 410 410 381 380 380 337 337 293 350 350 293 293 293 293 293 241 241 276 276 276 246 246 246 185 185 185 185 185 185 185 155 155 155 155 166 84 84 140 84 84 68 68 68 95 68 53 53 53 53 37 37 14 14 13 
985 985 985 985 861 861 944 944 944 938 938 928 928 910 895 895 867 867 884 884 867 867 867 746 746 746 746 746 746 789 774 774 774 774 774 664 664 664 664 741 741 664 714 714 664 664 664 664 684 675 644 644 644 596 596 596 614 614 596 596 557 557 582 557 557 557 484 484 450 450 450 502 502 502 360 360 360 462 462 369 369 369 369 369 425 425 410 410 381 380 380 337 337 293 293 293 293 321 321 321 293 241 241 276 276 277 246 246 246 185 185 185 185 185 185 185 185 155 155 128 128 128 84 84 84 68 68 110 68 68 68 53 61 61 53 37 37 14 14 13 
985 985 985 985 985 861 944 944 944 949 928 928 929 910 895 895 895 867 867 867 867 860 860 746 746 746 746 789 789 789 774 774 790 774 774 774 746 746 664 664 664 664 714 713 713 664 664 664 675 675 644 644 644 596 596 631 614 614 596 596 552 552 582 552 552 558 484 545 523 523 523 502 360 360 360 360 463 463 463 458 369 369 369 369 425 426 420 381 381 381 381 337 337 337 337 321 321 321 293 293 293 241 241 276 276 246 246 246 246 185 237 185 185 205 205 197 128 128 128 128 156 128 141 141 68 68 110 110 75 75 75 53 53 53 53 45 14 14 14 13 
994 994 994 986 986 861 964 964 928 928 928 929 929 910 895 895 895 895 861 861 861 860 860 860 746 746 746 789 789 789 804 774 790 790 774 774 746 746 746 746 714 714 714 713 713 664 664 664 675 644 644 644 644 644 596 596 596 596 603 596 552 552 552 552 552 558 484 484 523 502 502 502 360 360 360 360 360 458 458 458 369 369 369 369 425 420 420 381 381 381 337 337 359 359 337 321 321 321 293 293 293 307 241 276 276 246 241 241 241 185 237 205 205 205 206 197 128 170 128 128 156 128 128 128 68 68 68 111 75 75 75 75 45 45 45 45 14 14 14 14 
994 994 994 986 861 861 861 861 861 861 945 929 929 910 861 861 861 861 861 861 861 860 860 860 746 746 746 789 789 789 804 774 774 774 774 746 746 747 747 747 714 714 714 713 713 664 664 664 675 644 644 644 645 624 624 624 624 596 596 596 552 559 559 575 552 552 552 484 484 502 524 511 511 360 360 483 360 458 369 369 369 369 369 369 425 420 411 411 382 382 337 337 337 337 337 337 293 293 293 293 293 293 241 278 278 278 241 241 241 185 185 205 205 205 198 198 128 170 170 170 156 156 150 128 128 128 68 111 45 96 45 45 45 54 54 38 38 22 22 15 
986 986 986 986 861 977 861 957 957 861 861 861 861 910 861 861 896 896 861 861 872 872 860 860 746 816 816 816 816 816 746 746 746 746 746 746 767 747 747 747 714 714 714 714 714 664 664 664 675 664 664 664 645 624 624 624 597 597 596 596 552 559 559 559 559 484 484 484 484 502 511 511 503 503 494 360 360 458 369 369 369 369 369 369 425 420 411 411 382 382 382 337 337 337 293 293 293 336 327 293 315 293 241 241 241 241 265 241 241 241 185 185 185 212 198 198 128 150 150 150 150 150 150 68 68 68 68 111 45 45 45 54 54 54 38 38 38 22 15 15 
986 986 986 861 861 977 861 957 912 912 912 912 861 861 861 861 896 896 861 861 861 861 868 746 746 816 816 816 816 816 746 799 746 746 775 775 731 731 731 731 735 735 731 715 715 664 664 664 664 664 664 664 645 624 624 624 597 597 597 597 552 559 559 559 559 484 484 484 502 502 525 494 494 494 494 360 458 458 464 360 360 360 360 360 360 420 411 411 360 360 383 337 337 337 293 293 293 293 327 293 315 293 293 293 241 241 241 241 247 128 128 128 128 128 128 198 128 150 150 150 150 150 151 68 68 68 68 54 54 54 54 54 54 54 38 38 38 31 15 16 
986 986 986 861 861 861 861 957 912 912 912 912 912 912 861 861 873 873 873 873 877 861 861 746 746 746 746 746 746 746 746 799 746 746 775 775 731 731 731 731 731 731 731 715 715 685 685 685 664 664 668 664 645 624 624 624 597 597 597 597 552 587 560 560 559 559 484 484 484 484 525 494 494 484 484 360 360 464 464 360 428 428 428 428 360 360 360 360 360 360 360 360 360 337 337 293 293 293 293 293 294 294 294 294 241 279 241 128 128 128 128 128 222 128 128 128 128 150 150 150 150 150 151 68 68 68 68 54 54 54 54 54 54 54 55 31 31 31 15 16 
986 986 986 861 861 972 972 957 957 912 912 912 912 912 912 912 873 873 873 873 873 873 861 861 746 746 835 746 746 791 791 791 791 791 775 775 731 731 731 731 731 731 731 715 715 685 685 685 685 664 664 664 645 645 624 624 597 597 597 597 552 587 560 560 560 560 484 484 484 484 484 484 484 484 484 484 360 360 360 360 428 428 428 428 428 360 360 360 360 374 374 374 360 360 337 337 337 337 293 293 294 294 294 294 241 241 241 128 128 128 128 128 222 128 128 128 151 151 151 151 151 151 151 68 68 68 68 54 54 97 54 54 54 54 55 31 31 31 15 15 
