957 957 957 957 973 944 944 944 944 920 920 920 894 894 894 894 873 873 873 810 810 810 830 830 830 776 776 776 805 776 776 782 776 686 686 686 686 686 741 686 686 686 686 686 697 697 614 614 668 668 644 644 644 644 614 614 614 614 584 584 584 584 479 479 479 479 479 479 479 479 521 479 479 479 484 479 414 414 391 391 391 391 420 420 391 391 391 334 334 334 334 334 262 262 262 262 262 312 312 261 261 261 261 261 261 261 229 229 229 229 133 133 133 133 133 133 133 133 133 133 133 133 132 132 89 89 89 89 89 1 1 1 1 1 1 1 1 1 1 1 
957 957 957 957 973 944 944 944 944 920 894 894 894 873 873 873 873 873 873 810 810 810 776 776 776 776 776 776 805 776 776 776 776 686 686 686 686 686 686 686 730 686 686 686 697 697 614 614 668 668 644 644 614 614 614 615 615 615 584 570 584 584 479 479 479 479 479 531 531 479 479 479 479 479 479 479 414 414 391 413 413 391 420 391 391 334 334 334 334 334 334 334 262 262 262 334 262 261 261 261 292 292 261 261 261 261 229 229 229 229 133 214 177 177 184 184 71 71 71 151 151 133 133 133 89 122 71 71 71 1 1 1 1 1 1 1 1 1 2 2 
957 957 957 982 973 957 957 905 905 920 894 921 873 873 873 873 873 873 873 810 810 810 776 776 776 776 776 805 805 776 777 777 777 768 686 686 686 686 686 686 686 686 686 686 686 614 614 614 668 668 644 644 614 614 615 615 620 584 584 570 570 570 570 479 479 479 479 479 479 479 479 479 479 485 485 414 414 414 413 413 413 391 391 391 334 334 392 334 334 334 334 262 262 262 262 334 262 261 261 261 261 261 261 261 261 133 133 133 133 133 133 177 177 177 177 177 71 71 71 71 71 126 126 126 89 122 71 71 71 71 71 71 1 1 29 29 29 29 2 2 
957 957 957 957 973 957 958 905 905 920 894 894 873 873 873 810 810 810 810 810 810 810 810 810 810 810 776 776 776 776 777 777 777 768 686 686 686 686 686 686 686 686 686 705 686 614 685 614 614 669 614 614 614 614 615 615 615 584 602 523 523 523 571 479 479 479 479 479 479 479 479 479 498 414 414 414 414 414 413 413 413 413 413 413 334 404 392 334 334 334 334 262 262 262 262 334 262 261 261 261 261 261 261 261 261 133 133 133 133 133 133 177 177 177 177 177 71 71 158 158 71 126 126 126 89 122 71 71 71 71 67 67 67 59 29 29 29 17 17 3 
999 983 983 957 957 957 958 905 905 905 905 894 894 810 810 810 810 810 863 863 810 831 831 810 810 810 810 768 768 768 768 768 768 768 746 746 686 686 686 686 686 686 686 686 686 614 614 614 614 614 614 614 614 615 615 615 615 584 602 523 585 523 523 565 479 479 479 471 471 479 479 513 498 414 414 414 414 414 413 413 414 414 414 413 413 392 392 334 334 334 334 262 262 343 343 334 262 304 304 261 293 293 261 266 133 133 133 237 237 215 215 215 177 177 177 177 71 71 158 158 71 126 126 126 89 89 71 71 45 45 67 59 59 59 29 29 17 17 17 3 
983 983 983 968 968 968 905 905 905 905 905 894 894 810 895 895 810 810 863 863 810 831 831 831 816 816 810 810 768 768 783 783 746 746 746 746 686 686 686 686 686 686 686 686 686 686 686 614 673 614 614 647 647 615 615 615 621 602 602 523 585 585 523 523 544 479 479 471 471 471 471 513 498 498 471 471 471 414 456 414 414 427 414 413 413 392 392 334 381 334 334 358 358 334 334 334 262 304 304 261 261 261 261 266 133 133 133 237 237 215 215 215 177 177 193 177 177 71 71 71 71 126 126 126 126 89 89 71 45 45 45 59 3 3 29 29 17 17 17 3 
983 983 983 968 968 968 905 905 905 905 905 894 894 810 810 810 810 810 810 810 810 841 841 831 816 816 783 783 783 783 783 784 746 746 746 686 686 686 742 706 706 706 706 706 686 686 687 614 614 614 614 647 602 602 602 602 602 602 603 523 523 523 523 523 544 544 544 471 471 471 471 471 471 471 471 471 471 414 414 414 427 427 414 413 413 392 392 334 334 334 334 334 334 334 334 334 262 304 304 304 261 261 261 266 266 230 230 230 230 230 170 170 170 170 193 178 178 170 71 71 71 71 71 71 71 71 71 71 45 84 45 45 45 3 3 3 3 3 18 3 
983 983 983 983 968 968 905 905 905 905 905 912 912 810 810 810 810 856 856 856 856 841 841 831 816 816 783 783 783 783 783 769 769 746 746 686 686 686 742 706 706 706 706 687 687 687 687 614 614 614 647 647 602 602 602 602 603 603 603 523 523 523 523 552 552 552 545 487 487 487 504 504 504 486 486 442 442 442 442 442 427 427 414 414 414 392 392 336 336 336 334 334 335 335 335 335 262 262 305 305 261 261 261 230 230 230 170 170 170 170 170 170 170 170 178 178 170 170 71 71 71 71 71 127 127 45 45 45 45 68 68 68 45 45 3 3 30 3 3 3 
1000 922 922 984 905 905 905 936 936 936 905 905 905 810 810 810 810 856 856 856 856 817 817 831 831 816 816 783 783 783 783 769 769 746 746 746 746 734 734 706 706 718 687 687 614 614 688 614 614 614 647 648 602 602 602 627 603 604 604 523 546 546 523 552 545 545 545 487 487 487 487 486 486 486 486 442 442 442 442 442 442 427 427 336 336 392 392 336 382 336 336 336 335 335 335 319 319 262 262 262 282 282 282 230 230 230 170 170 170 170 170 170 170 170 178 178 170 170 134 134 71 71 71 111 111 45 47 47 47 68 68 68 68 45 45 45 30 3 3 4 
1000 922 922 922 905 905 905 922 922 922 922 922 905 905 810 810 887 856 856 864 857 817 817 817 817 817 817 806 806 769 769 769 769 769 746 746 746 734 734 734 687 687 687 614 614 614 614 614 614 647 647 648 602 602 602 627 603 603 523 523 546 546 523 523 545 545 545 487 487 487 487 486 486 486 486 457 457 442 442 336 336 336 336 336 336 393 393 336 382 336 336 335 335 344 344 319 319 319 262 262 262 262 262 230 230 230 170 170 170 170 170 170 170 170 194 170 170 170 134 134 103 103 111 111 111 45 45 45 47 68 68 68 68 46 46 46 30 30 4 4 
922 922 992 922 905 905 905 922 922 922 922 922 848 848 848 848 848 857 857 857 857 817 817 817 817 817 817 806 806 769 769 769 769 769 746 752 752 734 734 734 687 687 687 614 614 677 677 677 614 647 647 648 648 574 574 574 574 603 523 523 523 546 572 523 523 523 523 523 532 487 522 487 487 487 487 457 457 457 457 336 336 405 405 405 336 336 336 336 382 369 369 335 344 344 344 319 319 320 262 262 262 262 262 262 262 262 238 238 170 170 170 170 202 170 170 170 179 134 134 134 103 103 111 111 111 111 111 103 47 47 72 72 46 46 46 46 31 31 4 5 
922 922 992 922 922 922 959 922 929 929 848 848 848 896 896 896 848 848 848 848 858 848 817 817 817 806 806 806 806 797 769 785 769 769 746 734 734 734 734 687 687 687 687 614 614 677 677 677 614 647 647 574 574 574 636 574 574 603 523 523 523 546 546 546 546 546 546 523 532 487 487 487 499 499 472 472 270 270 270 270 336 405 405 405 405 405 382 382 382 369 369 335 344 344 344 306 306 306 306 262 262 262 267 262 262 238 238 238 238 170 170 170 202 202 170 170 134 134 134 134 103 103 103 111 111 111 111 103 47 47 72 72 46 46 46 46 31 31 4 5 
922 922 992 922 922 922 922 922 929 848 848 848 848 896 896 896 848 848 848 848 848 848 719 719 719 806 719 719 719 797 769 769 769 770 746 734 734 734 734 687 687 687 687 614 614 677 677 677 614 663 663 574 574 636 636 574 574 574 605 523 523 573 573 566 547 547 547 523 523 523 523 499 499 472 472 472 270 270 270 270 336 405 405 415 415 385 385 385 335 335 335 335 335 352 306 306 306 306 306 306 294 294 267 275 238 238 239 239 239 170 170 195 195 195 195 185 134 171 134 134 134 134 103 103 103 103 103 103 47 47 47 47 46 46 46 31 31 31 4 5 
922 922 922 922 922 969 929 929 929 848 848 848 848 859 859 859 848 848 848 848 848 849 719 719 719 719 719 811 719 719 769 769 770 770 746 758 746 746 719 719 719 719 687 687 614 614 614 614 614 663 664 574 574 636 574 574 574 574 605 523 523 573 566 566 547 523 523 523 523 523 523 499 505 472 472 472 472 270 270 270 336 336 336 415 415 385 385 385 335 335 335 363 335 335 306 306 306 321 306 306 294 294 267 267 238 239 239 239 239 185 185 185 185 185 185 185 134 134 134 159 152 134 134 134 128 103 103 90 90 47 47 47 46 46 46 31 31 4 4 5 
960 960 960 985 922 969 929 929 929 929 929 848 848 859 859 859 859 859 874 865 849 849 719 719 719 719 807 719 719 719 786 786 746 746 746 758 746 747 719 720 720 720 687 687 698 698 689 663 663 663 664 574 636 636 574 574 574 574 547 547 566 566 566 567 547 523 523 540 523 499 499 499 472 472 472 473 270 270 458 270 270 432 336 336 336 385 385 385 335 335 335 335 335 335 336 336 276 276 307 307 298 238 238 267 238 238 251 185 185 185 185 185 186 186 185 185 166 166 166 152 152 60 60 60 128 123 90 90 90 47 47 47 47 47 47 47 4 4 19 5 
960 960 960 985 922 922 922 922 945 913 913 848 848 906 859 859 859 859 859 865 849 849 719 719 719 719 807 719 719 719 786 787 746 746 746 746 746 747 719 720 720 720 687 687 687 689 689 663 574 574 574 574 574 574 574 574 574 547 547 547 547 547 547 547 547 553 523 523 523 499 499 499 472 472 472 473 270 458 458 450 270 270 270 421 336 336 336 336 335 335 335 335 335 336 336 276 276 276 276 276 298 238 238 267 267 238 238 185 185 185 225 167 167 186 186 186 166 166 166 153 153 60 60 60 60 123 90 90 90 47 47 69 69 47 47 4 4 19 19 5 
960 960 960 960 970 970 922 922 913 913 913 848 848 906 859 859 859 859 859 859 859 665 665 665 719 719 807 719 719 786 786 786 719 719 719 719 719 719 719 720 713 713 713 707 687 689 663 663 574 670 574 574 574 574 574 628 547 547 547 547 547 547 547 553 553 553 488 488 488 499 499 499 488 488 488 473 270 270 450 450 270 270 270 270 270 336 336 336 335 335 335 359 359 336 345 276 326 276 276 276 298 238 238 238 238 238 238 185 185 225 225 167 167 167 167 167 167 167 167 153 60 60 60 135 60 60 90 90 91 60 60 60 60 60 4 4 4 4 4 5 
960 960 974 960 960 960 922 922 913 937 913 913 913 884 884 884 884 859 859 859 859 665 665 665 719 719 807 807 719 786 786 786 719 719 719 759 719 719 713 713 713 707 707 707 687 687 663 663 574 655 655 655 574 574 622 547 547 547 547 547 547 574 574 553 553 553 488 524 488 488 488 488 488 489 489 473 473 270 450 270 270 270 270 270 270 336 336 383 383 335 335 359 336 336 345 276 326 276 276 276 298 238 238 238 238 238 238 238 185 167 167 167 153 153 153 153 153 153 153 153 60 60 60 60 60 60 104 104 91 60 61 4 4 4 4 4 4 4 4 5 
1001 974 974 974 974 960 960 952 913 913 913 913 913 884 884 884 884 884 859 859 859 665 665 665 665 665 807 807 719 719 794 719 719 719 719 719 719 719 713 713 707 707 708 708 687 687 663 663 574 655 655 574 574 574 622 547 547 547 598 598 574 574 575 488 488 488 488 524 524 524 524 428 428 428 490 473 473 270 270 270 428 428 428 270 270 406 336 336 336 336 359 359 336 336 345 276 276 276 276 276 276 295 238 238 238 238 252 238 185 197 197 216 153 196 196 153 153 172 153 153 60 60 60 91 91 91 91 91 91 60 61 4 4 4 4 4 4 4 5 5 
1001 974 974 974 975 952 952 952 913 913 885 885 885 885 885 885 885 885 866 866 839 839 839 839 665 665 807 807 807 719 719 719 760 719 719 719 719 719 665 665 707 665 665 665 687 674 674 674 574 655 655 574 574 574 622 622 622 574 574 574 574 488 488 488 488 488 428 428 428 524 524 428 506 428 428 428 428 428 428 428 428 429 429 270 270 270 394 336 336 336 336 336 336 336 345 276 276 188 188 276 276 295 238 238 268 185 185 238 185 197 197 216 153 153 153 153 153 153 160 160 144 144 60 60 60 60 112 60 60 60 61 61 61 61 4 4 4 32 5 5 
993 993 974 974 975 952 961 885 885 885 885 866 866 866 901 866 866 866 866 867 839 850 839 839 665 665 665 812 665 665 665 788 760 760 764 760 719 719 665 665 665 665 714 665 687 674 687 674 574 574 574 574 574 574 574 574 574 574 606 574 574 488 488 554 554 554 428 428 428 428 428 428 428 428 428 428 451 451 451 451 429 429 386 386 386 270 394 336 336 336 336 336 360 188 188 327 327 188 188 276 276 276 276 276 268 185 185 185 185 197 197 216 153 153 153 153 153 153 144 144 144 145 92 92 92 60 60 60 92 73 73 73 61 61 4 5 5 5 5 5 
993 993 993 952 952 952 885 885 885 885 930 866 914 866 866 866 832 832 839 839 839 839 832 832 832 665 665 665 665 798 665 665 665 760 760 760 665 665 665 721 714 714 714 665 687 687 687 674 674 574 574 574 616 574 574 629 574 574 488 488 488 488 488 534 534 534 428 428 428 428 428 514 428 428 428 428 451 451 459 429 429 433 386 422 386 270 270 336 370 370 370 336 188 188 188 188 188 188 188 188 188 188 276 276 268 185 240 185 185 197 197 217 153 153 153 153 153 144 144 154 154 92 92 92 92 124 92 92 92 73 77 62 62 62 5 5 38 5 5 5 
993 994 994 952 976 885 885 885 885 885 930 866 914 828 828 828 832 832 839 839 839 839 832 832 665 665 665 665 798 798 765 765 665 665 665 665 665 665 665 721 714 714 714 665 665 665 665 675 675 574 574 574 616 616 616 616 616 616 488 488 488 576 576 534 534 534 428 428 428 428 428 500 500 500 429 429 429 429 429 429 386 386 386 422 386 407 270 336 336 336 336 336 188 188 188 188 322 322 299 299 299 188 188 188 268 185 240 240 240 197 197 217 203 203 153 153 153 144 144 144 155 92 92 92 129 92 92 92 92 73 77 62 62 62 5 38 38 5 20 5 
952 952 952 952 976 885 885 885 885 885 828 828 828 828 902 828 832 832 832 868 832 832 832 832 665 665 665 813 798 798 765 765 765 765 765 721 721 721 721 721 690 690 690 690 690 690 665 665 665 665 665 541 541 541 616 616 616 616 488 488 488 488 577 534 534 534 533 533 533 428 500 500 507 429 429 474 474 452 452 452 386 434 422 422 386 386 270 336 336 270 270 270 270 270 270 270 322 323 299 299 299 283 283 188 268 185 185 185 185 197 197 197 203 203 153 153 153 173 144 144 155 92 92 92 92 92 54 54 54 73 54 54 63 63 5 5 39 5 5 5 
952 952 952 986 885 885 885 885 885 828 828 923 888 888 888 828 828 828 832 832 832 832 823 823 823 823 808 808 808 765 765 765 778 765 765 721 735 735 735 735 690 715 715 690 690 690 690 676 676 665 665 541 637 541 630 630 488 488 488 488 592 488 577 534 534 534 533 533 533 428 428 428 429 429 452 452 452 452 452 452 386 386 422 423 386 386 270 270 270 270 270 270 361 270 270 270 322 322 283 283 283 283 188 188 185 185 185 185 185 185 185 197 197 197 197 144 144 144 144 144 155 92 92 92 92 54 54 105 54 54 54 54 63 54 54 5 5 5 5 5 
952 952 952 885 885 885 885 946 946 828 828 923 888 903 888 888 851 851 851 832 832 832 823 823 808 808 808 808 808 765 765 765 766 766 766 721 721 721 721 721 690 690 690 690 690 690 690 676 676 541 541 541 637 541 541 488 488 488 488 488 488 488 577 534 534 534 534 534 515 515 515 515 429 429 429 429 429 429 429 429 443 386 422 422 386 386 386 386 270 270 270 270 361 337 337 270 322 322 283 296 296 296 188 188 185 185 244 244 185 185 185 185 208 197 197 144 144 144 144 144 113 113 113 113 130 54 93 93 93 54 54 54 54 54 33 33 5 21 21 5 
952 952 952 885 885 885 885 931 931 931 828 923 888 903 903 888 851 851 851 851 851 851 823 823 808 799 799 799 799 799 765 765 766 657 657 657 657 657 743 721 721 721 690 690 701 690 690 541 541 541 541 541 637 541 541 488 607 607 607 541 541 577 577 534 534 555 534 534 515 515 435 435 435 435 435 435 435 429 429 429 443 386 422 422 386 386 364 364 364 364 364 364 337 337 337 270 270 270 283 283 283 284 188 188 269 185 185 185 185 185 185 185 208 197 197 144 144 144 144 146 113 113 113 113 130 54 54 54 54 78 78 54 54 33 33 33 5 5 5 5 
952 952 952 952 952 931 931 931 931 931 828 828 888 888 888 888 888 851 851 851 851 852 808 808 808 824 799 799 800 800 766 766 766 657 657 657 657 657 657 657 657 657 657 690 690 690 541 541 541 541 656 656 637 541 607 607 607 608 608 541 541 541 541 541 541 555 534 534 534 435 435 491 491 435 435 480 435 429 429 429 386 386 422 416 416 364 364 371 371 337 337 337 337 337 337 270 270 270 283 283 283 284 188 188 269 185 185 185 185 231 144 144 144 144 144 144 144 144 144 146 113 113 113 113 113 113 113 106 54 54 54 54 33 33 33 33 6 6 6 6 
1002 952 952 952 952 931 931 931 931 931 931 828 915 888 888 888 888 851 851 851 851 824 824 808 808 824 799 799 800 800 766 709 709 709 657 657 657 657 678 678 678 678 657 702 702 541 541 541 541 541 637 637 637 541 607 607 607 541 541 541 593 586 492 492 541 541 541 541 535 435 516 491 491 491 491 475 435 435 460 429 386 386 386 416 416 364 364 371 337 337 365 365 337 337 346 270 270 324 283 283 283 284 284 188 188 188 188 231 231 231 144 144 144 144 144 144 144 144 144 146 146 146 113 113 113 113 113 106 94 33 33 33 33 33 33 48 6 6 6 6 
925 925 925 925 925 931 916 916 916 916 916 828 915 888 889 889 889 851 851 851 851 824 824 824 824 824 799 799 800 800 766 709 709 709 657 657 657 657 678 678 678 678 657 702 702 541 541 541 541 541 637 637 637 541 541 607 607 541 586 586 586 586 492 492 492 556 435 435 535 435 516 516 491 491 475 475 435 435 460 444 444 386 386 364 364 364 364 371 337 337 365 365 337 337 337 337 270 270 285 285 285 285 285 188 188 188 188 188 188 232 218 218 187 187 144 144 94 94 168 94 94 94 94 94 106 106 106 106 94 33 33 33 33 33 55 6 6 6 6 6 
925 925 925 925 925 931 916 938 938 938 916 828 828 888 828 828 828 851 851 780 780 780 780 780 825 825 818 736 736 766 766 766 709 709 657 657 657 657 678 678 678 722 657 657 657 657 657 657 657 657 657 657 637 637 541 541 541 541 586 586 586 587 492 492 492 435 435 435 435 435 492 492 492 492 475 481 435 444 444 444 435 435 364 364 384 384 384 371 371 337 337 337 337 337 337 338 270 270 285 285 285 297 270 270 270 188 253 188 188 188 218 209 209 187 187 187 94 94 94 94 94 94 94 94 106 106 107 107 94 33 33 55 55 55 55 6 6 6 6 6 
925 925 925 925 925 916 916 925 925 939 916 924 828 828 828 828 828 828 828 780 860 780 780 780 780 826 818 736 736 766 766 766 779 709 657 657 744 744 678 678 678 678 678 657 657 678 678 678 649 649 649 649 649 637 637 541 541 617 586 586 586 492 492 492 492 548 548 435 435 526 492 492 492 492 475 481 435 435 444 444 435 364 364 384 384 408 384 387 371 373 371 287 287 287 287 287 270 270 270 270 300 270 270 270 270 188 188 188 241 188 188 188 188 188 188 188 94 94 94 161 94 94 94 94 106 106 94 94 94 33 79 55 55 33 33 49 6 6 22 7 
925 925 925 925 925 925 925 925 925 925 916 916 916 828 828 828 828 886 828 780 780 780 780 780 780 818 818 736 736 736 736 736 736 709 709 744 744 744 744 716 716 716 678 678 703 678 678 678 649 650 650 658 617 617 617 617 617 617 586 586 586 492 492 492 492 492 492 542 492 492 492 492 508 475 475 475 475 435 444 444 435 364 417 384 384 384 384 387 371 371 371 287 287 287 287 287 313 313 313 270 270 270 286 233 233 233 233 233 233 233 188 188 188 188 188 188 94 94 94 94 94 94 141 94 94 94 94 94 94 33 33 33 33 33 33 33 33 33 22 7 
925 925 925 977 977 925 925 925 925 925 925 925 890 890 828 828 828 886 828 828 861 842 842 780 780 818 818 736 736 736 736 736 736 709 709 744 744 744 744 716 716 716 716 678 678 678 678 678 649 649 650 617 617 638 638 631 623 618 586 586 578 578 578 492 492 492 492 492 492 492 492 492 475 475 475 475 435 435 435 435 435 364 417 384 384 384 395 384 384 328 328 328 328 287 287 287 287 287 287 287 287 233 233 233 233 233 233 233 234 234 188 188 188 188 188 188 94 94 162 94 94 141 141 114 114 114 114 94 94 33 33 40 33 33 34 34 34 34 22 7 
925 925 925 977 977 925 925 925 925 890 890 890 890 890 890 890 890 886 875 828 842 842 780 780 780 818 818 736 736 736 789 789 736 709 709 709 709 709 709 709 709 723 709 709 678 678 691 649 649 649 650 617 617 617 639 631 623 618 586 586 578 578 578 492 492 492 492 492 492 492 492 475 475 475 475 435 435 467 435 453 364 364 417 384 384 384 384 384 328 328 366 328 328 287 287 287 287 308 308 308 287 233 233 233 233 233 242 242 219 219 219 219 198 198 198 94 94 94 162 162 94 114 114 114 115 115 7 7 7 7 7 40 40 64 34 34 34 34 22 7 
925 925 925 925 962 962 962 925 890 890 932 890 890 890 890 886 886 886 875 828 842 853 780 780 780 818 818 736 736 736 789 789 736 736 736 736 736 736 709 709 709 723 709 679 679 679 679 649 649 649 650 650 650 617 617 617 623 618 586 586 588 588 579 527 527 492 492 492 492 527 492 475 475 475 492 435 467 467 435 453 364 364 417 396 396 396 396 328 328 374 366 328 362 287 287 339 287 308 308 308 287 233 233 233 233 233 242 242 219 219 219 198 198 198 198 94 94 94 94 94 94 114 136 136 115 115 7 108 7 7 7 7 40 40 40 40 34 34 22 7 
925 925 925 925 962 925 925 925 890 890 890 890 890 890 890 886 886 886 875 828 842 853 780 780 780 780 780 780 780 780 780 771 771 771 736 736 753 736 736 736 709 709 709 679 679 699 679 679 649 649 617 617 651 617 617 617 623 618 586 586 586 579 579 527 527 527 527 527 527 527 492 492 492 492 492 435 435 435 435 364 364 364 417 396 396 397 397 328 328 328 366 328 328 328 328 339 287 287 314 287 287 233 233 233 263 263 242 242 242 219 219 198 210 198 198 189 94 94 163 163 114 114 114 114 115 115 7 108 7 7 7 7 40 40 40 40 22 22 22 7 
925 925 925 925 925 925 953 890 890 890 933 890 890 875 875 875 875 875 875 828 842 853 780 833 833 780 780 814 790 790 780 780 780 737 737 737 737 745 679 679 679 724 679 679 679 679 680 680 632 632 617 617 617 617 617 617 618 618 586 586 586 579 580 527 527 527 527 527 493 493 517 517 493 493 493 435 435 435 435 364 328 328 417 417 396 397 397 328 328 328 366 328 328 353 328 328 328 287 287 287 287 233 233 233 233 264 254 235 235 226 226 198 198 198 189 189 156 156 163 114 114 147 114 114 114 115 7 7 7 7 7 7 40 40 40 40 22 22 7 7 
953 953 953 953 953 953 953 890 947 890 890 869 869 875 875 875 875 875 876 828 842 780 780 819 819 781 781 781 790 790 790 780 780 737 738 738 737 745 679 679 679 679 679 679 679 679 632 632 632 632 617 617 617 617 640 632 618 594 594 594 594 579 537 537 537 527 527 527 493 493 493 493 493 494 494 435 435 435 435 364 328 328 328 417 328 328 328 328 328 375 366 366 347 347 347 255 255 255 287 287 287 287 287 254 254 254 254 245 235 226 226 199 199 199 189 189 156 156 156 114 147 147 114 114 114 115 115 7 7 7 80 7 7 40 40 40 22 22 7 7 
953 953 953 953 953 953 953 890 890 890 890 869 869 869 904 875 875 875 828 828 842 780 843 819 819 781 781 781 781 781 790 790 781 737 738 738 737 745 745 679 731 725 632 632 632 632 632 632 632 632 617 617 617 617 640 632 618 594 594 594 594 579 537 537 537 536 536 527 493 493 493 364 364 494 435 435 435 461 461 364 328 417 417 417 328 328 328 328 328 375 366 366 347 348 348 315 315 255 301 301 255 255 255 254 254 254 245 245 235 226 226 199 199 199 199 189 156 156 156 114 114 114 114 114 65 65 65 65 65 65 65 74 7 40 40 40 40 23 23 7 
953 953 953 978 978 953 953 953 940 940 869 869 869 869 875 875 891 828 828 842 842 780 843 819 819 827 781 781 781 781 781 781 781 737 738 738 737 737 737 679 679 725 632 632 632 632 632 632 632 632 632 632 617 617 632 632 618 618 579 579 579 579 537 537 537 536 536 527 536 493 493 364 364 494 435 435 435 364 364 364 328 417 417 417 417 328 398 354 354 366 366 366 347 347 347 315 255 255 301 301 255 255 255 255 255 255 245 245 235 199 199 199 199 204 189 189 156 156 156 156 156 114 114 65 65 116 116 65 65 85 65 7 7 40 40 40 40 23 23 7 
940 940 953 953 953 953 940 940 940 869 869 869 869 875 875 891 891 828 877 842 842 780 780 819 819 819 819 781 781 781 781 737 737 737 738 738 737 737 737 737 679 679 679 692 692 700 632 632 632 632 632 632 632 632 632 579 579 579 579 579 579 537 537 537 537 536 536 536 536 528 509 509 364 364 364 364 364 364 462 328 328 417 417 424 409 328 328 354 354 366 366 366 325 325 347 315 255 255 301 301 301 255 288 255 255 255 255 235 235 199 227 199 199 204 189 189 156 156 169 131 131 131 131 65 118 116 117 65 65 65 65 7 7 7 7 7 7 7 7 7 
940 940 940 971 971 971 940 940 869 869 869 869 917 875 875 875 875 828 842 842 842 842 780 780 819 819 820 781 781 781 781 737 737 737 737 738 738 738 738 738 679 679 679 692 692 692 692 579 579 579 579 659 579 579 579 579 579 579 609 595 595 537 537 537 557 557 537 537 537 528 509 509 446 446 364 364 446 446 446 328 445 436 410 410 409 409 328 354 354 354 325 325 325 325 347 315 329 255 255 255 255 255 288 246 246 246 256 235 235 199 199 204 204 204 189 189 156 156 131 131 148 148 131 65 118 118 117 65 65 65 7 7 7 56 56 7 7 8 8 8 
940 940 940 971 971 963 963 940 869 869 869 917 917 907 875 875 875 828 842 842 842 842 844 780 780 780 820 815 737 737 737 737 737 737 737 748 748 748 633 633 679 679 692 692 692 692 579 579 579 579 579 579 579 641 641 595 595 595 609 595 581 581 581 537 537 537 537 543 528 528 509 509 446 446 446 446 446 468 446 328 328 436 410 410 418 328 328 354 354 354 325 325 325 325 347 315 315 255 255 302 302 246 246 246 271 246 246 246 235 199 199 204 204 180 180 180 180 131 131 164 131 131 131 65 65 118 118 95 95 65 7 7 7 56 56 7 7 7 7 9 
940 940 940 971 971 963 964 940 948 869 869 917 907 907 875 875 828 828 828 828 828 828 828 828 834 780 780 815 737 737 737 737 737 737 754 748 748 748 633 633 633 679 692 692 692 692 579 579 579 579 660 660 641 641 595 595 624 595 609 595 581 581 581 537 537 528 528 528 528 509 509 509 446 476 476 476 476 468 446 446 328 328 410 410 410 328 328 328 354 354 325 347 347 347 347 315 315 315 315 302 302 246 220 220 220 220 220 220 235 199 199 211 211 180 180 180 180 131 131 131 131 131 131 65 65 95 95 95 96 65 65 9 9 9 9 7 7 7 7 9 
940 995 940 940 979 963 964 940 948 869 869 869 907 869 869 869 828 828 828 869 828 828 828 828 791 791 780 780 780 780 780 737 737 737 754 748 748 748 633 633 633 679 671 671 671 671 693 579 579 579 660 660 641 641 595 595 595 595 595 595 463 463 582 463 463 528 528 528 528 509 509 509 446 446 476 476 468 468 463 446 446 328 328 328 410 410 328 328 354 354 325 325 325 325 325 315 315 315 316 246 246 246 220 277 220 220 257 220 235 235 199 199 199 199 174 174 174 131 131 149 149 131 131 65 65 95 65 65 65 65 65 9 9 65 9 9 9 9 9 9 
940 995 995 987 963 963 940 940 948 934 934 869 869 869 898 869 869 869 869 869 828 828 828 828 828 791 791 791 791 780 780 791 772 772 754 761 633 633 633 633 633 671 671 681 681 671 671 579 579 671 660 660 641 641 595 595 595 610 610 501 501 463 463 463 463 463 528 528 528 509 509 509 509 446 446 446 468 463 463 447 447 328 328 328 328 328 328 328 354 354 354 354 354 354 325 340 325 325 246 246 272 272 272 272 272 181 181 220 220 220 220 220 199 199 174 174 174 174 149 149 149 131 131 131 65 65 65 86 65 65 65 65 65 65 9 9 41 9 9 10 
940 995 995 987 963 940 940 948 948 908 908 908 908 908 898 836 836 836 878 836 836 835 835 835 828 828 791 791 791 791 791 791 772 754 754 761 633 633 739 739 633 671 671 681 681 681 671 671 671 671 633 633 633 633 633 633 610 610 501 501 501 501 463 463 561 463 463 463 463 525 525 463 463 463 495 446 463 463 447 447 411 411 411 411 328 328 399 328 376 376 354 354 355 355 325 325 325 246 246 272 272 265 265 265 265 181 181 220 220 200 200 221 199 199 199 174 174 149 149 149 149 131 65 65 65 65 119 86 86 86 10 10 10 10 10 10 10 10 10 10 
940 940 940 987 963 940 965 948 948 908 908 908 898 898 898 836 892 836 836 836 836 835 835 835 835 773 773 791 791 791 791 791 772 754 754 754 754 633 739 739 633 671 671 633 633 681 681 681 633 633 633 645 645 645 610 610 610 568 501 596 596 501 562 562 558 558 463 463 463 463 463 463 510 463 463 482 463 463 447 454 411 411 411 411 328 328 328 328 290 290 330 330 330 330 330 341 330 246 317 272 278 265 265 265 265 265 181 181 200 200 200 221 199 199 199 174 174 149 149 149 149 131 65 65 65 65 65 65 65 10 10 10 10 10 10 10 11 11 11 11 
997 997 940 987 963 940 940 908 908 908 908 908 898 897 897 836 836 836 836 870 836 836 835 835 835 773 773 791 791 791 791 791 772 772 755 755 755 633 633 633 633 633 633 633 633 681 681 633 633 661 661 645 645 645 610 610 610 568 501 596 596 501 562 562 558 558 463 463 501 501 501 501 501 501 463 463 463 463 447 411 411 411 430 411 328 328 290 290 290 290 367 367 330 330 330 330 330 246 317 272 278 265 265 265 265 181 181 181 200 200 200 200 200 200 200 174 174 149 149 165 149 131 131 137 65 65 65 65 65 10 81 10 10 10 57 11 11 24 24 12 
997 940 940 963 963 940 940 908 908 908 908 908 898 897 897 897 836 836 836 836 836 836 845 835 835 773 773 773 773 773 773 773 772 772 755 755 755 633 633 633 633 633 710 710 633 681 681 633 633 633 661 661 610 610 610 610 610 568 501 501 597 501 558 562 562 558 501 501 501 447 447 447 447 447 447 447 447 447 447 411 411 411 411 411 419 290 290 388 331 331 331 331 331 331 331 331 331 246 317 272 278 278 278 181 181 181 181 247 200 200 212 212 212 205 174 174 174 149 149 165 149 149 131 131 26 26 26 26 97 10 81 10 10 57 57 11 11 12 12 12 
997 940 996 963 963 940 908 908 908 908 908 908 898 897 897 897 836 836 836 871 836 836 836 836 836 773 809 809 809 773 773 773 773 773 749 749 756 633 633 633 633 726 610 610 633 633 633 633 633 633 610 610 610 610 610 610 610 568 501 501 597 501 558 558 558 558 501 501 447 447 447 447 496 496 447 447 448 448 448 448 448 411 411 377 377 290 290 290 331 331 331 331 331 331 331 331 332 246 272 272 279 278 278 181 181 181 181 247 200 200 181 181 181 205 174 174 174 149 149 149 149 109 109 131 131 26 26 26 26 10 10 75 10 11 11 11 11 12 12 12 
997 940 940 940 940 940 908 908 908 908 908 926 898 897 897 897 836 836 836 836 836 854 836 837 837 773 773 773 773 773 773 773 773 773 749 749 749 633 633 633 633 610 610 610 610 694 694 610 610 610 610 610 610 610 610 610 610 568 501 568 568 501 559 559 559 559 501 501 447 447 447 447 496 496 448 448 448 448 448 437 437 411 411 377 377 377 400 290 290 290 290 290 290 349 349 272 272 272 272 309 279 278 278 181 181 181 247 247 181 181 181 222 181 181 181 181 181 149 149 149 109 109 109 109 109 109 109 109 26 26 10 75 10 11 11 11 11 25 25 12 
942 942 972 972 972 972 908 908 941 941 872 872 898 897 897 897 836 836 879 872 836 854 836 837 838 773 773 801 801 801 773 773 773 773 749 749 749 749 727 727 727 610 610 610 610 694 610 610 642 642 642 642 646 646 634 634 568 568 611 568 568 501 501 501 563 501 501 447 447 447 447 447 496 496 448 448 448 448 448 437 437 437 411 377 377 377 377 377 377 377 290 290 290 349 349 272 272 248 248 309 279 279 278 222 222 181 181 181 181 181 181 222 109 109 109 190 109 109 109 109 109 138 109 109 98 98 98 98 98 26 10 10 10 42 42 42 42 25 25 12 
942 942 972 972 980 954 954 954 941 941 872 927 898 909 898 898 872 872 872 872 836 836 836 837 801 801 801 801 801 801 773 728 728 728 728 749 749 727 727 727 727 727 610 610 610 610 610 642 642 599 599 642 642 642 634 634 568 568 568 568 568 583 583 501 501 501 549 447 447 447 447 447 496 496 496 431 431 431 431 437 437 437 411 377 377 377 377 377 377 377 290 290 290 333 333 333 272 272 248 248 248 279 278 278 222 222 222 222 222 222 222 222 109 206 109 109 109 175 109 109 139 138 138 138 98 98 98 99 99 26 26 26 42 42 50 50 26 26 12 12 
942 942 942 942 942 942 942 942 942 942 872 872 898 909 898 899 872 872 837 837 837 837 837 837 801 801 801 801 801 801 773 728 728 728 728 749 749 727 727 727 727 695 695 695 695 695 695 642 642 599 599 642 642 642 642 599 599 599 599 599 568 583 583 501 501 518 518 518 518 447 447 447 496 496 496 431 431 431 431 431 449 438 411 377 377 377 377 377 290 290 290 290 290 333 333 333 333 272 272 310 248 279 279 279 222 222 248 248 222 222 223 223 109 109 109 109 109 175 139 139 139 150 138 138 98 98 98 99 27 27 27 26 26 26 26 26 26 26 26 13 
942 942 942 942 942 942 942 955 935 935 935 872 898 898 898 872 872 872 837 837 862 837 837 801 801 801 801 801 801 801 773 773 728 728 728 749 749 749 727 727 727 695 695 695 642 642 642 642 642 599 599 599 599 599 643 599 612 599 599 600 568 568 568 568 518 518 518 518 518 518 518 518 502 502 431 431 431 431 464 431 431 438 411 411 411 411 401 290 290 356 356 356 356 356 333 333 333 272 272 310 248 279 279 248 248 248 248 207 207 207 207 207 207 207 109 182 182 139 139 139 139 139 139 139 98 125 27 27 27 87 27 27 43 43 43 43 43 27 27 13 
988 988 988 988 966 966 966 935 935 918 918 872 872 872 872 872 880 880 880 837 795 795 846 801 801 801 801 801 801 802 773 773 774 774 728 728 728 749 727 727 695 695 711 711 642 642 599 599 599 599 599 599 599 599 599 599 612 612 612 589 589 589 568 568 518 518 518 518 518 518 519 519 502 502 431 431 455 455 401 401 431 431 431 401 401 412 401 290 290 290 350 350 350 350 350 272 272 272 310 310 248 289 289 248 248 183 183 183 183 183 207 207 207 207 109 109 109 139 139 139 140 140 140 140 98 27 27 100 100 66 66 27 27 43 43 27 27 27 28 13 
988 988 935 935 966 966 966 935 935 918 918 872 872 910 872 872 880 880 837 837 795 795 795 795 795 795 801 801 801 795 795 762 774 762 762 762 728 728 728 728 695 695 695 712 642 642 599 599 599 599 599 652 652 589 589 635 589 589 589 589 589 589 550 550 550 550 550 502 502 529 519 519 502 502 431 431 455 455 401 401 401 401 401 401 401 401 401 389 290 290 350 350 310 310 310 310 310 310 310 311 248 248 248 280 248 183 183 183 183 183 183 183 183 183 191 191 109 109 157 157 140 140 98 98 98 27 27 27 27 66 66 66 27 27 27 27 35 35 13 13 
989 935 935 935 935 935 967 935 935 918 918 918 918 910 893 893 893 881 881 795 795 855 829 829 829 795 801 801 795 795 796 762 762 762 762 762 599 599 599 728 728 728 695 642 642 682 682 599 599 589 589 589 589 589 589 635 589 589 589 550 550 550 550 551 551 551 551 502 502 529 502 502 502 431 431 455 455 455 401 401 401 401 401 401 401 401 402 389 290 290 290 290 310 290 290 290 290 311 311 311 248 248 248 280 248 248 183 183 183 183 228 183 183 183 191 191 183 109 157 157 157 140 98 98 98 27 27 110 27 82 82 66 66 66 51 51 35 36 13 13 
989 935 935 935 981 935 935 935 928 928 919 919 919 910 893 893 881 881 795 795 829 829 829 840 829 795 795 795 795 803 792 792 762 762 762 762 599 729 599 599 732 599 599 704 704 682 682 682 599 589 589 589 589 590 589 589 589 601 601 550 550 550 550 551 551 551 502 502 502 502 502 503 503 431 431 455 455 455 455 401 401 401 378 425 378 378 378 389 368 368 290 290 290 290 351 290 290 311 311 311 290 290 248 248 273 248 258 183 183 183 183 183 183 183 183 183 183 109 157 140 140 140 98 82 82 82 82 110 27 82 51 51 51 51 51 52 35 13 13 13 
989 989 989 935 935 935 935 935 928 928 928 919 919 910 893 893 881 881 795 795 795 795 795 840 829 829 793 793 793 793 792 792 599 599 599 599 599 729 729 599 599 599 599 599 599 682 683 683 599 589 589 662 589 590 590 590 590 601 601 601 590 590 550 502 502 551 502 502 502 502 502 503 503 503 431 431 431 431 455 455 378 378 378 425 378 378 378 389 368 368 290 290 290 290 351 290 290 290 290 290 290 290 290 248 248 248 258 183 183 183 183 183 183 192 183 183 109 109 157 140 143 143 98 82 82 82 82 82 82 82 51 51 51 51 51 52 35 13 13 13 
950 950 989 989 935 935 935 935 949 943 928 928 910 910 881 881 881 881 882 795 795 795 795 840 793 793 793 793 793 793 750 750 750 750 750 750 750 750 729 729 599 599 599 599 599 682 599 599 599 672 589 589 589 590 590 590 590 601 590 590 590 591 550 502 502 502 502 502 502 502 502 511 497 497 497 477 477 431 465 378 378 439 425 425 378 378 378 378 378 368 368 290 290 290 351 342 259 259 259 259 259 291 291 250 250 250 258 243 243 183 213 201 201 192 192 192 109 140 140 140 143 98 98 82 82 82 82 82 101 15 15 15 15 15 15 52 35 35 13 13 
950 950 950 943 943 943 943 943 943 943 910 910 910 910 881 881 881 881 882 795 795 795 847 793 793 793 793 793 804 804 750 750 750 740 740 740 751 751 729 729 599 599 599 599 599 599 599 599 672 672 589 589 625 625 625 590 590 590 590 550 550 550 550 502 502 502 502 502 502 530 511 511 497 497 477 477 478 431 465 378 426 426 425 425 378 378 403 390 378 378 368 368 290 290 342 342 259 259 259 259 259 291 250 250 274 243 243 243 236 236 213 201 201 201 192 192 109 109 143 143 143 98 142 82 82 82 82 82 15 15 83 76 16 16 15 15 35 35 14 14 
950 950 950 943 943 943 943 950 950 910 910 910 910 910 881 881 881 881 795 795 847 847 847 793 793 793 793 793 750 750 750 750 750 740 767 740 751 751 729 729 729 729 653 653 653 599 599 599 619 619 619 619 619 619 625 625 625 590 590 550 569 569 569 569 564 502 502 502 502 530 511 520 511 477 477 483 478 431 378 378 426 426 426 378 378 378 403 390 372 372 372 357 357 357 342 342 259 259 259 259 259 291 250 250 250 243 249 249 236 236 213 213 213 201 201 109 109 109 143 98 98 98 142 82 120 120 82 82 15 76 76 76 16 16 58 15 35 35 14 14 
950 950 990 990 943 943 943 950 951 910 911 911 911 911 881 881 881 795 795 847 847 793 793 793 793 793 793 793 750 750 750 750 740 740 767 740 740 740 740 740 653 653 653 653 653 684 684 684 619 666 666 619 619 619 619 626 626 550 550 550 550 550 431 431 564 502 502 538 538 511 511 511 511 478 478 478 478 431 378 378 378 378 426 378 372 372 372 390 372 379 357 357 357 357 342 342 259 259 259 259 259 259 281 281 250 243 243 243 243 236 224 224 109 109 109 109 109 109 143 98 142 142 142 82 82 120 120 82 15 15 16 16 16 16 16 15 15 15 14 14 
950 950 950 950 950 950 950 950 910 910 911 911 881 881 881 900 795 795 883 847 847 793 793 793 793 793 821 763 763 763 763 740 740 757 757 757 757 653 653 653 653 653 653 653 653 619 619 619 619 666 666 653 653 619 619 626 626 550 550 550 550 550 431 431 431 431 538 538 539 511 511 511 512 478 478 431 431 431 466 378 378 378 426 378 378 378 372 372 372 379 357 357 357 342 342 303 303 303 303 303 303 259 281 281 250 250 250 250 236 236 224 224 109 109 109 109 109 109 143 98 98 98 98 98 82 82 82 82 102 15 16 70 70 16 16 44 44 15 15 15 
950 950 950 991 956 956 956 956 910 910 910 911 881 881 795 795 795 847 847 847 847 793 793 793 821 821 821 763 763 763 763 740 740 740 740 757 757 653 733 733 733 653 653 653 653 696 696 667 667 666 666 653 654 619 619 619 626 550 613 550 550 431 431 431 431 431 538 431 431 431 431 431 431 431 431 431 431 431 378 378 440 440 426 426 378 378 357 357 357 357 357 357 357 342 342 303 303 303 318 259 259 259 259 259 259 259 259 236 236 176 176 176 176 176 176 109 109 109 143 143 143 143 143 98 98 121 15 15 15 15 16 15 15 16 37 37 37 37 15 15 
950 950 956 956 956 956 956 956 910 910 910 911 881 881 795 795 795 795 847 847 847 793 793 793 821 821 822 763 763 763 763 763 763 775 740 740 740 653 653 653 653 717 717 653 653 653 653 667 667 667 667 653 619 619 619 619 626 550 550 550 550 431 431 431 431 431 431 431 431 431 431 431 431 431 431 469 469 469 378 378 378 441 426 426 378 378 357 380 380 380 357 357 357 303 303 303 303 303 303 259 259 259 259 260 260 260 260 236 236 176 176 176 176 176 176 176 176 176 98 98 98 98 98 98 98 121 15 15 15 15 15 15 15 16 16 53 37 37 15 15 
998 998 956 956 956 956 956 956 910 910 910 911 881 881 881 795 795 795 847 847 847 793 793 793 793 793 793 793 793 793 793 793 763 763 763 763 740 740 653 653 653 653 653 653 653 653 653 653 653 653 653 653 619 619 619 619 619 619 550 550 550 431 431 560 560 560 431 431 431 431 431 431 431 431 431 469 469 470 378 378 378 378 378 378 378 378 357 357 357 357 357 357 357 303 303 303 303 303 303 259 259 259 259 260 260 260 260 236 236 176 176 176 176 176 176 176 176 176 98 98 98 98 98 98 98 121 121 15 15 88 15 15 15 15 16 16 16 16 16 16 
