938 938 938 938 938 938 943 943 943 943 938 887 887 887 887 887 887 852 852 852 852 852 838 838 797 797 797 797 797 797 716 716 716 716 716 716 716 716 723 723 716 582 582 582 688 582 582 582 582 655 618 618 618 618 618 611 582 582 582 554 554 554 554 554 513 513 513 513 513 479 479 479 479 479 479 465 465 465 404 404 404 404 404 404 404 404 323 323 323 323 323 323 323 301 301 301 301 210 210 210 210 210 210 210 226 226 226 226 226 226 226 180 180 180 180 169 169 169 169 98 98 98 98 98 111 111 111 98 82 82 82 54 54 54 1 1 19 19 19 1 
938 938 938 981 974 938 938 938 938 938 938 887 912 912 887 887 887 852 869 869 838 838 838 797 797 797 797 811 716 798 716 716 716 716 716 758 716 716 723 716 716 582 582 582 582 582 582 582 582 582 618 618 611 611 611 611 582 582 582 554 554 568 513 513 513 513 513 514 514 479 479 479 479 479 479 465 465 465 404 404 404 404 404 404 414 323 323 390 323 323 367 323 323 301 301 301 301 210 210 210 210 210 210 210 226 257 226 226 226 210 210 180 180 180 180 169 169 169 169 98 98 98 98 98 98 98 98 98 82 82 54 54 62 1 1 1 1 1 20 1 
938 989 974 974 974 970 939 939 939 939 939 887 912 912 887 887 852 852 797 797 838 838 797 797 811 811 811 811 716 763 763 763 763 768 716 716 716 723 723 716 582 582 582 582 582 673 673 582 582 582 647 618 611 582 582 582 582 582 582 582 554 568 513 513 529 529 513 513 479 479 479 479 479 479 479 439 439 439 439 439 439 404 404 405 405 323 323 323 323 323 323 323 349 301 301 301 301 210 210 210 210 210 210 210 226 226 226 232 232 210 210 153 189 180 180 180 180 175 170 100 100 100 100 100 98 98 63 63 63 82 54 54 54 1 1 1 1 1 1 1 
938 938 938 938 970 970 939 939 939 939 939 887 887 887 887 887 852 852 797 797 797 797 797 839 811 811 783 783 716 763 763 763 763 763 763 716 716 716 716 716 582 582 582 582 582 673 673 582 618 618 618 618 633 582 582 582 593 593 554 554 554 568 513 513 529 529 529 513 479 505 479 479 479 479 479 439 470 439 439 453 439 439 426 405 405 354 354 323 323 323 323 323 349 301 301 323 301 291 291 291 210 210 210 210 232 232 232 232 233 210 210 153 189 189 189 189 175 175 170 100 100 100 100 100 98 98 63 99 63 63 54 54 54 21 21 21 21 21 21 2 
938 938 938 938 925 925 925 925 925 925 925 925 887 887 887 895 797 797 797 797 797 797 797 811 811 811 783 783 716 716 716 716 716 769 716 716 737 737 716 716 582 582 582 697 667 667 667 582 582 582 618 618 618 582 582 582 593 593 554 554 568 568 513 513 513 529 529 513 479 479 479 480 480 480 480 439 470 439 439 439 439 426 426 405 405 354 354 323 323 323 323 323 323 301 301 323 301 291 291 291 210 210 210 210 210 232 232 233 233 210 210 153 153 153 170 170 175 175 170 100 100 100 100 100 100 100 63 63 63 63 63 63 63 21 21 21 21 2 2 2 
990 990 938 925 925 925 925 925 926 926 913 913 887 887 887 797 797 797 797 797 797 797 797 811 830 783 783 783 783 783 716 716 716 716 716 731 731 731 731 649 649 649 582 582 667 667 667 662 662 582 618 618 618 582 582 582 582 593 554 554 568 568 513 513 513 513 513 513 503 503 503 480 480 480 439 439 470 439 439 439 439 426 426 405 405 354 354 323 323 375 354 354 323 323 323 323 301 291 291 291 210 210 273 273 210 210 210 233 233 210 210 210 210 153 170 170 170 170 170 100 100 133 100 100 100 100 100 100 63 63 63 55 55 55 21 2 2 2 2 2 
990 990 938 925 925 925 925 925 926 926 913 913 887 887 797 797 797 797 862 862 862 853 811 811 812 783 783 783 783 783 716 716 778 716 731 731 731 731 731 649 649 649 674 674 689 667 667 662 662 582 582 582 624 624 582 582 582 582 554 554 554 554 554 513 513 513 513 503 503 480 480 480 480 480 439 439 439 439 439 439 444 398 398 405 405 405 354 354 385 354 354 355 333 333 323 323 301 309 291 291 242 242 242 242 258 258 210 210 210 210 153 153 153 153 170 170 170 170 153 153 153 133 133 133 100 100 100 63 63 83 83 55 55 55 21 3 3 3 2 2 
990 990 938 971 971 971 925 925 926 926 913 913 913 913 797 797 797 797 797 853 853 853 811 840 812 825 783 783 783 783 783 716 716 716 731 731 731 731 731 649 649 674 674 674 674 674 667 667 604 648 648 582 582 582 582 582 582 582 554 554 554 554 554 513 513 513 513 503 480 480 480 480 480 480 439 439 439 439 439 439 398 398 398 406 406 406 398 354 385 354 350 350 350 333 333 301 301 309 292 292 242 242 242 242 242 242 242 242 210 210 153 195 195 195 195 153 153 170 153 154 154 124 124 124 124 100 100 63 64 64 64 64 21 21 21 3 3 3 3 3 
938 938 938 938 938 938 966 938 938 926 926 926 913 913 797 797 797 797 797 853 854 854 811 811 812 825 783 783 783 783 783 783 724 724 724 724 724 724 724 724 649 649 649 674 674 674 667 667 604 648 625 625 625 625 582 582 604 554 554 554 554 554 554 503 503 503 503 503 480 497 497 497 480 481 439 439 439 439 439 398 398 427 398 398 398 398 398 354 385 354 350 350 350 333 333 301 301 301 292 292 242 242 242 243 243 243 190 190 190 190 153 153 153 153 153 153 153 153 153 154 154 124 124 124 125 63 63 63 64 64 64 64 21 21 21 21 3 3 3 3 
938 938 938 938 957 938 938 938 938 903 903 903 903 903 797 797 797 797 876 853 853 853 811 811 812 812 812 812 789 789 724 724 724 764 764 725 725 724 724 725 649 649 649 690 690 674 674 604 604 648 625 625 604 604 604 604 604 554 554 554 503 503 503 503 503 503 503 503 480 497 480 480 480 481 481 439 439 439 439 398 398 427 415 415 398 398 324 354 354 354 350 350 350 334 334 301 301 301 292 292 242 283 242 243 243 243 190 190 190 190 211 211 211 176 176 176 176 153 153 155 155 124 124 124 125 63 63 63 93 64 56 56 56 56 21 21 22 22 22 4 
938 938 957 957 957 938 938 938 938 903 904 904 904 903 797 797 888 797 853 853 863 853 811 811 789 789 789 789 789 789 789 784 717 717 717 725 725 725 732 725 649 690 690 690 691 679 604 604 604 604 604 604 604 576 576 576 576 576 576 576 503 503 503 555 503 503 503 503 480 497 480 498 317 317 317 317 439 439 454 454 398 427 427 415 415 324 324 391 354 354 356 356 334 334 335 316 316 301 301 293 242 242 242 243 243 243 250 243 190 190 190 190 212 176 176 176 176 153 153 63 63 141 141 63 63 63 93 93 93 64 56 56 56 56 21 21 4 4 4 4 
938 938 957 957 957 956 956 938 938 903 904 904 904 903 903 797 797 797 853 853 853 853 846 811 789 789 789 789 804 784 784 784 717 770 717 738 738 725 725 725 649 649 649 649 649 679 604 604 604 604 604 634 634 576 576 576 576 576 576 576 503 569 561 515 515 515 515 515 480 480 480 317 317 476 476 317 461 461 454 454 398 428 428 415 415 324 324 324 324 324 324 324 339 335 335 316 316 293 293 293 242 242 242 269 269 243 250 243 190 190 190 190 190 190 190 190 176 176 63 63 63 63 63 63 93 93 93 101 64 64 56 56 56 56 21 21 4 4 4 4 
938 938 957 957 957 956 956 956 903 903 903 903 904 904 904 797 797 797 797 853 853 853 846 811 811 789 789 789 804 784 785 785 717 717 717 738 738 738 649 649 649 649 649 680 649 649 649 649 663 642 642 634 634 626 576 576 576 576 576 576 503 503 561 515 515 515 515 515 515 317 317 317 461 461 476 476 461 461 461 455 398 398 398 416 416 399 399 368 368 368 368 324 339 335 335 310 310 293 294 294 242 242 242 269 269 243 243 243 190 190 190 191 191 191 191 191 171 171 63 63 63 63 63 102 93 93 93 93 64 72 72 72 56 56 21 21 4 4 4 4 
957 957 957 957 957 957 956 956 903 903 903 903 797 797 797 797 797 797 797 853 853 853 846 811 811 789 789 789 804 784 785 717 717 717 717 717 717 739 649 649 649 710 649 680 680 680 649 649 663 642 642 642 626 626 576 576 576 576 587 576 576 503 503 503 503 516 317 317 317 317 317 317 317 461 461 461 461 461 461 455 398 398 398 416 416 399 399 368 368 369 369 324 339 339 310 310 310 293 293 234 234 234 234 234 234 234 234 234 191 191 191 191 213 191 191 171 171 171 171 63 63 63 63 102 93 93 112 93 64 72 72 64 64 45 45 4 4 4 4 4 
957 957 957 957 957 957 957 957 949 903 903 903 797 797 797 880 880 880 870 870 846 846 846 811 811 789 789 789 804 784 785 717 717 717 765 759 717 739 649 649 649 649 649 570 570 681 649 649 663 649 649 626 626 570 570 594 594 594 503 577 577 503 503 503 503 516 317 522 317 317 317 317 317 317 317 445 445 461 461 455 398 398 398 407 407 407 368 368 368 369 369 324 324 324 310 310 310 310 293 234 234 234 234 234 259 259 234 234 191 191 191 191 213 191 191 171 113 113 172 113 113 142 142 102 102 93 93 93 64 64 64 64 65 5 5 4 4 4 4 4 
957 957 957 957 957 949 949 949 949 903 903 903 797 914 880 880 880 880 870 871 846 846 846 811 811 826 789 789 784 784 785 717 717 765 765 759 717 739 711 711 711 711 570 570 570 570 668 649 649 649 626 626 570 570 570 594 594 594 503 577 577 503 503 503 545 516 317 522 317 317 317 317 317 317 317 445 445 445 445 455 368 368 429 407 407 407 368 357 357 357 357 357 351 324 336 310 310 293 293 234 234 234 259 259 259 260 234 234 234 198 198 205 205 205 171 171 113 113 113 113 113 113 113 113 102 102 102 102 94 84 84 5 5 5 5 5 5 5 5 5 
949 949 949 949 949 949 950 950 950 903 903 903 797 914 880 880 880 880 870 846 846 855 841 841 789 789 789 789 784 799 785 785 717 751 751 759 717 717 711 711 711 570 570 570 570 570 668 668 570 570 626 626 570 627 570 594 594 595 503 503 503 503 516 516 516 516 317 317 317 487 487 487 487 487 317 445 445 445 445 445 445 368 368 368 368 368 368 357 376 376 351 351 351 324 336 310 310 293 235 235 284 284 259 259 235 235 235 235 235 198 198 171 171 171 171 192 113 113 134 134 134 143 143 113 113 102 102 94 94 84 5 5 6 6 6 5 5 28 5 5 
949 949 949 949 949 949 949 927 927 927 927 927 797 914 889 889 889 870 870 846 841 841 841 789 789 789 789 789 784 799 785 785 717 751 751 751 751 717 717 570 570 570 703 570 570 570 570 669 570 570 570 570 570 627 570 570 605 570 570 583 503 503 516 516 516 516 523 523 516 487 487 317 317 317 317 445 445 445 446 445 445 357 357 417 417 357 357 357 376 376 351 351 351 324 324 324 293 293 235 235 235 235 235 259 235 235 235 235 198 198 198 171 171 171 196 113 113 113 113 113 134 143 134 134 113 113 113 94 84 84 5 73 6 6 6 33 33 5 5 5 
949 949 949 949 949 949 949 927 927 928 928 928 797 914 889 889 889 870 870 870 841 841 841 789 789 789 789 789 784 784 717 717 717 733 733 733 733 733 717 570 570 703 703 570 570 570 570 570 570 619 619 619 619 619 619 570 570 570 570 570 570 570 516 516 524 516 516 516 516 499 499 317 317 317 317 445 445 445 446 446 446 357 357 357 357 357 358 358 358 358 358 358 302 302 302 325 293 293 235 235 235 285 235 259 259 235 235 198 198 215 171 171 214 171 171 113 113 113 113 113 134 134 134 5 5 5 5 94 84 84 5 5 6 6 46 33 33 5 5 5 
972 972 972 972 972 972 896 896 927 928 928 928 797 841 841 841 841 841 870 870 841 841 841 789 789 813 813 813 784 784 717 733 733 733 733 733 752 733 717 717 570 570 704 570 570 570 675 664 664 619 619 619 619 619 620 584 584 584 570 570 524 524 524 524 524 516 516 524 499 499 499 317 317 488 317 317 317 447 447 447 447 357 357 358 358 408 358 377 377 377 358 358 302 302 302 302 302 235 235 235 235 285 235 259 259 235 235 198 215 215 171 171 171 171 171 113 113 113 113 113 134 134 5 5 5 5 5 5 5 5 5 5 66 6 6 6 6 6 5 5 
972 991 959 959 972 972 896 896 927 928 797 797 797 841 841 841 890 841 841 841 841 784 784 784 784 813 784 784 784 717 717 733 733 717 717 717 752 733 733 717 717 570 570 570 570 570 664 664 619 619 619 619 619 619 571 571 571 584 584 584 524 524 524 546 546 524 524 524 482 506 499 499 317 317 317 317 317 447 447 317 317 430 357 357 358 358 358 377 377 359 359 359 340 340 326 326 302 235 235 235 235 235 235 235 235 235 251 198 215 215 215 171 171 171 171 113 113 173 173 113 156 5 5 85 85 85 85 103 85 85 85 40 40 40 40 40 34 6 6 6 
972 991 959 959 896 896 896 896 927 927 797 797 797 841 841 841 841 877 877 864 864 784 784 784 784 784 784 805 805 717 717 717 717 717 717 717 752 664 664 664 664 664 570 570 570 570 664 619 619 619 619 643 571 571 571 571 571 571 584 584 524 562 562 524 524 524 483 483 482 482 482 500 317 317 317 317 471 317 317 317 317 430 430 357 409 409 359 359 359 359 317 317 340 341 326 327 302 235 235 235 235 235 235 235 251 251 251 198 215 215 215 171 171 171 197 113 113 113 113 113 5 5 144 85 85 85 85 85 85 40 40 40 67 47 47 34 34 7 7 7 
972 972 959 959 896 896 896 896 896 927 896 896 797 797 797 841 841 877 877 864 864 784 784 784 784 784 664 664 664 717 717 717 717 717 717 717 752 664 664 664 664 664 664 664 664 664 664 619 619 619 643 643 571 571 571 571 571 571 571 571 524 524 524 524 524 524 483 483 482 482 482 500 482 482 482 317 317 317 456 456 317 317 431 357 357 357 359 317 317 317 317 317 340 341 326 326 302 278 278 278 278 235 235 251 251 251 251 198 215 215 215 221 215 113 113 113 113 113 113 113 5 85 85 85 85 85 85 85 95 40 40 40 40 47 34 34 7 7 7 7 
972 972 959 959 975 896 896 896 896 927 896 896 896 896 797 797 797 797 797 797 864 664 664 664 664 664 664 814 664 717 790 717 664 664 664 664 664 664 664 656 656 656 656 656 656 656 656 656 656 656 547 547 547 547 571 612 571 571 571 571 571 571 524 524 483 483 483 483 517 482 482 500 482 432 432 466 466 466 448 448 448 317 317 317 359 359 359 317 370 370 370 317 340 326 326 326 302 278 278 278 278 278 278 251 251 251 251 198 215 215 215 215 215 113 113 113 113 113 5 5 5 85 85 85 85 85 85 85 95 86 86 74 40 57 34 34 7 7 7 7 
972 959 959 959 975 896 896 896 896 896 896 929 797 896 896 896 797 797 797 797 864 664 831 831 664 664 814 814 664 717 717 717 664 664 664 664 740 740 656 656 705 705 705 588 588 665 547 547 657 657 547 635 635 547 571 571 571 596 571 483 483 483 563 483 483 530 530 483 482 482 482 482 482 432 432 432 466 466 448 432 432 317 317 317 359 359 400 317 317 370 370 317 317 326 326 326 302 295 295 295 251 251 251 251 251 251 251 198 230 230 198 198 198 198 198 113 113 113 5 5 5 86 86 85 85 85 85 85 95 86 74 74 40 57 34 34 7 7 7 7 
959 959 982 982 975 951 951 896 896 929 929 929 797 797 897 897 797 797 797 872 664 664 831 831 831 827 814 814 664 664 664 664 664 664 664 664 740 741 656 656 588 588 588 588 588 665 547 547 547 547 547 635 635 547 613 613 571 571 571 547 547 483 483 483 547 530 530 483 482 482 482 493 493 432 432 432 466 466 448 432 432 317 317 317 317 317 317 317 317 360 360 360 317 317 317 317 302 295 295 295 251 251 251 251 252 252 252 198 230 230 198 198 198 163 163 181 181 157 157 5 5 86 86 126 126 86 86 86 86 86 74 74 40 41 41 41 7 7 7 7 
959 985 982 982 975 951 951 951 951 856 856 856 919 797 797 797 797 856 856 872 664 847 847 827 827 827 814 814 806 734 734 734 734 734 664 664 740 726 726 726 588 588 588 588 588 665 665 547 547 547 547 547 547 547 547 547 547 547 547 547 547 547 547 547 547 483 483 483 504 504 504 432 432 432 432 432 432 432 448 432 432 317 317 386 386 386 386 317 317 360 303 303 303 337 337 317 302 302 302 251 251 251 251 251 252 252 198 198 198 198 198 163 163 163 163 163 163 157 157 5 5 5 86 126 86 86 114 9 9 9 74 74 40 41 41 41 7 7 7 8 
959 985 985 975 975 930 930 930 856 856 856 856 919 856 856 856 856 856 856 872 664 664 664 827 827 806 806 806 806 734 734 734 734 734 740 740 740 726 726 588 588 588 588 588 588 682 665 665 665 547 547 547 547 547 606 606 606 547 547 556 556 556 556 556 548 483 483 483 504 504 504 432 432 432 432 472 472 432 432 432 432 432 432 386 418 410 386 392 386 303 303 361 303 337 337 317 317 311 251 251 251 251 279 223 223 223 198 198 198 163 163 163 163 163 163 163 163 163 157 157 157 5 86 86 86 89 114 9 9 9 40 40 40 41 41 41 7 7 7 8 
959 985 985 975 975 930 958 958 856 856 856 856 856 856 856 856 856 856 856 856 856 856 664 664 664 806 791 791 791 791 791 734 734 734 734 734 734 734 726 588 588 588 588 588 588 588 588 650 650 650 650 547 547 547 606 588 588 588 588 556 556 556 556 548 548 483 483 483 432 432 432 432 432 432 432 472 472 440 440 440 432 432 433 386 410 410 386 386 386 303 361 361 303 303 303 303 303 311 251 251 251 251 223 223 270 223 236 236 236 163 222 222 163 163 163 163 163 163 157 157 158 5 5 127 127 89 89 9 9 9 40 75 35 35 35 35 35 8 8 8 
959 959 959 975 975 930 930 930 930 930 930 930 856 856 898 898 856 856 856 856 832 832 832 664 664 806 791 791 791 791 743 743 743 743 743 743 743 734 726 726 588 588 588 698 683 683 588 650 650 650 650 588 588 606 606 588 548 548 589 548 548 548 548 548 549 483 483 483 432 507 432 432 489 489 432 432 472 440 440 440 440 440 386 386 410 261 261 261 261 303 303 362 303 303 303 303 303 311 296 296 223 223 223 238 238 223 223 223 237 163 163 163 163 163 163 163 163 163 163 163 128 128 5 5 5 5 89 9 9 40 40 35 35 23 23 23 23 8 8 8 
959 959 959 959 959 959 959 959 899 899 940 899 899 915 898 898 856 856 856 856 832 832 832 832 832 806 815 791 791 791 743 743 743 743 734 734 734 734 588 588 588 712 588 698 683 588 588 588 588 588 588 588 588 588 621 588 548 548 548 548 548 548 548 548 549 483 483 483 432 432 501 501 489 489 432 457 457 457 457 457 440 440 386 410 410 261 261 261 261 261 303 303 303 303 303 303 303 303 296 296 223 223 223 238 238 253 253 223 223 223 223 223 163 163 163 163 182 163 163 5 128 128 128 128 128 5 89 89 9 9 9 35 23 23 23 23 23 29 23 9 
959 959 986 976 976 959 959 960 899 899 940 899 899 915 744 744 744 744 806 806 806 806 806 806 806 806 815 815 807 743 743 743 743 743 734 742 742 742 588 588 712 712 588 588 683 588 588 588 636 636 636 636 636 588 588 588 548 548 548 548 578 572 548 548 548 483 483 483 483 432 432 432 432 432 432 457 457 457 458 458 440 440 386 386 386 386 261 261 261 261 303 303 304 303 303 304 304 303 303 223 223 223 223 223 238 238 238 238 223 223 178 178 178 178 5 5 5 5 5 5 128 128 128 128 128 5 104 89 89 89 9 9 23 23 23 36 36 23 23 9 
959 959 959 976 959 959 959 899 899 899 899 899 899 915 744 744 744 744 806 806 806 806 806 806 806 806 744 744 807 743 743 771 771 771 734 734 734 734 734 588 588 588 588 588 683 683 588 588 636 636 636 636 636 614 614 614 548 548 548 548 578 572 548 548 548 483 483 483 483 432 432 483 483 483 483 457 457 457 458 422 422 441 386 386 386 386 261 261 261 261 303 318 304 304 304 304 304 304 304 223 223 223 223 223 238 238 238 238 223 223 178 178 216 178 5 5 5 177 5 5 159 145 5 5 129 5 104 104 90 90 9 9 23 23 23 23 37 23 9 9 
959 959 959 959 959 959 959 899 899 899 899 899 899 899 744 744 744 744 744 806 806 806 806 806 806 806 744 744 744 744 743 743 779 743 743 760 734 734 713 713 588 588 670 670 676 676 676 658 658 628 628 628 628 614 614 614 548 548 548 550 550 572 557 557 536 536 483 483 483 483 483 483 483 483 422 422 422 422 422 422 422 422 422 422 386 386 393 393 261 261 303 318 318 318 318 318 318 261 261 223 223 286 223 223 238 238 238 238 238 206 206 178 178 178 5 5 183 5 5 5 5 145 5 5 129 5 5 5 90 9 9 23 23 23 23 23 23 23 9 10 
993 959 959 959 959 959 959 944 944 899 899 899 899 899 899 899 744 744 744 744 744 744 848 744 744 744 744 744 744 744 744 743 743 743 743 743 743 743 713 713 713 713 670 670 676 676 676 658 658 628 628 628 628 628 548 548 548 548 548 550 550 550 550 558 536 536 483 483 483 508 483 483 483 483 422 477 473 422 422 422 422 422 422 419 419 378 378 378 261 303 303 318 318 342 318 318 319 261 261 261 261 261 261 261 261 239 239 239 239 206 206 206 178 178 199 5 5 5 164 164 5 5 5 5 5 115 115 5 90 9 9 9 58 58 42 42 23 23 9 9 
977 977 977 977 959 959 959 944 944 899 899 899 899 744 744 744 744 744 744 744 744 744 744 744 744 744 793 744 744 792 744 744 744 744 744 744 744 744 718 718 718 670 670 670 670 684 676 658 658 628 628 628 637 629 548 548 548 548 550 550 536 536 550 550 550 536 483 483 483 508 483 483 483 483 422 422 473 422 422 422 422 422 422 419 378 378 378 378 261 303 261 261 261 261 261 319 319 261 261 261 261 287 261 261 261 239 239 239 239 206 206 206 206 178 178 178 178 178 135 135 135 135 135 135 5 5 5 5 90 90 9 9 42 42 42 42 30 30 9 9 
977 977 987 977 977 944 944 944 944 899 899 899 744 744 891 891 891 881 744 873 744 744 744 744 833 793 793 744 744 792 792 744 744 744 744 761 753 718 718 718 718 670 699 699 670 670 676 658 658 658 629 629 629 629 597 597 597 597 550 550 550 536 536 536 536 536 483 483 483 508 484 484 484 484 484 422 422 422 379 379 379 379 379 419 378 411 378 378 261 261 261 261 261 343 261 261 261 261 261 261 261 287 261 261 261 261 184 184 184 184 207 207 206 206 50 50 50 50 50 146 146 146 50 50 50 91 91 105 9 9 9 76 42 42 42 42 30 30 9 11 
994 977 977 977 978 944 944 944 744 744 744 744 744 916 891 891 891 881 744 744 744 744 828 793 793 793 818 744 744 766 766 766 766 766 766 753 753 718 735 718 719 670 670 670 670 670 670 670 629 629 629 597 597 597 597 615 597 597 550 550 550 551 551 551 551 531 531 483 483 484 484 413 413 413 413 422 422 422 379 379 379 379 379 419 378 378 378 378 378 378 328 328 352 328 328 261 261 280 280 280 280 287 280 261 261 262 184 184 184 184 207 207 217 207 50 165 165 50 50 146 147 147 50 136 50 91 91 91 9 9 9 9 42 42 42 43 9 9 9 11 
978 978 978 978 978 944 944 944 744 744 931 931 874 874 881 881 881 881 874 874 828 828 828 793 793 793 818 744 744 766 766 766 766 766 766 753 753 718 718 718 714 714 670 670 670 670 651 651 629 629 629 597 597 597 597 597 550 550 550 579 579 484 484 552 552 531 509 509 509 484 484 413 413 413 413 422 422 422 459 459 379 379 379 419 419 379 379 379 379 379 328 328 352 328 328 261 261 280 297 297 280 280 280 262 262 262 254 184 184 184 227 207 207 207 50 50 165 50 50 146 146 146 50 136 50 50 50 91 9 9 9 9 42 42 42 43 9 11 11 11 
978 978 978 967 967 944 944 944 944 944 874 874 874 874 881 874 874 874 874 875 828 842 842 793 793 793 793 793 793 793 793 706 706 706 706 706 706 745 718 718 714 714 706 651 651 651 651 651 629 629 629 597 597 550 550 597 550 598 579 579 580 484 484 484 484 531 509 509 509 509 484 413 413 413 413 413 459 459 459 379 379 434 434 379 379 379 401 394 328 328 328 328 328 328 328 328 280 280 297 297 281 281 281 262 244 244 254 244 240 184 227 50 50 50 50 50 165 179 50 50 50 50 50 96 96 120 50 91 91 91 9 9 9 42 42 43 9 9 12 12 
992 992 967 967 967 967 967 945 945 945 874 874 874 874 874 874 874 874 874 875 828 842 842 842 793 793 793 793 793 793 794 706 706 706 706 754 706 706 706 706 720 706 706 651 651 651 651 651 629 629 629 638 638 550 550 597 550 550 579 579 580 484 484 484 484 484 484 509 484 484 484 485 485 485 485 413 413 413 462 379 379 379 379 379 412 412 394 394 328 380 344 344 328 328 328 329 280 297 297 297 281 281 262 262 244 244 244 244 240 184 184 50 50 50 50 50 165 165 165 165 96 96 96 96 96 96 50 77 77 77 77 77 9 9 9 9 9 9 12 12 
992 992 967 967 967 967 967 945 945 945 874 874 874 874 874 874 874 882 874 874 828 842 842 843 828 828 755 794 794 794 794 706 706 772 754 754 706 706 727 706 706 706 651 651 651 671 671 671 629 629 629 638 638 550 550 550 550 550 579 579 580 559 559 559 518 518 484 484 484 490 490 485 485 485 485 413 413 413 462 379 379 379 379 423 412 412 394 394 328 328 344 344 344 344 328 329 280 280 280 280 280 280 262 274 244 244 245 245 240 184 184 50 50 50 200 148 148 148 148 148 96 96 96 96 96 96 50 77 77 68 68 68 24 48 48 24 24 24 24 12 
952 952 952 952 952 967 967 961 952 920 920 920 920 878 878 878 878 878 878 874 828 828 828 828 828 755 755 755 755 755 755 755 755 755 754 754 754 727 727 727 707 707 651 651 651 671 671 671 629 629 629 550 550 550 550 533 533 533 518 518 580 559 559 559 518 518 518 518 518 490 490 490 485 485 413 413 413 413 413 413 413 413 413 423 328 328 328 328 328 328 328 328 328 328 328 329 280 280 305 280 280 280 262 274 244 244 240 240 240 184 184 184 200 200 200 148 148 148 148 148 160 96 96 96 96 121 50 77 77 68 68 68 24 24 24 24 31 31 13 13 
952 952 952 952 952 952 952 961 952 920 921 921 921 878 878 878 878 878 874 874 844 844 844 828 828 755 755 755 795 795 795 755 755 755 755 755 755 727 727 727 707 707 651 651 692 685 651 651 651 651 629 629 550 550 550 533 607 533 518 518 518 518 518 518 518 537 525 525 519 490 490 490 490 490 413 413 413 413 413 413 413 413 413 423 328 328 328 328 328 328 328 313 313 328 328 329 280 280 305 262 262 280 262 274 244 244 240 240 240 184 184 184 184 184 184 184 184 148 148 148 148 148 96 96 96 121 50 77 77 92 68 68 68 31 31 31 31 13 13 14 
995 920 920 952 952 952 952 952 952 920 921 932 878 878 878 878 878 878 874 874 844 844 844 844 773 773 773 773 795 795 773 773 773 755 755 639 639 639 727 727 707 707 707 651 692 685 651 651 659 651 651 629 629 629 533 533 607 533 518 518 518 518 518 525 525 525 525 526 519 490 490 490 490 413 413 413 467 467 413 413 413 442 435 413 413 328 328 328 328 338 338 313 313 345 262 262 262 312 262 262 262 262 262 274 244 244 240 240 240 184 184 184 184 208 185 185 185 148 148 148 148 148 96 96 96 121 50 106 69 69 78 78 69 31 49 31 31 13 14 14 
995 920 920 979 979 952 962 962 920 920 921 921 878 878 878 900 878 878 857 857 857 857 819 819 819 819 819 773 773 773 773 773 773 755 755 639 746 639 639 728 707 707 651 651 692 651 651 651 659 659 533 533 533 533 533 607 607 533 590 518 518 518 518 525 525 525 532 519 519 502 502 502 413 413 413 413 413 413 413 413 413 435 435 413 413 413 381 381 387 338 338 313 313 262 262 330 262 262 262 263 263 263 263 271 271 240 240 246 208 208 208 208 208 208 185 193 166 166 166 166 137 137 137 137 96 121 50 50 69 69 69 69 69 31 31 31 31 13 14 14 
995 920 920 979 979 952 962 962 920 920 921 921 878 878 878 878 878 857 857 858 857 857 849 820 820 820 820 773 773 773 773 773 773 773 639 639 746 746 639 707 707 707 651 700 651 651 651 651 659 659 533 533 533 533 533 533 533 533 533 573 573 510 510 525 525 538 519 519 519 502 502 502 413 413 413 413 413 413 463 413 413 435 413 413 413 413 381 381 381 381 338 313 313 262 262 262 262 262 262 262 263 263 263 271 240 240 240 208 208 185 185 185 185 209 185 166 166 166 166 166 137 149 137 137 96 96 96 50 69 69 69 69 70 25 25 25 25 25 25 14 
920 920 920 920 920 952 920 920 920 920 905 905 905 917 878 878 892 857 857 858 858 858 849 820 820 800 800 800 808 773 773 786 773 773 639 747 747 747 639 707 707 707 651 651 651 652 652 652 652 652 652 639 639 533 533 616 533 533 533 573 573 573 510 510 510 510 519 519 519 510 494 494 494 413 413 413 413 413 413 413 413 413 413 424 381 381 381 381 381 382 338 363 313 313 313 262 262 262 262 262 263 263 263 271 240 240 240 208 241 185 185 185 185 185 185 166 166 166 166 166 137 137 137 96 96 96 96 50 69 69 69 69 70 25 25 25 25 25 25 14 
920 920 920 920 920 920 920 920 920 946 905 933 905 917 879 879 857 857 857 820 820 820 849 820 820 800 821 800 800 800 773 786 773 773 639 747 748 748 639 707 707 639 639 639 652 652 652 639 639 639 653 639 640 533 533 533 533 533 533 573 573 511 511 511 511 510 510 510 510 510 494 494 474 474 474 413 413 413 413 460 436 436 436 424 381 381 381 381 382 382 338 338 338 338 313 313 313 313 262 262 263 263 263 263 263 263 208 208 241 185 185 185 185 185 194 194 122 122 122 122 122 122 122 96 116 116 116 50 50 59 59 59 59 25 25 44 25 25 14 14 
920 920 934 934 968 968 968 905 905 905 905 933 905 917 879 879 879 879 879 820 820 820 849 820 834 800 821 800 800 801 773 773 773 639 639 747 639 639 639 721 721 639 701 639 652 652 652 639 639 639 653 639 640 533 533 533 599 599 533 511 511 511 564 511 511 539 510 510 510 510 474 474 474 474 474 413 413 413 413 460 436 443 424 424 388 388 388 395 382 382 371 338 338 338 338 313 313 314 275 275 263 263 275 275 263 263 208 208 241 208 208 224 208 208 122 122 122 167 167 167 122 122 122 96 116 96 96 107 50 59 50 50 59 59 25 25 25 25 14 14 
920 920 934 934 934 934 934 905 905 905 905 933 905 905 879 879 879 850 850 820 820 820 820 820 834 800 800 816 774 774 774 639 639 639 639 639 639 639 639 639 722 639 701 639 639 639 639 639 639 639 639 639 608 608 608 533 599 599 533 511 511 511 511 511 539 539 510 510 510 510 474 474 474 474 474 474 474 413 413 460 436 443 424 424 388 388 388 371 371 371 371 338 338 338 338 331 275 275 275 275 263 263 275 264 264 264 255 208 241 208 208 208 208 208 122 122 122 167 167 122 122 122 122 96 96 96 96 107 50 59 50 50 50 50 50 25 25 14 14 14 
920 920 934 969 969 969 934 934 905 905 905 800 800 905 905 879 879 850 850 850 850 850 820 820 800 800 800 816 774 774 774 639 639 767 767 639 639 639 693 639 639 639 701 701 608 608 608 608 608 608 644 644 608 608 608 533 599 599 533 533 533 533 511 511 511 511 511 511 511 511 474 474 474 474 474 436 436 436 436 460 436 443 424 424 388 388 388 371 371 371 338 338 338 331 331 331 275 298 298 275 275 275 275 264 255 255 255 208 208 208 208 208 208 208 122 122 122 167 167 122 138 138 138 138 96 96 96 107 50 50 50 50 50 38 38 38 38 14 14 14 
920 920 934 934 934 969 969 934 934 934 941 800 800 800 800 850 850 850 850 850 850 850 850 800 800 800 800 816 774 787 787 787 639 639 639 639 749 749 693 693 693 693 693 702 608 608 608 608 608 608 608 608 608 608 622 533 533 533 574 574 574 533 511 511 511 511 511 511 511 511 474 474 474 474 474 436 436 436 436 460 436 443 424 424 388 388 371 371 371 371 338 364 338 331 331 331 275 298 298 264 264 264 264 264 255 255 255 208 208 218 208 208 208 150 150 122 122 167 167 122 122 122 122 122 117 117 96 96 96 50 50 50 50 38 38 38 14 14 14 14 
983 983 983 983 934 934 934 963 934 934 941 800 800 906 906 850 850 850 850 859 859 859 800 800 822 822 822 774 774 787 787 787 639 639 708 708 708 708 693 693 542 542 693 693 693 600 600 672 608 608 600 600 600 608 608 533 533 533 574 574 574 533 565 511 511 511 511 511 511 511 474 474 474 474 474 436 436 436 436 436 436 424 424 424 420 388 371 371 371 383 338 338 338 331 331 331 275 298 298 264 264 288 264 264 255 255 255 208 208 218 218 218 208 150 150 122 122 122 167 122 122 122 122 122 117 117 117 96 96 27 27 50 50 38 38 38 14 26 26 15 
983 947 947 947 934 934 934 934 934 934 934 934 800 800 800 800 865 865 865 859 859 859 800 822 822 829 774 774 809 787 787 774 774 774 708 756 756 708 542 542 542 542 542 542 542 600 600 600 600 600 600 645 600 600 608 533 533 533 581 574 574 533 533 533 533 540 527 527 511 511 474 474 474 474 474 436 449 449 449 449 449 424 424 420 420 388 402 388 388 353 353 353 353 331 331 275 275 298 298 298 264 264 264 264 255 255 255 208 208 225 218 218 208 208 150 150 167 167 167 122 122 122 122 130 130 122 27 27 27 27 27 27 71 14 14 14 14 15 15 15 
947 947 988 947 964 964 964 964 947 947 907 907 907 907 907 800 865 865 865 865 865 800 800 822 822 829 774 774 774 774 774 774 780 775 708 708 708 708 542 542 694 694 694 542 542 600 600 600 660 660 542 542 641 600 608 608 608 600 581 581 574 574 533 533 533 533 527 527 491 491 491 491 491 491 436 436 449 449 449 449 420 420 420 420 421 388 388 388 353 353 372 365 307 307 307 275 320 298 298 276 276 264 264 264 264 265 247 247 225 225 218 218 218 201 201 150 150 150 150 150 150 150 122 122 122 122 27 27 27 27 27 27 71 27 27 27 27 15 15 15 
947 947 947 947 947 947 947 947 947 907 907 922 922 908 908 800 800 883 865 865 866 800 845 845 835 708 708 708 708 775 775 775 775 775 708 708 708 750 708 708 694 694 694 542 542 600 600 600 542 542 542 542 542 600 600 600 609 600 581 581 574 574 533 533 534 533 533 527 491 491 491 491 491 491 436 478 449 449 449 449 420 420 420 353 353 353 353 353 353 365 365 365 315 315 307 275 320 298 298 276 276 276 282 276 264 247 247 248 225 225 218 218 201 201 186 186 186 174 174 150 150 151 108 108 108 108 108 27 27 27 27 27 27 27 27 27 27 15 15 15 
947 947 947 907 907 907 907 907 907 907 935 922 922 884 884 901 800 800 866 866 866 800 835 835 835 708 708 708 708 708 708 708 775 775 708 762 708 708 708 708 694 694 694 694 542 542 542 600 542 542 542 542 542 542 623 600 600 600 581 585 581 534 534 534 534 541 534 496 496 491 491 491 491 491 436 436 449 449 449 449 420 420 420 353 353 353 353 353 353 315 315 315 315 307 307 275 275 275 306 276 276 276 276 276 264 247 247 228 228 225 225 225 201 202 202 186 186 174 174 108 108 108 108 108 108 108 108 108 97 27 87 27 27 27 27 27 27 15 15 16 
947 907 907 907 907 907 907 907 907 907 935 935 884 884 884 884 893 800 800 800 800 800 835 835 708 708 708 708 796 796 796 708 776 776 708 762 729 729 729 708 708 708 708 694 542 542 542 600 542 542 542 542 542 542 623 600 600 601 581 581 581 534 534 534 534 534 534 496 496 346 346 491 491 491 436 436 449 449 449 449 450 346 346 425 353 353 353 353 389 315 315 315 315 307 307 307 321 275 275 276 276 289 264 264 264 266 228 228 228 228 228 201 201 202 202 174 174 174 174 108 108 108 108 108 108 108 118 88 97 27 27 79 27 27 32 32 32 32 15 16 
947 907 907 984 907 907 907 907 907 907 936 936 884 884 884 884 884 884 867 867 867 708 708 708 708 823 823 796 796 796 708 708 708 708 708 762 729 729 729 729 686 686 686 694 694 686 542 600 542 646 646 646 542 542 623 542 542 542 542 542 542 566 566 542 542 542 496 496 346 346 346 491 491 491 436 436 468 468 346 346 346 346 346 346 353 353 353 353 315 315 315 315 315 315 315 307 307 307 307 289 289 289 264 272 272 266 228 228 228 187 187 201 219 187 187 174 174 174 174 108 108 108 108 139 88 88 88 88 97 27 27 27 27 60 32 32 32 15 15 16 
947 907 907 984 953 953 953 953 953 936 936 937 884 884 884 884 884 884 867 867 867 708 851 817 817 817 817 796 810 796 708 708 708 777 757 757 757 730 730 730 686 686 686 686 686 686 542 600 542 630 630 630 630 542 542 542 610 542 542 586 542 542 542 542 543 543 496 496 512 512 346 491 491 492 436 436 346 346 346 437 437 437 437 346 353 353 353 396 315 315 315 315 346 346 315 322 322 289 289 289 264 264 264 272 266 266 187 187 187 187 187 201 187 187 187 174 174 109 109 109 109 109 131 131 88 88 97 97 97 27 27 27 60 60 51 32 32 15 16 16 
907 907 936 936 953 953 953 936 936 936 909 909 909 884 884 884 708 708 708 708 708 708 817 817 836 817 817 796 796 796 708 708 757 757 757 730 730 730 715 715 686 686 686 686 687 687 542 542 542 630 630 630 630 602 602 602 610 602 586 586 560 560 496 496 496 496 496 496 512 512 346 346 346 492 436 436 346 346 437 437 438 437 437 346 346 346 346 346 346 346 346 346 346 347 315 315 315 289 299 299 264 264 256 256 256 267 187 187 231 231 187 187 187 187 187 174 174 109 109 161 161 109 131 131 131 88 97 97 97 27 27 27 27 27 51 32 39 16 16 16 
907 907 907 936 936 936 936 936 954 909 909 909 909 884 884 708 708 708 666 666 666 817 817 836 836 817 817 817 802 802 757 757 757 757 757 730 730 730 730 715 686 686 709 677 677 677 677 542 542 630 630 630 630 602 602 602 602 602 586 586 560 560 496 496 496 520 520 520 520 464 464 495 346 346 346 346 346 346 437 438 438 437 437 346 346 346 346 346 346 373 347 347 347 347 315 315 315 289 289 289 289 256 256 256 256 187 187 187 204 204 204 204 204 187 203 187 187 109 109 161 162 109 109 132 132 88 97 97 97 88 88 27 27 27 51 32 32 16 16 16 
907 907 907 980 980 936 936 954 954 909 909 909 923 884 884 708 894 708 666 666 666 817 817 817 817 802 802 802 802 757 757 781 781 757 757 730 730 730 730 715 715 695 695 695 695 677 677 542 542 631 631 631 630 630 602 602 602 586 586 586 560 560 496 496 496 496 528 528 464 464 464 495 495 464 464 437 437 437 437 438 438 438 438 346 346 346 346 366 366 373 347 348 348 348 315 315 315 289 289 289 256 256 256 256 256 187 204 204 204 220 220 220 204 187 203 187 109 109 161 161 109 109 109 109 109 88 88 88 88 88 88 27 27 27 27 27 32 32 17 17 
948 907 907 980 980 954 954 954 955 909 909 909 909 909 909 708 708 708 666 666 868 817 817 817 817 802 802 802 802 757 781 781 666 666 666 666 666 666 666 666 715 695 695 695 666 666 661 661 661 631 654 631 631 631 592 592 592 586 591 586 560 560 560 496 496 496 496 496 464 464 464 464 464 464 464 437 437 437 437 366 366 366 366 366 366 366 366 366 366 373 373 348 348 332 332 332 315 289 289 289 256 256 256 277 256 187 187 187 229 220 220 220 204 187 187 187 109 109 161 161 109 109 109 109 109 109 109 109 88 88 88 27 27 52 52 27 27 27 17 17 
948 948 948 948 954 954 954 954 955 909 909 909 909 918 666 666 666 666 666 666 666 817 817 817 824 802 802 802 802 757 781 781 666 736 736 736 736 736 736 666 715 715 666 666 666 666 661 661 661 631 654 631 631 631 592 617 592 586 586 586 567 567 560 560 553 544 535 496 464 464 464 464 464 464 464 437 437 366 366 366 451 366 366 366 366 366 403 397 366 366 366 366 332 332 332 332 315 315 308 290 290 187 187 277 256 256 256 187 229 220 220 220 204 204 204 188 188 109 109 109 109 109 109 123 123 123 61 61 61 61 61 61 61 52 52 27 27 27 27 17 
948 948 948 948 954 973 965 965 948 948 909 909 924 910 910 902 885 885 666 666 666 817 817 817 824 824 824 802 802 666 666 788 666 666 736 736 736 666 666 666 715 715 666 666 666 666 666 666 661 631 631 631 592 592 592 617 592 592 592 567 567 567 567 553 553 544 535 496 464 464 464 486 486 486 486 437 437 366 366 366 366 366 366 366 366 366 397 397 384 384 366 366 332 332 332 308 308 308 308 290 187 187 187 187 187 256 256 187 229 220 220 220 220 188 188 188 168 168 168 109 109 109 109 123 123 123 61 110 80 80 61 61 61 17 17 17 17 17 17 17 
948 948 948 948 954 954 965 965 948 885 885 885 885 885 885 902 885 886 666 860 860 860 837 837 837 666 666 666 666 666 666 666 782 666 736 736 736 666 666 666 666 666 666 666 666 678 678 666 661 661 592 592 592 567 567 567 567 567 567 567 553 553 553 553 544 544 535 496 521 464 464 486 464 464 464 475 475 464 464 366 366 366 366 366 366 366 397 384 384 300 300 300 300 300 308 308 308 308 290 290 187 187 187 187 187 268 187 187 229 229 119 119 119 188 119 119 168 168 168 168 119 119 119 119 119 119 61 110 80 80 80 80 17 17 53 18 18 18 18 18 
948 948 948 948 954 954 948 948 948 885 942 885 885 885 885 885 885 885 666 860 860 861 837 837 837 666 803 803 666 666 666 666 782 666 666 666 666 666 666 666 678 678 666 666 696 678 666 666 666 592 592 632 632 567 603 603 603 603 575 575 553 553 553 553 544 535 535 496 521 464 464 464 464 469 464 464 464 464 366 366 452 366 366 366 366 366 366 384 384 300 374 300 300 300 308 290 290 290 290 300 187 187 187 187 268 268 187 249 229 229 119 119 119 119 119 119 168 168 168 168 119 152 140 140 119 119 61 61 80 80 80 81 17 17 17 18 18 18 17 17 
948 948 948 948 948 948 948 948 948 885 885 885 885 885 911 885 885 885 666 666 666 666 666 666 666 666 803 803 803 803 666 666 666 666 666 666 666 666 666 666 678 678 678 678 678 678 666 666 666 592 592 632 632 632 603 603 575 575 575 575 575 575 544 544 544 535 535 496 496 496 496 496 496 469 469 469 469 469 366 366 366 366 366 366 366 366 366 384 384 300 300 300 300 300 300 300 300 300 300 300 187 187 187 187 187 187 187 249 229 229 229 119 119 119 119 119 119 119 119 119 119 152 140 140 119 119 119 61 61 61 61 61 61 61 17 17 17 17 17 17 
