967 967 967 967 917 917 917 938 938 924 924 878 878 899 899 878 878 878 853 853 853 833 833 833 793 793 793 793 793 793 784 784 770 770 651 651 724 724 724 724 724 651 651 651 651 670 670 670 651 651 651 542 542 616 616 616 616 611 542 542 542 574 559 559 542 542 438 438 438 438 438 491 483 466 466 241 241 444 241 241 241 241 241 328 328 328 328 328 328 328 328 328 328 328 328 328 288 288 288 288 211 211 211 211 211 211 211 211 211 211 211 211 161 161 161 161 161 161 161 161 71 71 71 71 119 85 85 93 93 85 1 1 1 1 1 1 1 1 1 1 
967 967 977 917 917 957 917 938 938 924 878 878 878 899 878 878 853 853 853 833 833 833 822 822 793 793 793 793 735 735 784 784 770 651 651 651 724 724 724 724 724 651 698 698 651 651 651 651 651 542 542 542 542 542 542 542 542 611 542 550 542 574 559 559 542 543 438 438 438 505 460 460 483 466 466 241 241 241 241 241 241 241 241 328 288 288 288 288 288 288 288 288 288 288 288 288 288 307 307 288 211 211 211 211 211 211 211 211 200 200 200 200 161 161 161 161 161 161 152 152 152 71 71 71 119 85 85 85 85 85 1 1 1 37 37 1 1 23 1 1 
917 917 917 917 960 917 917 924 924 924 878 878 878 878 878 853 853 862 862 833 833 848 822 822 822 793 793 735 735 735 735 784 770 651 651 651 651 651 651 725 725 651 651 699 542 542 542 651 651 542 542 542 640 542 542 542 542 611 542 550 542 542 559 559 542 543 438 438 438 505 460 460 460 460 466 241 241 423 423 423 241 241 328 328 288 347 347 347 356 356 356 356 288 288 288 288 288 288 308 288 288 211 211 211 211 211 211 211 213 213 213 200 200 161 161 161 161 161 152 71 71 144 71 71 119 85 85 85 85 1 1 1 67 37 37 37 37 17 17 2 
917 917 917 960 960 917 917 924 917 917 925 878 911 878 878 853 862 862 862 862 833 833 822 822 822 793 793 735 735 735 735 770 770 651 651 695 695 742 651 651 651 651 651 699 542 542 542 542 542 542 542 542 640 542 630 542 542 542 542 550 550 542 559 542 542 543 438 438 460 460 460 492 484 460 460 460 241 423 437 423 241 418 288 288 288 347 384 347 356 356 288 288 288 288 288 288 288 288 296 296 289 211 211 211 211 211 211 211 211 152 152 152 152 152 152 152 152 152 152 71 71 71 71 119 119 71 71 85 85 1 1 1 67 37 37 37 37 17 17 2 
917 917 917 960 950 950 917 917 917 917 917 878 878 878 878 853 862 862 810 810 810 833 810 810 816 816 810 735 735 735 770 770 758 651 651 695 695 695 695 695 695 695 695 695 695 542 678 646 646 646 646 525 525 542 542 542 595 595 595 595 550 542 559 542 542 438 438 438 460 460 484 484 484 474 461 461 241 423 423 423 241 418 288 288 398 347 384 347 347 347 288 288 288 288 288 288 288 296 296 289 289 211 271 211 248 248 211 211 211 152 201 201 201 152 152 169 169 169 169 71 71 71 71 71 71 71 71 71 94 71 71 71 2 2 37 37 37 24 2 2 
917 917 917 960 950 950 950 946 853 853 917 917 853 853 878 853 853 862 863 863 810 810 810 810 816 810 810 735 735 735 735 776 758 758 651 651 651 651 718 718 718 718 707 695 695 542 678 646 646 646 646 525 525 525 525 561 561 561 561 550 550 542 542 542 542 438 438 438 460 460 484 484 484 474 461 461 438 438 423 423 241 241 241 288 288 347 384 347 347 347 347 347 288 288 288 288 288 296 296 290 290 211 211 211 248 232 232 232 152 152 201 201 201 152 152 152 169 169 152 152 152 120 120 71 71 71 107 71 71 71 71 71 2 2 2 2 2 24 2 3 
917 946 946 946 958 958 946 946 853 853 853 853 853 853 878 889 853 862 863 863 788 810 810 810 810 810 811 805 735 735 735 776 776 758 743 743 651 651 718 718 707 707 707 695 695 542 678 646 646 646 646 525 525 525 525 561 561 561 561 550 583 560 560 560 550 438 438 438 438 438 438 484 484 467 467 461 438 438 423 423 423 241 241 391 288 347 347 347 347 347 347 347 347 288 288 288 288 290 290 290 241 241 241 241 241 241 152 152 152 224 201 201 201 152 185 152 152 152 152 145 145 120 120 71 71 71 107 2 2 2 72 72 2 2 2 43 2 24 2 3 
917 946 946 946 958 958 946 853 853 912 912 853 853 853 878 889 853 862 788 788 788 810 810 811 811 811 811 805 735 735 735 776 776 758 743 743 651 651 651 718 707 707 708 695 695 542 542 671 646 646 646 646 525 525 525 525 525 561 561 550 550 571 571 550 550 438 438 510 438 438 438 485 485 467 467 461 438 438 438 241 241 241 411 391 288 288 347 347 347 347 358 347 347 241 241 241 290 290 297 297 241 241 241 241 241 241 152 152 152 152 201 201 201 152 185 185 145 145 145 145 145 145 120 128 120 2 2 2 95 2 2 2 2 2 2 43 2 2 2 3 
917 917 917 946 946 946 946 853 853 853 912 853 853 853 889 889 853 862 788 788 801 801 801 801 801 801 805 805 735 735 735 735 735 758 758 743 743 743 651 651 726 707 707 700 542 542 542 542 542 647 647 647 525 617 617 617 525 525 561 561 550 550 550 550 551 511 511 510 510 438 438 485 485 438 438 438 438 439 439 241 241 241 241 391 391 288 288 347 347 347 347 348 348 241 336 241 241 314 297 297 241 241 264 241 241 241 241 152 152 152 201 201 201 152 145 145 145 109 109 109 109 146 120 120 120 2 108 2 2 86 73 73 2 2 43 43 2 2 18 3 
917 917 917 968 926 926 926 853 853 853 912 912 912 853 853 853 853 862 870 788 788 788 788 788 788 801 805 777 777 777 756 756 735 735 735 735 735 744 735 651 651 651 707 700 542 542 542 542 542 647 647 647 525 617 617 617 617 525 525 561 550 550 561 561 511 511 511 511 511 438 438 493 438 438 462 462 315 315 315 431 419 419 241 405 391 391 288 288 347 347 347 241 241 241 323 323 241 241 241 241 241 241 264 241 241 241 241 152 152 152 152 152 152 152 145 178 178 109 109 109 109 146 2 2 2 2 2 2 2 2 73 25 25 25 25 25 25 25 3 3 
917 917 917 917 926 926 926 926 926 933 926 900 900 900 900 862 862 862 862 823 823 788 788 834 788 801 805 777 777 777 756 756 756 756 756 756 735 735 735 727 727 651 651 700 542 542 542 542 542 647 647 647 525 617 617 617 525 525 525 561 561 561 561 562 511 530 530 494 494 506 438 438 438 438 315 315 315 445 315 315 419 420 241 241 241 241 288 288 375 347 347 241 250 250 323 323 323 241 241 291 291 241 264 264 241 241 241 152 152 225 152 152 145 145 145 178 178 109 109 109 109 109 2 2 114 114 2 96 96 2 2 25 25 25 25 25 25 25 3 4 
986 881 881 917 926 926 881 881 926 933 926 900 900 900 900 862 862 862 862 823 823 823 823 788 788 801 801 801 801 777 777 777 777 771 745 745 735 735 735 727 727 651 651 700 542 542 542 542 542 647 647 525 525 617 617 617 525 525 511 511 511 511 511 511 511 494 494 494 494 494 494 438 438 438 315 315 440 440 440 315 419 412 412 392 392 241 241 241 241 241 241 241 250 250 323 309 309 309 309 291 241 241 265 265 241 152 152 152 152 152 152 152 145 145 145 162 162 162 109 109 109 109 135 2 114 114 2 96 96 87 2 25 25 2 25 25 25 25 3 3 
881 881 917 917 881 881 881 881 926 926 926 881 881 881 881 881 881 823 823 823 759 759 823 788 788 788 788 806 788 788 788 759 759 771 745 745 735 735 735 651 651 651 679 679 679 542 542 665 665 647 647 525 525 525 617 617 617 525 511 511 511 511 511 511 494 494 494 494 501 501 494 494 438 438 468 315 419 419 419 419 419 412 412 392 392 392 241 241 241 241 241 241 250 250 250 309 309 309 291 291 241 281 241 241 241 152 152 152 152 152 152 152 145 145 145 162 162 162 109 109 109 109 135 2 2 2 2 101 87 87 2 2 2 2 53 19 19 19 19 3 
881 881 881 881 881 881 881 881 939 927 927 881 913 881 881 890 823 823 871 759 759 759 823 823 817 817 788 806 788 759 759 759 759 771 745 745 735 735 651 651 679 679 679 701 679 679 679 665 665 625 625 625 525 525 617 623 617 525 511 596 511 511 511 511 494 494 494 494 494 501 501 441 441 468 468 315 419 446 419 419 424 412 412 392 392 392 364 364 241 241 250 250 250 329 250 250 324 291 291 298 241 241 241 249 249 249 152 152 203 203 214 202 202 145 145 162 162 162 162 109 109 147 129 129 2 2 87 87 87 87 2 2 19 19 19 19 19 19 3 3 
928 881 881 881 881 881 881 881 881 927 927 881 913 881 881 890 823 759 759 759 854 759 823 823 817 817 788 788 788 759 760 760 759 759 759 745 745 745 651 732 679 679 679 679 679 665 665 665 665 625 625 625 525 634 617 617 617 525 511 511 511 475 475 563 494 494 494 494 494 507 441 441 441 315 315 315 419 419 419 419 424 412 412 392 392 392 364 364 364 364 250 250 250 329 250 250 291 291 250 250 250 282 272 249 249 203 203 203 203 203 202 202 202 175 175 175 175 175 162 162 109 109 109 109 109 109 87 87 87 87 3 3 19 19 3 3 3 3 3 5 
928 881 881 881 881 906 906 906 881 881 881 881 906 906 823 823 823 759 854 854 854 759 823 823 817 817 788 788 759 759 760 760 759 759 651 651 745 745 651 651 651 709 709 665 665 665 680 659 659 659 625 625 525 525 525 525 525 525 511 511 584 475 475 475 475 531 531 512 512 441 441 441 441 315 452 452 452 419 419 419 424 412 412 315 315 315 315 378 364 364 250 250 250 329 250 250 291 250 250 299 250 250 272 249 249 203 203 203 203 203 202 202 202 175 175 175 175 175 162 162 130 130 130 130 121 109 109 97 97 3 3 3 3 3 3 38 38 3 3 5 
928 969 969 881 881 881 951 906 906 906 906 918 906 906 823 823 823 759 854 854 855 759 759 823 817 817 759 759 759 794 760 760 760 760 651 651 651 651 651 651 651 709 709 665 665 641 641 659 659 625 625 625 525 525 624 624 525 525 525 525 525 475 475 475 475 531 531 512 512 441 441 441 441 315 315 315 315 419 419 419 315 315 413 315 315 315 315 315 315 315 315 250 250 329 329 250 250 250 273 273 273 250 250 250 250 250 197 197 197 203 203 203 203 197 175 175 175 121 121 121 130 121 121 121 121 109 109 97 3 3 79 3 3 3 38 38 39 5 5 5 
928 928 969 881 881 881 881 928 928 928 906 906 906 906 823 823 823 759 872 759 759 759 759 823 823 759 759 761 761 761 761 761 760 760 651 651 746 746 651 651 665 665 665 665 665 641 641 641 641 625 625 625 635 635 624 624 525 525 597 597 525 525 525 564 475 475 475 475 475 508 441 441 441 441 315 315 315 315 315 315 315 315 315 315 315 315 315 315 315 315 315 250 250 250 329 329 250 250 273 273 273 250 250 251 250 250 197 233 197 197 197 203 203 197 175 175 175 121 121 121 121 121 110 110 110 110 110 3 3 79 79 3 3 3 38 38 5 5 5 5 
928 928 969 969 881 881 881 928 940 928 928 823 823 823 823 882 882 759 759 759 759 759 759 824 824 759 812 761 761 761 761 761 760 760 760 651 746 746 651 651 641 641 710 665 665 641 681 641 641 625 625 625 635 635 631 575 575 575 575 575 575 575 525 564 525 525 525 525 475 475 475 475 486 441 441 441 441 441 441 315 315 315 315 315 357 357 357 357 315 315 315 315 315 250 325 325 325 273 273 273 273 273 273 251 251 251 197 197 197 197 197 203 203 197 153 153 153 153 121 121 121 121 110 110 110 98 98 3 3 79 79 3 3 3 38 38 5 5 5 5 
928 978 978 928 928 928 928 928 759 759 759 823 823 823 823 823 823 823 823 823 759 759 759 759 759 759 759 761 761 795 761 761 761 761 761 651 651 746 651 651 641 641 641 641 641 641 681 641 666 625 625 625 625 625 631 575 618 575 575 575 575 575 525 525 525 544 526 526 475 475 476 475 475 475 447 447 447 441 441 315 315 315 315 315 357 357 357 357 315 315 315 315 315 250 325 325 325 273 273 273 273 273 274 242 242 242 242 234 197 197 197 197 197 197 153 179 179 153 153 153 153 121 110 110 110 98 98 98 3 3 3 3 3 3 54 20 20 5 5 5 
928 928 928 928 961 759 759 759 759 934 759 759 823 823 759 759 759 759 759 759 759 759 759 759 759 759 759 759 761 761 761 761 761 762 762 651 651 651 651 651 641 641 641 641 641 641 681 641 641 641 641 641 641 625 631 575 618 575 526 526 526 526 526 526 526 526 526 527 476 476 476 495 476 476 447 447 447 447 385 385 385 385 393 393 393 393 385 357 357 357 359 357 315 337 337 315 315 315 242 242 292 242 242 242 234 234 234 234 212 212 153 153 153 153 153 121 121 121 163 163 121 121 136 131 110 98 98 98 98 20 20 20 20 20 20 20 20 5 5 5 
961 961 961 961 961 759 759 891 891 891 891 759 823 823 759 759 759 759 841 841 759 759 759 759 825 759 759 759 772 772 772 772 772 762 762 651 651 651 651 651 641 641 641 641 641 641 681 641 641 652 652 625 625 625 631 575 618 575 526 532 526 526 526 526 526 526 476 476 476 476 476 476 476 477 447 447 447 447 385 385 425 385 393 393 393 393 385 357 357 357 357 357 315 315 315 315 242 242 242 242 292 242 242 242 234 234 212 212 212 212 153 153 153 193 193 121 153 121 121 121 121 136 136 131 110 110 99 99 99 20 20 20 20 20 20 44 20 20 20 6 
961 961 961 759 759 759 759 891 891 891 891 759 759 759 759 759 759 759 841 841 841 759 759 835 772 772 772 772 772 772 772 772 772 772 750 750 651 651 651 719 641 641 667 667 641 641 681 652 652 652 625 625 631 631 631 575 575 575 585 532 532 532 526 526 526 526 476 528 476 476 502 447 447 447 447 447 453 448 385 385 385 385 385 385 385 385 385 360 360 360 360 316 316 316 316 316 242 242 242 242 242 242 260 260 260 212 212 226 226 212 212 212 153 121 121 121 153 170 170 121 121 131 131 131 110 110 99 99 99 20 20 20 26 26 26 26 26 26 6 6 
961 981 759 759 962 759 759 891 891 891 891 919 759 759 901 856 856 856 864 864 841 841 841 772 772 772 772 772 802 772 772 772 772 772 750 750 750 702 651 719 719 719 667 667 667 667 681 652 652 652 625 642 631 631 631 625 575 575 585 585 585 532 532 565 532 532 476 476 476 502 502 447 447 447 447 447 453 448 385 432 385 385 385 406 385 385 360 360 365 365 316 316 349 330 330 316 242 242 236 236 236 236 252 260 260 212 235 226 226 212 212 212 153 121 121 153 153 170 170 102 102 131 131 131 110 110 99 99 99 20 20 20 26 28 27 27 27 27 6 6 
961 759 759 952 952 952 952 891 891 891 891 891 901 901 901 856 856 856 856 856 841 841 772 772 826 772 772 772 772 772 753 753 753 763 763 751 751 702 651 651 728 711 711 682 682 667 667 667 667 625 625 642 642 625 625 625 606 606 606 572 572 572 532 532 532 532 532 476 476 478 478 496 447 447 448 448 448 448 385 432 385 385 385 406 360 360 360 379 365 366 316 316 316 330 330 316 316 316 236 236 236 236 252 212 212 212 235 235 226 212 153 153 153 121 121 153 153 170 170 102 102 131 131 131 102 102 102 102 26 26 26 26 26 28 45 45 27 27 6 6 
961 961 865 865 865 953 953 891 891 891 920 891 891 901 901 891 856 856 856 856 841 841 772 772 826 772 772 772 772 796 753 763 753 763 751 751 702 702 702 702 728 711 711 682 682 682 682 667 667 625 625 625 625 625 572 572 606 572 572 572 576 572 572 533 552 533 533 478 478 478 478 478 478 478 448 448 385 385 385 432 385 406 406 406 360 360 360 379 365 366 316 316 316 316 330 330 236 236 236 275 275 236 252 212 212 212 212 226 226 212 153 204 153 153 153 153 153 137 137 137 102 102 102 102 102 102 102 103 26 26 26 26 68 28 45 45 21 21 6 6 
961 961 865 970 865 953 953 865 865 865 920 920 891 891 891 891 856 856 856 856 856 818 818 772 772 772 789 789 789 796 753 763 763 763 751 702 702 702 702 702 711 711 711 682 672 672 672 672 643 643 653 572 572 572 572 572 572 572 577 577 576 572 572 533 533 533 534 478 478 478 503 497 385 385 385 463 385 385 385 385 385 385 407 407 360 360 360 379 365 365 316 316 316 316 330 330 236 310 310 275 236 236 252 252 252 252 212 226 212 212 153 204 153 153 153 153 137 137 137 137 137 148 137 122 122 103 103 103 100 74 74 74 28 28 45 45 21 21 21 6 
865 865 865 865 865 953 953 865 865 865 865 865 865 865 865 865 865 865 865 865 818 818 818 818 818 818 789 789 789 796 753 753 751 751 751 702 702 702 702 702 711 711 711 682 672 672 672 672 643 643 643 572 572 572 572 619 619 612 577 577 576 576 513 513 513 534 534 478 478 478 478 497 385 385 385 385 385 385 385 385 385 385 407 360 360 360 360 350 350 365 316 316 316 316 330 330 236 236 236 275 236 236 236 236 236 212 212 226 212 212 153 204 204 153 154 154 137 137 137 149 137 137 137 122 122 103 111 100 100 74 74 28 28 61 21 21 21 28 6 6 
865 865 865 865 865 865 865 865 865 865 865 865 865 892 892 892 789 789 865 865 818 849 818 818 818 818 789 789 789 789 789 753 751 751 751 751 751 702 702 702 702 702 702 682 682 654 654 672 643 660 643 572 572 632 632 612 612 612 577 577 577 577 513 566 513 513 513 513 513 478 478 497 487 385 385 385 385 385 385 385 385 385 407 360 360 360 350 350 350 350 350 350 350 243 243 243 326 317 236 275 275 275 275 236 236 212 212 212 212 212 153 153 153 153 154 154 154 154 154 149 149 149 103 103 122 103 111 100 62 62 80 28 28 21 21 28 28 28 6 7 
865 865 865 971 865 865 865 865 865 865 865 865 865 892 892 892 789 789 866 866 818 818 818 789 789 789 789 753 753 753 753 753 751 751 720 720 720 702 702 702 702 702 702 702 654 654 654 654 643 660 643 643 643 632 633 612 612 612 577 577 586 513 513 566 478 478 513 513 478 478 487 487 487 479 385 385 399 385 385 385 385 385 407 407 360 360 350 350 350 350 243 243 243 243 338 243 317 317 236 243 243 243 276 236 236 236 236 236 153 153 153 153 153 153 186 186 154 154 154 164 154 103 103 103 103 103 111 100 62 62 62 62 28 28 55 28 40 6 6 7 
982 982 865 865 865 865 865 865 865 865 865 907 907 789 789 789 789 789 789 789 789 842 789 789 753 753 753 753 753 797 778 778 751 751 720 757 720 720 702 702 720 720 702 702 654 654 654 654 643 643 643 643 643 632 613 613 607 607 607 586 586 513 478 478 478 478 478 478 478 487 487 479 479 479 454 454 399 385 385 399 399 399 399 407 360 360 360 243 243 243 243 243 243 243 243 243 317 236 236 243 261 243 243 243 236 236 237 237 153 153 153 153 153 153 186 186 154 154 164 164 154 103 138 111 111 111 111 100 62 62 81 62 62 28 28 28 40 6 7 7 
982 982 935 935 963 865 865 865 865 865 865 907 907 789 789 850 850 850 850 867 789 842 789 789 753 753 753 753 753 778 778 778 778 720 720 757 720 720 720 720 720 712 712 654 654 688 654 654 654 654 654 632 632 632 613 613 607 607 607 586 586 513 513 478 478 535 535 514 514 487 498 479 479 479 454 454 399 399 399 399 394 394 399 399 360 360 360 243 367 367 243 243 243 243 243 243 243 236 243 243 261 261 261 243 243 237 237 153 153 153 153 153 205 180 180 180 180 154 154 154 154 103 103 103 62 62 62 100 62 62 63 63 62 62 6 6 6 6 7 7 
935 935 935 935 935 947 947 947 865 865 893 893 907 907 789 789 789 789 850 867 789 842 842 789 789 753 753 778 778 778 753 753 753 720 720 720 720 736 736 720 720 712 654 654 654 654 654 654 654 655 655 632 613 613 613 613 613 586 586 586 586 513 513 513 553 535 536 514 514 487 498 498 455 455 455 454 399 399 399 433 394 394 394 399 399 394 243 243 367 367 243 243 243 331 331 331 243 243 243 293 293 261 261 243 243 237 243 153 227 153 153 153 205 180 180 187 171 171 171 132 132 132 103 103 62 104 62 62 62 88 63 63 63 6 6 41 41 7 7 7 
935 935 935 935 935 947 935 935 865 865 893 893 907 907 893 893 789 789 850 850 789 789 789 836 789 819 753 753 803 753 753 753 753 773 720 720 736 736 737 712 712 712 654 654 654 654 654 654 655 655 632 632 613 613 613 613 613 586 586 586 586 513 513 513 535 535 487 487 487 487 498 498 455 480 455 454 399 399 399 433 394 394 394 394 394 394 243 368 368 368 243 243 243 331 331 311 311 311 311 261 261 261 277 243 237 237 243 153 227 153 153 153 180 180 180 187 171 171 171 132 132 132 132 132 62 104 104 88 88 88 63 63 63 6 56 41 41 7 7 7 
987 935 935 935 935 935 935 935 935 935 893 893 893 893 893 894 883 837 837 850 850 850 789 789 789 807 807 753 803 753 753 753 752 752 752 752 683 683 683 712 713 713 713 683 683 683 683 632 632 661 632 632 613 613 613 613 613 613 586 586 587 513 513 567 535 545 487 487 487 487 455 455 455 480 455 454 454 399 399 399 394 394 414 408 243 243 243 368 368 243 243 243 243 331 331 311 311 311 311 261 261 277 277 243 243 243 243 153 153 153 153 153 180 180 180 187 62 62 62 62 62 62 62 62 62 104 104 88 6 6 63 63 63 6 6 46 7 7 7 7 
935 935 935 935 935 954 954 935 935 935 893 893 893 908 857 857 883 837 837 837 837 837 843 789 789 807 807 753 753 753 753 753 764 764 764 752 683 683 683 712 713 713 683 683 632 632 684 632 632 632 632 632 613 613 613 535 535 535 535 535 535 513 513 567 535 515 515 487 487 487 455 455 455 480 455 455 455 399 399 399 394 394 394 408 243 243 243 380 243 243 361 243 243 331 331 311 311 311 311 300 261 261 261 261 261 228 228 228 228 206 206 206 206 180 180 188 62 62 62 62 139 139 139 62 62 104 6 6 6 6 63 63 63 63 6 46 7 8 8 8 
954 954 935 935 935 954 955 935 935 935 857 857 857 857 857 857 857 837 873 780 780 837 837 837 798 798 807 807 804 753 753 753 764 764 765 752 752 683 683 712 683 683 683 632 632 632 632 632 632 632 535 535 535 535 535 535 578 578 578 598 535 535 535 535 535 515 515 515 487 487 455 480 480 480 469 456 456 399 399 434 394 394 394 380 380 380 380 380 243 243 243 243 243 300 300 332 318 318 300 300 261 261 278 266 228 228 228 228 229 206 206 165 165 165 165 188 62 62 62 62 139 123 123 123 123 104 6 6 6 6 6 6 6 6 6 6 7 8 8 8 
954 954 954 954 954 954 955 948 935 935 857 895 895 895 895 895 857 857 857 780 780 780 837 837 798 798 798 798 804 753 753 779 779 738 738 683 683 683 683 683 683 721 714 632 696 632 632 673 656 656 535 535 636 636 626 626 578 578 578 578 578 578 535 535 515 515 516 515 515 455 455 480 456 456 469 456 456 426 426 426 426 380 380 380 380 380 386 381 319 319 319 243 243 300 300 332 318 300 300 301 228 228 228 266 228 253 229 229 229 206 206 165 165 165 165 165 165 165 165 165 139 123 133 133 104 104 6 6 6 75 75 48 48 6 6 6 7 8 8 8 
954 954 954 954 948 948 948 948 857 857 857 895 895 909 895 895 857 857 857 857 857 780 780 780 798 813 813 798 798 798 753 779 779 738 738 683 683 683 683 714 714 714 714 632 632 656 656 656 656 656 656 535 535 626 626 578 578 578 599 599 554 554 554 568 515 515 516 516 516 455 456 456 456 456 456 456 456 426 427 427 427 380 380 369 369 369 386 381 319 319 319 228 228 228 300 300 300 300 301 301 228 228 228 266 228 229 229 229 229 206 206 165 165 165 194 112 112 112 165 165 139 139 112 112 104 104 104 104 6 75 75 48 48 47 47 47 7 8 8 8 
857 857 972 972 948 948 948 948 857 936 921 921 874 874 874 874 874 874 874 838 838 838 838 780 798 798 798 798 798 753 753 738 738 738 738 738 738 738 738 714 714 714 632 632 632 656 656 656 656 656 656 535 535 626 626 578 578 578 599 599 554 579 554 554 554 515 515 517 517 455 369 369 369 369 470 369 369 426 426 428 428 380 380 369 387 369 381 381 319 319 319 351 228 228 300 300 301 301 301 302 228 228 228 266 228 229 229 229 229 112 112 165 165 112 112 112 181 112 155 155 155 112 112 112 112 115 6 6 6 6 75 75 48 47 47 47 7 8 8 8 
857 857 857 857 948 948 948 948 857 921 921 921 874 896 896 896 874 874 874 838 858 838 838 780 780 780 780 780 798 753 753 738 738 738 738 738 722 722 722 722 722 722 632 632 632 656 656 656 656 656 656 535 535 535 600 600 600 600 600 600 554 554 554 554 554 529 529 455 455 455 369 488 488 369 369 369 369 426 426 428 428 369 369 369 387 369 381 319 319 319 319 351 228 228 339 228 228 228 228 228 228 228 228 266 228 244 244 198 198 198 112 165 165 112 134 134 112 112 155 155 155 112 140 112 112 115 6 6 6 6 76 76 48 57 57 7 7 29 8 8 
857 973 973 857 857 857 857 857 857 921 921 921 874 874 896 896 874 874 874 838 838 838 838 820 820 780 780 780 780 799 753 753 753 738 738 738 722 722 739 722 722 632 632 632 632 656 656 656 656 656 656 535 535 535 600 600 554 554 554 554 588 554 554 554 554 529 529 455 455 509 369 488 369 369 369 369 369 426 426 369 369 369 369 369 387 369 369 319 319 319 362 351 351 228 228 228 228 228 228 228 244 228 228 266 228 244 198 198 198 198 112 165 165 112 134 134 112 155 155 166 112 112 112 112 115 115 77 77 77 77 76 76 48 57 57 7 7 9 9 9 
857 857 973 973 941 941 941 941 941 902 902 874 874 874 859 859 859 859 859 859 859 838 838 820 780 780 780 780 780 799 785 785 753 753 766 738 738 722 632 632 632 632 715 656 656 656 656 656 656 656 600 600 600 600 600 600 554 554 554 554 588 554 555 555 537 537 529 529 455 509 369 369 369 449 449 449 449 449 442 369 429 409 409 409 387 395 369 369 369 319 319 352 352 228 228 333 228 228 228 228 244 283 228 228 228 244 198 238 112 112 112 165 165 112 112 134 112 155 155 112 112 112 112 15 15 15 77 77 77 77 77 77 48 48 48 48 7 9 9 9 
979 857 857 974 941 941 956 857 857 902 902 902 902 902 859 859 859 859 859 838 838 838 844 820 780 780 780 780 780 785 785 780 780 753 753 753 722 722 632 715 715 715 715 656 656 656 656 656 668 600 600 600 600 600 620 620 620 554 554 554 554 554 555 555 537 537 537 455 455 509 369 369 369 369 369 369 369 369 442 369 369 409 409 409 387 387 387 382 369 369 319 352 319 319 319 319 319 319 303 303 244 244 228 228 262 244 198 238 112 112 112 112 112 112 112 134 112 112 112 112 156 112 15 15 15 15 77 15 15 15 15 58 58 58 58 7 7 30 9 9 
979 857 857 974 941 941 857 857 857 902 902 902 902 902 902 859 859 859 859 838 844 844 844 820 780 780 814 780 780 785 785 780 780 753 753 753 722 747 632 715 715 715 715 656 656 685 685 601 601 600 600 600 637 637 620 627 601 601 601 601 500 500 500 555 555 546 509 509 509 509 369 369 369 369 369 464 369 369 369 369 369 400 400 400 400 269 269 382 369 369 319 319 319 319 334 334 303 303 303 304 244 244 244 244 262 244 198 198 230 215 215 167 167 195 195 134 134 134 134 134 156 112 15 15 15 15 15 15 82 82 15 58 15 7 7 7 31 30 9 9 
979 857 857 974 941 941 857 857 857 922 922 922 914 884 884 884 875 875 875 838 838 838 845 820 820 820 780 780 780 780 780 780 780 753 767 722 722 747 632 715 715 690 690 690 689 601 601 601 601 601 601 648 637 638 601 601 601 602 602 602 500 500 500 556 556 546 509 518 518 369 369 369 369 369 369 369 369 369 369 369 400 400 400 400 269 269 269 269 269 269 269 319 319 319 334 334 303 303 303 303 244 284 244 244 244 244 245 198 215 215 216 167 167 167 167 167 167 176 172 134 156 112 15 15 15 15 82 82 82 82 15 15 15 7 10 10 31 31 10 10 
979 979 857 857 857 857 857 857 857 922 922 914 914 884 903 884 875 875 875 821 821 838 838 838 821 821 780 780 780 753 753 753 753 753 767 722 747 747 632 632 632 690 690 690 689 601 674 674 601 601 601 601 637 637 601 602 602 602 602 602 500 500 509 509 509 546 509 518 518 369 369 369 489 369 369 369 369 369 369 369 400 400 269 269 269 388 388 269 269 370 269 269 269 269 279 279 279 279 303 303 244 244 244 267 244 244 198 198 215 216 216 167 182 182 167 167 167 172 172 134 134 112 15 15 15 15 82 82 82 82 82 78 7 7 10 10 10 32 10 11 
979 979 979 949 949 949 949 949 929 929 929 914 876 876 903 884 875 875 827 827 821 821 821 821 821 781 781 781 781 753 753 753 722 722 722 722 747 632 632 632 632 690 716 689 689 601 601 601 637 637 637 601 601 637 601 589 589 589 608 589 589 500 509 509 509 509 509 519 519 269 269 481 481 481 369 369 369 269 269 269 269 269 269 389 389 388 388 269 269 370 353 353 353 269 279 279 279 279 303 285 285 285 239 239 239 254 198 231 231 198 198 198 182 182 167 172 172 172 167 167 134 112 112 15 78 78 78 78 78 78 78 78 7 64 10 49 10 10 10 11 
979 979 979 949 959 959 914 914 929 914 914 914 876 876 903 884 884 827 827 827 827 827 827 827 827 781 781 781 781 753 753 753 722 722 722 722 632 632 632 632 632 690 690 689 689 689 601 601 637 637 637 637 637 637 601 589 621 589 589 589 589 500 500 547 547 547 538 519 519 269 269 269 269 269 269 269 457 269 269 269 415 269 269 389 389 388 388 376 376 370 353 353 354 269 340 279 279 320 285 285 239 239 239 239 239 254 198 231 198 198 198 198 182 182 167 167 167 167 167 167 134 150 112 15 15 15 15 78 78 89 78 78 7 7 10 10 10 33 11 11 
988 983 949 949 914 914 914 914 929 914 914 914 876 876 876 885 885 827 827 827 827 846 846 839 808 808 781 781 781 753 753 753 722 722 722 722 632 632 632 632 632 723 690 690 690 690 601 601 601 601 601 601 601 601 601 589 621 589 589 589 589 500 500 538 538 538 538 519 519 269 471 471 471 401 401 269 269 269 269 269 415 415 415 389 389 376 376 376 370 370 363 353 269 269 279 279 279 320 285 285 239 239 239 239 198 198 198 231 198 217 198 198 182 182 196 167 167 167 167 167 134 134 112 112 112 116 15 15 15 15 83 7 7 7 10 10 10 11 11 11 
988 983 949 949 914 914 914 914 914 914 914 914 876 876 876 885 885 827 827 839 839 839 839 839 808 808 808 808 781 753 753 753 753 753 722 722 753 632 632 632 632 723 703 703 649 649 649 649 601 601 601 601 614 614 614 589 589 589 590 500 500 500 573 538 538 538 538 269 269 269 471 471 471 401 401 401 269 269 401 401 401 401 401 410 389 396 389 370 370 371 363 353 269 269 279 279 279 279 279 279 239 239 239 239 198 198 198 198 198 217 217 198 182 182 182 189 182 157 157 157 157 134 134 134 112 112 15 15 15 15 83 7 7 7 59 10 10 11 11 11 
988 930 930 930 930 930 914 914 914 930 930 876 876 876 876 876 876 876 876 839 839 839 839 839 808 808 808 808 781 753 753 753 753 753 753 753 753 632 632 632 632 703 703 704 649 649 649 649 669 649 649 649 591 591 614 614 614 614 590 500 500 500 573 569 500 500 500 269 490 490 490 490 471 471 471 401 401 450 401 401 401 401 401 410 389 389 389 363 363 363 363 353 269 269 341 279 312 312 312 279 239 239 239 239 239 255 198 198 198 217 217 198 198 198 182 182 182 157 157 141 141 141 141 112 112 112 15 15 83 83 83 7 69 59 59 10 10 10 10 10 
988 930 930 930 964 930 930 930 942 930 876 876 915 876 877 877 877 877 877 839 839 839 847 828 828 740 740 740 781 781 781 781 781 740 740 740 740 740 740 632 632 703 703 703 691 691 649 649 669 649 657 591 591 591 609 609 614 614 590 590 590 500 569 569 500 548 500 269 490 490 490 490 471 471 458 458 401 401 401 401 401 401 401 401 390 390 390 363 363 363 363 353 269 279 279 279 312 279 279 279 279 279 239 268 239 239 198 198 198 198 218 141 141 141 141 182 182 157 157 141 141 142 142 112 112 112 112 15 65 65 65 7 69 59 59 7 7 7 10 10 
988 930 930 930 964 943 943 930 930 930 876 876 876 876 877 877 886 877 877 839 839 839 828 828 740 740 740 740 790 781 781 740 740 740 768 703 703 703 703 733 703 703 717 703 691 691 649 649 649 649 657 591 644 591 609 609 609 609 609 590 590 500 569 500 500 500 500 269 520 490 490 490 490 482 458 458 458 401 401 416 416 421 416 401 390 390 390 363 363 353 353 353 269 279 279 312 312 279 279 305 279 279 239 239 256 239 239 198 198 198 198 141 141 141 141 141 141 157 157 157 141 142 142 124 124 15 15 15 65 65 65 7 7 7 7 7 7 7 10 10 
930 930 975 975 943 943 943 930 930 876 876 876 904 904 904 877 886 879 860 860 839 839 828 828 740 740 740 740 790 790 790 740 782 740 740 703 703 703 703 703 703 703 703 703 675 675 675 675 591 591 591 591 644 591 591 591 591 591 591 591 591 500 500 500 557 500 539 269 269 504 504 490 490 482 458 458 458 401 401 416 416 416 416 401 401 246 246 246 246 353 353 353 269 343 342 312 313 313 279 279 279 279 279 239 256 256 239 239 198 198 198 141 141 141 141 141 141 141 141 141 141 141 124 124 125 15 84 84 65 65 65 65 65 65 7 7 7 7 7 7 
930 930 975 975 943 943 943 943 943 876 876 876 904 904 904 879 879 879 860 860 860 815 815 815 815 815 815 740 740 740 791 740 782 740 740 754 754 703 703 729 729 705 705 705 675 692 591 591 591 591 591 591 644 591 591 615 615 615 580 580 580 580 557 557 557 500 539 269 269 504 504 465 465 482 458 458 402 402 443 416 416 416 416 402 402 246 246 246 246 353 353 353 269 342 342 312 313 313 313 279 279 286 239 239 240 240 239 239 198 198 219 141 141 141 141 141 177 177 173 141 141 141 124 124 15 15 84 84 65 65 65 50 50 50 50 50 34 34 7 7 
930 930 975 975 930 930 923 923 923 923 876 876 904 904 904 879 879 851 851 860 860 815 815 829 829 815 815 740 740 740 791 740 782 740 740 703 703 703 703 729 729 705 705 705 675 692 591 591 591 591 650 591 591 591 628 615 615 615 580 580 580 580 557 557 557 500 269 269 504 504 504 465 465 482 472 402 402 402 402 402 402 402 402 402 403 246 246 246 353 353 353 353 269 342 312 312 313 313 269 269 269 269 269 269 240 240 240 219 219 219 219 199 199 141 141 173 173 173 173 124 124 124 124 124 15 117 84 84 84 70 70 50 50 50 50 50 34 34 7 12 
930 930 930 930 930 930 923 944 944 923 923 923 851 851 851 851 851 851 851 851 851 851 815 815 815 815 815 740 740 740 740 740 740 740 740 703 703 703 703 703 693 693 693 693 675 675 676 676 662 662 650 650 580 580 628 628 580 580 580 580 580 580 557 557 557 500 500 504 504 504 504 465 465 465 472 402 402 402 402 402 355 355 355 355 403 246 246 246 246 246 246 246 269 342 335 335 313 313 269 287 287 287 269 269 240 240 240 219 219 219 220 199 199 199 173 173 183 126 126 124 124 124 124 124 15 15 105 105 84 70 70 70 42 42 42 42 7 7 7 12 
930 984 930 930 930 930 923 923 923 923 923 923 851 851 851 851 851 851 851 868 852 852 815 815 815 815 786 786 786 786 740 740 740 740 740 703 703 703 703 703 730 693 693 693 693 693 676 676 662 650 650 650 580 580 580 580 580 592 592 592 592 540 540 540 540 540 500 500 521 504 504 465 465 465 472 402 402 355 355 355 355 355 355 355 403 246 246 246 246 246 246 246 269 269 335 269 269 269 269 246 246 246 246 257 257 257 240 219 219 151 151 151 207 173 173 190 118 126 126 158 158 124 124 124 126 15 15 15 84 84 84 70 42 42 42 42 7 7 12 12 
930 930 930 930 930 923 923 923 923 923 923 851 851 851 905 851 851 851 851 868 852 852 830 830 830 786 786 786 786 786 740 740 740 740 740 748 703 703 703 703 693 693 693 693 693 693 662 662 662 650 650 650 580 580 580 580 580 541 541 541 593 540 540 570 540 540 540 500 500 397 397 397 465 472 472 465 355 355 435 355 355 355 355 355 355 246 246 246 246 246 246 246 246 269 269 269 246 246 246 246 246 246 246 257 257 258 240 240 151 151 221 151 151 173 190 190 118 118 126 158 158 124 124 126 126 15 15 15 15 84 84 70 70 42 42 42 42 7 12 12 
930 930 937 937 937 923 923 923 923 923 923 851 851 851 851 851 851 851 851 851 861 830 830 831 831 786 786 786 792 786 786 786 740 740 740 748 748 748 703 703 693 693 693 693 658 658 662 662 662 662 658 541 541 541 541 541 580 541 610 541 541 581 540 540 540 549 541 500 500 397 397 397 465 465 465 465 355 355 435 435 355 355 417 355 355 372 372 372 372 246 246 344 246 246 246 246 246 306 306 306 246 246 257 257 257 258 246 151 151 221 221 151 151 173 173 173 184 118 126 126 126 126 126 126 118 118 15 15 15 90 35 35 35 35 60 22 22 13 13 13 
937 937 937 937 937 937 923 923 923 923 923 880 880 880 851 851 851 851 851 851 861 830 830 830 830 809 809 809 792 792 792 774 774 774 694 694 748 748 703 703 706 706 706 706 658 658 658 658 658 658 658 541 603 603 603 541 541 541 603 603 541 541 541 541 541 549 541 500 522 397 397 397 397 473 355 355 355 355 430 430 430 417 417 355 355 372 372 383 372 246 246 344 344 344 246 246 327 306 306 246 246 246 257 257 257 246 246 151 151 151 222 151 151 151 173 173 184 118 126 126 159 118 118 118 118 15 15 15 15 35 35 35 35 35 35 22 22 13 13 13 
937 937 937 937 937 937 923 923 923 910 910 880 880 880 851 851 887 869 869 869 830 830 830 830 830 809 809 792 792 792 792 774 774 694 694 694 748 748 694 694 694 694 706 706 658 658 658 658 658 658 541 541 603 603 603 603 603 603 603 541 541 541 541 541 541 541 541 500 500 500 499 499 397 473 355 355 355 355 430 417 417 417 397 397 355 355 355 383 372 372 306 306 306 306 306 306 306 306 306 246 246 246 257 257 246 246 151 151 151 151 151 151 208 151 151 151 184 118 159 159 159 118 15 15 15 15 113 91 91 35 35 35 35 35 35 22 22 13 14 14 
937 937 937 976 910 910 910 910 910 910 910 910 880 880 851 851 869 869 869 869 830 830 830 830 800 800 809 792 792 792 792 787 694 694 769 694 694 694 694 731 731 694 706 706 658 658 686 658 658 541 541 629 629 629 629 629 622 541 541 541 541 541 541 541 558 523 523 523 523 500 500 500 397 473 473 355 355 355 430 417 417 397 397 397 397 397 355 383 372 372 306 306 306 306 306 306 306 321 294 294 294 246 246 246 246 246 151 151 151 151 151 151 151 191 191 151 151 118 159 159 118 118 15 15 113 113 113 91 91 91 35 35 35 35 35 22 22 13 13 13 
937 937 937 937 910 910 910 910 931 931 931 910 910 880 851 851 869 869 869 869 800 800 800 800 800 800 809 800 800 800 787 787 694 694 741 741 741 741 741 731 731 694 694 694 694 658 658 677 658 541 629 629 639 639 622 622 622 541 541 541 594 582 541 541 523 523 523 523 346 346 346 346 397 397 397 397 397 397 397 417 417 397 346 346 397 397 355 355 373 373 306 306 306 345 263 263 263 263 294 294 294 247 247 246 246 246 247 151 151 223 223 151 151 191 191 191 151 118 118 118 118 143 143 15 113 51 51 91 91 66 66 66 66 66 35 22 22 22 22 13 
985 985 980 937 965 910 910 910 931 931 931 880 880 880 851 851 869 869 869 800 800 800 800 832 832 800 800 800 800 800 787 783 783 694 741 741 741 749 694 694 694 694 694 694 694 658 658 658 658 541 541 645 639 639 622 622 622 541 541 582 582 582 523 523 523 523 523 523 346 346 346 346 397 397 436 436 436 436 397 397 397 397 346 346 346 346 355 355 373 373 306 306 306 263 263 263 263 263 280 280 295 247 247 247 247 247 247 151 151 223 151 151 209 191 191 191 151 151 118 118 160 143 143 15 113 51 51 51 51 51 51 51 51 51 35 35 35 35 15 15 
980 980 980 937 937 937 937 910 931 931 931 880 897 897 897 897 869 869 869 800 800 800 800 800 800 800 800 787 787 787 787 783 694 694 741 741 741 694 694 734 694 694 694 694 694 658 658 658 663 663 541 645 645 639 622 622 541 541 541 582 582 582 523 523 523 523 523 523 346 346 346 346 346 436 436 436 436 436 436 436 422 422 346 404 404 346 355 355 355 355 355 355 355 263 263 263 280 280 280 280 280 280 247 247 151 151 151 151 151 151 151 209 209 191 192 192 151 151 174 160 160 143 143 15 15 51 51 51 92 92 52 52 52 51 51 51 35 35 15 15 
980 980 980 966 966 937 937 910 910 910 932 880 880 880 880 898 880 880 840 840 800 800 800 800 800 800 800 787 787 787 787 783 694 775 694 694 694 694 694 734 694 694 694 694 694 694 687 541 541 541 541 639 639 639 541 541 541 604 604 582 582 582 523 523 523 523 523 523 346 346 346 346 346 436 459 459 459 346 346 422 422 346 346 404 346 346 355 355 374 374 355 355 346 346 263 263 263 263 263 280 280 280 280 270 151 259 151 151 151 151 151 151 210 191 192 151 151 160 160 160 151 151 127 127 15 15 106 106 92 92 52 52 52 52 52 52 36 36 15 15 
966 966 966 966 937 937 945 945 945 910 910 916 916 910 880 880 880 840 840 840 840 840 840 840 800 800 800 800 787 787 787 783 694 694 694 694 694 694 694 734 694 694 697 697 697 687 687 541 541 541 541 639 639 639 541 541 605 604 604 604 523 523 523 523 523 523 523 523 524 346 346 346 436 436 459 346 346 346 346 422 422 346 377 377 346 346 346 346 346 346 346 346 346 263 263 322 322 322 263 263 263 263 263 270 151 151 151 151 151 191 191 191 191 191 192 151 151 151 168 168 151 151 127 127 127 15 15 15 92 92 15 15 52 52 15 15 36 15 15 16 
966 966 966 966 937 937 937 937 937 937 910 910 910 910 880 880 888 840 840 840 840 840 840 840 800 800 800 800 787 787 787 783 783 694 694 694 755 694 694 734 694 694 697 697 697 687 687 541 541 664 541 541 541 541 541 541 605 605 605 605 523 523 523 523 523 523 523 523 524 346 346 346 346 346 346 346 451 451 346 346 346 346 377 377 377 377 377 377 377 346 346 346 346 263 263 263 263 263 263 263 263 263 263 263 263 151 151 191 191 191 192 192 192 192 192 151 151 151 151 151 151 151 127 127 127 15 15 15 15 15 15 15 15 15 15 15 15 15 16 16 
