960 960 960 960 960 897 897 897 897 897 897 897 897 897 742 742 742 840 840 840 840 840 742 742 742 742 742 742 742 742 770 742 742 742 742 726 726 726 704 704 704 602 602 602 632 632 632 632 632 632 591 591 598 598 598 598 598 591 499 499 499 499 499 499 499 499 521 521 499 499 499 458 458 458 458 448 448 448 448 349 349 349 408 348 348 348 348 377 348 348 348 329 329 329 269 269 269 162 162 162 162 162 162 162 162 230 230 230 230 187 187 187 148 148 148 148 148 148 148 148 148 116 116 116 116 103 103 79 79 79 40 40 40 49 49 40 1 1 17 1 
960 960 960 960 960 897 897 897 897 898 862 862 862 862 742 742 742 840 742 742 742 742 742 822 742 742 742 742 788 742 742 742 742 742 742 726 726 726 704 704 704 602 689 602 632 673 632 632 632 632 591 591 591 591 591 591 591 591 499 499 535 535 535 535 535 499 499 499 499 499 499 458 458 458 458 448 448 448 349 349 435 349 408 348 348 348 348 348 348 329 329 329 330 330 269 269 269 162 276 276 162 162 162 162 162 230 230 230 230 187 187 187 148 148 148 152 152 152 141 141 141 116 116 116 116 103 103 79 79 79 40 40 40 40 40 40 1 1 17 1 
960 960 960 960 961 916 916 897 897 898 862 862 862 862 862 742 742 840 742 742 830 830 779 779 779 779 778 778 778 778 742 742 742 742 742 726 726 704 704 602 602 602 689 602 632 632 632 632 632 632 591 591 591 591 591 591 592 592 580 499 499 528 528 528 536 499 499 499 499 499 499 499 458 458 458 448 448 349 349 441 435 349 408 408 348 348 383 366 366 329 329 329 330 330 269 269 269 162 276 276 276 276 162 162 187 187 187 187 187 187 187 187 187 187 187 152 180 152 141 141 141 141 103 103 103 103 103 79 79 79 79 40 40 40 40 1 1 1 1 1 
960 960 953 953 961 916 916 925 925 898 862 862 862 862 862 742 742 742 742 742 830 830 779 779 779 779 778 778 778 779 742 742 742 742 704 704 704 704 717 602 602 602 689 602 632 632 632 632 633 632 591 591 591 591 615 580 580 580 580 499 499 528 537 528 528 528 503 503 508 508 503 458 458 476 458 458 458 349 349 349 435 349 349 349 349 367 367 366 366 329 329 329 330 330 269 269 269 162 276 276 276 162 162 187 187 187 187 187 187 202 202 202 202 187 187 152 152 152 152 141 141 141 103 103 103 79 79 79 80 80 40 40 40 40 40 1 1 1 1 1 
977 953 953 953 953 953 916 916 925 898 898 910 862 862 862 862 862 862 862 852 830 830 830 779 779 779 799 779 779 779 742 742 757 704 704 704 704 704 717 602 602 602 602 602 602 602 659 659 633 632 632 615 615 615 615 580 580 593 499 499 528 528 537 537 537 503 503 503 503 503 503 458 458 458 458 458 458 349 349 349 349 349 349 349 349 367 367 367 367 329 329 329 269 269 269 269 162 162 276 276 276 162 162 187 162 162 162 202 202 202 162 162 162 162 162 152 152 141 141 141 123 123 123 123 79 79 99 99 80 80 40 40 40 41 41 41 1 1 18 1 
977 953 953 954 954 954 916 916 925 925 898 898 862 862 852 852 852 852 852 852 830 830 830 779 779 779 799 779 789 771 771 704 704 704 743 704 704 704 602 602 602 602 602 602 602 602 659 659 633 633 633 615 615 615 602 602 580 593 499 571 528 558 503 503 503 503 503 503 503 503 503 458 458 454 454 458 458 349 349 349 349 349 349 349 349 349 349 349 349 349 349 269 269 269 269 269 162 300 276 276 276 162 162 162 162 249 162 162 162 162 162 192 192 192 162 152 181 141 141 141 123 123 123 123 79 79 79 79 80 84 40 40 40 41 41 1 1 1 1 1 
953 953 953 954 954 954 916 916 916 926 916 898 898 898 852 852 852 852 852 853 845 823 823 779 779 779 779 779 771 771 704 704 758 704 704 704 704 704 602 602 602 690 690 602 674 602 602 602 602 602 602 628 602 602 602 580 580 593 499 499 528 503 503 544 503 503 503 503 503 503 503 458 458 454 454 458 458 349 349 349 349 409 409 349 349 349 349 349 263 263 269 269 269 269 269 269 162 162 162 276 276 162 162 162 162 249 203 203 203 203 203 192 192 192 162 152 152 152 152 141 141 123 123 123 79 79 79 79 80 80 80 40 40 41 41 1 1 1 1 1 
953 953 953 917 917 917 917 917 916 926 916 898 898 852 852 852 852 852 852 845 845 823 823 823 685 810 800 771 771 704 704 704 704 704 704 704 704 704 602 602 602 602 602 602 674 674 602 602 602 602 602 602 602 616 616 580 580 580 580 499 499 503 529 529 529 529 503 503 503 489 489 489 489 454 454 454 454 454 436 436 436 409 409 409 349 349 349 349 263 360 269 269 269 320 320 269 269 269 162 162 162 162 162 162 162 249 203 203 203 203 203 192 192 192 162 152 152 172 152 152 141 141 104 104 79 79 79 58 58 58 58 58 41 41 41 41 1 1 1 1 
962 962 962 917 917 917 917 917 916 916 916 883 883 852 852 852 852 871 845 845 823 823 823 823 685 800 800 771 704 704 704 704 746 746 704 704 704 704 685 685 685 685 685 685 660 660 660 660 602 602 602 602 616 616 499 499 499 499 499 499 499 503 503 503 538 503 503 489 489 489 454 454 454 454 474 459 459 436 436 436 436 409 409 409 349 349 349 263 263 360 342 342 342 301 301 301 301 269 269 286 162 162 162 162 193 193 203 203 203 203 203 203 192 192 162 162 162 162 162 104 104 104 104 104 104 79 79 58 94 58 58 58 41 41 41 32 32 1 1 1 
962 962 962 917 917 943 943 917 917 917 917 883 883 883 852 852 845 845 845 845 823 823 823 823 685 800 771 771 704 704 704 685 685 685 685 685 685 685 685 705 705 626 626 626 660 675 660 660 602 634 634 602 603 603 499 499 499 499 499 499 559 559 503 503 503 503 489 489 489 489 459 459 459 459 459 459 436 436 449 410 410 409 409 409 349 349 263 263 342 342 342 342 342 301 301 301 301 301 269 269 269 269 269 263 193 193 203 203 193 193 215 203 203 188 188 162 162 163 163 104 104 104 104 104 104 110 58 58 94 58 58 58 58 58 50 32 33 1 1 1 
962 962 962 962 962 943 943 883 883 917 917 883 883 883 883 883 845 845 863 845 685 685 685 685 685 800 771 771 771 685 685 685 626 626 626 626 685 685 626 626 626 626 626 626 660 675 660 660 602 602 602 602 603 603 603 499 499 499 499 499 559 559 503 503 503 512 489 459 459 459 459 459 459 459 466 466 436 449 449 410 410 410 410 410 391 391 263 378 342 342 342 263 263 301 301 280 280 280 280 280 280 263 263 263 193 193 193 193 193 193 193 193 193 188 188 104 104 104 104 153 104 104 104 104 104 110 58 58 58 58 58 58 58 3 50 32 1 1 1 1 
962 962 969 969 883 883 883 883 883 927 883 883 883 883 884 884 845 845 845 845 685 685 685 685 685 685 685 685 771 685 685 765 626 626 626 626 626 626 626 626 626 663 626 626 660 660 660 602 602 602 603 603 603 603 603 499 499 499 572 572 559 559 503 503 512 512 489 459 459 459 459 459 459 459 436 436 436 449 449 410 427 427 391 391 391 392 263 263 263 263 263 263 263 263 321 280 280 280 280 280 280 263 208 208 208 208 208 193 193 207 207 207 193 193 104 104 104 104 104 104 104 104 104 104 104 110 74 74 95 74 74 74 67 3 3 32 1 1 1 1 
969 969 969 883 883 918 918 918 883 883 883 883 883 883 845 845 845 854 854 854 685 685 685 685 685 685 801 685 771 685 685 765 626 747 644 644 644 644 644 644 644 663 663 663 663 663 663 602 602 602 603 603 603 603 603 603 581 581 572 572 559 512 512 512 512 530 489 489 489 489 436 436 436 436 436 460 460 455 410 410 391 391 391 391 391 384 384 263 263 263 263 263 343 263 263 309 309 280 280 280 280 263 208 208 208 208 208 208 208 207 207 208 131 131 104 104 104 104 104 104 104 104 130 104 104 110 74 74 74 74 74 74 67 59 3 32 32 1 1 1 
955 955 955 883 883 918 944 918 918 883 883 899 899 899 845 845 877 854 854 854 685 685 685 685 685 685 685 685 685 685 765 765 626 747 644 644 644 727 626 626 644 644 644 644 644 644 644 644 644 644 599 599 599 599 599 599 581 581 581 572 559 512 512 512 512 512 489 489 436 436 436 436 436 460 460 460 460 455 410 410 391 391 391 391 391 384 384 263 263 263 263 263 331 331 263 309 263 263 263 263 263 263 255 255 255 231 231 231 208 208 208 208 131 131 104 104 173 173 104 104 104 104 130 104 104 110 74 74 74 67 67 67 67 59 3 1 1 1 19 1 
955 955 955 970 883 918 918 918 918 918 918 899 899 893 893 845 854 854 854 685 685 685 685 685 685 759 685 685 685 733 733 626 626 747 644 644 644 727 626 626 706 626 626 626 626 626 626 626 626 626 599 599 599 599 599 599 572 572 572 572 559 559 512 512 539 512 436 436 436 460 460 460 460 460 460 460 460 333 333 333 333 333 391 391 391 379 379 379 302 302 302 302 331 331 263 263 263 302 263 263 255 255 255 264 231 231 240 231 208 208 131 131 131 131 131 131 173 164 164 104 104 74 74 74 104 104 104 74 74 67 67 67 59 59 3 1 1 1 1 1 
955 955 955 955 883 883 883 883 883 919 919 911 899 893 893 845 854 854 854 685 685 841 685 685 685 759 759 685 685 733 733 626 626 626 626 626 626 626 626 626 626 626 626 626 676 676 635 635 635 626 626 626 626 599 599 604 572 572 563 563 563 559 512 512 512 512 436 477 477 460 460 460 460 460 460 467 333 333 437 437 437 333 333 333 385 385 385 302 302 302 302 302 302 322 322 263 263 302 255 255 255 255 255 264 231 250 231 231 208 208 131 131 131 131 131 131 164 164 131 131 74 74 131 74 74 74 74 74 67 67 68 59 59 59 3 3 1 1 1 2 
955 955 955 955 955 955 883 883 883 883 911 911 899 893 893 845 845 845 845 845 685 685 685 824 811 811 759 685 685 733 733 733 733 733 626 626 733 629 629 629 697 697 626 626 676 676 635 635 635 635 635 629 599 599 599 563 563 563 563 573 559 559 512 512 512 512 436 436 477 477 477 477 477 477 333 333 333 437 437 438 428 428 333 333 385 385 302 302 302 302 302 302 302 322 323 315 302 302 255 255 255 255 255 264 231 231 231 231 231 131 131 131 131 131 131 131 164 174 131 131 131 131 131 74 74 42 42 67 67 81 68 59 59 59 3 3 1 1 1 2 
955 955 955 955 955 883 883 883 883 883 911 899 899 899 864 864 864 864 864 845 685 685 817 811 811 812 759 759 759 733 733 733 733 733 737 737 733 629 718 629 697 629 629 635 635 635 635 635 635 629 629 629 599 599 599 563 563 563 582 559 559 512 512 512 540 512 512 512 512 477 477 468 468 468 333 333 333 437 438 438 428 428 333 333 333 333 302 302 302 302 302 302 302 322 315 315 302 303 255 255 255 255 255 231 231 231 233 233 232 131 131 131 131 131 131 131 164 131 131 154 42 42 42 42 117 42 42 67 96 81 68 68 68 60 3 3 3 1 1 1 
955 955 955 955 955 883 883 883 883 883 911 899 899 899 864 864 878 864 864 845 845 817 817 825 817 802 759 759 759 733 733 759 759 733 733 733 733 629 629 629 629 629 629 629 629 677 635 635 635 629 636 630 599 599 599 599 599 582 582 559 564 512 552 512 512 531 512 512 513 468 468 468 490 468 333 333 333 437 438 438 438 333 333 333 402 333 333 333 350 350 350 302 302 315 315 315 302 302 294 255 281 255 255 231 231 231 233 233 232 175 175 175 204 131 131 131 131 131 154 154 42 132 132 42 42 42 42 67 67 81 81 60 60 60 3 3 3 1 1 1 
955 955 883 883 883 883 945 928 928 928 899 899 899 845 845 864 864 864 845 845 845 817 817 817 817 802 802 792 759 759 759 759 680 680 733 733 629 629 629 629 629 698 629 629 629 629 629 629 629 629 636 630 599 605 421 421 421 582 559 559 564 512 545 545 512 512 513 513 513 468 468 468 468 468 333 333 461 437 450 333 333 333 420 333 333 333 333 333 350 351 351 302 302 315 315 315 302 302 294 255 281 255 255 255 231 231 241 233 232 175 216 175 175 175 175 175 175 175 42 42 42 132 132 42 42 42 42 67 67 82 82 60 60 61 42 42 3 1 1 3 
955 955 883 883 883 883 945 928 928 928 899 899 899 845 845 845 845 845 845 813 813 813 813 813 813 802 802 792 759 759 759 759 680 680 680 738 629 629 629 629 680 680 680 680 680 629 629 636 636 636 636 630 599 605 421 421 421 421 559 559 559 512 545 512 512 512 442 442 442 442 442 468 468 468 468 333 333 437 450 333 393 393 420 333 333 333 333 333 350 350 302 302 302 315 315 302 302 294 294 255 281 255 255 255 256 241 241 233 233 175 175 175 175 175 42 42 182 42 42 42 42 132 132 118 118 42 42 42 42 42 42 42 42 42 42 3 3 3 3 3 
974 974 883 883 883 883 945 929 929 929 899 899 845 845 845 845 813 813 813 813 846 813 813 826 813 813 792 792 759 780 759 759 680 680 680 738 680 680 680 680 680 574 574 574 574 636 636 636 654 636 636 630 599 605 421 421 600 421 559 559 559 512 512 512 512 512 442 442 514 442 442 468 468 468 468 468 333 451 451 333 393 393 333 333 368 333 333 333 350 350 302 302 344 315 315 302 302 255 255 255 281 255 255 255 255 241 241 217 217 217 217 175 175 175 42 42 182 42 118 118 118 118 118 118 119 42 42 100 51 51 51 62 62 62 51 3 3 3 3 3 
945 945 883 883 945 945 945 929 935 845 845 845 845 813 813 813 813 872 855 855 748 748 748 748 748 748 792 759 759 759 759 748 748 748 680 738 680 606 606 707 707 574 574 574 574 574 574 574 630 630 630 630 599 605 421 421 600 421 421 421 421 541 541 541 541 501 501 442 514 442 500 500 468 468 469 469 333 333 333 333 393 393 333 333 368 368 368 333 333 333 352 302 302 302 302 302 302 255 255 287 255 255 255 255 255 217 217 217 42 42 42 42 42 42 42 42 42 42 118 118 118 118 133 111 111 111 51 51 51 85 51 51 51 51 51 3 3 3 4 4 
945 945 945 945 945 945 945 929 845 845 912 912 813 813 794 794 794 794 855 855 748 842 748 748 748 748 759 759 759 759 772 748 748 748 680 680 680 606 606 606 606 574 574 574 574 574 645 574 630 630 630 599 599 605 605 605 574 574 421 421 421 421 421 421 421 501 501 442 442 442 442 442 442 442 442 442 442 442 442 442 393 393 333 333 333 333 368 368 368 333 352 302 302 332 302 302 295 295 255 255 255 277 270 217 217 217 205 205 42 42 42 42 42 42 155 155 155 155 155 155 134 134 111 111 120 112 51 51 51 85 51 51 51 52 52 3 3 3 4 4 
945 945 972 945 945 945 945 929 845 920 906 813 813 794 794 885 794 794 855 855 748 748 748 748 748 748 759 793 759 772 772 748 760 606 606 606 606 606 719 699 699 574 574 681 681 645 645 574 630 630 630 599 599 599 574 574 574 574 574 574 553 553 553 421 421 501 501 501 501 501 504 501 421 421 421 421 462 421 421 393 393 393 333 333 333 333 333 333 333 333 352 333 333 332 295 295 295 295 295 218 218 270 270 217 217 217 205 205 205 205 205 205 205 42 155 34 34 34 34 34 134 134 111 111 111 112 51 51 51 51 51 75 51 52 52 3 3 5 5 5 
978 945 972 945 945 956 845 929 845 920 906 906 906 794 885 885 794 847 847 847 847 748 794 794 818 748 759 759 759 772 772 748 748 606 728 728 606 606 719 699 699 699 574 574 574 645 664 574 574 574 574 599 599 599 574 575 575 575 553 553 553 532 532 421 421 501 501 421 421 501 501 501 421 421 421 421 421 421 421 393 393 411 411 411 393 393 333 333 333 333 352 333 333 333 295 310 310 218 218 218 218 270 218 218 218 205 205 205 205 205 205 205 205 42 42 34 34 34 156 34 134 134 134 113 113 86 86 51 51 51 51 51 51 52 52 5 5 5 6 6 
978 945 945 945 956 956 845 845 845 920 920 794 794 794 794 794 794 794 794 794 794 794 794 794 794 748 748 748 748 748 748 748 748 606 606 728 728 728 699 699 682 682 682 682 682 645 645 645 645 645 574 621 621 621 574 575 575 575 575 553 553 532 532 532 421 421 421 421 421 421 421 421 421 429 429 470 429 429 421 421 393 393 393 393 393 393 333 333 333 333 352 333 334 334 295 218 218 218 296 288 218 218 218 251 218 205 205 205 223 223 205 205 205 42 42 34 176 176 156 34 34 142 113 113 113 86 86 86 86 86 63 63 63 43 43 5 24 24 6 6 
978 945 945 945 956 845 845 845 794 794 794 794 794 794 794 794 843 843 848 848 848 843 795 795 794 803 803 794 751 751 751 748 748 749 606 728 728 699 699 699 682 682 606 606 606 606 606 606 606 606 574 574 574 574 574 574 574 574 575 575 532 532 532 532 532 532 421 421 421 421 429 429 429 429 429 429 429 429 429 421 421 421 421 393 393 393 333 369 369 333 352 333 334 295 295 218 218 218 218 288 218 218 251 251 218 223 223 223 223 205 205 205 205 42 42 42 176 176 156 156 34 142 113 124 113 113 34 34 34 34 63 63 63 43 43 5 5 5 6 6 
945 945 945 945 956 845 946 845 794 794 794 794 794 794 794 886 843 843 843 843 843 843 795 795 794 794 794 794 751 751 751 749 749 749 606 606 606 699 699 699 606 606 606 606 606 606 606 606 606 606 606 606 606 574 617 574 574 574 575 575 532 532 532 532 532 515 515 515 421 421 429 429 429 429 429 429 429 429 429 429 429 429 394 394 393 393 333 369 369 333 333 333 334 295 324 218 218 218 218 288 218 218 251 257 218 218 218 218 218 205 205 205 206 42 42 42 177 177 135 135 34 142 113 124 113 113 34 34 34 34 63 63 63 43 43 5 5 5 6 6 
945 945 945 945 845 845 845 845 794 794 921 794 794 794 794 886 795 795 795 795 795 795 795 795 795 795 804 751 751 751 751 749 750 750 606 606 606 606 606 714 606 606 606 606 606 665 665 637 637 637 637 606 606 574 574 574 574 574 583 532 532 532 532 532 515 515 515 515 394 394 394 394 491 429 429 452 452 452 452 394 394 394 394 394 394 394 333 333 333 333 333 334 334 295 324 218 218 218 288 288 258 258 251 257 257 218 218 237 218 218 218 42 42 42 42 42 177 177 135 135 34 34 113 113 113 34 34 34 34 34 34 64 63 63 43 5 5 25 6 6 
971 945 945 945 845 845 845 873 873 873 873 913 894 894 894 795 795 865 795 795 790 790 790 795 795 795 804 751 751 781 720 720 720 720 729 729 715 715 606 606 606 606 606 606 665 665 637 637 655 637 637 606 606 622 606 606 583 583 583 532 565 532 546 546 515 533 515 515 394 394 394 394 394 394 394 452 452 452 394 394 412 412 412 412 394 394 333 333 333 333 333 334 334 295 295 295 295 218 288 288 258 258 251 251 251 219 219 219 219 218 218 42 42 165 165 165 165 178 135 135 149 34 34 34 34 34 105 34 34 34 34 64 64 64 43 43 5 5 6 6 
971 945 945 945 936 936 936 873 873 930 873 913 894 894 894 795 795 865 865 790 790 790 790 795 795 795 795 795 751 781 720 720 720 720 729 729 715 715 715 606 606 606 637 637 637 637 637 638 638 638 638 606 606 606 606 594 594 594 532 532 532 532 546 546 515 515 515 394 394 394 394 394 394 394 394 394 394 394 394 395 395 395 395 395 395 395 333 333 353 353 218 218 335 335 325 295 295 218 218 258 258 258 265 265 251 219 219 219 219 219 219 42 42 165 165 165 165 165 135 135 135 143 34 34 34 34 105 34 76 76 76 76 34 34 34 34 34 5 6 6 
971 971 971 971 936 947 936 936 873 930 873 873 894 894 873 873 795 866 866 790 790 790 827 827 790 790 795 795 751 751 751 720 720 720 729 729 729 729 715 715 606 606 637 637 637 666 666 638 638 639 639 606 606 606 594 594 595 595 532 532 532 534 534 534 534 534 515 394 394 394 394 394 492 394 394 394 395 395 395 395 439 395 395 396 396 396 380 380 353 353 218 218 218 336 325 218 218 218 218 258 258 258 265 265 251 251 219 219 219 219 42 42 183 165 189 165 165 165 135 135 135 143 34 34 34 34 105 34 34 34 34 34 34 65 34 34 35 5 6 6 
936 936 936 936 936 947 947 936 873 873 873 873 907 873 873 873 795 795 795 795 790 790 790 790 790 790 782 782 782 782 751 751 761 720 730 730 730 730 720 700 691 691 637 666 666 666 576 576 638 576 576 576 576 576 594 576 576 576 576 576 566 534 534 534 534 516 515 515 386 386 386 394 394 394 394 394 395 395 395 395 439 386 386 386 386 386 380 380 370 353 218 218 218 336 325 218 218 218 218 258 258 265 265 265 258 42 42 42 42 224 42 183 183 165 165 165 165 165 165 135 135 135 135 34 34 97 97 97 97 83 83 34 34 65 5 5 5 5 7 7 
936 936 936 948 948 948 948 936 936 873 873 873 907 873 895 873 873 873 795 795 790 831 790 790 790 790 782 796 782 782 773 751 761 720 720 720 734 720 720 700 691 691 691 576 576 576 576 576 576 576 576 576 576 576 576 576 584 584 584 566 566 534 534 534 534 516 516 515 386 386 386 386 386 443 443 443 395 395 395 395 386 386 386 386 403 386 386 370 370 353 353 218 218 218 325 218 218 218 218 289 258 258 258 258 258 42 42 42 42 42 42 183 183 165 165 165 165 165 166 135 135 135 135 20 20 97 97 97 97 83 83 5 5 65 5 44 5 5 7 7 
936 873 873 949 949 949 949 873 873 873 922 873 873 873 895 879 879 795 795 856 790 831 831 790 790 790 782 782 782 782 773 751 761 720 720 720 720 720 720 700 708 700 692 576 667 667 667 576 576 646 576 576 576 576 576 584 584 584 584 566 566 534 534 534 534 516 516 515 515 386 386 502 386 443 443 443 443 443 443 443 386 413 413 413 370 370 387 370 371 345 345 218 218 218 325 218 218 266 266 266 258 258 258 258 42 42 42 42 42 220 220 183 183 165 165 165 165 165 135 135 135 135 135 20 20 20 97 97 97 83 83 5 5 5 5 5 5 5 8 8 
936 873 873 873 963 949 949 873 879 879 879 879 879 879 879 879 880 795 856 856 790 790 790 790 790 790 790 790 790 773 773 751 751 751 721 721 720 720 720 700 700 700 692 576 667 667 667 656 656 555 555 555 555 618 618 584 584 518 518 518 518 518 518 534 534 516 516 516 516 386 386 502 386 386 386 386 386 386 386 386 386 345 345 345 370 370 370 370 345 345 345 345 218 218 218 218 218 266 266 266 266 278 266 266 42 42 42 238 42 220 183 183 183 183 183 165 165 179 135 135 136 135 135 20 20 20 20 20 87 87 5 5 53 5 5 5 5 5 8 8 
936 873 873 873 873 873 873 873 879 879 879 914 900 900 795 795 795 795 856 856 790 790 790 790 790 790 790 773 773 773 774 751 751 721 721 721 721 720 720 692 692 692 692 576 683 667 667 656 656 555 555 555 555 618 607 607 584 518 518 518 518 518 518 534 534 517 517 517 517 386 502 502 386 386 386 386 386 386 386 386 345 345 414 345 345 397 345 345 345 354 354 345 218 218 218 218 311 266 266 267 266 266 266 42 42 42 42 42 42 220 183 183 183 194 183 165 165 179 135 135 136 136 136 20 20 20 106 20 87 87 5 69 53 53 5 5 5 5 8 8 
936 873 873 873 873 873 873 941 879 879 879 914 900 901 795 887 795 795 832 832 832 832 832 828 762 762 805 773 773 773 762 762 762 721 744 721 721 721 721 692 692 693 693 576 576 668 668 555 555 555 555 555 555 607 607 608 584 596 518 567 567 518 518 517 517 517 517 517 518 386 493 493 386 386 386 386 386 386 386 386 386 386 414 414 345 397 345 372 372 345 345 345 345 218 326 218 218 297 297 267 267 266 266 42 42 42 226 225 225 158 158 209 158 158 183 165 165 135 135 125 125 125 125 20 20 20 20 20 87 87 5 69 69 53 53 26 26 26 8 8 
936 873 873 873 873 937 937 879 879 931 900 900 900 901 795 795 833 833 832 832 832 832 832 828 762 762 762 797 762 762 762 723 723 721 721 721 735 576 576 576 692 693 576 576 576 555 555 555 555 555 607 607 607 607 585 585 596 596 518 518 518 518 518 517 518 518 518 518 518 386 493 493 493 386 386 386 386 386 386 386 386 386 386 415 345 397 345 372 372 345 345 272 272 218 218 218 267 267 267 267 267 271 271 42 42 242 226 225 225 225 158 158 158 158 183 183 183 135 135 125 125 125 125 125 20 5 5 5 5 5 5 5 26 26 26 26 27 27 8 8 
936 936 936 937 937 937 937 879 879 879 900 888 888 888 888 795 795 833 833 828 828 828 828 828 762 762 762 762 762 775 775 723 723 723 723 731 731 576 576 576 692 576 576 576 576 555 555 555 555 555 555 555 555 623 585 585 596 596 518 518 518 554 554 518 518 518 518 518 518 386 493 494 494 386 386 386 440 440 386 386 386 430 386 415 345 397 345 345 345 345 345 272 272 337 316 316 267 267 267 267 267 267 267 267 42 242 226 226 225 225 158 158 158 158 190 183 183 135 135 125 125 20 20 20 20 5 107 5 5 5 5 5 26 26 9 9 27 27 9 9 
936 936 936 937 937 957 937 937 937 879 879 888 888 888 888 888 795 833 833 828 833 833 833 795 814 762 762 791 791 775 775 723 723 752 723 731 731 731 576 576 576 576 576 576 576 555 555 661 657 555 555 555 555 623 585 585 585 585 585 518 518 554 518 518 496 496 496 519 519 493 493 494 478 478 440 440 440 440 440 386 386 430 386 386 345 345 345 345 345 345 345 272 272 272 272 272 272 272 272 272 272 272 272 42 42 242 242 226 226 226 210 210 158 190 190 185 167 167 167 125 125 20 121 121 121 5 107 5 5 5 9 9 9 9 9 9 9 9 9 10 
979 936 936 902 937 937 937 879 879 879 879 879 908 888 888 888 795 833 833 833 833 795 795 795 814 814 762 762 762 723 723 723 723 752 723 723 736 576 576 576 576 576 576 576 576 555 555 657 657 555 585 585 623 623 585 555 555 555 555 518 518 518 518 496 496 496 496 509 509 493 493 493 478 478 440 440 463 440 440 386 386 430 386 386 404 345 345 345 345 272 272 272 272 272 234 304 304 304 234 234 282 272 272 42 259 234 234 234 234 210 210 211 158 185 191 185 167 157 157 157 20 20 121 121 5 5 107 5 5 5 9 9 9 10 10 9 9 10 10 10 
979 936 936 902 902 902 950 879 938 879 879 879 908 888 888 888 795 795 849 849 849 795 815 815 815 815 762 762 762 723 723 723 745 745 745 723 723 576 576 576 576 576 576 684 684 555 555 657 657 555 585 585 585 585 585 555 555 560 555 555 555 555 555 496 496 496 509 509 509 509 471 471 495 440 440 440 440 440 444 444 386 386 386 272 272 272 272 272 272 272 305 305 305 338 234 234 234 234 234 234 234 42 42 42 234 234 235 235 235 210 210 158 158 185 185 185 167 20 20 20 20 126 126 126 5 107 107 5 5 88 9 9 9 10 10 10 10 10 20 11 
979 776 776 964 964 902 902 879 879 879 879 879 908 902 888 888 795 795 849 857 795 795 762 762 762 762 762 762 762 723 723 723 745 723 723 723 723 576 576 576 576 576 576 555 555 555 555 555 555 555 585 585 585 585 609 609 555 560 555 555 568 560 496 496 496 496 496 496 496 496 471 471 471 471 471 471 440 440 444 398 398 398 398 272 272 272 272 272 361 361 305 305 305 305 234 234 290 290 290 290 234 234 234 234 234 158 158 158 158 158 158 158 185 185 185 167 167 20 20 20 20 126 126 101 5 5 5 5 5 70 70 9 9 28 28 28 28 28 20 11 
979 776 776 776 776 776 902 879 879 902 902 902 902 902 888 888 795 849 849 795 795 762 762 819 819 783 783 783 783 783 723 723 723 723 576 576 576 576 576 576 678 678 678 555 555 555 555 555 647 647 555 555 585 585 609 555 555 560 560 560 560 560 496 511 511 510 510 510 510 496 471 479 479 479 471 471 440 440 444 398 398 398 398 398 272 272 272 272 361 361 305 305 305 305 273 273 290 273 273 273 273 273 273 260 260 158 243 239 158 158 195 195 185 185 185 167 167 167 20 20 150 20 20 101 101 101 101 101 5 70 70 70 70 28 28 28 28 28 20 11 
776 776 965 965 965 776 902 902 902 902 915 915 858 858 888 888 795 795 795 795 806 762 834 762 762 783 783 783 783 783 763 763 723 723 576 576 576 576 576 694 678 678 678 678 678 678 669 555 555 555 555 555 555 555 555 555 601 496 496 496 496 496 496 511 511 510 510 510 510 496 471 471 471 471 471 472 440 444 444 398 398 398 422 398 398 398 272 272 361 361 305 346 346 273 273 273 273 273 273 273 273 273 260 260 158 158 239 239 158 158 195 195 195 195 158 158 158 167 167 20 20 20 20 20 20 114 20 20 20 70 70 70 20 20 20 28 28 28 20 11 
776 776 965 965 966 776 776 776 932 932 915 859 859 858 858 858 858 858 795 795 806 762 762 762 762 762 806 783 783 763 763 763 763 723 723 709 709 709 722 694 694 694 694 678 678 669 669 619 619 619 619 619 619 619 619 561 561 569 569 577 496 496 556 511 524 524 524 510 510 496 496 496 496 471 471 440 440 444 444 398 398 431 388 388 388 399 305 305 305 362 305 273 273 273 274 273 273 274 274 274 274 274 260 260 158 252 239 239 158 158 195 195 196 196 158 158 158 158 158 158 20 20 127 127 20 20 20 89 20 20 20 20 20 54 20 20 20 20 20 11 
776 776 776 776 776 776 951 776 932 915 915 859 859 859 859 859 881 858 858 858 806 806 762 762 762 762 806 768 768 763 766 766 723 723 723 709 709 709 709 716 709 695 695 669 669 669 619 619 619 619 640 610 610 610 610 610 561 569 569 569 569 511 511 511 524 511 511 510 510 510 497 497 497 471 471 440 440 440 444 398 398 388 388 389 388 388 305 305 305 305 305 305 305 305 274 274 274 274 283 283 283 274 260 260 158 244 244 212 212 212 212 212 158 158 158 158 158 158 168 20 20 20 20 20 20 20 89 89 98 89 20 20 71 54 54 11 11 11 11 11 
776 776 776 776 776 776 776 776 932 915 915 859 859 776 776 859 859 867 867 844 844 806 806 806 762 762 806 768 768 763 763 767 723 723 723 723 723 723 709 709 709 695 695 669 669 669 619 619 640 640 640 610 610 561 561 561 561 569 569 569 511 511 511 511 511 511 511 511 511 511 497 497 480 480 416 416 440 440 444 388 388 388 423 389 405 388 388 305 305 305 305 305 305 305 305 305 305 261 261 261 274 274 274 158 158 244 245 212 212 212 212 158 158 197 158 158 158 168 168 20 20 20 20 20 20 20 89 89 89 89 20 20 71 54 54 11 11 29 11 11 
776 776 776 776 776 776 776 776 776 776 915 859 859 776 776 889 859 859 868 844 829 829 835 806 806 806 806 768 768 784 763 763 763 732 732 724 724 723 723 709 709 695 695 669 669 669 669 619 631 631 631 631 610 561 561 561 569 569 569 569 511 511 511 547 511 511 511 511 520 505 505 480 480 481 416 416 440 444 444 388 388 388 423 389 389 389 389 305 305 363 305 305 305 339 305 305 305 261 261 261 274 274 274 158 244 244 158 158 158 158 158 158 197 197 158 158 158 159 159 159 20 20 128 128 20 20 108 71 71 71 71 71 71 45 45 45 11 29 11 11 
776 776 776 776 776 776 776 776 776 776 915 859 776 776 776 776 882 859 859 844 844 829 829 829 806 806 763 763 768 768 768 768 763 732 732 724 724 724 724 709 709 696 696 669 669 669 669 619 631 631 631 631 610 561 561 561 561 597 561 561 561 511 511 547 525 525 525 480 480 505 505 480 481 481 416 416 440 444 444 388 388 388 400 400 400 400 340 340 355 355 355 347 347 327 327 305 305 261 261 261 261 274 274 158 244 158 158 227 227 227 158 158 158 158 158 158 159 159 159 159 144 144 122 122 122 71 71 71 71 71 71 72 72 45 45 45 11 11 11 11 
975 975 776 776 776 776 776 933 933 776 776 859 776 837 837 776 776 874 859 859 844 844 836 763 763 763 763 763 763 763 763 763 763 732 732 732 732 732 710 710 710 696 696 619 619 669 669 619 631 631 631 631 610 610 610 561 561 561 561 561 561 557 557 525 525 375 375 480 480 480 480 480 481 482 416 416 440 440 440 440 440 388 400 400 400 340 340 340 355 355 356 347 347 327 327 305 305 305 284 284 261 261 158 158 244 158 227 227 213 213 158 158 158 158 158 158 159 169 169 159 144 145 122 122 122 71 71 71 71 55 55 55 55 45 45 45 36 11 21 11 
933 933 776 776 967 776 776 933 933 933 776 776 776 837 837 837 776 776 776 776 850 836 836 763 807 807 807 763 763 769 769 769 753 753 732 732 732 732 710 710 710 696 696 619 619 619 619 619 658 631 631 586 586 586 610 561 561 561 586 561 561 557 525 525 542 375 375 480 480 480 481 481 481 482 416 416 416 416 416 388 388 388 400 400 400 340 340 340 364 364 312 312 312 312 312 312 312 284 284 261 261 261 158 244 244 158 158 158 213 213 213 129 129 129 129 159 159 169 159 159 144 145 22 22 122 71 71 71 71 55 77 77 55 55 55 36 36 11 11 11 
933 933 933 776 776 776 933 933 933 933 923 875 875 837 837 837 776 776 869 776 776 836 836 763 763 763 808 763 763 769 769 769 753 754 711 711 711 711 711 711 711 619 619 619 619 679 641 641 641 641 641 586 624 586 586 611 561 561 586 561 561 557 525 542 542 375 375 375 480 480 481 480 480 480 416 416 416 416 416 388 388 388 388 400 400 340 340 340 364 364 312 312 312 312 312 312 284 284 291 261 261 279 158 244 158 158 158 158 213 213 213 129 198 198 129 159 159 159 159 144 144 22 22 22 22 22 22 22 22 55 55 55 55 66 36 36 37 11 11 12 
933 976 933 933 958 958 933 934 934 934 923 875 875 837 837 837 837 837 837 837 776 836 836 763 763 763 808 763 763 785 769 769 753 711 711 711 711 712 712 712 712 619 619 619 619 619 641 641 641 648 586 586 624 624 586 586 561 561 586 561 557 557 525 542 542 375 375 375 480 480 480 480 480 480 416 416 416 416 445 388 388 432 388 388 406 340 340 340 340 340 340 340 312 312 312 312 284 306 291 291 261 158 158 158 158 246 246 213 213 228 221 129 129 129 129 129 159 159 170 144 144 22 137 90 90 90 90 90 22 22 22 55 55 66 36 37 37 12 12 12 
933 933 933 933 933 933 933 933 933 870 923 875 875 837 837 890 837 837 870 837 776 836 776 776 763 763 808 763 763 785 753 753 753 711 711 711 711 711 712 712 713 619 619 619 619 619 641 641 641 648 586 586 586 612 612 586 586 586 586 561 557 557 525 542 542 375 375 375 375 483 483 483 480 480 416 416 416 456 445 445 416 416 424 388 388 390 390 340 340 357 357 340 340 340 312 312 284 284 298 261 261 158 158 158 246 246 247 213 213 213 221 199 199 129 129 129 144 144 144 144 144 22 22 90 90 90 90 90 90 90 22 22 22 37 37 37 38 12 12 12 
933 933 933 933 933 933 933 933 933 870 923 875 875 875 875 875 875 875 870 837 776 776 776 776 763 763 763 763 763 785 753 753 711 711 711 711 711 711 712 712 713 619 619 686 641 641 641 586 586 586 586 586 586 612 612 612 586 586 587 561 557 557 525 525 525 375 375 375 375 483 483 483 483 483 416 456 456 456 446 446 416 416 416 416 388 390 313 313 373 313 313 313 313 341 313 313 313 284 298 261 261 261 158 158 246 246 247 213 213 213 221 199 199 199 129 129 144 144 144 144 146 146 22 90 90 90 90 90 90 22 22 22 22 37 12 12 12 30 12 12 
973 973 973 933 933 933 933 939 939 870 870 870 870 870 870 870 870 870 870 837 820 820 820 776 776 776 776 776 776 776 776 753 711 755 713 713 713 713 713 713 713 619 686 686 641 641 641 586 649 649 642 586 586 612 612 548 548 548 587 561 561 561 525 525 525 375 375 375 375 484 484 484 484 484 416 416 416 416 446 446 416 425 425 388 388 390 313 313 313 313 358 313 313 313 313 293 293 284 284 284 284 261 261 261 261 246 247 213 213 213 221 199 200 200 129 144 144 144 144 144 144 147 22 90 90 90 90 90 90 22 22 13 13 13 13 13 12 12 12 13 
968 968 968 933 933 903 903 903 940 903 903 903 903 903 870 870 876 876 837 837 820 820 820 820 820 777 777 777 776 776 777 753 711 755 713 739 619 619 619 619 619 619 686 686 670 670 670 586 649 650 642 586 586 612 612 548 548 548 548 570 570 562 548 548 525 525 375 375 375 484 484 375 375 375 475 464 464 416 416 416 416 425 425 388 388 390 313 313 313 358 358 313 313 313 293 293 293 293 284 284 285 261 261 253 253 246 236 236 236 213 221 199 200 200 129 144 160 144 144 160 144 147 22 22 90 90 90 90 90 22 22 13 13 13 13 13 13 13 13 13 
968 968 968 968 968 903 952 903 903 903 924 903 903 903 876 876 876 837 837 860 820 820 820 820 820 777 809 777 777 777 777 753 711 711 713 619 619 619 619 619 619 701 686 686 670 670 670 586 586 586 642 578 578 578 613 613 548 548 548 548 548 562 548 375 375 375 375 506 506 506 506 375 375 375 475 464 465 375 375 375 313 313 313 388 388 313 313 381 374 358 358 293 293 293 293 222 222 222 222 222 222 261 261 253 253 253 236 236 236 213 221 199 199 129 129 144 160 160 160 160 144 138 138 22 90 90 109 90 90 22 22 22 22 13 13 13 13 22 22 14 
980 968 968 816 816 903 952 924 924 924 924 903 903 903 876 876 876 837 837 837 820 820 820 820 820 777 777 777 711 711 711 753 753 711 713 619 619 619 619 619 619 619 686 686 670 670 670 586 586 586 642 578 578 578 613 578 578 548 548 548 548 548 548 375 375 375 522 506 506 506 507 375 375 375 375 464 375 375 375 375 313 313 313 388 388 313 374 374 374 358 358 293 293 293 293 222 222 222 222 222 222 275 275 253 253 253 222 222 222 213 213 213 199 129 129 144 144 144 144 144 144 138 138 22 22 22 22 22 22 22 22 22 22 13 13 13 39 22 23 14 
816 816 968 816 816 903 903 924 924 816 816 903 903 816 816 816 816 837 837 837 837 837 837 820 820 816 711 711 711 786 711 711 753 711 713 619 619 725 725 619 619 619 687 687 670 670 671 586 651 651 578 578 578 578 578 578 578 551 551 551 551 548 548 549 375 375 522 506 506 506 375 375 485 485 375 375 375 457 375 417 417 433 313 313 313 313 374 374 359 359 359 293 293 293 293 317 222 222 222 222 222 275 275 253 253 254 222 222 222 222 222 201 201 201 129 144 144 144 171 115 115 115 115 115 115 22 22 22 22 91 22 46 46 46 46 46 22 22 23 14 
816 816 816 816 816 903 903 924 924 816 816 816 816 816 816 816 816 816 816 816 816 816 816 816 821 816 711 711 711 711 711 711 711 711 713 713 713 619 619 619 702 702 662 662 662 662 662 586 586 652 578 578 578 578 578 578 578 551 551 551 551 375 375 375 375 526 522 522 506 506 375 485 485 486 375 375 457 457 375 417 417 417 417 417 375 375 375 382 359 359 359 293 293 293 293 293 299 299 299 222 222 222 222 268 253 254 222 222 201 201 201 201 201 201 129 144 144 144 171 151 151 139 139 115 115 115 78 78 78 91 22 22 73 46 46 47 22 31 14 14 
816 816 816 816 816 816 816 816 816 816 816 816 904 904 816 816 816 816 861 861 711 711 711 816 816 816 711 711 787 787 711 741 741 741 741 740 713 619 619 619 702 662 662 672 662 662 662 662 586 590 590 578 578 620 620 578 588 588 588 551 551 375 550 550 543 526 526 375 375 375 375 485 401 401 401 401 401 401 375 375 375 375 375 375 375 401 375 328 328 328 328 328 328 328 328 293 299 299 299 222 222 222 222 268 253 253 222 222 201 201 201 201 201 201 129 129 129 171 171 151 151 139 139 115 115 115 78 78 78 78 22 22 22 22 56 47 22 31 14 14 
816 816 816 816 959 959 816 816 816 816 896 896 896 905 816 816 816 816 711 711 711 711 711 816 816 787 787 787 787 711 711 741 741 741 741 740 713 713 713 619 619 662 662 672 672 672 586 586 586 590 590 627 627 620 620 578 588 588 589 578 551 375 550 527 543 527 527 375 485 485 485 485 401 401 401 401 401 401 453 375 375 434 401 401 401 401 375 375 375 328 328 318 318 318 318 293 293 307 292 292 222 222 222 222 222 253 222 222 201 201 201 201 201 186 186 186 129 129 139 139 139 139 139 102 102 102 102 78 78 78 22 22 22 22 22 22 22 31 14 14 
816 816 816 816 959 959 816 816 816 816 891 891 896 896 896 891 711 711 711 711 711 711 711 816 816 787 787 787 787 711 711 711 764 741 740 740 713 713 713 619 619 703 662 662 662 672 586 586 653 653 590 590 590 590 590 578 578 578 578 578 551 375 375 527 527 527 375 375 485 485 485 485 498 401 401 401 401 401 447 447 401 401 401 418 407 365 365 365 365 365 318 318 318 318 318 318 293 293 292 292 262 262 262 262 222 222 222 229 201 201 201 201 201 129 129 184 184 129 139 139 139 139 139 102 102 102 102 78 78 92 22 22 57 57 57 48 15 15 15 15 
816 816 942 942 942 942 942 816 816 816 891 891 891 891 891 891 711 711 711 838 838 838 711 711 711 711 711 711 711 711 711 711 711 741 741 741 619 619 619 619 688 688 688 688 662 672 672 586 586 586 586 590 590 614 590 590 590 590 590 579 551 551 375 527 527 375 375 523 485 485 485 485 485 487 401 401 401 401 447 447 401 426 426 407 407 365 365 365 376 318 318 319 319 319 319 319 314 293 292 292 262 262 262 262 262 248 248 229 229 201 201 201 201 129 129 184 129 129 129 129 129 140 140 102 102 102 102 102 78 78 78 48 48 48 48 48 15 15 15 15 
816 816 816 816 942 942 942 816 816 816 891 891 909 892 892 892 711 838 838 838 851 838 838 756 756 756 756 798 711 711 711 711 711 756 741 741 619 619 688 688 688 688 688 688 662 662 662 662 586 586 586 590 590 614 614 614 579 579 579 579 551 551 375 375 375 375 375 375 485 485 485 485 485 473 473 473 401 401 401 447 401 419 419 407 407 376 376 376 376 318 318 319 319 308 308 308 314 293 293 293 262 262 262 248 248 248 229 229 229 214 214 214 129 129 129 129 129 129 129 161 129 129 129 102 102 102 93 93 93 93 78 48 48 48 48 16 16 15 15 16 
816 816 816 816 942 942 942 942 816 816 891 891 909 892 892 892 711 838 838 838 838 838 839 756 756 756 756 756 756 756 756 756 756 756 741 741 619 619 688 688 688 688 688 688 586 586 586 586 586 643 643 590 590 625 614 614 579 579 579 579 551 551 551 551 375 375 375 375 485 485 485 485 488 488 473 473 401 401 401 401 401 419 419 419 407 376 376 376 376 318 318 319 319 308 308 308 308 308 293 293 262 262 262 248 248 248 229 229 229 229 214 214 129 129 129 129 129 129 161 161 129 129 129 129 102 102 93 93 93 93 78 78 48 48 48 16 16 16 16 16 
