964 964 964 964 915 915 915 915 915 915 915 915 915 911 894 894 859 859 873 857 857 759 759 759 759 759 817 759 759 759 759 759 759 759 759 681 681 681 681 693 693 693 693 681 656 656 635 635 635 635 542 542 542 542 542 542 542 542 542 542 554 554 508 508 508 508 508 464 464 464 464 464 464 464 464 464 440 440 440 286 286 286 286 286 286 286 286 286 286 286 286 286 286 286 286 286 286 286 286 286 286 286 279 185 185 185 185 185 185 185 185 185 184 184 184 184 155 155 166 155 155 125 125 125 70 70 70 70 70 70 70 2 2 2 2 35 28 28 1 1 
964 964 964 964 915 915 915 915 915 928 911 911 911 911 894 859 859 859 857 857 759 759 759 759 759 759 759 759 787 787 787 759 759 681 681 681 681 681 681 681 681 694 694 681 656 635 635 635 635 542 542 616 599 599 542 542 542 542 542 542 554 554 508 508 508 508 508 464 464 464 464 465 465 465 465 465 440 440 286 286 286 286 286 286 286 286 286 286 286 286 308 308 308 308 308 308 308 308 308 279 279 279 279 185 256 185 185 155 155 155 185 185 184 184 184 185 155 155 155 155 156 125 125 125 70 70 70 104 70 70 70 2 2 2 2 35 28 1 1 1 
964 964 964 964 915 915 915 915 915 911 911 911 894 894 894 859 859 859 857 858 759 759 759 759 759 767 767 805 787 787 708 708 708 681 681 681 681 681 681 681 681 681 681 681 656 635 635 635 642 542 542 542 599 599 542 542 542 584 542 542 554 554 508 535 535 508 523 464 464 464 465 465 440 440 440 440 440 440 286 424 424 424 286 286 286 286 286 286 308 308 308 308 308 308 308 308 308 308 309 279 279 279 279 185 256 155 155 155 155 155 185 185 185 185 185 185 155 155 155 155 156 111 125 125 70 104 104 104 91 56 56 2 2 2 2 35 35 1 1 1 
949 949 983 964 915 915 915 938 938 911 911 911 894 904 904 859 859 857 857 858 858 759 759 759 759 759 767 767 787 787 708 708 708 681 681 681 681 681 681 681 681 681 682 682 656 656 656 642 642 542 542 542 599 599 542 542 542 542 542 542 542 542 508 508 508 508 464 464 507 464 440 440 440 478 466 466 440 440 286 286 286 286 286 286 286 286 345 345 308 308 308 308 308 308 308 308 308 308 268 268 268 268 268 185 256 256 196 196 155 155 155 155 155 179 179 179 179 155 155 155 156 111 125 125 70 104 70 70 91 56 56 48 48 2 2 2 36 20 20 2 
949 949 983 964 915 915 915 925 925 925 894 894 894 904 904 859 859 859 859 859 859 759 759 838 759 759 818 767 767 767 708 708 708 681 681 681 681 681 681 681 682 682 682 642 642 642 642 642 542 542 586 586 586 599 599 586 586 555 555 555 555 542 508 508 508 464 464 464 464 464 440 440 440 478 440 440 440 343 343 286 286 286 286 286 345 345 345 345 366 366 366 308 308 308 308 308 308 308 268 268 268 268 268 185 256 256 196 196 196 196 155 155 155 203 155 155 155 155 157 148 148 111 125 125 70 70 70 70 70 56 56 48 48 48 48 2 2 20 20 2 
949 949 983 964 964 964 956 925 925 925 894 894 894 894 894 894 860 860 759 759 759 759 838 838 759 818 818 767 767 767 779 779 708 760 760 681 681 681 681 681 642 642 695 642 674 666 642 642 542 542 542 617 586 599 599 586 586 555 555 555 555 542 542 542 508 464 464 464 508 440 440 490 440 440 440 440 440 343 286 286 425 286 416 345 345 391 391 345 345 345 345 345 345 308 308 308 308 308 310 239 268 268 268 185 256 256 223 223 196 196 155 155 155 155 155 186 172 172 157 157 148 111 111 125 125 76 76 76 70 56 56 56 65 56 37 37 2 29 2 2 
949 949 949 949 949 949 956 925 925 925 925 894 894 894 894 860 860 860 759 850 850 850 838 839 759 759 759 767 794 794 708 708 708 708 708 728 728 681 681 696 696 642 642 642 666 666 542 542 542 542 586 586 586 606 600 586 586 555 555 555 555 555 508 508 508 514 514 514 508 440 440 440 440 445 445 467 451 343 286 286 286 286 416 345 367 367 367 367 382 353 353 353 345 345 308 308 308 308 310 239 239 239 268 185 185 185 223 223 196 196 196 217 204 204 196 172 172 173 157 157 148 148 111 76 76 76 76 76 70 70 75 56 56 56 37 37 2 2 2 3 
949 949 949 949 965 949 949 925 925 925 925 845 845 845 845 860 886 860 759 850 850 838 838 759 759 759 759 767 794 708 708 780 708 708 708 728 728 681 681 696 696 642 642 666 666 667 542 542 542 542 586 586 586 586 600 586 527 527 574 555 555 555 508 508 536 514 514 514 508 453 453 453 445 445 445 445 451 343 343 343 343 345 345 345 367 392 392 367 367 353 353 353 353 318 318 333 308 308 310 287 287 239 268 268 261 185 223 223 223 223 196 196 204 204 196 172 173 173 157 157 149 149 111 76 76 76 76 76 85 70 75 70 57 57 37 37 37 3 3 3 
949 949 949 949 965 965 949 949 845 845 845 845 845 845 845 860 860 860 759 866 759 759 759 759 826 826 767 767 794 708 708 708 708 767 708 708 728 728 728 696 696 696 696 666 667 667 647 647 542 542 626 593 593 586 586 586 527 527 527 527 562 537 537 508 508 508 508 508 508 453 453 453 445 445 445 445 451 343 343 343 343 343 343 367 367 367 374 374 367 367 367 353 353 318 318 318 318 318 310 287 294 239 239 239 261 185 223 223 223 223 223 196 196 196 196 172 173 174 167 157 149 149 111 111 111 111 111 76 85 70 70 70 57 58 37 37 3 3 3 3 
987 987 922 922 922 922 922 950 845 845 845 845 845 845 845 895 860 860 759 759 759 826 826 826 826 827 767 767 767 788 788 708 708 767 761 708 729 718 718 718 696 696 666 666 667 647 647 593 593 593 593 593 593 593 593 593 527 527 527 527 527 537 537 537 537 527 453 453 453 453 453 453 481 445 445 445 451 343 343 343 343 343 343 367 367 367 374 374 374 374 318 318 318 318 173 173 310 310 310 287 269 269 269 239 239 185 185 185 185 185 205 205 205 205 173 173 173 174 167 157 157 126 126 133 111 111 111 76 85 85 70 70 57 37 37 37 3 4 4 4 
987 922 922 975 922 922 922 922 922 845 845 922 905 905 845 845 860 860 860 860 860 736 736 835 835 806 806 767 767 767 767 767 767 767 761 708 729 729 729 708 708 703 666 683 647 647 657 593 593 593 593 607 607 607 527 527 527 527 569 569 527 527 527 527 527 527 453 453 453 453 453 453 452 452 452 445 451 409 409 409 409 409 343 367 367 398 374 374 318 375 318 318 318 173 173 173 310 311 311 287 269 269 269 269 239 239 239 239 239 185 205 205 173 173 173 187 167 167 167 126 126 126 126 133 111 111 111 76 86 86 71 71 57 37 37 37 3 4 4 4 
922 922 975 975 922 922 922 922 922 922 922 922 905 905 905 845 874 874 874 860 860 736 736 736 736 806 806 767 767 767 761 761 761 761 761 708 708 708 708 708 703 703 666 666 647 647 576 576 593 593 607 607 575 575 527 527 527 527 569 569 509 509 509 509 527 527 453 453 453 453 498 452 452 452 452 445 451 409 409 409 409 409 343 343 343 398 374 374 318 318 318 318 318 173 173 173 310 287 287 287 269 269 269 269 185 185 239 239 185 185 173 173 173 197 197 167 167 167 167 126 150 150 126 126 126 111 111 76 76 76 71 71 57 57 37 37 3 4 4 4 
922 976 975 975 922 922 922 922 922 922 922 896 896 905 905 845 845 874 874 860 860 736 840 840 736 806 806 806 736 736 761 761 761 761 761 736 736 736 708 708 666 666 666 666 627 627 576 576 576 576 607 607 575 575 575 575 575 575 575 509 509 509 509 509 509 509 509 509 509 453 498 452 452 452 452 445 445 445 409 409 409 409 409 409 343 343 374 374 374 318 318 318 318 173 173 310 310 287 287 287 295 287 280 185 185 185 185 185 185 234 173 173 173 197 197 167 180 167 167 126 150 112 112 112 112 111 111 76 76 76 76 3 3 3 3 3 3 4 4 4 
922 976 984 976 922 896 896 896 896 896 896 896 896 896 896 896 845 867 867 867 736 736 840 840 736 806 806 736 736 736 736 736 761 761 761 736 720 720 730 719 666 666 666 666 627 627 576 576 576 576 576 576 575 575 575 509 509 509 509 509 509 509 524 524 524 524 524 474 474 453 498 491 452 473 473 452 452 409 409 409 409 361 361 343 343 343 374 374 374 318 318 318 318 346 173 173 185 185 185 287 287 287 280 185 262 185 185 173 173 234 173 158 158 158 158 167 167 167 167 126 126 112 112 112 112 111 111 76 76 76 76 3 3 3 3 30 30 4 4 4 
922 976 976 976 922 896 957 896 896 929 875 875 875 896 896 897 845 867 867 867 736 736 736 736 736 736 806 736 736 736 736 736 761 761 736 736 720 720 719 719 666 666 627 627 627 627 627 627 627 627 627 576 575 575 575 509 509 509 509 509 509 556 524 474 474 474 474 474 474 453 453 491 452 452 452 452 453 409 409 409 426 361 361 343 343 399 374 374 374 376 343 343 343 343 343 173 185 319 185 185 185 280 280 185 250 250 250 173 173 173 173 158 175 175 158 158 158 158 167 126 126 112 112 112 112 112 112 105 92 76 76 49 49 49 3 3 30 30 4 4 
922 922 976 976 922 896 896 896 896 896 875 923 875 875 875 875 845 845 845 845 845 845 845 736 736 806 806 736 736 737 737 736 736 736 736 755 720 720 719 719 675 675 627 627 627 627 627 627 628 628 576 576 575 575 575 576 576 576 576 524 524 524 524 474 474 474 474 474 474 503 453 453 453 453 453 453 453 409 409 409 361 361 361 361 343 343 374 343 343 376 343 334 334 343 343 173 185 185 185 185 185 281 281 185 250 250 250 173 173 235 224 158 175 175 175 175 175 158 158 126 126 117 117 117 117 117 105 105 92 76 76 49 49 49 49 3 3 3 5 5 
922 922 922 922 922 922 896 896 896 896 875 875 875 875 875 875 881 881 868 868 789 789 789 789 736 806 736 736 799 737 737 737 737 737 737 737 720 720 719 719 675 675 675 627 627 627 648 648 628 628 576 576 576 576 601 576 587 524 524 524 524 524 474 474 474 474 474 474 510 492 492 492 453 453 468 468 409 409 409 409 361 361 361 361 361 343 343 343 343 343 343 334 334 334 334 173 173 320 185 185 185 185 185 185 173 173 173 173 173 224 224 158 175 175 175 188 175 175 158 126 126 117 117 117 118 118 105 92 92 77 77 49 49 50 50 38 38 3 5 5 
922 922 922 922 922 922 896 896 869 869 869 875 875 875 875 875 875 875 868 868 789 789 789 789 736 736 736 807 799 737 737 737 770 737 737 737 742 720 720 720 709 704 675 627 627 627 627 627 628 628 628 576 576 576 576 576 587 524 524 524 524 524 474 474 474 474 474 474 474 492 492 492 453 453 468 468 409 409 409 409 361 361 361 361 361 361 361 361 368 368 368 334 334 334 334 334 173 173 185 185 185 282 263 263 173 173 251 240 240 224 225 158 158 158 198 188 175 175 158 158 158 117 127 127 118 118 105 92 93 77 49 49 66 50 50 3 3 3 5 5 
922 922 932 932 898 898 898 898 869 930 869 875 875 875 875 875 875 875 875 789 789 789 789 789 836 799 799 799 799 756 756 781 704 704 762 737 737 737 720 720 709 704 675 684 627 658 658 627 627 588 588 524 524 524 524 594 524 524 524 524 524 524 474 474 474 504 504 504 474 474 474 474 474 474 474 454 454 446 393 393 393 417 417 361 361 361 361 361 368 368 368 334 334 173 173 173 173 173 312 185 185 282 263 263 263 173 251 240 240 224 211 211 211 158 198 188 117 117 117 117 117 117 127 127 127 105 105 87 93 87 49 49 49 51 51 3 3 3 6 6 
988 988 932 932 898 898 898 898 898 898 869 869 869 869 887 875 875 875 875 789 789 789 789 789 836 799 799 799 756 756 756 704 704 704 704 704 704 704 704 704 709 704 675 684 627 627 627 627 627 588 588 524 608 608 524 524 524 577 577 474 474 474 474 474 474 504 504 504 474 474 474 474 482 454 454 454 446 446 393 427 393 393 418 361 361 393 393 361 361 361 361 361 334 173 325 325 325 173 173 173 282 282 263 263 173 173 251 240 240 224 211 211 211 158 158 188 117 117 117 117 127 127 127 128 128 105 105 87 87 87 49 49 49 49 52 3 3 21 6 6 
988 988 932 973 898 898 958 898 898 898 869 869 916 869 887 887 887 869 869 869 789 789 789 789 836 799 808 808 756 756 756 704 704 704 704 704 676 676 731 704 704 704 675 675 675 627 627 627 627 588 588 524 524 524 524 577 577 577 474 474 474 474 511 474 474 504 504 504 504 504 454 454 482 454 454 469 446 446 393 427 427 393 393 393 393 393 394 361 361 369 369 362 334 173 173 173 173 173 313 173 282 282 282 173 173 251 251 241 241 224 224 206 206 206 158 188 117 117 168 117 127 127 128 128 94 94 94 94 94 3 3 49 49 49 52 3 3 21 6 6 
989 989 932 973 973 898 898 898 939 898 869 869 916 869 869 869 869 869 876 861 861 789 808 808 799 799 808 756 756 756 756 756 756 704 704 704 676 676 676 705 705 705 676 676 676 627 627 643 643 588 588 524 524 602 524 524 577 577 474 474 474 474 511 538 538 504 504 504 475 475 475 454 454 454 454 393 393 393 393 393 393 393 419 384 384 384 394 361 361 334 334 362 334 173 173 173 173 313 313 173 173 173 173 173 264 251 251 241 241 224 224 206 207 207 158 117 117 117 168 117 127 127 128 128 94 94 78 78 95 3 3 49 49 49 52 3 22 21 21 7 
989 989 932 932 932 932 932 932 939 898 898 898 898 898 898 898 869 869 876 861 861 789 808 808 808 808 808 756 756 756 756 756 756 756 704 704 676 721 676 676 676 676 676 676 676 643 643 643 644 588 588 524 524 602 602 524 524 524 474 474 474 474 511 511 511 511 515 515 475 475 475 493 454 454 475 393 393 393 393 393 393 393 384 384 403 384 384 384 334 334 334 334 334 347 289 289 289 288 288 288 296 173 173 270 236 236 236 236 236 236 190 206 207 207 158 117 117 117 117 117 127 127 139 78 78 78 78 78 95 3 3 3 3 3 3 3 22 22 22 7 
940 940 940 940 940 940 932 932 931 931 898 898 898 906 906 876 876 876 876 789 789 789 808 808 808 808 808 809 756 756 771 771 771 756 756 756 676 721 721 721 710 676 676 676 643 643 588 588 588 588 588 588 588 588 588 595 588 524 474 474 563 474 474 474 511 511 515 511 511 475 475 493 454 454 475 384 384 384 384 384 384 384 384 395 395 395 385 385 334 354 354 354 354 347 289 289 289 288 314 288 173 173 173 173 236 236 236 236 236 190 190 206 212 158 158 158 117 117 78 78 78 78 78 78 78 113 113 78 95 3 3 39 39 39 39 39 39 7 7 7 
940 974 974 940 940 940 932 932 932 932 898 898 898 828 828 876 870 870 870 789 789 808 808 808 808 808 808 809 795 795 763 763 763 763 763 676 676 738 676 676 710 676 676 676 643 643 588 588 588 588 588 618 588 588 588 588 588 524 474 474 474 474 547 474 511 511 511 511 512 475 475 475 475 475 475 384 455 384 384 435 428 384 384 395 395 395 385 385 315 315 335 335 335 347 335 335 289 288 288 288 173 173 173 173 190 190 190 190 242 190 206 206 212 158 158 158 181 117 78 140 140 140 78 78 78 113 113 78 78 78 3 3 3 40 40 40 40 7 7 7 
940 974 974 974 974 940 940 940 940 828 828 828 828 828 828 876 870 882 870 870 789 808 808 808 808 808 819 795 795 763 763 782 768 768 676 676 743 676 676 676 676 676 697 643 643 643 643 649 604 604 609 609 609 609 603 588 588 524 474 474 474 474 474 474 528 528 511 511 512 475 475 483 483 384 384 384 455 428 428 428 428 377 377 396 396 395 395 385 315 315 335 335 335 347 335 289 289 321 288 288 288 271 271 190 190 237 237 190 190 190 206 208 208 208 158 158 117 117 78 140 140 140 140 78 78 78 78 78 96 78 78 3 3 8 8 8 8 7 7 7 
940 940 940 940 940 940 940 940 828 828 828 828 828 899 828 828 870 870 870 789 789 808 808 808 808 808 819 795 795 763 763 763 768 768 676 676 743 676 732 697 697 697 697 643 643 668 643 643 604 604 609 609 603 603 603 589 589 524 524 524 557 474 474 474 474 474 474 516 474 474 474 483 483 384 384 384 455 428 428 428 429 377 396 396 396 396 396 385 315 315 315 315 335 335 335 289 321 321 288 288 288 271 271 190 190 237 237 237 237 237 206 206 117 117 117 189 117 151 78 78 78 78 78 78 106 106 106 106 79 79 79 3 3 8 8 8 8 8 8 8 
959 959 959 966 966 966 940 940 828 933 828 828 828 899 907 828 828 870 870 789 789 789 789 810 810 810 810 810 789 789 789 763 772 711 711 676 676 676 732 697 697 697 697 643 643 659 659 643 604 604 604 604 603 603 603 589 589 524 524 524 557 557 474 474 474 474 474 474 474 474 474 474 484 384 470 470 436 436 377 377 377 377 396 396 396 396 385 385 315 315 315 315 315 344 344 289 321 321 288 288 288 271 271 271 190 190 206 206 237 237 226 206 117 117 117 117 117 151 151 160 78 78 78 78 106 106 79 79 79 79 79 3 3 8 8 8 8 8 8 9 
959 959 959 966 966 966 871 871 871 871 828 828 917 899 899 899 828 870 828 828 789 789 789 810 810 789 789 789 789 763 763 763 711 711 711 711 676 676 732 697 697 643 643 643 643 643 643 643 604 604 604 604 603 603 603 558 558 558 558 524 557 557 474 474 474 474 525 474 474 474 484 484 484 384 436 436 436 436 377 377 377 420 420 396 396 396 385 385 315 315 315 315 315 344 344 289 289 289 288 288 288 288 272 272 190 190 206 206 206 206 226 206 213 117 199 117 117 117 151 151 151 151 106 106 106 106 79 79 79 79 79 3 3 8 8 8 8 8 8 9 
959 959 959 966 966 966 871 871 871 871 828 828 871 871 877 877 828 828 828 828 789 789 789 789 810 789 789 789 763 763 763 763 711 711 764 711 711 711 711 711 711 643 643 643 643 578 578 578 604 604 629 604 612 603 603 558 558 558 558 524 524 524 539 539 539 525 525 485 485 485 484 484 484 384 436 456 456 436 377 377 377 377 385 385 385 385 385 385 315 315 315 315 315 315 315 326 326 289 289 301 289 289 272 272 190 190 206 206 206 206 206 206 190 190 199 117 117 117 106 106 151 151 106 106 11 11 11 79 79 79 79 3 3 8 8 8 8 9 9 9 
959 959 959 959 959 959 959 951 871 871 871 871 871 871 877 877 877 877 877 828 828 828 828 789 810 789 789 789 763 763 763 763 711 711 764 685 685 685 733 685 685 685 685 685 643 578 578 578 636 604 604 604 604 604 604 558 558 558 558 558 558 524 524 524 524 525 525 485 485 485 499 494 485 384 436 436 436 436 436 436 430 377 385 377 377 377 386 386 302 302 370 302 302 348 315 315 315 322 289 289 289 289 272 272 190 190 190 190 190 218 218 218 190 190 199 190 106 106 106 106 106 106 106 106 11 11 11 107 79 79 80 3 59 59 8 8 8 9 9 9 
990 990 959 959 959 951 951 951 871 871 871 871 871 871 900 900 871 871 871 871 851 851 828 789 789 789 811 811 763 763 763 763 711 769 685 685 744 685 685 685 685 685 660 660 660 578 578 578 636 636 604 604 604 604 604 578 578 558 558 558 558 558 548 524 524 529 525 485 485 485 494 494 485 384 436 436 436 436 436 430 430 377 385 377 404 377 377 302 302 302 302 302 302 302 302 327 315 315 315 289 289 289 272 190 190 190 190 246 190 190 190 219 190 190 190 190 106 106 106 106 106 141 141 134 129 11 11 107 3 3 3 3 3 60 9 9 9 9 9 9 
941 941 959 959 959 951 951 951 871 871 871 871 871 871 871 871 871 883 871 871 851 851 828 828 828 828 811 812 763 763 790 711 711 769 685 685 685 685 685 685 660 660 660 661 660 669 578 578 645 578 578 578 578 578 578 578 578 558 558 558 558 548 548 524 525 525 525 485 485 485 494 494 485 384 436 436 436 436 436 430 430 377 385 377 377 377 377 302 302 302 302 302 302 302 302 327 327 302 302 302 272 272 272 190 190 190 238 238 238 238 190 219 190 190 190 106 106 106 106 106 106 141 134 134 129 11 97 97 3 3 3 3 3 60 9 9 9 9 9 9 
941 941 985 959 959 951 951 951 871 871 901 901 918 912 878 878 878 878 878 813 813 813 813 813 828 828 811 811 763 763 763 711 711 711 711 685 685 660 660 660 660 660 660 661 660 578 578 578 578 578 548 548 548 548 548 548 578 578 578 548 548 548 524 524 485 485 485 485 485 485 494 494 485 384 384 384 384 384 430 430 430 377 377 377 377 377 377 377 377 302 302 302 302 302 302 336 302 302 303 303 272 238 238 238 238 238 238 220 220 220 190 190 190 190 190 191 106 106 134 134 134 141 134 135 129 11 97 97 3 3 23 23 53 53 53 9 9 9 9 10 
941 941 941 941 941 941 941 941 941 871 901 901 901 912 878 878 878 878 878 813 862 813 813 813 813 813 811 811 763 763 763 783 711 711 711 745 745 711 711 698 698 698 698 661 660 578 578 578 630 548 548 548 548 548 548 548 590 578 578 548 548 548 524 524 485 485 485 485 485 485 485 485 485 384 384 384 384 384 430 430 430 384 384 384 303 303 377 377 377 377 355 355 355 302 302 302 302 303 303 272 272 238 238 273 238 238 238 220 220 220 220 190 190 191 191 191 134 134 134 161 134 134 134 135 11 11 97 97 97 23 23 23 23 23 23 23 23 23 23 10 
941 941 941 941 941 941 960 941 941 871 901 901 901 901 901 901 878 878 878 813 846 846 829 829 829 813 813 813 796 796 748 748 711 711 711 745 745 711 711 698 698 698 661 661 660 660 660 650 630 548 548 548 613 548 548 596 548 548 548 564 564 548 549 524 524 524 485 485 485 485 485 485 486 384 384 457 457 384 384 384 384 384 421 384 303 303 303 303 303 303 355 355 355 302 302 302 303 303 316 272 290 290 238 238 238 257 238 238 220 220 220 190 190 191 191 191 134 134 134 134 134 134 134 135 11 11 11 11 23 23 11 11 23 23 45 45 10 10 10 10 
941 941 941 941 942 942 942 942 942 871 871 871 901 901 902 813 813 813 813 813 846 829 829 841 829 829 796 796 796 748 748 748 711 711 711 711 711 711 711 712 712 661 661 670 670 670 650 650 630 630 630 548 548 548 548 596 548 548 548 548 548 548 517 517 524 524 526 517 485 485 485 485 431 431 437 437 458 437 437 437 431 410 410 384 303 303 303 349 349 303 303 303 303 303 303 303 303 316 316 272 272 272 283 238 238 238 238 238 220 220 220 190 190 191 191 191 135 135 134 134 135 135 135 135 114 114 114 11 23 11 11 11 61 61 45 45 11 11 24 11 
941 977 977 977 942 942 961 934 934 934 871 871 871 871 902 902 813 813 813 813 846 846 846 837 837 796 796 748 748 748 791 748 711 711 739 739 746 739 712 712 661 661 699 670 670 650 650 651 619 619 619 619 548 548 548 548 548 548 548 548 550 550 517 517 517 517 526 517 485 485 485 485 431 431 431 437 437 437 441 438 431 410 410 384 384 349 349 349 349 349 303 303 303 303 328 328 328 291 291 291 297 272 283 238 238 238 238 238 220 220 220 220 176 176 176 176 135 135 134 134 135 135 135 114 114 114 114 11 11 11 11 11 11 11 11 11 11 11 11 11 
941 941 941 978 967 967 934 934 934 934 871 871 871 903 903 903 813 813 813 813 820 820 820 837 837 796 796 748 748 748 791 748 773 677 677 739 739 739 712 722 661 699 699 670 670 661 661 619 619 637 548 548 548 548 548 548 548 548 550 550 550 517 517 517 517 517 517 517 485 485 485 485 431 431 431 431 431 431 431 438 431 410 410 410 384 349 349 349 371 349 349 349 349 349 328 328 329 291 291 291 297 272 272 238 238 238 238 176 227 227 176 176 176 176 176 176 135 135 135 135 135 142 142 114 130 11 11 11 11 11 11 72 11 11 11 11 11 11 11 11 
978 978 978 978 967 968 934 934 934 934 903 903 903 903 908 884 884 884 813 813 820 852 820 820 796 796 796 748 748 748 791 748 748 748 677 739 739 740 712 712 661 661 661 661 661 661 662 619 548 548 548 548 548 548 579 579 579 579 550 550 550 550 543 543 487 487 487 487 487 487 487 487 487 431 431 431 431 431 431 438 431 349 349 349 384 349 349 371 371 349 349 363 349 349 329 329 329 291 291 291 291 291 272 274 238 238 238 176 227 227 176 176 214 176 176 176 176 176 169 135 135 142 142 114 130 11 98 98 98 11 11 72 11 11 25 25 25 11 11 11 
967 967 967 967 967 919 919 952 913 913 903 903 903 903 908 884 884 884 853 853 820 820 820 820 796 796 796 800 800 748 791 748 748 748 677 677 677 677 723 712 661 661 700 661 661 671 619 619 548 631 631 548 548 548 579 579 579 579 579 565 565 550 543 543 487 487 487 487 487 349 349 349 349 349 349 431 431 431 431 431 431 349 422 349 349 349 349 371 371 317 317 317 317 350 329 329 329 291 291 291 291 292 272 274 238 238 238 176 176 227 227 176 176 176 182 182 169 169 169 152 152 142 142 114 114 11 11 11 11 11 11 11 11 11 12 12 25 25 25 12 
967 967 967 979 919 919 919 952 913 913 903 903 913 913 885 885 885 853 853 853 820 820 820 820 820 820 820 748 748 748 791 748 748 748 747 747 747 677 723 712 712 686 686 661 661 619 619 652 548 548 548 548 580 580 579 579 579 579 565 565 550 550 543 543 487 487 487 487 487 349 349 349 349 349 349 349 349 431 431 439 349 349 405 405 405 317 317 317 371 317 317 317 317 317 329 329 317 317 291 291 298 272 272 274 238 238 252 247 176 176 176 176 176 176 182 182 170 170 170 152 152 152 108 108 114 114 114 81 81 81 81 11 11 62 12 12 12 12 12 12 
967 967 967 919 919 969 919 913 913 913 913 913 913 913 885 885 885 853 853 853 820 820 820 814 814 814 814 748 748 791 791 748 748 748 747 747 747 677 723 723 686 686 686 661 661 619 652 652 632 632 632 620 580 580 580 579 579 579 565 565 550 550 550 544 487 487 487 487 349 349 349 349 349 349 459 459 349 349 349 349 349 405 405 406 406 317 317 317 371 317 317 317 356 317 317 317 317 317 291 291 298 272 252 252 252 252 252 247 176 176 176 215 215 176 182 182 170 170 170 108 108 108 108 108 108 114 114 81 81 81 12 12 67 12 12 26 12 12 12 12 
967 967 967 919 943 919 919 913 913 913 913 913 913 913 885 885 885 885 853 853 853 853 814 814 815 815 814 814 748 748 792 774 774 748 748 747 747 677 677 677 686 686 686 686 619 619 652 652 632 632 620 620 580 581 580 580 580 580 565 565 544 544 544 544 349 349 349 518 349 434 434 434 349 349 459 459 459 349 349 349 349 317 317 406 406 317 317 317 371 371 371 317 317 317 317 317 330 317 317 272 272 272 252 252 252 252 247 247 176 176 176 215 215 176 182 170 170 170 170 108 108 108 108 108 108 99 99 99 99 12 12 12 12 12 41 26 26 26 26 13 
967 919 919 919 943 943 943 943 943 919 919 919 885 885 885 888 888 853 853 853 853 853 814 815 815 815 815 815 801 748 792 774 749 749 748 748 748 734 734 677 713 619 619 619 619 663 663 652 620 620 620 621 580 581 581 581 591 580 580 566 566 559 349 349 349 530 349 349 349 349 500 434 434 378 378 459 459 349 349 432 432 317 317 317 317 317 317 317 317 317 317 317 317 317 317 317 330 317 317 272 272 272 252 252 252 252 247 247 176 176 176 176 176 176 182 182 182 108 108 108 108 108 108 108 131 99 99 99 100 12 82 46 46 46 41 41 41 13 13 13 
967 919 919 919 944 944 944 944 944 919 926 919 885 885 885 885 853 853 853 853 853 853 814 815 815 815 815 801 801 749 749 774 749 749 749 749 749 734 677 677 619 619 687 687 677 663 663 652 620 620 620 580 580 610 605 581 581 581 581 566 559 559 349 531 531 519 519 349 349 349 500 434 434 378 378 378 378 442 442 432 432 317 317 317 317 317 317 387 317 317 317 317 317 337 337 337 330 272 272 272 284 284 284 229 229 229 247 247 176 176 209 209 209 209 108 108 108 108 108 108 108 108 143 131 131 99 99 99 100 12 82 46 46 46 46 46 13 13 27 13 
967 967 967 919 919 919 919 919 945 919 919 919 919 885 885 885 853 853 853 853 853 814 814 815 815 815 815 801 802 749 749 749 749 689 689 749 749 734 677 714 619 687 687 677 677 638 638 652 620 620 620 580 580 610 605 581 581 559 559 566 559 560 349 349 531 519 519 500 500 500 500 434 378 378 378 378 378 378 378 378 378 378 378 378 378 378 378 378 378 378 317 317 317 317 323 323 330 272 272 272 284 284 285 229 229 229 229 229 229 229 209 209 209 108 108 144 144 144 144 144 144 153 131 131 131 99 99 99 12 12 12 12 12 12 12 47 13 27 27 13 
953 953 953 953 953 919 919 919 919 919 919 919 919 885 885 885 853 853 879 814 814 814 821 821 821 821 821 801 749 749 749 749 689 689 689 689 689 734 677 714 714 687 677 677 638 638 638 638 620 620 620 622 580 605 605 551 551 559 559 559 559 551 551 349 531 519 519 500 500 500 500 434 378 378 378 447 447 447 378 378 411 411 351 351 351 351 351 351 351 351 351 317 317 317 323 323 330 272 272 272 272 272 272 275 229 248 248 248 243 209 209 209 209 108 108 144 144 144 144 144 144 153 131 131 131 99 99 99 12 88 12 12 54 54 12 47 13 13 13 13 
953 953 953 980 953 953 953 885 885 885 885 885 885 885 909 889 889 814 814 814 854 854 821 830 801 801 801 801 749 749 749 749 689 689 689 689 689 734 677 714 714 687 677 688 638 638 638 638 638 638 580 580 580 605 551 551 551 559 559 559 559 551 551 349 531 531 519 500 500 505 434 434 488 460 460 447 447 447 378 378 411 411 351 351 351 351 351 351 351 351 351 357 357 351 323 323 330 323 272 272 272 272 272 275 229 229 229 229 243 209 228 209 209 108 108 192 144 144 144 144 144 153 144 131 131 108 108 108 12 12 12 12 54 54 12 12 31 14 14 14 
953 953 936 936 953 953 953 885 885 935 885 885 885 885 909 889 889 814 814 872 854 854 821 830 801 801 803 803 803 749 749 749 765 765 765 689 689 734 677 677 677 687 677 688 638 638 638 638 638 638 580 551 551 605 551 551 551 551 551 551 551 551 551 349 532 532 519 519 505 505 434 488 488 460 460 460 460 411 411 411 411 411 411 411 351 351 351 351 351 351 351 351 351 351 323 323 323 323 249 249 249 272 272 275 230 230 230 229 243 209 209 209 108 108 192 192 144 144 144 144 144 144 144 108 108 108 115 12 12 12 12 12 54 54 54 12 31 14 14 15 
953 953 936 936 936 970 953 953 885 885 885 885 885 885 814 814 814 814 814 872 854 854 821 830 830 830 784 784 784 784 784 784 765 765 766 689 734 734 724 724 677 677 677 638 638 638 638 638 580 580 580 551 551 551 551 551 551 551 551 551 551 551 552 349 349 533 519 519 505 434 434 488 488 460 460 460 411 411 443 411 411 411 411 412 351 351 351 358 358 358 358 358 358 324 324 324 323 323 249 249 249 275 275 275 230 230 230 229 229 229 229 221 108 108 108 108 108 108 108 145 145 145 145 108 115 115 115 12 101 12 12 73 54 54 55 12 31 31 14 14 
953 953 936 981 936 936 936 936 936 936 885 885 814 814 814 832 832 832 832 832 832 855 821 831 831 831 784 784 784 784 784 784 765 765 766 689 689 741 724 724 677 677 701 638 638 638 638 638 580 551 551 551 614 551 551 551 551 551 551 551 551 551 552 349 349 533 505 505 505 434 434 434 434 460 460 460 411 411 411 411 411 412 412 412 358 358 358 358 379 379 364 364 359 324 324 324 324 324 249 249 249 230 230 276 230 230 230 230 230 230 230 221 200 200 200 108 108 177 108 145 145 108 108 108 115 115 115 12 12 12 68 68 68 12 12 12 14 14 14 14 
953 953 936 936 936 936 936 936 920 920 885 885 814 814 814 832 832 832 832 832 832 855 821 831 831 831 784 784 775 775 784 784 765 765 750 750 689 689 689 689 689 689 701 638 638 672 580 580 580 551 551 551 551 551 582 582 592 551 551 551 551 551 349 349 533 533 505 505 489 489 489 495 434 434 461 461 461 444 444 411 411 412 412 413 358 358 358 388 359 359 364 359 359 338 338 338 331 249 249 304 249 230 230 230 230 249 249 249 200 200 200 221 200 154 154 154 154 177 108 145 145 108 136 136 115 115 69 69 69 12 12 12 12 12 32 32 14 14 14 16 
936 936 936 936 936 936 936 936 920 920 920 920 814 814 814 814 814 832 832 821 821 855 821 775 775 775 775 775 775 775 785 785 765 765 750 750 750 706 706 706 706 689 701 638 638 672 580 615 615 615 615 615 615 551 551 582 582 582 582 551 540 540 349 349 349 489 489 489 489 496 489 489 489 434 339 339 339 444 444 411 411 411 411 411 339 339 359 359 359 359 359 359 360 338 338 338 331 249 249 249 249 230 230 230 249 249 249 249 200 200 200 200 200 154 154 154 154 177 108 108 108 108 136 136 119 119 69 109 69 69 69 12 12 63 32 32 32 32 14 16 
936 936 936 954 954 954 954 954 920 920 920 920 920 814 814 814 814 832 832 832 821 821 821 775 775 822 822 775 775 775 775 775 775 757 757 751 751 706 706 706 706 689 689 580 580 580 580 580 615 615 633 623 561 551 551 551 551 551 551 551 540 540 540 540 540 489 489 513 513 496 496 496 434 434 339 448 339 339 339 339 339 411 411 411 339 339 339 359 359 380 338 338 338 338 338 338 331 249 305 305 230 230 230 230 249 249 253 200 200 200 231 201 201 201 154 154 154 177 108 108 154 154 136 136 119 120 69 69 69 69 69 12 12 63 32 32 32 14 14 16 
936 936 936 954 954 954 954 954 920 920 920 920 920 814 814 814 814 832 832 832 821 821 842 842 775 775 775 775 775 775 775 775 776 757 757 751 751 580 580 706 706 706 689 580 678 580 580 580 623 623 623 623 561 551 551 551 570 570 570 570 540 540 540 489 489 489 489 513 513 501 501 497 434 339 339 448 448 448 339 339 339 411 411 414 339 339 339 338 338 338 338 338 338 339 339 339 331 249 249 249 230 230 277 277 249 249 253 200 200 200 201 201 201 201 154 154 154 154 154 154 154 69 69 69 119 69 69 69 69 69 69 63 63 63 32 32 14 14 16 16 
936 936 954 954 954 954 954 891 891 891 891 920 920 814 814 890 890 832 832 832 821 821 832 832 832 832 775 775 757 757 775 775 757 757 757 757 580 580 580 580 580 707 689 580 580 580 580 580 623 639 561 561 561 551 551 597 570 583 583 540 540 540 540 489 489 489 501 501 501 501 497 497 434 434 434 434 448 448 339 339 339 339 414 414 339 339 339 338 338 338 338 338 338 339 331 331 331 249 249 249 249 230 277 249 249 258 200 200 232 232 201 201 201 201 154 154 178 178 34 34 34 69 69 69 69 69 102 102 69 69 83 63 63 63 42 42 14 16 16 17 
936 936 954 954 954 954 954 891 891 891 891 891 921 891 891 890 890 863 863 832 821 821 832 843 823 823 775 775 757 757 757 757 757 758 758 580 580 725 725 725 580 707 689 689 679 580 580 580 623 639 561 551 551 551 551 551 570 583 583 540 567 540 540 489 489 489 501 501 501 502 497 497 434 434 434 434 448 448 433 433 433 339 414 414 339 400 339 339 338 338 339 339 339 339 331 249 249 249 249 249 249 230 277 249 254 254 200 200 200 232 232 201 201 201 154 154 178 34 34 162 34 34 34 137 69 69 102 102 102 69 69 63 63 63 42 42 14 14 17 17 
936 936 982 937 937 937 962 891 891 891 891 891 891 891 891 891 891 863 863 832 856 856 832 843 823 823 757 757 757 797 757 777 777 758 758 580 646 646 726 726 580 580 679 679 679 580 580 580 623 639 561 551 611 611 551 551 570 583 583 540 567 540 540 489 489 520 520 520 501 502 502 497 434 449 449 449 449 449 433 433 433 339 339 339 339 372 372 339 339 339 339 365 339 339 331 249 249 306 306 306 249 249 277 249 254 254 254 200 200 232 232 201 216 201 201 34 34 34 171 162 146 146 34 34 89 89 89 89 89 89 69 69 69 14 14 42 42 14 17 17 
936 936 982 937 937 937 937 937 891 891 891 891 891 914 891 891 891 863 863 832 832 832 832 823 823 823 757 816 757 757 757 777 777 758 758 580 580 646 726 726 580 580 679 580 580 580 580 580 639 639 561 551 611 551 551 570 570 583 583 540 540 540 540 489 489 520 520 521 501 497 497 497 434 397 397 397 397 397 397 397 397 397 397 407 407 372 372 372 372 372 372 365 331 331 331 340 249 249 306 306 249 249 249 249 254 254 254 200 233 233 233 201 201 201 202 34 162 162 162 162 146 146 146 34 34 34 34 64 64 64 64 69 69 14 14 14 14 14 17 17 
936 936 982 982 937 937 937 937 946 937 891 891 891 914 891 891 892 863 863 863 863 847 847 823 833 823 757 757 757 757 757 757 777 758 758 758 580 646 646 646 580 580 580 580 646 646 646 653 639 639 561 551 611 551 551 570 570 570 561 561 561 540 540 545 520 520 520 521 501 506 434 434 434 397 397 471 397 397 397 397 402 402 397 397 397 372 372 365 365 365 365 365 331 331 331 331 331 249 306 306 249 249 278 278 200 200 255 200 222 222 222 222 201 201 34 34 121 121 121 163 121 121 121 121 34 34 34 64 64 64 64 64 64 14 14 14 14 14 17 17 
936 936 936 947 947 937 937 937 937 937 891 891 891 891 891 891 892 880 880 863 863 847 847 823 833 823 823 757 793 793 793 757 702 702 702 702 702 646 646 646 715 580 580 690 646 673 646 646 646 640 561 551 551 551 551 598 570 570 561 571 561 540 540 545 520 520 520 521 501 506 434 434 434 479 397 397 462 397 402 402 402 402 402 402 397 397 365 365 365 365 365 365 352 352 331 331 331 249 249 249 299 249 249 249 265 200 200 200 222 222 222 222 34 34 34 193 121 164 121 121 121 121 121 121 121 121 34 64 103 64 64 64 64 64 14 14 14 14 17 17 
936 991 936 947 947 947 947 955 937 937 891 891 891 891 891 891 892 880 880 823 823 823 823 823 833 833 824 757 793 757 757 757 702 752 752 752 702 702 646 646 646 646 646 646 646 673 654 654 640 640 561 570 570 570 570 570 570 561 561 571 561 561 553 520 520 534 501 501 501 506 434 434 434 476 476 397 397 397 402 402 402 402 402 402 397 397 365 365 383 365 365 365 352 352 331 331 331 249 249 249 299 249 249 249 244 244 244 244 244 222 222 222 34 183 147 147 147 164 164 164 122 122 122 122 122 122 34 64 103 64 84 74 33 33 33 33 33 33 17 17 
936 936 936 947 947 947 947 947 937 937 891 891 891 891 891 891 892 823 823 823 864 823 823 844 824 824 824 757 793 757 786 786 702 702 702 752 752 702 646 646 646 680 646 646 654 654 654 624 640 561 561 561 561 561 561 561 561 561 568 568 568 553 553 520 534 534 501 506 506 506 434 434 434 476 476 434 434 434 402 402 402 402 402 402 397 397 397 365 365 365 373 365 259 259 331 331 331 249 249 249 249 249 249 249 244 244 244 34 34 222 222 222 34 183 147 194 147 147 164 164 122 122 138 138 122 122 34 64 103 64 84 74 33 43 43 43 43 18 18 18 
948 948 948 947 947 947 963 947 947 823 823 823 823 823 823 823 823 823 848 848 848 848 848 824 824 824 824 757 757 757 786 702 702 702 702 753 753 702 727 727 716 680 691 691 654 654 664 624 640 561 561 561 572 572 572 520 520 520 568 568 553 553 520 520 501 501 501 506 501 501 434 434 434 434 434 434 463 434 434 402 402 402 423 259 259 401 365 365 365 365 365 365 259 259 331 331 331 300 300 307 266 266 266 266 266 259 244 34 34 34 34 34 34 183 183 183 183 147 147 147 147 122 122 122 132 123 34 64 64 64 84 74 33 43 43 43 18 18 18 18 
948 992 948 948 971 971 924 924 924 823 823 824 824 824 824 823 823 824 824 824 848 848 849 824 824 702 702 702 804 702 702 702 778 692 692 753 702 702 702 702 716 680 680 680 680 655 655 624 624 624 624 624 572 572 572 520 585 520 520 568 553 553 520 546 501 501 501 501 501 501 434 434 434 434 472 450 450 450 434 402 402 402 259 259 259 401 365 389 365 365 365 259 259 259 332 332 332 300 300 307 266 267 267 267 267 259 244 34 34 34 159 159 159 159 159 159 159 159 159 165 147 147 147 122 123 123 34 34 84 84 84 74 33 43 43 43 18 18 18 19 
992 992 986 948 971 972 924 924 924 924 823 824 824 824 824 824 893 824 824 824 848 848 824 824 824 702 702 702 804 702 754 754 778 692 692 692 702 702 702 702 702 680 680 692 655 655 655 624 624 641 634 572 572 520 520 520 585 585 520 520 520 553 520 520 541 522 522 522 501 501 434 434 434 434 472 472 450 450 434 434 434 402 402 408 259 259 365 365 365 381 259 259 259 259 332 259 259 300 300 293 293 267 267 267 259 259 244 244 34 34 159 159 210 210 195 195 159 159 159 159 122 122 122 122 123 123 116 34 34 34 34 74 33 33 33 34 34 34 18 19 
992 992 986 948 971 948 948 924 924 924 823 823 823 824 824 824 824 824 824 824 824 824 824 824 824 825 825 702 702 702 754 754 754 692 692 692 692 692 692 692 702 702 702 692 655 655 655 655 634 634 634 572 572 520 520 520 585 585 572 572 520 520 520 520 541 522 522 522 501 501 501 434 434 480 472 472 415 415 434 434 402 402 402 408 408 259 365 365 259 259 259 259 259 259 259 259 259 259 300 293 293 293 267 267 259 260 244 244 34 34 210 210 210 210 34 34 34 34 34 159 122 122 122 122 34 34 116 110 34 90 34 34 33 33 33 34 18 18 18 19 
986 986 986 948 971 948 948 924 924 924 927 924 823 824 824 824 824 824 865 865 865 825 825 825 825 825 798 798 798 798 754 754 754 692 692 692 692 735 735 692 717 692 692 692 655 665 665 655 634 634 625 625 572 520 520 520 572 572 572 573 477 477 477 477 477 522 522 477 477 501 501 477 477 480 477 415 415 415 415 415 402 402 402 402 402 259 259 390 259 259 259 259 259 259 341 341 259 259 300 300 300 259 259 259 259 260 245 245 245 34 210 210 210 210 34 34 34 34 34 159 159 34 34 122 34 34 34 110 34 34 34 34 34 34 34 34 18 18 18 18 
986 986 986 948 948 948 948 948 948 924 924 924 823 910 910 824 824 824 865 865 865 825 825 825 825 834 798 798 798 798 754 754 754 754 754 754 754 735 735 692 692 692 692 692 655 655 655 655 634 634 625 625 572 572 572 572 572 573 573 573 477 477 477 477 477 477 477 477 477 477 477 477 477 477 477 415 415 415 415 415 415 415 415 415 402 402 259 259 259 341 341 341 341 341 341 342 259 259 259 259 259 259 259 259 260 260 245 245 245 34 34 34 34 34 34 34 34 34 34 34 34 34 34 34 34 124 34 34 34 34 34 34 34 34 34 44 44 18 18 18 
