978 978 842 842 842 842 842 943 907 907 907 907 907 894 894 865 865 865 865 847 847 839 825 825 674 674 674 674 674 674 674 674 674 763 753 753 727 727 727 673 673 673 682 682 682 682 593 593 593 593 593 597 597 597 597 597 597 597 593 547 547 547 547 547 547 514 514 509 509 509 480 480 477 477 438 438 438 438 438 419 419 419 382 382 382 382 382 358 358 358 358 348 275 275 275 275 275 282 282 282 282 229 229 229 229 229 238 196 196 196 196 196 196 155 155 155 155 155 155 119 119 119 119 119 93 93 93 93 81 81 62 62 62 1 1 1 1 1 1 1 
978 978 842 842 842 842 842 943 907 925 925 907 907 894 894 865 865 865 847 847 839 839 825 825 674 818 804 804 674 674 674 776 674 674 753 753 727 727 727 673 673 673 682 682 682 682 593 593 661 593 593 593 593 593 597 597 597 593 593 547 547 547 547 547 547 514 514 509 509 509 480 480 477 438 438 446 446 446 419 419 428 382 382 397 397 382 382 377 350 350 348 348 275 275 275 283 275 275 275 275 275 229 229 229 229 229 238 196 196 172 172 196 196 155 155 145 145 145 145 119 119 119 120 94 94 94 94 94 81 81 62 62 62 1 1 1 1 1 2 2 
978 978 978 970 842 842 842 842 907 842 842 842 884 884 884 884 884 847 847 839 839 840 825 825 674 674 804 793 674 674 674 674 674 674 674 674 744 727 727 722 673 673 673 673 673 673 673 593 661 593 593 593 612 593 597 597 597 593 593 547 547 547 547 553 537 537 514 514 514 480 480 480 480 438 438 438 446 446 419 419 382 382 382 382 398 377 377 377 350 350 348 348 275 275 283 283 292 292 292 292 275 275 229 229 229 229 229 229 172 172 172 204 145 145 145 145 145 145 145 145 145 119 120 94 94 21 21 21 21 21 62 62 1 1 1 1 1 1 2 2 
988 970 970 970 842 944 944 842 842 842 896 842 884 884 884 884 884 847 847 840 840 840 825 825 825 674 674 793 674 674 777 777 674 674 674 674 722 722 722 722 673 673 673 673 683 683 593 593 537 537 537 537 612 593 593 593 593 593 593 547 547 547 547 553 537 538 515 515 515 481 481 481 481 438 438 438 446 446 382 382 382 382 382 382 382 377 377 377 350 350 350 283 283 335 283 283 292 292 292 292 275 275 266 229 229 229 229 230 172 172 172 204 145 145 145 145 145 145 156 145 145 119 120 94 94 21 21 21 21 21 62 62 1 1 1 44 1 1 3 3 
988 970 979 842 842 944 944 944 842 842 896 842 842 895 869 869 869 869 847 840 840 832 832 825 825 674 674 793 793 777 777 777 674 674 674 722 722 728 728 674 674 673 673 673 683 683 593 593 537 537 537 537 612 612 612 612 537 537 537 537 537 537 537 537 537 515 515 515 515 481 481 481 438 438 438 438 446 446 382 382 382 382 382 382 382 383 383 350 350 362 283 283 283 283 283 283 315 306 283 283 283 266 266 229 229 229 229 230 172 172 172 204 172 172 172 172 146 146 146 146 146 119 120 120 21 21 21 21 21 54 54 54 54 54 44 44 1 29 3 3 
988 970 979 842 842 842 896 896 896 896 896 914 842 895 869 869 869 869 847 847 840 832 832 825 825 674 793 793 793 777 777 777 674 674 674 674 674 674 729 674 674 674 674 674 683 683 674 593 537 537 651 537 537 537 537 537 537 583 583 510 510 510 510 510 510 515 515 515 498 498 498 438 438 447 447 447 447 447 382 382 382 382 382 383 383 383 350 350 362 362 283 327 327 327 327 283 283 306 283 283 284 266 239 239 231 231 231 119 119 119 172 172 172 189 146 146 146 146 146 119 119 119 128 21 21 103 21 21 21 21 55 55 55 55 44 44 3 3 3 3 
988 970 979 842 842 842 896 896 896 896 914 914 842 895 895 869 869 869 840 840 840 832 832 832 826 674 793 793 793 793 777 777 674 674 674 674 674 674 674 674 685 685 685 674 684 684 674 593 593 537 537 537 604 604 604 604 583 583 583 583 510 510 510 510 510 515 515 524 498 498 498 438 438 447 447 447 447 447 382 435 382 382 382 383 383 383 350 362 362 362 283 327 327 283 283 283 283 283 283 283 266 266 239 239 231 231 231 119 119 119 119 119 119 119 146 119 119 119 119 119 128 128 128 21 63 63 21 21 87 21 21 21 21 21 44 44 3 20 20 3 
988 970 970 842 955 955 842 842 937 896 914 842 842 840 840 840 840 840 840 841 841 841 832 832 826 674 793 793 674 674 777 777 674 754 754 754 674 674 674 723 685 685 685 674 684 684 674 593 593 604 604 604 604 604 604 604 583 583 583 583 510 510 510 524 524 524 524 524 489 489 489 489 438 379 379 379 379 448 382 435 382 420 389 389 389 389 350 362 362 362 283 283 283 283 285 285 285 285 285 285 285 239 239 239 231 231 231 231 119 210 210 119 119 119 119 119 149 149 149 149 128 128 128 21 21 63 63 63 63 63 63 63 63 21 44 44 3 3 3 3 
989 956 970 842 842 842 842 842 842 896 914 842 842 840 840 840 840 840 826 826 826 826 826 826 826 674 805 805 674 674 674 674 674 754 754 730 730 730 730 712 712 685 685 674 674 674 674 593 593 604 604 604 604 604 604 604 604 583 584 584 569 569 510 524 524 524 524 489 489 489 489 438 438 379 379 379 379 382 382 382 382 389 389 350 350 350 350 378 363 363 283 283 283 283 285 285 285 285 285 239 239 239 239 239 239 239 239 119 119 210 210 179 179 179 179 104 104 104 104 104 128 128 128 21 21 63 63 63 63 63 63 63 63 21 44 44 21 21 21 4 
989 956 956 956 956 956 842 842 842 896 914 915 842 900 885 885 885 840 826 826 826 826 826 826 826 674 805 805 674 674 674 674 674 674 754 730 745 713 713 712 712 685 685 685 674 674 593 593 593 604 604 604 604 622 604 604 583 583 584 584 569 569 510 524 524 524 524 516 516 490 490 438 438 438 379 379 379 382 382 382 389 389 389 350 350 378 378 378 363 363 336 336 336 336 285 285 285 285 285 239 239 239 239 239 239 239 239 119 215 215 179 179 179 179 179 104 104 104 157 104 21 21 21 21 112 63 63 63 63 82 63 63 63 21 21 21 21 21 21 4 
956 956 956 956 956 938 938 938 938 896 914 914 842 842 885 885 886 840 840 826 826 826 826 816 816 674 806 806 674 674 674 674 674 674 730 730 713 713 713 724 685 685 685 685 685 685 593 593 593 627 627 627 627 622 622 604 583 569 569 569 576 569 510 548 548 539 516 516 517 510 490 490 438 438 438 438 379 436 436 436 389 389 389 350 350 378 378 349 349 363 336 336 336 336 320 320 285 285 285 239 239 240 240 260 239 239 239 119 119 216 179 179 179 179 179 104 104 104 157 104 21 21 21 21 21 21 63 63 63 63 63 71 4 4 4 4 4 4 4 4 
956 956 956 964 964 938 938 938 938 896 916 914 842 842 885 885 870 870 840 826 848 835 835 816 816 674 674 674 674 764 764 764 764 764 730 730 713 713 713 724 685 685 685 685 685 686 662 662 662 627 627 639 627 627 604 604 583 569 569 569 569 569 510 510 510 539 510 510 510 510 490 490 438 438 438 438 379 436 379 379 379 389 389 350 350 349 349 349 349 349 349 336 336 336 320 320 285 285 285 293 240 240 240 239 239 239 239 232 119 119 119 179 179 173 173 173 104 104 157 104 21 21 21 21 21 21 63 63 63 63 71 71 4 56 4 4 30 30 4 4 
956 956 956 956 956 939 939 939 939 896 916 916 842 901 885 885 870 870 840 826 848 835 835 816 816 816 816 795 795 764 764 764 764 764 713 713 713 713 713 713 713 702 702 604 604 604 662 604 604 604 627 604 604 604 604 583 583 598 561 561 561 561 510 510 510 510 510 429 429 429 429 491 438 438 438 438 379 379 379 379 379 389 389 406 350 390 384 371 371 349 349 336 336 337 307 307 307 307 286 286 240 267 267 239 239 239 232 232 217 217 119 119 119 173 119 119 119 157 157 104 104 104 104 121 4 4 4 4 4 4 71 4 4 50 50 5 5 5 5 5 
956 956 956 956 956 939 939 939 896 896 917 917 842 842 842 842 842 840 840 826 795 795 795 795 795 795 795 795 795 785 785 713 713 713 713 713 713 713 702 702 702 702 703 604 628 604 604 604 654 604 604 604 604 604 583 583 583 583 561 561 561 561 561 429 429 429 429 429 429 429 429 491 449 449 449 449 452 379 379 379 379 389 389 406 350 350 384 371 371 349 349 336 336 337 307 321 286 286 286 286 240 240 240 240 240 240 240 217 217 169 169 169 119 119 119 119 119 157 157 104 104 139 104 104 4 4 4 83 83 4 4 4 64 50 51 5 31 5 5 6 
956 956 956 956 939 939 939 939 896 896 896 918 842 842 896 843 842 866 866 826 795 795 795 795 795 795 795 795 795 785 785 713 713 758 758 713 713 713 702 702 702 702 604 604 628 628 671 671 654 654 604 604 636 628 583 583 583 583 561 561 561 561 561 429 540 540 429 429 499 499 429 449 449 439 439 449 449 449 379 379 379 379 399 399 399 350 350 350 371 364 349 349 286 286 307 286 286 217 217 286 286 217 217 217 217 217 217 217 169 169 211 169 169 119 119 119 119 157 157 150 129 129 129 104 104 104 4 83 83 46 46 46 46 50 51 5 31 31 6 6 
982 982 928 928 939 928 928 945 896 896 896 896 896 896 896 843 842 842 842 826 826 826 826 795 795 795 795 795 795 778 778 778 713 758 758 746 746 705 705 702 702 702 604 604 604 628 628 628 628 628 640 640 628 628 583 583 605 599 561 561 561 561 561 429 429 429 429 525 499 499 429 449 439 439 439 439 439 439 439 379 379 379 399 399 400 350 350 350 350 364 350 350 286 286 286 286 217 217 217 286 286 217 268 261 217 217 217 233 169 211 211 169 169 119 119 119 119 157 150 150 129 129 4 4 4 4 4 83 83 46 46 46 46 50 51 5 5 5 6 7 
928 928 928 928 928 928 928 928 896 896 908 908 908 896 896 843 871 871 842 842 849 826 826 795 795 795 795 807 778 778 786 713 713 746 746 746 746 705 705 705 705 604 604 604 604 604 628 628 628 628 628 628 628 585 585 599 599 599 561 561 561 561 562 541 541 429 429 525 499 499 429 429 439 439 471 439 439 439 439 379 379 379 379 379 379 379 379 379 350 350 350 351 286 286 286 286 217 217 217 217 217 217 268 261 217 217 217 233 169 169 169 169 169 169 169 169 169 150 150 95 95 95 4 4 83 83 83 83 83 83 46 46 50 50 5 5 5 5 6 6 
928 928 928 928 940 940 928 928 928 928 908 908 867 867 843 843 871 871 842 842 849 826 826 795 795 819 795 778 778 778 778 713 768 746 746 746 746 705 705 705 705 604 604 604 692 604 628 672 628 585 641 641 585 585 585 585 585 585 585 585 577 541 541 541 541 541 518 518 518 499 499 429 429 429 429 429 429 429 429 429 429 379 379 379 379 379 379 365 365 365 351 351 286 286 286 286 217 217 299 217 217 268 268 261 217 217 233 233 169 169 169 169 169 180 180 169 169 150 95 95 95 95 130 4 83 83 95 95 46 46 46 46 50 5 5 5 5 5 6 6 
928 928 928 928 940 957 928 928 928 908 908 908 867 867 843 843 871 871 842 842 842 842 826 826 795 795 795 778 778 778 778 713 768 759 759 714 714 714 705 705 705 705 604 604 692 604 628 628 628 585 641 641 585 613 585 585 541 541 541 541 577 541 541 541 542 542 518 518 482 482 482 429 429 429 429 429 407 407 407 407 407 412 412 385 385 391 385 365 365 365 351 351 340 217 217 217 217 308 299 276 276 261 261 261 217 217 169 169 169 169 169 180 180 180 174 174 150 150 95 95 95 95 130 4 95 95 95 46 46 46 46 46 50 5 52 5 32 32 6 8 
928 928 928 971 940 957 940 940 940 908 887 887 867 867 867 843 843 843 843 843 843 843 795 795 795 820 794 794 713 713 713 713 769 759 759 714 714 714 731 604 604 604 604 604 604 604 604 663 663 585 642 642 585 613 613 613 541 541 541 541 541 541 541 541 518 518 518 518 482 482 482 429 429 429 461 461 407 407 407 407 407 412 412 385 385 385 385 340 340 340 340 340 340 217 217 217 217 299 299 276 276 261 261 261 217 217 169 169 224 169 169 180 180 180 181 131 131 163 95 95 95 95 95 95 95 95 95 46 46 46 46 72 50 5 5 5 6 6 6 8 
928 971 971 971 940 940 940 946 941 908 887 887 867 867 867 867 867 843 843 843 843 843 795 820 820 820 794 794 713 713 713 713 713 759 759 714 714 739 714 714 714 693 693 693 604 604 604 643 643 585 642 585 585 613 613 478 478 541 541 586 478 478 478 478 518 518 478 478 482 482 482 429 429 461 461 462 407 407 407 407 385 385 385 385 385 385 340 340 352 352 352 352 217 217 217 217 217 299 299 276 276 276 244 244 217 217 218 169 169 169 169 169 180 180 131 131 131 131 95 95 95 131 131 95 95 105 46 46 46 50 50 50 50 50 50 6 6 33 8 8 
928 928 980 908 908 908 950 941 941 908 887 887 867 867 887 887 867 867 867 843 843 843 795 795 795 795 795 794 794 794 713 713 713 713 713 714 714 739 714 715 715 693 693 693 693 643 643 643 643 585 585 585 478 478 478 478 478 478 478 478 478 478 478 478 478 478 478 478 482 482 482 482 482 461 453 453 453 340 340 407 385 385 385 385 385 385 340 340 340 353 353 353 217 217 217 217 217 299 299 276 276 276 244 244 244 244 218 218 218 169 169 169 190 190 131 164 164 131 131 131 131 131 105 105 105 105 46 84 50 50 50 50 50 50 50 6 33 33 8 9 
928 928 980 908 908 908 950 941 941 908 908 887 887 887 887 887 887 860 860 860 850 821 821 821 821 821 795 765 765 765 765 770 770 713 713 714 714 714 714 715 715 664 664 693 693 643 643 643 643 643 643 643 478 478 478 563 563 563 594 563 563 563 563 478 478 532 532 478 500 500 500 478 478 461 453 340 340 340 340 407 385 385 407 407 385 385 340 340 340 340 340 354 217 217 217 217 217 217 300 276 276 276 244 244 244 245 218 218 218 218 131 131 190 190 131 131 164 164 105 105 105 105 105 105 105 46 46 84 50 50 50 50 50 50 50 6 8 8 8 9 
928 928 928 928 908 908 950 908 908 929 908 919 850 850 850 850 872 872 850 850 850 821 821 821 821 821 795 765 765 765 765 765 765 713 714 714 740 740 714 714 714 664 664 693 693 643 643 643 643 643 629 629 478 478 478 563 606 563 594 563 564 564 564 478 478 478 478 478 500 500 478 478 478 461 453 453 340 340 340 407 407 407 407 385 385 340 340 340 366 366 340 340 341 322 322 217 316 217 300 276 276 276 244 244 218 218 218 218 218 218 131 131 131 191 131 131 164 164 105 105 105 105 105 105 105 46 46 84 84 84 46 46 65 50 50 6 8 8 8 8 
928 928 928 928 908 908 908 908 908 929 908 850 850 850 850 850 872 872 850 851 851 821 821 821 821 821 795 765 765 765 765 765 765 713 714 714 714 714 714 725 714 664 664 664 664 664 664 664 664 629 629 629 629 629 478 563 563 563 563 563 564 564 519 519 519 478 478 478 478 478 478 492 478 461 461 340 340 340 340 407 407 413 413 385 385 340 340 340 366 366 340 340 322 322 322 217 217 217 262 262 262 262 262 262 218 218 218 218 131 131 131 197 131 131 131 175 105 105 105 105 105 105 105 105 105 46 46 46 46 46 46 46 65 22 22 6 8 8 8 8 
928 928 928 928 908 908 908 908 908 908 908 850 850 850 850 850 850 850 850 850 827 827 827 787 787 787 795 795 795 765 765 779 765 713 714 714 714 714 714 714 714 664 664 664 665 665 665 665 665 629 637 637 637 478 478 563 563 563 563 563 564 564 519 519 519 519 519 478 478 478 478 478 478 340 340 340 454 440 440 340 340 340 340 340 385 385 340 340 340 340 340 322 322 328 322 322 217 217 262 262 262 262 131 131 131 131 131 131 131 219 197 197 131 131 175 175 105 105 105 105 105 105 105 122 113 46 46 46 88 85 46 46 22 22 22 45 8 8 8 8 
928 928 928 928 965 908 951 908 908 908 908 920 850 888 888 888 888 850 850 850 827 787 787 787 787 787 796 796 795 795 765 765 765 713 713 755 741 741 714 714 716 664 664 664 665 665 629 629 629 629 637 637 478 478 563 563 563 563 563 563 564 564 565 519 519 519 519 519 519 478 478 478 478 340 340 340 440 440 340 340 340 340 340 340 340 340 340 340 340 322 322 322 342 328 328 309 309 262 262 262 262 131 131 246 246 246 212 212 212 212 197 197 131 131 175 105 105 105 105 105 105 105 105 113 113 85 85 85 85 85 46 46 22 22 22 22 22 22 22 8 
928 928 965 965 965 908 908 908 908 908 908 850 850 888 888 888 873 873 850 850 827 787 787 787 787 787 796 796 796 796 787 765 765 765 713 713 747 716 716 716 716 664 664 664 665 665 629 629 629 629 629 637 478 607 563 563 563 563 563 563 565 565 565 533 533 533 533 493 493 478 478 493 478 340 463 463 440 440 340 421 421 421 340 340 340 322 322 322 322 322 322 329 329 328 328 309 262 262 262 294 262 131 269 205 205 247 212 212 212 212 212 197 197 175 175 105 105 105 105 105 132 132 132 113 113 85 85 85 89 73 73 46 46 22 22 22 22 22 22 8 
928 928 965 965 965 908 908 908 908 908 908 888 888 902 888 888 874 874 827 827 827 787 787 787 787 787 787 787 787 787 787 706 706 706 756 713 713 716 716 716 716 664 664 700 655 655 655 655 655 655 629 637 478 607 607 607 607 563 563 563 566 566 566 533 493 493 493 493 493 493 493 493 478 340 340 340 340 340 340 421 421 401 401 401 401 322 322 322 322 322 322 301 329 329 329 309 262 262 262 262 262 131 131 205 205 205 212 212 212 205 205 205 175 175 182 105 105 105 105 132 132 140 123 123 113 85 85 85 89 73 73 73 46 8 8 8 8 23 23 8 
928 928 965 965 965 908 908 908 888 888 888 888 888 888 888 874 874 875 827 827 827 827 827 827 827 706 706 706 788 788 788 706 706 706 756 756 706 706 706 706 706 706 655 655 655 687 629 629 629 629 629 637 478 478 614 614 566 566 566 566 566 566 566 533 493 493 493 493 493 493 493 494 478 478 455 455 455 340 340 421 421 401 401 401 401 322 322 322 322 322 322 301 301 301 301 309 309 262 262 262 277 277 131 205 205 205 205 205 205 205 175 175 175 176 176 176 106 106 106 132 132 77 123 123 113 85 85 73 73 73 73 73 46 8 8 8 8 8 8 8 
928 928 928 965 965 888 888 888 888 930 876 876 876 888 888 874 874 836 836 852 852 836 836 781 781 706 817 706 706 706 706 706 706 706 706 706 706 655 655 706 706 655 655 687 687 687 629 629 629 629 629 629 478 478 614 614 566 566 566 587 578 566 566 533 533 526 526 526 493 493 493 455 455 455 455 456 456 330 330 330 430 422 401 401 401 322 322 322 322 322 322 301 301 301 301 301 309 262 262 262 262 262 131 205 205 131 131 205 205 175 175 176 176 176 183 106 106 165 106 106 106 77 77 77 113 77 77 73 73 73 76 73 46 8 8 8 8 8 8 8 
928 983 928 928 966 888 888 888 888 888 876 921 876 897 897 874 874 836 836 836 836 836 781 781 781 706 706 706 802 706 706 771 771 706 706 706 706 655 655 655 655 655 687 687 666 666 666 666 629 629 629 629 478 580 580 566 566 566 578 578 578 567 567 533 533 526 526 526 455 455 455 455 483 330 330 456 456 330 330 330 330 422 330 330 330 392 322 322 372 322 322 301 301 301 330 301 309 309 301 262 262 262 131 131 131 131 131 225 225 175 175 175 198 183 183 106 106 106 106 106 106 77 77 77 77 77 77 77 90 73 76 73 46 46 46 46 8 8 8 8 
928 928 928 928 888 888 888 888 888 888 876 921 876 876 876 876 876 836 836 836 836 836 781 781 781 706 706 706 706 706 706 706 706 706 706 666 655 655 707 707 655 655 687 687 666 666 666 666 666 644 644 644 478 580 580 566 566 566 578 578 570 570 533 533 527 527 527 527 455 455 455 455 330 330 330 330 330 330 330 330 330 330 330 408 330 330 359 359 359 359 359 330 330 330 330 301 301 301 301 262 262 262 262 262 131 131 131 225 225 175 175 175 198 183 183 58 58 106 106 106 106 106 106 106 106 106 100 77 77 73 73 73 34 34 34 47 34 34 10 10 
990 972 972 972 967 933 933 876 876 876 876 876 876 876 876 878 876 836 836 836 781 781 781 781 781 706 706 706 706 780 780 780 706 706 706 666 742 742 707 707 655 655 655 655 694 666 666 644 644 644 478 478 478 580 580 615 595 595 533 570 570 533 533 554 527 527 527 528 455 455 501 455 330 330 330 330 330 330 330 330 330 330 386 386 386 330 330 330 330 330 330 330 330 330 331 301 301 301 301 262 262 262 262 262 131 241 241 225 225 175 175 175 175 192 183 58 58 58 58 106 106 133 133 106 106 100 100 77 77 74 74 74 34 34 34 34 34 35 10 11 
990 972 973 973 967 933 933 876 876 876 876 876 876 876 876 878 876 876 836 836 781 781 781 781 781 706 706 706 706 780 780 781 748 748 748 666 742 742 707 707 655 655 655 655 694 666 675 644 667 478 478 630 630 630 580 580 595 533 533 570 533 533 554 554 527 527 527 495 495 495 495 455 330 330 330 464 330 330 330 330 330 330 386 386 386 386 386 295 295 295 295 355 295 295 295 301 301 301 301 295 255 255 255 255 131 241 241 175 175 220 175 175 175 175 183 58 58 58 58 147 147 58 58 124 100 100 100 77 77 74 74 74 34 34 39 39 39 10 10 11 
990 972 967 967 967 933 933 876 876 876 876 903 876 876 876 878 877 877 781 781 781 781 781 781 781 781 781 781 781 781 781 781 748 748 748 666 666 666 707 707 707 707 666 666 666 666 675 644 667 478 478 580 580 580 580 580 595 533 533 533 533 571 554 495 495 495 495 495 520 511 495 455 330 330 330 330 330 409 409 409 409 409 409 409 387 387 387 295 295 295 295 355 295 295 295 301 301 302 302 295 255 255 255 255 131 175 175 175 175 220 175 175 175 175 183 58 148 148 58 58 58 58 58 58 100 107 100 77 77 74 74 74 34 34 34 39 39 10 10 10 
972 972 967 967 967 933 933 876 876 903 903 903 876 876 876 878 877 877 781 781 781 781 781 781 781 808 808 781 781 733 733 782 748 748 748 748 666 666 707 666 666 666 666 695 695 644 644 644 667 645 645 580 580 580 616 616 595 595 595 533 533 554 554 495 549 511 511 511 511 511 495 455 455 455 455 465 409 409 409 409 373 373 373 373 387 387 387 373 373 295 295 295 295 295 295 295 295 295 295 295 255 255 255 255 255 175 175 175 175 175 175 175 175 184 58 58 148 148 148 151 115 115 115 58 100 100 100 77 91 74 74 74 34 34 34 10 10 10 10 10 
972 972 974 974 933 933 952 942 942 903 903 903 878 878 878 878 877 877 853 853 853 808 808 808 808 808 808 808 733 733 733 782 748 748 748 748 666 666 666 666 695 695 695 695 696 644 645 645 645 645 580 580 631 631 600 600 600 600 579 579 579 554 554 495 549 511 511 511 511 495 495 495 455 455 455 465 409 409 409 409 373 373 373 373 387 387 387 373 373 295 343 343 343 270 270 270 270 270 270 270 270 270 270 199 199 248 175 175 175 175 213 199 199 184 58 58 58 158 148 148 115 115 115 58 114 100 100 77 77 77 77 10 10 10 10 10 10 10 10 10 
972 972 974 974 933 933 933 942 903 903 909 909 878 878 878 878 878 878 853 853 853 808 808 733 733 809 809 809 733 797 733 782 748 760 760 748 666 666 732 695 695 708 644 644 644 644 645 656 656 656 580 580 580 579 600 600 579 579 579 579 579 554 554 495 495 511 511 511 511 495 495 495 465 465 465 465 441 441 409 409 373 373 373 373 373 373 373 373 373 295 343 343 270 270 310 310 310 310 278 278 278 278 199 199 199 248 175 175 213 213 213 199 199 184 58 58 58 158 158 148 148 115 115 58 58 108 101 10 10 10 10 10 10 10 10 10 10 10 10 10 
972 972 933 933 933 933 933 942 903 931 909 909 909 903 844 844 844 844 853 853 853 733 733 733 733 733 733 733 733 797 733 733 748 748 748 748 748 695 695 695 644 644 644 688 688 688 645 645 645 645 652 645 580 579 579 600 579 596 596 580 580 554 554 555 495 495 495 529 465 465 465 496 465 465 441 441 441 441 441 431 431 393 393 393 393 373 373 295 295 295 270 270 270 311 310 310 310 278 278 287 287 279 199 263 199 199 199 199 199 199 199 199 199 184 58 58 58 158 158 134 134 115 115 115 58 58 101 10 10 10 10 10 10 10 10 10 10 36 10 10 
972 972 933 933 933 933 933 942 903 903 903 903 903 903 844 889 889 844 853 853 761 761 761 761 761 822 733 733 734 734 734 733 733 733 748 748 748 695 695 695 644 644 644 688 688 688 645 645 668 645 645 645 580 623 579 600 579 596 596 580 581 554 554 555 495 495 495 495 495 495 465 465 465 465 441 441 441 441 431 431 431 393 393 393 393 393 295 295 295 295 270 270 270 311 311 278 278 278 271 271 271 279 199 199 199 199 199 193 193 221 193 193 200 184 184 58 58 166 159 134 134 115 115 115 115 58 58 10 10 10 10 10 10 57 10 10 10 10 10 12 
972 972 933 958 933 933 932 932 932 932 844 844 844 844 844 889 889 844 844 844 761 761 761 761 761 810 810 810 734 798 734 734 772 733 733 748 748 733 733 695 717 657 657 657 657 657 657 657 657 657 645 645 580 623 579 579 579 580 580 580 554 554 554 495 495 495 521 521 521 393 393 393 393 393 393 393 431 431 431 431 431 393 332 332 332 332 295 295 295 295 295 295 270 270 311 323 278 278 271 296 271 271 271 199 199 249 199 193 193 193 193 193 193 193 185 58 58 159 159 134 134 115 115 78 78 58 58 96 10 10 10 10 10 10 10 10 10 10 10 12 
933 933 933 958 958 958 932 932 932 932 844 922 844 844 898 844 844 844 844 844 854 761 761 761 828 810 810 810 734 734 734 734 766 766 733 733 733 733 695 695 717 657 657 657 657 657 632 632 632 658 646 646 580 623 623 608 608 580 580 472 554 554 554 495 495 495 521 502 502 393 484 484 484 393 393 393 431 431 431 431 431 393 332 332 332 332 332 332 332 332 295 295 270 270 311 311 311 311 271 193 193 280 193 193 199 199 199 193 193 142 142 142 142 142 185 142 142 159 159 134 134 134 78 78 78 58 58 96 10 10 10 10 10 10 10 37 37 37 10 12 
933 933 933 933 933 959 932 932 844 844 844 922 844 844 844 844 844 844 854 854 854 761 761 761 761 810 810 767 767 734 734 734 766 695 695 695 695 695 695 709 709 657 657 632 632 632 632 632 632 658 646 647 580 580 580 608 580 580 580 472 472 472 534 534 534 534 502 502 502 393 393 393 393 393 393 442 442 442 431 431 431 393 410 410 332 332 332 374 374 332 332 356 270 270 317 317 317 271 271 193 193 193 193 193 193 193 193 193 193 142 142 142 201 142 142 142 142 142 142 134 134 134 78 78 78 58 58 58 58 58 58 66 66 58 10 10 10 10 10 10 
933 933 933 933 933 933 933 933 844 844 844 922 844 844 890 890 890 844 844 844 844 844 761 761 761 800 800 811 767 799 734 734 766 695 695 743 743 709 709 709 709 709 632 632 632 632 676 632 646 646 646 647 632 632 580 580 580 557 557 588 472 472 534 550 550 534 502 502 502 502 502 393 393 393 393 442 442 442 442 393 393 393 410 410 374 374 374 374 367 367 332 332 344 270 317 317 271 271 193 193 272 272 272 235 235 235 235 234 142 142 142 142 142 152 152 152 152 167 142 134 141 141 134 78 78 58 58 58 78 78 58 58 58 58 40 40 40 10 10 10 
933 933 933 933 933 933 953 933 933 933 844 844 910 844 844 845 845 845 855 855 855 845 761 761 761 800 800 800 767 767 734 734 734 734 734 734 743 709 709 709 709 709 632 632 632 632 676 632 632 632 632 632 632 633 580 580 609 557 557 557 472 534 534 534 551 534 534 472 472 472 472 472 472 393 393 393 393 393 393 393 423 423 410 410 374 367 367 367 367 345 345 332 332 270 270 271 271 312 193 193 193 193 273 235 256 235 235 234 142 142 142 206 142 152 152 152 152 167 142 134 134 134 134 125 78 109 78 78 78 78 78 40 40 40 40 41 41 13 13 13 
953 953 953 953 953 953 953 750 750 750 750 844 844 844 844 845 845 845 855 855 845 845 761 761 761 800 800 800 800 767 767 783 767 767 761 734 743 743 734 718 718 710 632 632 697 632 676 632 632 632 617 617 617 617 557 557 557 557 557 557 472 534 534 534 551 472 472 472 512 512 472 472 472 393 393 466 410 410 410 410 410 410 410 410 374 367 380 380 345 345 332 332 332 338 270 271 271 271 271 271 288 193 273 235 202 202 202 234 142 142 142 142 142 152 152 152 152 167 142 142 142 142 125 125 78 78 78 40 40 40 40 40 38 38 38 38 42 13 13 13 
953 953 750 750 750 750 750 750 750 750 750 844 844 879 879 845 845 845 845 845 845 761 761 761 761 761 761 812 800 800 767 767 767 761 761 734 734 734 734 718 718 710 677 677 677 632 676 632 632 632 617 617 617 617 557 610 610 557 557 589 472 472 472 472 551 472 472 472 487 487 472 472 472 472 472 410 410 411 410 410 432 410 410 410 374 367 380 380 345 357 332 332 332 338 270 271 271 271 288 288 288 193 193 235 202 250 202 234 142 142 202 202 202 152 152 152 152 152 152 152 142 142 125 125 78 78 102 40 79 79 40 40 38 38 38 38 38 38 13 13 
953 953 750 750 750 960 750 750 750 750 750 844 844 879 879 879 879 879 856 856 856 761 761 761 823 823 761 761 761 761 761 761 761 761 749 749 749 677 677 677 677 710 677 678 677 632 632 632 632 632 632 617 617 617 557 557 557 557 557 557 557 472 472 472 472 472 487 487 487 487 487 472 472 472 472 410 457 411 424 424 424 424 374 374 374 367 380 380 345 357 357 357 332 332 270 271 271 271 270 270 270 270 193 235 250 250 202 202 202 202 202 186 186 186 186 152 152 152 116 116 116 125 125 125 78 78 102 79 79 79 79 24 24 38 38 24 24 24 24 14 
953 953 975 975 750 750 750 750 750 750 750 904 904 904 891 891 891 856 856 861 856 757 837 761 761 761 761 757 757 773 773 773 773 749 749 677 677 677 704 704 677 677 677 678 677 677 677 632 632 632 632 617 617 617 557 557 557 557 557 590 487 487 487 556 487 487 487 485 485 485 485 485 485 467 467 467 411 411 411 411 411 374 374 402 367 367 345 345 345 345 357 357 332 332 270 270 270 270 270 297 193 193 193 235 235 235 235 235 186 186 186 186 186 186 116 116 116 168 116 116 116 125 135 125 102 102 102 79 14 14 14 24 24 24 24 24 25 25 25 14 
953 953 975 911 911 911 911 750 750 934 750 750 750 750 891 891 891 856 856 856 856 757 837 761 761 757 757 757 757 773 773 773 773 749 749 677 677 677 704 704 704 704 704 678 678 678 678 659 659 659 617 617 557 557 557 611 611 557 557 590 487 572 487 487 487 485 485 485 486 486 503 486 486 467 468 468 411 450 411 437 411 374 414 402 402 345 345 345 345 345 345 345 332 332 332 281 270 270 270 297 193 193 193 222 222 251 235 235 186 186 186 207 116 116 116 160 116 116 116 116 125 125 135 125 102 102 102 79 14 14 14 14 14 14 14 14 25 25 26 14 
953 953 911 911 911 911 911 911 911 911 911 911 750 750 891 857 857 857 857 856 856 757 757 757 757 757 757 757 757 773 773 773 773 749 749 757 750 677 704 719 704 704 689 689 678 678 679 659 617 617 617 648 557 557 557 557 557 557 590 590 487 487 487 487 487 485 485 485 486 486 486 486 467 467 468 469 411 411 411 411 411 374 414 402 402 345 345 345 345 345 345 345 345 332 332 281 270 270 270 193 193 222 222 222 222 222 222 236 186 186 186 207 116 194 160 160 160 160 160 116 125 125 125 125 79 110 79 79 92 14 14 14 14 14 53 14 14 14 14 14 
984 984 911 911 961 961 926 926 926 926 926 911 750 750 891 857 857 857 857 862 833 833 833 833 757 757 757 757 757 773 773 773 757 757 757 757 750 677 704 719 719 689 689 689 689 689 659 659 617 617 617 617 617 624 624 617 557 557 590 590 487 487 487 487 487 485 485 485 486 486 486 467 467 479 469 469 411 411 443 411 411 374 411 411 388 388 388 360 360 360 360 324 324 324 324 281 281 289 289 289 289 207 207 252 252 252 222 222 222 222 207 207 116 194 160 160 160 116 116 116 15 15 15 15 79 79 79 92 92 14 14 14 14 14 43 43 43 14 14 15 
984 911 911 911 961 961 926 926 923 923 923 911 911 750 750 750 857 857 857 862 833 833 833 757 757 757 757 757 784 784 784 784 757 757 762 750 750 677 704 720 720 689 689 689 689 689 659 669 669 617 617 649 617 617 617 617 557 557 557 557 557 557 557 557 487 543 530 530 467 467 504 467 425 425 469 411 411 411 411 411 411 411 411 388 388 394 360 360 368 368 361 324 325 325 324 324 281 289 289 289 289 207 207 242 242 242 242 222 222 207 207 116 116 194 160 160 170 116 116 116 116 116 116 15 15 92 92 92 14 14 14 14 14 14 43 43 43 15 15 15 
984 911 976 976 961 961 923 923 923 935 923 923 905 905 899 750 750 750 857 857 857 833 833 757 829 757 757 757 784 784 784 784 757 757 750 750 677 677 704 698 698 698 689 689 698 659 659 669 669 619 619 649 617 617 625 618 573 573 573 557 557 558 558 558 487 487 530 530 467 467 467 467 425 425 425 411 411 411 411 411 433 425 388 388 394 394 360 360 324 324 361 324 324 325 325 325 281 281 281 281 281 281 207 242 242 242 207 207 207 207 214 116 116 116 161 161 161 161 161 116 116 116 116 126 15 15 92 92 14 14 14 75 14 14 43 43 43 15 27 16 
911 911 976 976 911 911 923 923 923 858 858 858 905 899 899 750 750 750 750 857 857 757 757 757 829 757 757 801 801 801 784 784 757 757 750 750 677 704 704 698 698 698 698 698 698 659 659 619 619 619 619 618 618 618 618 618 573 573 573 573 573 558 558 552 552 487 530 530 467 467 467 467 425 425 425 425 458 425 425 425 425 425 388 388 388 395 324 324 324 324 324 324 324 333 318 318 318 228 228 290 290 207 207 242 242 242 207 207 207 207 214 116 203 116 161 161 161 60 60 116 116 116 136 116 116 15 15 15 15 15 15 15 15 15 15 15 15 15 27 16 
911 985 911 911 911 911 858 858 858 858 924 858 858 899 880 880 880 880 750 750 750 757 757 757 829 757 757 757 757 789 789 757 757 757 750 750 677 704 704 698 698 699 699 699 699 690 659 619 670 619 619 618 618 618 618 619 573 573 573 591 573 573 558 552 487 487 535 467 467 467 505 467 425 425 451 425 425 425 425 425 426 426 415 388 388 395 324 369 369 369 324 324 324 333 318 318 318 228 228 290 290 207 257 242 242 253 207 207 226 207 214 116 116 116 161 161 171 60 60 116 116 116 116 116 60 60 97 97 59 59 59 59 59 59 15 15 27 27 27 16 
911 985 911 911 911 858 858 927 927 927 924 924 858 899 880 880 880 880 858 858 750 750 830 757 757 757 803 757 757 789 757 757 757 757 750 750 677 698 698 698 698 699 690 690 690 690 659 619 619 619 619 619 619 619 619 619 573 573 573 591 573 573 558 552 487 487 487 467 467 467 467 467 425 425 451 451 425 425 425 425 415 415 415 388 395 395 324 324 369 369 324 324 324 333 333 228 228 228 228 298 207 207 257 257 226 226 226 226 226 207 214 208 116 116 116 116 60 60 60 60 60 116 116 60 60 60 60 59 59 59 59 59 67 27 27 27 27 27 27 16 
911 911 911 968 968 858 954 927 927 927 858 858 858 899 880 880 858 858 858 858 750 750 830 757 757 803 803 757 757 757 757 750 750 750 750 750 677 698 698 698 698 699 690 690 634 634 659 619 619 619 619 619 619 634 619 619 558 558 558 558 558 558 558 552 552 544 487 522 522 467 467 497 473 473 473 451 425 425 425 425 415 427 416 388 388 388 388 324 324 324 324 324 324 319 319 228 228 228 228 298 207 207 207 257 257 227 227 227 227 207 214 208 116 116 116 116 60 60 60 60 60 137 137 60 60 111 60 59 59 59 67 67 67 27 27 27 27 27 16 16 
911 911 968 968 947 858 954 927 927 927 858 858 893 893 893 893 858 881 868 858 750 846 830 830 830 803 803 803 803 750 750 750 750 750 677 677 677 698 698 721 721 680 680 690 634 634 634 619 619 619 653 634 634 634 601 601 558 558 558 558 558 558 544 544 544 544 487 522 522 497 497 497 473 473 451 451 459 425 425 415 415 416 416 388 388 388 388 324 324 319 319 319 319 319 319 326 228 228 303 207 207 207 207 207 207 227 227 207 207 207 214 209 195 195 116 116 116 60 60 60 60 60 60 60 60 111 60 60 86 86 67 68 68 28 28 28 27 27 16 16 
968 968 968 947 947 947 947 947 927 927 927 858 893 893 858 858 858 858 868 858 750 750 750 750 750 750 750 750 750 750 750 774 774 677 677 677 677 735 735 721 721 680 680 690 634 634 634 634 619 619 634 634 635 635 601 601 558 558 558 558 558 558 544 544 544 487 487 523 523 497 497 487 487 473 451 451 459 451 415 415 416 416 417 388 388 388 388 319 319 319 319 319 334 334 319 319 319 228 228 207 291 207 207 207 207 227 227 207 207 207 209 209 195 195 116 116 116 60 153 60 60 143 117 117 117 60 60 60 67 67 67 68 68 28 28 28 16 16 16 16 
968 981 981 947 947 947 948 948 927 927 927 858 858 858 858 858 858 858 868 858 858 750 750 834 750 750 813 813 750 750 750 774 775 677 677 677 735 735 736 726 680 680 680 680 680 634 634 634 634 634 634 634 634 601 601 601 558 558 574 558 558 574 544 544 544 487 536 513 513 513 487 487 473 473 474 451 451 451 415 415 415 370 370 370 403 375 375 319 319 319 319 319 319 334 334 313 313 313 228 207 291 207 207 207 207 227 227 207 207 207 209 209 187 187 187 60 60 60 153 153 138 138 138 60 60 60 98 67 67 67 67 69 69 28 28 28 16 16 16 17 
968 981 977 977 947 947 948 949 927 927 859 859 859 859 859 859 892 882 859 859 859 813 813 834 813 813 813 774 774 774 790 774 775 677 677 677 735 726 726 726 680 680 701 701 680 691 634 634 634 634 634 634 634 601 620 601 601 601 574 574 574 574 531 531 544 487 487 513 513 487 487 473 473 470 470 470 451 451 396 396 415 370 370 403 403 375 375 319 319 370 319 319 319 313 313 313 313 313 228 207 207 207 207 207 207 207 207 207 223 223 209 209 187 187 188 60 60 60 60 154 138 138 60 60 98 98 98 67 67 67 67 16 16 16 16 28 16 16 16 16 
968 968 977 968 947 947 948 927 927 927 859 859 882 859 859 859 882 882 859 863 813 813 813 813 813 814 814 774 774 774 774 774 735 735 735 735 735 726 726 711 711 680 680 680 680 680 680 634 634 634 634 634 634 601 620 620 601 601 582 582 574 574 531 531 531 531 487 487 487 487 506 473 473 470 470 470 396 396 396 396 415 415 370 403 403 375 375 319 319 370 346 346 346 313 313 313 313 313 228 228 258 258 258 258 258 228 228 187 187 187 209 187 187 187 162 162 60 60 60 60 60 60 60 127 98 98 98 98 67 67 16 16 16 16 16 28 28 28 28 16 
986 968 977 968 947 947 948 927 927 927 927 859 882 882 882 882 882 859 859 863 813 813 813 813 813 814 814 814 774 735 735 735 735 735 735 735 751 711 711 711 711 711 680 680 680 680 681 634 634 660 638 638 638 601 626 602 602 602 582 582 582 531 531 559 531 531 507 507 487 487 487 488 473 473 475 444 444 444 444 396 415 415 370 404 404 375 375 375 375 370 346 347 347 313 313 313 259 259 304 228 228 228 228 264 228 228 228 187 187 187 187 187 162 162 162 162 60 60 60 60 60 60 60 60 60 60 60 67 67 67 16 16 16 16 16 16 16 16 16 16 
986 968 968 968 969 913 913 913 927 927 927 859 859 859 859 859 859 859 859 863 813 813 813 813 831 824 814 814 774 735 735 735 735 735 752 752 711 711 737 711 711 711 680 680 680 680 680 634 634 660 638 638 626 626 626 602 602 602 582 582 582 531 531 531 531 545 507 507 487 487 487 488 488 473 475 444 444 444 445 396 396 396 370 370 370 370 370 370 370 370 346 347 339 339 259 259 259 259 259 259 228 228 228 228 228 254 228 228 162 162 162 162 162 162 162 162 162 162 162 48 48 60 60 60 60 60 60 67 67 80 80 16 16 16 48 48 18 18 18 18 
986 986 962 962 969 913 913 913 936 936 912 912 912 906 864 864 859 859 859 863 813 813 813 813 824 824 814 814 774 791 791 752 752 752 752 752 711 711 711 711 592 592 592 680 680 680 680 626 626 626 626 626 626 592 592 592 592 602 582 582 568 568 568 531 531 531 531 507 507 507 507 488 488 460 460 444 444 444 445 396 396 396 418 370 370 396 259 259 376 346 346 347 339 339 259 259 259 259 259 259 259 259 274 265 237 237 237 228 162 162 162 162 162 162 177 177 162 162 48 48 48 144 48 48 118 60 60 60 60 60 60 60 60 60 48 49 18 18 18 19 
987 987 962 962 962 962 913 913 906 906 912 912 906 906 864 864 883 883 813 813 813 813 813 813 824 774 774 815 774 791 791 752 752 752 752 752 752 711 711 711 592 592 592 592 592 592 592 626 626 626 626 626 626 592 603 603 592 592 592 592 568 568 568 531 531 531 531 531 460 460 508 488 488 460 460 460 460 434 434 396 396 396 396 396 396 396 259 259 259 346 346 346 339 339 259 259 314 314 259 259 259 259 265 265 237 237 237 228 228 162 162 162 162 162 177 162 162 162 48 48 48 144 48 48 48 48 48 60 60 60 60 70 70 48 48 49 18 18 18 18 
962 962 962 962 963 963 913 913 913 906 906 906 906 864 864 864 864 864 813 813 813 838 838 813 774 774 774 815 774 791 791 752 752 752 752 752 752 711 738 711 711 592 592 592 592 592 592 626 626 592 592 592 592 592 603 603 603 603 575 575 575 575 560 560 546 546 460 460 460 460 460 460 460 460 476 460 460 434 434 434 434 405 405 396 396 259 259 381 259 259 259 346 339 339 259 259 314 259 259 259 259 259 265 265 237 237 243 237 162 162 162 162 162 162 162 162 48 48 48 48 48 144 48 99 99 99 48 48 48 48 48 70 48 48 49 49 18 18 18 18 
962 962 962 962 963 963 913 913 913 913 913 913 913 864 864 864 864 864 864 864 813 813 813 813 774 774 774 774 774 792 792 752 752 752 752 752 752 711 711 711 711 592 592 592 592 592 592 592 592 592 650 650 592 592 621 621 603 603 575 575 575 575 560 560 546 546 460 460 460 460 460 460 460 460 460 460 460 434 434 434 434 405 405 405 405 259 259 259 259 259 259 259 259 259 259 259 259 259 305 259 259 259 259 259 259 237 237 237 162 162 162 178 178 178 178 178 48 48 48 48 48 48 48 99 99 99 99 99 48 48 48 48 48 61 49 49 18 18 18 18 
