966 966 934 934 934 934 934 860 860 919 860 860 860 881 881 874 874 794 794 794 794 794 794 794 804 804 804 804 794 462 462 462 462 462 462 732 732 661 661 661 661 661 661 661 661 661 661 661 661 650 548 548 548 548 548 548 548 548 548 548 570 548 548 552 542 542 494 494 494 494 494 481 481 481 481 436 436 435 435 435 359 359 359 359 359 359 359 359 359 359 341 341 341 277 277 277 283 283 283 283 283 216 216 216 216 216 216 216 216 216 216 156 156 156 156 177 177 156 156 156 121 121 121 121 121 121 90 90 90 90 84 51 51 62 1 1 1 1 1 1 
966 966 934 955 860 860 860 860 860 860 860 906 860 881 881 874 874 794 794 794 794 794 795 794 794 794 805 805 794 462 462 462 733 733 462 462 732 661 661 661 651 651 651 651 651 651 651 651 651 650 548 636 548 548 548 610 548 548 585 548 548 548 548 548 542 542 494 494 494 494 494 481 481 481 482 436 436 435 435 435 359 359 359 359 359 359 359 359 359 359 341 341 341 277 277 277 277 277 299 216 216 216 272 216 216 216 216 223 223 223 217 156 156 156 156 156 156 156 163 121 121 90 90 90 90 90 90 90 90 84 84 51 51 62 1 1 1 1 1 1 
934 934 934 955 860 860 860 860 860 860 860 860 860 881 881 881 874 794 794 794 794 794 795 795 795 794 794 794 794 462 462 462 733 733 755 462 732 732 661 661 651 651 651 651 651 462 462 462 651 651 548 548 548 586 586 586 586 590 535 535 535 535 535 548 548 535 535 535 494 494 494 494 494 462 462 462 436 436 435 435 399 399 378 378 359 359 359 359 359 359 341 341 341 277 277 277 277 277 299 216 216 272 272 216 216 217 217 223 217 217 217 156 156 156 156 156 156 169 157 157 149 90 90 90 90 108 108 84 84 84 84 51 51 62 51 1 1 1 1 1 
934 943 943 955 860 860 860 860 860 860 860 860 860 860 886 874 874 794 855 855 794 816 816 816 795 795 795 795 795 462 462 462 733 733 755 462 462 661 661 661 651 651 462 462 462 462 675 462 651 651 629 629 586 586 586 586 586 535 535 535 535 535 535 535 535 535 462 462 462 462 462 462 462 462 483 462 462 436 436 436 399 378 378 378 378 378 378 366 366 313 313 341 341 277 330 277 277 277 277 277 216 216 216 216 216 217 217 217 217 127 127 127 127 127 156 156 156 169 157 157 149 90 90 127 127 108 109 84 84 84 84 51 51 51 51 42 2 2 2 2 
934 943 943 943 860 860 935 860 907 907 860 860 901 860 860 874 874 794 794 794 794 816 816 816 816 816 796 796 796 462 462 462 733 733 733 733 462 661 661 661 462 462 462 462 676 676 462 462 629 629 629 629 586 586 586 600 600 535 535 535 535 535 553 553 535 535 462 462 462 519 462 462 454 454 454 454 454 454 399 399 399 378 378 378 388 388 379 366 366 313 313 313 313 277 277 277 277 277 277 277 241 241 241 241 216 216 224 224 224 127 127 198 198 127 127 156 156 149 149 149 149 90 127 127 108 108 109 84 84 84 84 51 51 42 42 42 2 2 3 3 
934 934 934 943 943 860 860 860 907 907 907 907 856 856 860 860 860 860 860 856 809 809 809 816 816 817 796 796 462 462 462 462 733 756 756 733 462 462 462 462 462 462 462 462 462 676 462 462 629 629 629 629 629 601 586 586 586 586 535 535 535 535 462 462 462 462 462 495 495 495 495 454 454 454 454 443 443 399 399 405 405 405 405 405 379 379 379 366 366 313 313 313 313 331 331 277 277 277 277 277 241 241 241 241 258 216 216 216 224 224 127 198 198 198 127 156 156 149 149 149 127 127 127 132 108 109 109 84 84 84 84 51 51 42 42 42 2 2 3 3 
934 934 934 956 943 860 860 856 856 907 907 856 856 856 856 856 856 856 856 856 809 809 809 816 816 809 809 796 462 462 462 774 733 756 756 733 740 733 688 688 688 688 462 462 462 676 462 462 629 629 629 629 629 601 601 601 601 586 586 535 535 565 462 462 462 462 462 495 495 495 495 454 454 454 454 443 443 399 399 399 399 417 405 405 379 379 379 350 350 350 355 313 313 313 332 312 312 277 295 295 241 241 241 241 258 250 250 216 216 216 127 208 198 198 127 127 127 149 149 149 127 108 108 108 108 67 67 67 67 67 67 51 51 2 2 2 2 28 3 3 
934 934 934 956 943 943 856 856 856 856 856 856 887 887 887 856 856 856 861 809 809 809 809 809 809 809 810 796 462 462 733 733 733 756 756 733 733 733 688 704 704 688 688 688 688 676 462 462 462 462 462 462 462 462 462 462 462 462 462 462 462 462 561 462 462 462 462 495 495 495 495 507 454 454 454 443 443 443 443 399 399 417 399 399 399 389 379 350 350 350 350 313 313 313 313 320 277 277 241 241 241 241 241 250 250 250 240 240 216 216 127 208 208 170 170 182 127 127 127 127 127 108 108 108 108 67 91 91 91 91 67 67 67 2 2 2 3 3 3 4 
967 967 936 936 936 944 856 856 920 920 856 856 887 856 856 856 856 856 856 809 809 809 733 733 733 733 810 796 462 462 733 733 733 741 741 747 733 733 688 688 704 704 704 637 637 676 676 637 637 637 637 637 554 554 554 554 554 554 554 462 462 462 462 462 495 495 495 495 495 495 495 463 463 463 484 443 443 443 399 399 417 417 399 367 367 389 379 350 350 356 350 350 313 313 313 313 277 277 241 241 284 241 241 241 250 250 241 241 216 216 127 127 170 170 170 170 178 150 150 136 136 136 108 108 108 67 91 91 91 91 67 67 67 2 2 2 2 2 2 2 
967 967 936 936 936 936 936 856 856 921 856 856 887 856 856 856 856 864 856 856 809 809 733 733 733 733 733 796 462 462 733 733 733 741 741 741 637 637 688 688 715 637 637 637 637 677 677 637 652 652 554 554 554 554 554 602 602 554 554 577 554 554 554 554 495 495 495 495 495 495 495 495 495 463 484 443 443 443 399 399 399 399 399 367 367 350 379 350 350 356 356 336 336 313 313 313 313 277 300 241 241 241 241 241 254 254 241 127 127 216 127 127 170 193 193 170 178 150 150 136 136 136 136 108 108 67 67 67 67 67 67 68 68 2 2 2 2 2 2 2 
936 936 936 936 936 936 936 856 856 856 856 887 887 856 856 856 856 856 856 856 809 809 809 733 733 733 733 796 796 775 775 775 733 741 741 741 741 637 637 637 637 637 637 698 637 677 677 637 652 554 554 554 630 554 554 554 554 554 554 554 554 554 554 554 508 508 508 508 508 508 495 495 496 463 463 463 463 455 444 399 399 418 367 367 367 350 350 350 350 285 285 336 336 336 313 313 313 277 277 296 241 241 241 241 241 241 241 127 127 127 127 170 170 193 170 170 178 170 150 136 136 145 108 108 128 67 67 97 97 67 67 68 68 2 52 2 2 2 2 2 
936 936 936 936 936 936 936 856 856 856 856 856 856 882 882 882 839 839 809 809 809 809 809 733 796 796 796 796 796 775 781 733 733 760 741 741 726 726 637 637 637 637 637 698 637 678 678 637 652 554 587 554 554 554 617 554 554 554 554 554 554 554 554 554 508 508 508 526 526 508 508 508 455 455 464 464 464 455 444 367 367 367 367 406 367 390 367 367 367 285 285 342 342 285 285 285 285 277 277 296 259 259 241 241 259 127 127 127 233 193 193 170 170 193 170 183 170 170 150 150 150 108 108 110 110 110 110 97 68 68 68 68 68 2 2 2 2 2 2 2 
936 936 936 936 952 945 845 845 845 845 856 856 856 882 882 882 839 839 809 809 809 809 733 733 796 796 796 796 796 775 781 733 733 760 741 741 726 726 726 668 668 689 689 689 637 637 637 637 554 554 587 554 554 624 554 554 591 591 554 554 554 555 555 555 508 508 508 526 526 455 455 455 455 455 455 455 455 455 444 367 367 367 411 314 367 367 367 285 285 285 285 342 342 285 285 285 285 277 277 259 259 259 259 259 259 127 233 233 233 193 193 209 209 193 170 170 170 108 108 108 108 108 110 110 97 97 97 97 68 68 68 53 53 53 43 43 29 29 2 2 
936 957 957 957 945 945 845 845 925 845 856 845 845 893 839 839 839 839 839 839 733 733 733 782 782 782 782 796 796 775 775 775 733 733 741 726 726 668 668 668 668 689 689 689 689 668 668 668 554 653 587 624 624 624 554 554 554 554 554 508 508 555 555 508 508 508 508 526 526 456 456 456 456 456 456 456 456 456 444 367 367 367 314 314 367 367 285 285 285 285 285 285 285 285 285 285 285 277 277 259 259 259 259 259 259 127 193 193 193 193 193 193 193 193 184 184 108 108 97 97 97 97 110 110 97 97 97 74 74 68 68 53 53 53 43 43 21 21 21 5 
936 936 961 945 945 937 937 845 845 845 845 845 845 845 839 839 839 839 839 839 733 733 733 782 782 782 782 782 782 790 775 775 733 733 741 726 726 668 668 721 668 689 689 668 668 668 679 554 554 653 587 587 587 592 592 592 592 592 508 508 508 508 555 508 508 508 508 526 456 456 456 456 497 444 444 444 444 444 444 367 367 367 314 407 314 314 285 285 285 285 285 285 285 337 285 285 285 277 277 277 277 277 259 259 127 127 193 193 193 193 193 193 210 184 184 184 108 108 97 97 97 97 97 97 97 111 111 74 74 74 74 74 53 53 43 43 21 21 5 5 
936 936 961 945 945 937 845 845 845 865 865 865 865 845 845 845 845 839 839 844 844 839 733 782 782 782 782 782 782 790 775 776 733 733 741 726 726 734 668 721 668 668 668 668 668 668 679 554 618 618 618 618 587 592 603 603 603 508 508 578 571 508 555 555 508 508 508 526 456 456 456 488 488 444 444 474 444 444 444 367 367 367 314 314 314 314 314 368 368 285 285 314 314 337 314 314 285 285 301 277 277 127 127 127 127 251 251 210 210 193 210 210 210 184 184 184 108 108 164 97 97 133 133 97 97 111 111 74 74 21 21 21 53 53 53 21 21 21 5 5 
936 936 961 937 937 937 845 845 845 845 914 865 865 865 865 875 845 839 839 839 839 839 733 733 782 782 782 782 782 782 782 733 733 733 741 726 726 726 668 668 710 710 554 554 690 679 679 554 618 618 618 618 587 592 508 508 508 508 508 508 571 508 508 508 508 508 508 508 488 488 488 488 488 488 444 444 444 437 437 437 314 314 314 314 314 314 314 368 314 314 314 314 314 314 314 314 314 285 285 285 285 127 127 127 225 225 225 210 210 210 210 211 211 199 98 98 98 98 98 97 97 133 133 97 97 98 98 98 98 21 85 21 21 21 54 21 37 5 5 5 
937 937 961 937 937 946 926 926 926 845 914 865 865 865 865 875 845 845 845 839 839 824 824 733 782 782 782 782 782 783 783 733 733 733 741 726 726 726 668 668 710 711 554 554 554 679 554 554 618 618 618 618 587 587 508 508 593 593 508 508 508 508 508 508 508 508 508 508 488 513 513 475 475 475 475 475 437 437 437 437 314 412 412 314 314 314 314 314 314 314 314 321 321 321 321 321 285 285 285 297 127 127 127 127 225 225 225 210 210 210 210 199 199 199 98 98 98 171 98 98 133 133 133 133 98 98 98 98 99 21 85 75 21 21 21 21 5 5 5 5 
937 937 937 937 937 946 926 926 845 845 914 908 894 894 865 875 875 865 845 845 845 824 824 733 733 733 782 733 733 733 733 733 741 741 741 726 726 668 668 710 710 554 554 691 554 679 554 669 618 618 618 618 618 587 587 508 508 508 508 572 572 437 437 556 508 508 508 437 437 437 437 475 475 475 437 437 437 457 437 437 314 314 314 314 314 314 369 369 369 343 343 321 321 321 285 285 285 306 285 285 127 127 266 266 225 242 242 242 210 210 199 199 199 199 98 171 171 171 98 98 133 98 98 98 98 98 98 98 99 21 75 75 21 21 21 5 5 30 5 5 
937 953 953 953 953 946 926 926 845 845 845 908 894 894 865 865 865 865 797 797 797 824 824 824 824 733 782 733 733 733 741 741 741 742 742 742 742 668 554 554 554 554 691 691 554 554 554 669 638 638 638 638 618 625 587 611 508 508 508 572 572 437 437 437 508 508 508 437 437 437 437 437 498 489 437 437 457 457 431 431 431 314 314 314 314 314 314 370 370 343 343 321 321 321 285 285 285 285 285 285 286 127 266 266 225 225 225 225 225 225 199 199 98 98 98 171 172 172 98 98 98 98 137 113 113 98 112 98 99 21 75 21 21 7 7 5 5 5 5 5 
937 937 937 937 954 910 910 922 922 922 866 866 866 866 866 866 866 866 797 797 797 797 797 797 825 733 733 733 733 733 735 735 735 742 735 735 735 668 668 668 668 712 691 691 691 638 638 638 638 437 437 437 618 618 587 587 508 508 508 573 573 437 562 437 437 437 437 437 437 437 437 437 498 489 437 437 457 457 431 419 419 314 314 314 314 314 314 370 370 343 343 343 343 315 315 315 315 127 127 127 127 127 260 260 260 225 225 234 225 225 98 98 98 98 98 171 172 151 151 151 151 113 113 113 113 98 98 98 99 21 21 21 7 7 7 7 7 22 22 6 
937 937 962 937 910 910 910 922 910 910 866 909 866 866 866 846 846 846 846 846 846 797 797 797 825 733 733 791 791 791 735 735 735 742 735 735 735 735 668 668 668 699 699 699 638 638 644 644 644 644 644 437 437 618 618 587 587 587 437 437 437 437 536 536 536 536 536 536 520 520 437 489 489 489 437 419 419 419 431 419 419 419 278 278 278 278 278 278 278 343 278 278 278 315 315 315 315 127 127 127 127 127 260 243 243 243 243 234 234 98 98 98 98 200 171 171 151 151 165 113 113 113 113 113 113 98 98 55 55 55 76 76 7 7 7 7 7 22 22 6 
937 937 962 937 910 910 910 910 910 910 866 909 866 866 866 846 846 830 830 830 797 797 797 797 825 733 733 791 791 791 735 735 735 735 735 735 699 699 699 699 699 699 699 699 638 638 638 662 662 437 437 437 437 619 604 604 604 587 437 437 566 566 536 536 536 536 536 536 520 521 437 437 437 437 437 419 419 419 419 419 420 420 278 278 278 391 375 375 278 343 278 344 278 278 315 315 315 127 127 127 127 127 127 243 243 243 243 243 98 98 98 98 98 98 171 171 151 151 151 113 152 114 114 114 113 113 113 55 55 55 55 7 7 7 7 7 7 6 6 6 
970 962 962 937 937 910 910 910 910 910 866 866 866 866 846 846 846 830 830 830 797 797 797 797 797 806 806 806 764 764 764 764 764 748 748 748 699 699 722 722 713 713 699 699 638 638 638 662 662 437 437 437 619 619 604 604 604 587 587 437 566 566 536 536 536 536 527 527 520 521 490 490 490 490 419 419 419 419 420 420 420 421 278 375 375 375 375 376 278 278 278 344 344 278 322 322 315 278 278 127 127 278 127 127 127 127 244 244 98 98 98 98 98 98 151 151 151 151 151 113 113 114 114 114 114 114 114 55 55 55 55 7 7 7 7 7 7 7 23 7 
970 962 937 937 937 910 910 910 910 910 910 910 902 866 846 846 846 830 830 830 840 840 797 797 797 806 806 806 764 784 784 748 748 748 757 699 699 699 722 722 713 713 699 699 614 638 638 663 663 437 645 639 619 619 619 437 437 588 588 437 437 437 543 543 543 543 527 527 520 490 490 490 465 465 419 419 419 419 438 438 278 278 278 375 375 375 375 376 278 278 278 278 345 278 278 278 315 278 278 278 278 278 127 127 252 127 127 127 98 98 218 98 98 98 151 151 179 151 151 158 113 113 113 114 114 114 114 55 55 55 63 63 63 63 38 38 38 7 7 7 
962 962 937 937 937 910 910 910 902 902 902 902 902 866 866 866 846 830 830 830 840 840 830 830 797 806 806 806 764 764 748 748 748 748 699 699 614 614 614 614 614 614 614 614 614 638 638 663 663 437 437 639 437 437 437 437 437 437 437 437 437 437 543 543 543 527 527 527 520 490 514 490 465 465 465 465 465 392 392 392 392 392 392 392 392 375 375 376 278 278 278 278 345 278 278 278 278 278 267 267 267 267 127 127 252 252 252 127 185 185 218 98 98 98 194 151 151 151 151 158 113 113 113 55 55 122 55 55 55 55 55 55 55 55 38 38 38 31 7 7 
962 962 962 958 846 938 938 902 902 902 902 902 902 846 846 846 846 830 830 830 830 830 830 831 797 797 797 797 797 764 748 748 748 748 699 614 614 714 714 714 714 714 692 692 692 638 638 620 620 437 437 639 437 626 437 437 605 437 437 437 437 549 549 549 549 527 527 527 527 490 490 490 465 466 466 466 466 392 392 392 392 392 392 392 392 375 375 376 345 345 345 345 345 323 323 278 278 267 267 267 267 267 267 267 127 127 127 127 185 185 185 185 201 201 185 185 151 173 151 158 69 69 55 55 55 122 55 55 92 55 55 77 69 55 55 31 31 31 8 8 
958 958 958 958 846 902 902 902 902 902 902 902 902 846 847 847 847 847 847 847 847 826 826 826 826 797 797 797 798 764 764 748 748 748 699 614 614 714 714 692 692 692 692 670 670 670 670 620 620 437 437 437 437 626 437 437 605 437 437 437 437 527 527 527 527 527 527 527 515 515 490 490 499 445 445 445 445 445 392 392 392 392 392 392 392 392 345 345 345 345 345 345 345 323 323 278 278 267 302 279 279 267 267 127 127 245 245 245 185 185 185 185 185 185 185 186 151 151 151 158 69 69 69 55 55 55 55 55 92 92 86 69 69 31 31 31 31 31 8 9 
958 958 958 958 846 902 902 902 902 902 902 911 846 846 847 847 867 867 847 847 848 826 835 764 764 797 797 797 798 764 764 765 765 699 699 749 614 714 714 692 716 692 692 670 670 670 670 620 620 620 646 612 612 626 612 612 605 527 527 437 437 527 527 527 527 527 527 527 515 515 515 445 445 445 445 445 467 445 445 392 392 324 324 324 392 392 345 345 371 345 345 345 345 323 323 323 267 267 302 279 279 279 127 127 261 245 245 245 127 127 127 212 185 185 151 151 151 151 158 158 69 69 69 55 55 55 86 86 86 86 86 69 31 31 56 31 31 31 8 8 
958 958 963 958 846 846 846 911 911 911 911 911 846 846 846 846 867 826 826 848 848 826 826 764 764 764 764 764 764 764 699 699 699 699 749 749 614 714 714 692 692 692 670 670 670 670 670 620 654 620 620 620 612 612 612 605 605 527 527 527 527 527 527 557 527 544 515 515 515 522 445 445 500 458 458 458 458 458 291 291 432 324 324 324 324 324 324 345 371 345 345 345 324 324 324 324 267 302 302 279 279 127 127 261 261 245 245 245 127 127 127 195 195 195 151 151 151 151 158 158 69 69 69 69 69 69 86 86 86 69 69 69 31 31 56 31 32 32 8 8 
971 958 958 958 927 927 846 911 846 846 846 846 846 846 846 846 826 826 826 826 826 826 826 764 764 764 764 764 764 699 699 699 699 699 699 750 614 614 614 614 692 692 670 670 670 670 620 620 654 654 620 620 620 620 620 605 606 527 579 579 527 527 527 527 527 515 515 515 528 445 445 500 500 458 458 458 458 291 291 291 291 324 324 324 400 393 324 345 345 345 324 324 324 325 325 325 267 302 302 279 279 127 127 127 127 127 245 245 127 127 127 195 195 195 195 174 174 174 124 124 69 138 138 69 69 69 86 86 86 69 69 69 70 31 31 31 32 32 8 8 
968 968 958 958 927 927 846 846 846 895 895 895 903 888 888 826 826 862 862 826 826 836 836 764 818 818 764 799 799 699 699 699 699 699 699 699 699 699 699 614 614 614 693 693 670 670 620 620 620 620 620 620 620 620 605 605 606 527 527 567 567 527 527 527 527 515 515 515 516 516 516 500 500 446 446 458 458 446 446 439 291 324 324 324 393 393 324 360 360 360 324 351 346 267 267 326 267 302 302 287 287 127 127 203 203 127 127 127 127 219 219 195 195 202 174 174 174 174 124 124 69 69 69 69 69 69 69 69 69 69 78 78 39 39 8 32 32 32 8 8 
968 927 927 927 927 927 846 846 846 846 846 895 903 888 888 826 862 862 849 849 849 836 764 764 818 818 764 764 764 764 785 699 761 761 699 699 743 699 699 717 717 614 693 693 670 684 620 620 664 620 620 620 605 605 605 605 527 527 527 567 567 545 545 545 545 545 516 516 516 446 446 446 446 446 446 446 446 446 439 439 291 393 393 393 393 394 324 324 324 324 324 346 346 267 267 267 267 302 302 287 288 188 188 203 203 203 203 246 180 180 180 180 187 187 174 174 174 124 124 124 124 69 69 69 69 123 69 69 69 87 78 78 39 8 8 32 32 32 8 8 
968 927 927 927 927 927 846 928 846 846 846 895 895 895 888 826 862 862 849 849 849 836 764 764 764 764 764 764 764 764 764 699 699 699 699 699 699 699 727 717 614 614 693 693 670 670 620 620 640 640 640 605 605 605 605 605 527 568 568 567 567 545 545 545 545 516 516 446 446 446 501 501 501 446 446 447 446 446 439 439 291 393 393 408 394 394 346 346 346 346 346 346 267 267 267 267 287 287 287 287 288 280 188 203 203 255 203 180 180 226 220 180 187 187 174 174 124 124 159 159 124 69 69 69 69 123 69 69 69 87 78 78 39 8 57 8 8 8 8 8 
927 927 927 927 927 927 846 846 846 846 846 912 888 888 888 826 876 849 849 849 836 836 819 819 819 819 764 764 764 764 764 699 699 705 699 699 699 717 717 717 614 614 693 693 693 670 527 527 640 640 640 605 631 605 605 613 527 568 568 567 567 567 516 516 516 516 539 446 446 446 446 509 446 446 446 447 447 447 447 291 291 422 393 408 394 395 346 346 346 346 346 346 267 267 267 287 287 280 280 280 280 280 188 262 262 203 203 180 235 220 220 180 187 187 187 187 124 175 100 100 124 146 69 69 69 100 100 100 100 87 87 39 39 8 8 8 10 10 10 10 
927 927 927 927 927 927 929 929 888 888 888 888 888 889 889 826 876 849 849 849 836 836 819 832 786 786 786 777 777 777 777 777 705 705 699 699 699 717 614 614 614 614 693 693 670 670 527 527 527 527 640 605 605 605 527 527 527 568 568 568 568 568 516 516 516 516 529 529 491 491 446 446 446 446 446 446 447 447 291 291 393 393 393 394 394 380 380 346 346 352 352 352 267 267 267 287 287 280 280 280 289 281 188 262 262 203 180 180 235 220 220 180 180 180 180 180 124 100 100 100 124 124 69 69 69 100 115 39 39 39 39 39 44 44 44 44 10 10 10 10 
972 927 927 927 927 927 927 927 888 888 889 889 889 889 826 826 876 849 849 857 819 819 819 832 786 786 786 777 777 777 777 777 705 705 717 717 717 717 614 614 614 693 693 693 670 670 680 670 527 527 640 640 632 527 527 580 580 580 580 580 516 516 516 516 516 516 529 491 491 491 491 491 491 446 446 446 459 459 291 291 393 291 291 394 394 380 380 346 346 352 291 291 316 316 316 316 316 280 281 281 281 281 188 262 262 203 180 180 180 180 180 180 180 181 181 180 124 100 100 100 100 124 124 124 124 100 115 39 39 39 39 39 39 39 39 45 39 10 10 10 
972 927 964 927 927 939 939 927 927 888 889 913 889 889 826 883 819 868 819 819 819 786 786 786 786 786 786 786 786 786 786 778 705 705 717 717 717 717 614 614 614 614 614 614 614 670 670 670 527 632 632 632 632 527 621 580 580 580 581 581 516 516 516 516 537 537 529 491 491 491 413 413 491 491 446 446 446 446 446 291 291 291 291 291 291 396 377 377 291 291 291 291 316 316 327 327 280 280 281 188 188 188 188 188 188 203 180 180 227 227 180 180 180 181 181 180 124 124 100 100 100 100 100 124 124 100 100 101 39 93 39 39 40 40 39 39 39 10 10 10 
972 927 927 927 939 939 939 888 888 888 889 889 896 896 826 826 819 819 819 850 850 786 820 820 820 820 811 778 778 778 778 778 705 705 705 717 717 717 723 723 695 695 700 700 614 647 647 671 527 632 632 527 527 527 621 580 580 580 581 581 516 516 537 537 537 537 529 529 529 413 413 413 413 413 446 446 446 446 446 291 291 423 291 291 291 291 377 291 291 357 357 291 291 327 327 327 280 280 280 188 290 188 188 188 188 203 203 203 203 203 203 203 203 203 181 180 180 124 100 100 100 100 100 124 124 124 100 101 39 39 39 79 40 40 39 39 40 11 11 11 
972 927 927 959 939 939 939 888 889 889 889 889 890 890 890 826 826 851 851 850 850 786 786 833 820 820 811 778 778 778 779 779 762 762 705 705 695 695 695 695 695 695 700 700 614 647 647 647 527 527 527 527 633 580 580 580 580 580 516 516 516 537 537 537 537 537 537 537 413 413 502 502 502 413 413 413 413 413 413 409 409 409 409 361 361 291 291 291 357 357 291 291 291 327 327 327 280 280 280 188 188 188 268 268 188 188 203 203 236 203 203 203 203 204 181 180 180 124 124 124 100 100 100 129 129 100 100 101 101 94 64 64 40 40 40 40 40 11 12 12 
972 927 927 959 888 888 888 888 889 889 889 889 890 890 851 851 851 851 851 851 851 800 800 833 827 811 811 778 778 778 762 762 762 705 705 705 695 695 695 718 695 695 700 700 614 614 614 647 647 655 647 641 580 580 580 580 580 580 516 537 537 537 537 537 546 546 537 538 413 413 413 492 492 492 468 468 413 413 413 424 424 424 409 409 361 361 361 361 357 357 291 298 298 298 298 298 298 188 188 188 188 188 188 188 188 188 247 247 221 221 221 188 188 204 181 181 181 124 124 124 147 147 100 100 100 100 116 94 94 94 64 64 64 11 11 11 11 11 12 12 
972 959 959 959 888 889 889 889 889 889 890 890 890 890 851 851 851 869 852 852 852 800 800 827 827 811 811 762 762 762 762 766 766 705 705 705 705 705 695 718 695 695 695 614 614 614 614 614 647 647 647 641 580 580 580 580 580 580 516 537 537 537 537 537 537 537 537 538 530 413 413 492 492 492 468 413 413 413 413 424 433 381 381 381 381 381 381 361 361 361 291 291 291 307 307 307 298 188 188 188 273 273 188 188 188 188 188 188 188 188 188 188 188 204 181 181 181 124 124 124 147 139 139 100 100 125 116 94 94 94 64 64 64 11 12 12 12 33 12 12 
959 959 965 888 888 889 889 889 889 890 890 890 890 800 800 851 851 869 852 800 800 800 800 827 800 800 800 762 762 762 787 766 766 744 744 744 744 705 695 718 695 695 695 614 614 614 665 614 647 647 641 641 580 580 614 614 516 516 516 563 563 537 537 540 540 547 540 530 530 413 413 413 503 468 468 413 413 448 448 424 424 381 381 381 381 381 382 362 362 362 291 291 291 307 307 307 298 298 298 188 188 273 273 188 188 189 189 189 213 213 213 213 188 204 181 181 181 124 124 147 147 139 139 116 116 116 116 94 94 94 64 64 64 11 12 46 12 12 12 13 
959 965 965 888 888 890 890 930 890 890 915 897 897 897 800 800 877 852 852 800 800 800 800 827 800 821 800 762 762 762 787 766 766 744 744 744 744 705 695 718 695 695 695 614 614 614 665 614 614 614 641 614 614 614 614 516 516 594 558 558 563 563 537 540 540 540 540 530 413 517 517 413 503 468 449 476 413 413 413 413 424 381 381 381 401 382 382 362 362 362 291 291 291 307 307 307 307 307 298 298 188 188 188 188 189 189 189 189 213 213 213 213 188 188 188 188 147 147 147 147 103 103 103 116 116 116 94 94 71 71 71 71 64 64 12 12 12 12 12 13 
959 965 888 888 888 890 890 890 890 897 897 897 800 800 800 800 877 852 852 800 800 800 800 800 800 821 800 800 800 762 762 762 762 762 744 744 744 705 695 718 718 614 614 614 694 614 665 665 665 614 614 614 614 614 516 516 550 550 558 558 558 563 563 540 540 540 530 530 413 413 413 413 468 468 449 449 449 449 449 413 413 413 413 382 382 382 383 362 362 362 291 291 291 307 307 307 307 291 291 291 291 189 189 189 189 189 189 248 189 189 189 189 147 147 147 147 147 147 147 147 103 140 103 134 116 116 94 102 71 71 71 65 65 65 12 12 12 24 24 13 
959 965 888 888 888 890 890 890 897 897 897 897 800 800 800 877 877 852 852 800 837 837 837 658 658 658 658 658 658 658 658 658 767 744 744 751 705 705 695 695 695 614 614 614 614 614 665 665 656 656 614 614 634 516 516 550 550 550 558 558 558 558 558 558 530 530 530 530 425 425 510 510 468 468 468 468 468 449 449 413 413 382 382 382 382 382 363 363 362 362 291 291 291 338 307 307 317 291 291 291 189 189 189 189 189 189 189 189 189 189 189 189 147 147 147 147 147 147 147 147 103 140 103 103 126 126 94 102 71 71 88 65 65 65 12 12 12 24 13 13 
959 947 947 947 947 947 890 890 897 897 897 897 800 800 800 877 878 852 852 800 837 837 658 658 658 658 658 658 801 736 736 658 767 744 744 744 705 705 705 705 695 614 614 614 614 656 656 656 656 657 614 614 614 516 595 550 550 550 550 558 558 558 558 558 530 530 530 530 425 425 425 425 425 425 469 469 469 449 449 425 425 425 382 382 382 382 363 363 363 363 291 291 291 291 333 291 291 291 189 189 189 189 189 189 189 256 228 228 228 228 222 189 189 189 189 189 147 147 147 103 103 140 140 103 103 103 103 102 102 71 71 71 65 65 13 13 41 24 13 14 
959 947 947 947 947 947 916 916 897 897 898 898 800 800 800 877 800 800 800 800 837 837 658 658 658 658 812 801 801 736 736 658 658 758 758 744 745 658 658 705 695 695 695 695 656 656 681 672 657 657 614 614 614 516 595 595 595 595 550 558 558 558 558 558 530 530 530 530 425 425 425 425 425 425 425 425 425 449 449 425 425 426 382 382 382 382 363 363 334 334 334 334 291 291 333 291 189 189 189 292 292 189 189 189 263 228 228 249 222 222 222 189 189 189 190 190 166 166 147 103 153 103 103 103 103 117 103 102 102 71 71 71 71 13 13 13 13 24 13 14 
959 960 960 960 947 947 916 916 916 916 898 898 800 800 800 800 800 870 841 841 841 841 658 658 658 658 658 801 768 768 736 736 658 658 658 744 658 658 658 705 705 705 705 695 695 672 672 672 657 635 635 614 614 516 607 595 595 595 550 550 550 550 550 550 550 530 530 425 425 478 425 425 425 425 477 477 425 460 425 425 425 425 382 382 402 334 334 334 334 358 334 334 291 291 291 291 189 189 189 189 189 189 189 189 263 228 228 222 222 166 166 189 189 189 190 190 166 166 166 103 103 103 103 103 103 117 103 103 103 13 13 13 13 13 47 47 13 13 13 14 
959 960 960 960 948 948 931 931 916 916 898 898 800 800 828 828 841 841 841 858 834 834 834 834 658 658 658 658 768 768 768 736 763 763 658 658 658 658 658 658 658 706 706 658 658 672 635 635 657 635 635 635 635 516 607 595 595 595 550 550 550 550 550 550 530 530 530 425 425 478 425 425 504 425 425 425 425 425 425 425 425 425 382 382 334 334 347 347 347 358 334 334 334 334 334 308 308 189 189 189 189 189 274 189 228 228 228 222 237 166 166 189 189 166 166 191 166 166 167 130 130 130 130 103 103 117 117 103 103 13 13 13 13 66 47 47 13 13 25 14 
959 948 948 960 948 948 931 931 916 916 916 898 898 898 828 828 841 841 841 841 841 841 834 834 828 658 813 658 768 768 768 736 736 736 736 736 736 658 658 658 658 658 658 658 658 672 672 635 657 635 635 635 516 516 607 607 607 582 582 582 550 550 550 550 530 425 425 425 425 478 425 425 425 425 425 425 425 425 425 440 414 414 414 334 334 334 334 334 347 358 358 353 309 309 308 308 308 189 189 293 293 189 189 189 228 222 222 222 237 166 166 189 189 166 166 166 166 166 130 130 130 130 130 103 103 103 58 58 58 13 13 13 13 66 58 26 26 26 14 14 
959 948 948 948 948 948 931 931 863 905 905 828 828 828 828 828 879 828 828 828 828 828 828 828 828 658 658 658 768 768 768 768 768 736 736 752 736 736 728 707 707 658 658 701 658 672 672 635 635 635 648 516 516 582 582 582 582 582 583 583 550 550 550 550 530 425 425 425 425 478 425 425 425 493 425 425 425 425 425 440 414 414 414 334 334 334 384 334 347 364 353 353 309 309 308 308 308 308 189 293 189 189 189 189 228 222 222 222 166 166 166 166 166 166 196 168 168 168 130 160 130 130 130 103 103 103 58 58 58 58 58 58 58 66 58 26 26 26 14 14 
959 948 948 948 931 931 931 863 863 905 905 828 904 828 828 828 828 828 828 828 807 807 807 807 807 807 658 658 768 768 768 768 768 752 752 752 728 728 728 707 707 707 707 658 658 672 635 635 635 648 648 516 582 582 622 415 415 596 530 530 530 530 559 559 530 425 425 425 425 478 478 478 478 478 478 478 461 461 384 384 384 384 384 410 384 384 384 334 347 347 353 353 309 309 309 309 309 309 189 293 189 189 228 228 228 228 222 222 166 166 205 205 166 166 196 168 168 168 130 130 130 130 141 103 103 103 118 58 58 80 80 80 58 58 58 26 26 26 26 14 
959 948 948 931 931 863 863 863 863 905 905 828 828 828 828 828 828 853 853 853 807 838 838 802 802 807 807 807 768 792 768 769 769 752 752 728 728 729 729 707 707 708 708 658 658 672 635 635 635 648 648 516 582 582 415 415 415 596 530 530 530 530 559 559 530 425 425 425 425 523 384 384 384 384 478 478 461 461 384 441 427 427 384 384 384 397 334 334 372 347 353 353 347 309 309 328 310 310 189 189 189 189 228 228 228 228 222 222 222 166 205 205 205 205 168 168 168 168 168 142 142 130 130 130 130 103 103 103 58 58 80 80 58 58 59 14 14 27 27 14 
959 931 931 931 863 863 863 863 863 905 905 905 828 828 828 828 828 853 853 853 853 838 838 802 802 802 802 802 768 768 768 769 769 728 728 728 702 702 702 702 702 708 708 702 658 658 658 673 666 516 516 516 415 415 415 615 415 415 530 530 530 530 559 559 530 531 531 531 531 384 384 384 384 384 384 384 384 384 384 441 427 428 384 384 397 397 334 334 334 347 347 347 347 189 310 310 310 189 189 189 189 189 228 264 264 166 166 166 166 166 205 205 205 205 168 192 168 168 168 142 142 142 142 119 119 119 119 58 58 58 81 81 14 14 14 14 14 14 14 14 
931 931 931 931 863 949 863 863 905 905 905 905 828 828 891 871 871 853 853 854 854 802 802 802 802 802 802 802 802 769 769 769 769 728 737 702 702 724 724 724 702 702 702 702 682 682 658 658 666 516 516 415 415 608 608 608 608 415 415 530 530 530 530 530 530 531 531 384 384 384 384 384 384 384 384 427 427 427 427 427 427 428 384 384 397 334 334 334 334 354 347 347 348 189 189 189 189 189 228 228 228 228 228 264 264 166 166 166 166 229 205 205 205 205 168 192 168 176 142 142 142 142 143 119 119 58 58 58 104 58 81 82 14 14 14 14 14 14 14 15 
931 931 931 863 863 949 863 863 905 923 905 905 905 871 871 871 871 871 815 815 815 802 802 802 802 802 802 769 769 769 728 728 728 728 737 702 702 702 702 725 627 627 682 682 682 682 682 658 658 516 516 415 415 608 608 608 608 415 415 560 560 530 530 530 530 479 479 384 384 384 384 384 384 427 427 427 470 450 450 442 428 428 415 397 397 334 334 373 373 354 354 354 303 303 303 311 189 189 228 228 265 265 275 166 166 166 166 229 229 229 205 206 206 206 168 168 168 176 142 161 144 144 119 119 119 58 58 58 58 58 81 81 14 60 60 14 14 16 15 15 
931 931 931 863 940 940 940 932 905 905 905 905 905 871 871 871 822 822 815 815 815 814 814 814 814 814 814 769 769 769 769 702 702 737 737 753 702 702 702 627 627 682 682 682 682 685 667 667 658 516 516 642 415 415 415 415 415 415 560 560 560 560 560 560 479 479 479 384 384 384 384 479 479 427 471 471 450 450 442 442 428 428 415 397 398 398 334 303 303 303 303 303 303 303 303 311 311 311 228 228 265 265 265 166 166 166 166 229 229 229 205 206 206 206 142 142 142 142 142 161 144 144 119 119 119 58 58 58 58 17 81 81 14 60 14 14 14 16 16 16 
931 931 931 863 940 932 932 932 917 917 917 871 871 871 822 822 822 822 815 814 814 814 814 803 803 814 814 769 769 793 769 702 702 737 759 737 737 737 702 627 719 682 682 682 682 685 667 667 658 658 516 516 627 627 415 415 597 597 560 560 560 560 415 415 479 479 479 532 532 479 479 479 479 479 471 471 450 450 442 415 415 415 415 397 398 385 385 303 303 303 303 303 303 303 303 311 311 311 228 228 228 282 265 265 166 257 230 230 230 230 205 205 206 206 142 142 142 142 161 161 144 144 144 119 119 58 58 58 58 17 17 17 14 14 14 48 17 17 17 17 
942 942 863 863 940 932 932 932 917 917 871 871 871 871 822 822 880 815 815 814 814 814 814 803 803 803 803 769 769 769 769 702 770 737 737 737 702 702 702 627 696 696 696 696 696 685 667 667 667 659 516 516 627 415 415 574 574 574 574 574 574 415 415 415 415 415 479 479 479 479 518 511 479 479 471 471 471 442 442 415 434 397 397 397 398 398 386 303 303 339 339 303 303 329 303 311 311 311 303 228 228 282 265 265 166 257 230 230 230 166 166 205 166 166 166 142 89 89 89 89 154 144 144 89 89 106 106 106 72 72 72 17 17 17 17 17 17 18 18 18 
942 942 863 863 863 863 941 917 917 917 871 871 871 871 871 822 822 815 815 815 815 815 815 803 803 803 803 803 803 769 788 702 702 702 702 702 702 702 702 627 696 696 696 685 685 685 667 667 659 659 516 516 627 415 415 415 598 574 574 415 415 415 551 551 551 415 415 415 511 511 511 511 479 479 485 471 471 442 442 415 415 397 397 397 303 303 386 303 303 303 339 339 349 329 303 303 318 303 303 228 294 265 265 269 166 166 166 166 166 166 166 166 166 166 166 142 89 89 89 89 89 89 89 89 89 72 72 72 72 95 72 72 72 17 17 18 18 18 18 18 
942 942 942 942 942 863 863 917 917 871 871 871 871 871 871 884 822 822 822 822 822 842 815 815 815 815 815 769 769 769 788 771 771 702 702 702 702 702 702 627 627 709 709 685 697 667 667 667 659 659 516 516 627 627 415 415 598 598 415 415 415 415 551 551 551 541 541 415 511 511 505 505 505 479 479 479 415 415 415 415 415 397 397 397 303 303 303 303 374 303 303 339 349 329 329 303 303 303 304 228 294 265 265 265 265 238 238 238 238 214 214 214 166 166 197 142 89 89 89 89 89 89 131 131 89 89 105 105 105 89 89 19 19 17 17 18 18 34 18 18 
942 969 942 942 942 950 863 871 871 871 899 899 899 899 871 871 822 822 863 822 822 822 822 822 829 815 815 769 769 771 771 771 738 738 754 754 627 627 627 627 627 709 685 685 686 686 627 627 627 627 627 627 627 627 415 415 415 415 415 584 569 569 551 551 551 541 541 415 524 524 505 505 505 415 415 415 415 451 451 303 303 429 397 397 303 365 365 303 303 303 303 339 339 339 329 329 303 303 304 228 228 228 228 265 265 238 238 238 214 214 207 207 207 148 148 142 142 89 89 89 89 89 131 131 131 89 89 105 105 89 89 19 19 35 35 49 18 18 18 18 
942 969 942 942 863 863 863 871 924 924 899 899 871 871 871 871 822 822 863 822 822 822 822 822 822 822 769 769 769 771 771 780 738 738 738 738 627 730 730 627 627 685 685 703 686 627 627 674 609 609 609 609 609 609 609 609 609 584 584 584 569 569 551 551 541 541 541 415 524 524 415 415 415 415 486 472 472 451 452 303 303 303 397 397 303 365 365 365 365 365 340 340 340 340 228 228 304 304 304 276 276 276 228 228 228 228 228 228 214 214 207 215 207 148 148 142 142 89 89 89 89 89 89 120 120 120 120 89 89 89 89 19 19 35 35 35 35 18 18 18 
942 942 942 942 863 933 933 871 871 871 871 871 871 892 892 863 863 872 863 822 822 843 822 822 822 769 769 780 780 780 780 780 738 738 738 738 627 627 627 627 627 685 703 703 686 627 683 674 609 609 609 609 623 623 623 584 584 584 584 575 575 486 486 486 541 541 541 415 533 415 415 506 506 486 486 472 451 451 303 303 303 303 397 397 303 365 365 365 228 228 340 228 228 228 228 228 304 228 228 276 276 276 276 228 228 228 228 228 231 231 207 215 207 148 148 142 142 148 148 148 89 89 89 120 120 120 120 89 96 96 19 19 19 35 35 35 35 35 18 18 
942 942 942 942 863 933 933 933 871 871 871 871 871 892 863 863 863 863 863 823 823 822 822 822 822 769 769 769 769 780 780 772 772 738 738 738 738 738 627 627 627 685 703 686 686 627 627 674 609 609 609 609 623 623 623 584 584 584 584 575 575 486 564 486 541 541 541 415 533 415 506 506 486 486 487 472 451 303 303 303 303 430 397 397 303 303 387 228 228 228 228 228 228 228 335 228 228 228 228 276 276 228 228 228 228 228 253 231 231 232 207 215 207 148 148 148 148 148 148 148 89 89 89 89 89 120 120 89 96 96 19 83 19 19 50 50 36 36 19 19 
942 942 863 863 863 933 933 933 871 871 871 892 892 892 863 863 873 873 823 823 823 822 822 822 822 769 769 808 769 780 780 772 773 746 746 738 738 731 731 627 627 685 685 686 686 627 627 674 609 609 609 609 609 623 623 584 584 599 486 486 486 486 486 486 541 486 486 415 415 415 486 486 486 472 472 472 473 303 453 303 303 403 403 403 403 303 387 228 270 270 228 228 228 228 335 270 270 270 228 228 228 228 270 270 228 228 231 231 239 215 215 215 207 148 148 148 148 148 148 162 107 107 107 107 89 120 120 89 19 19 19 83 73 19 19 19 36 36 19 20 
942 942 863 863 863 951 863 863 863 918 918 863 863 863 863 863 873 873 823 859 823 823 823 823 823 823 769 769 769 789 789 772 773 746 746 746 746 731 731 627 627 627 685 685 686 627 660 660 660 609 649 643 609 628 486 486 486 486 486 486 486 486 486 486 486 486 486 415 415 525 486 486 486 472 472 472 473 303 303 303 303 403 303 303 404 303 228 228 270 270 270 270 270 270 270 270 319 270 270 270 228 228 270 271 231 231 231 215 215 215 207 207 207 207 148 148 148 148 148 148 107 107 107 107 89 89 89 89 19 19 73 73 73 19 19 19 36 36 19 20 
942 942 942 942 863 863 863 900 863 863 863 863 863 863 885 885 823 823 823 823 823 823 823 823 823 823 769 769 772 772 772 772 772 746 746 746 739 739 720 720 720 627 685 685 627 627 660 660 660 609 609 643 609 486 486 616 486 486 589 486 576 486 486 486 486 486 486 486 534 486 486 512 472 472 472 472 416 416 416 416 303 303 303 303 303 303 228 270 270 270 270 270 270 270 270 270 319 270 270 270 228 228 270 271 231 231 231 215 215 207 207 207 207 207 148 148 148 148 148 148 155 107 107 135 107 107 89 89 19 19 73 61 61 61 61 19 19 19 19 20 
942 942 942 942 942 942 942 900 900 900 900 900 900 900 885 885 823 823 823 823 823 823 823 823 823 823 769 769 772 772 772 772 772 746 746 746 739 739 720 720 720 627 627 627 627 687 660 660 660 660 609 609 609 486 486 486 486 486 486 486 576 486 486 486 486 486 486 486 486 486 512 512 472 472 472 480 416 416 416 416 416 416 416 303 303 228 228 270 270 270 270 270 270 270 305 305 305 305 305 270 270 270 270 271 231 231 231 215 215 207 207 207 207 207 148 148 148 148 148 148 148 148 107 107 107 107 107 107 19 19 19 61 61 61 61 19 19 20 20 20 
