897 897 968 897 897 926 926 926 897 897 907 897 864 864 864 864 864 796 796 830 830 796 796 796 796 796 766 766 766 766 740 740 723 723 723 723 677 677 677 677 677 677 677 571 571 645 645 571 571 614 614 544 544 544 544 544 544 569 523 523 523 523 523 507 507 506 506 404 404 404 404 404 404 404 404 404 404 404 404 404 277 277 277 387 267 267 367 356 267 267 267 267 267 267 285 285 285 285 285 276 249 249 249 249 249 217 217 217 217 204 204 107 107 107 107 107 158 158 113 113 113 113 113 113 113 113 107 92 92 82 70 70 20 20 20 20 20 26 20 1 
897 897 968 897 897 926 926 926 897 897 897 897 864 864 864 864 796 796 796 796 796 796 796 796 711 711 766 766 766 766 740 740 723 723 723 723 677 677 677 678 678 678 678 571 571 571 571 571 571 571 544 544 544 544 558 558 544 569 523 523 523 523 523 507 507 506 506 404 484 404 404 461 461 404 404 388 388 388 404 404 277 277 277 267 267 356 356 356 267 267 267 267 324 267 267 267 285 285 276 276 249 260 260 249 249 217 217 217 218 204 204 107 107 107 107 107 158 158 113 113 113 134 134 113 113 107 107 92 93 82 70 20 20 21 21 21 20 26 20 1 
897 897 897 897 897 935 935 897 897 913 898 898 889 847 847 873 796 796 796 796 796 818 818 711 711 711 711 711 711 711 756 740 740 740 733 702 702 702 678 678 571 571 571 571 615 615 615 615 615 571 544 544 544 558 558 558 544 544 544 544 523 523 523 507 507 404 404 404 484 404 404 461 461 404 404 388 388 388 404 404 404 277 277 267 267 356 356 267 267 267 332 267 267 267 267 267 267 286 276 276 249 249 249 249 217 217 217 217 212 212 107 107 107 107 107 107 166 158 113 113 113 134 134 107 107 107 92 92 82 82 70 20 20 21 21 21 20 20 20 1 
897 971 897 897 897 935 897 897 913 913 898 889 889 847 847 873 847 847 847 796 796 818 818 711 711 757 757 711 711 711 711 711 711 711 733 702 702 702 678 678 571 571 571 571 615 615 615 615 615 571 544 544 558 558 558 558 558 558 558 507 507 507 524 507 507 404 404 404 462 462 462 462 368 368 443 443 388 388 404 404 404 404 277 277 267 267 267 267 267 267 332 332 267 267 267 267 267 286 286 267 267 267 217 217 217 232 232 212 212 213 107 107 107 107 107 107 166 158 113 138 138 138 107 107 92 92 92 82 82 83 70 70 20 52 21 21 33 20 20 1 
897 971 897 897 945 897 897 927 913 913 898 889 889 847 847 873 847 847 847 796 797 797 797 711 711 757 757 781 757 757 757 711 711 711 711 711 702 702 678 678 571 571 571 571 615 615 615 615 615 571 571 571 558 558 558 558 558 570 559 507 507 507 507 507 480 480 404 404 462 462 462 462 368 368 368 368 388 388 388 388 404 404 277 277 267 267 357 357 267 267 267 267 267 267 310 267 267 267 267 267 272 217 217 212 212 212 233 212 212 107 107 107 107 107 166 166 166 158 113 113 113 107 107 92 92 92 92 82 65 65 65 70 20 52 21 21 21 21 21 1 
897 897 897 897 897 897 914 914 914 914 898 796 796 847 847 847 847 848 848 796 797 797 797 711 711 757 757 757 757 741 741 711 711 711 711 711 711 678 678 678 678 571 571 571 615 615 615 638 571 571 571 571 599 545 545 545 559 559 559 507 507 533 507 480 480 480 404 492 463 463 462 462 368 368 368 368 388 388 410 388 388 388 277 277 277 351 351 351 351 277 277 277 277 267 267 267 297 277 277 277 272 217 217 212 212 212 233 212 212 107 107 107 107 107 166 158 158 158 113 113 113 107 117 92 92 92 92 82 65 84 65 20 20 21 21 21 21 27 1 1 
957 957 957 957 914 914 914 928 898 898 898 796 796 796 796 796 858 848 848 796 797 797 797 797 797 741 741 741 741 741 741 711 711 711 711 711 711 678 678 678 678 571 679 571 615 652 646 638 571 623 545 545 545 545 545 545 559 559 560 507 507 507 507 480 480 514 404 404 463 463 463 462 462 368 368 380 380 380 410 410 410 388 388 388 277 277 351 351 277 277 333 333 277 318 277 277 277 277 272 272 272 268 205 212 212 212 212 212 107 107 107 107 107 107 107 158 158 113 113 113 113 107 117 117 117 92 92 82 65 65 65 20 20 21 21 21 1 1 1 2 
957 957 957 914 914 914 898 898 898 898 898 796 796 796 796 796 858 858 796 796 797 797 797 797 797 741 767 767 741 741 741 711 711 724 724 724 678 678 678 678 678 571 679 571 615 615 646 638 571 571 545 545 545 545 545 545 560 560 560 507 525 507 507 520 480 480 480 404 404 404 463 463 463 368 368 368 368 380 380 380 380 380 380 380 380 277 343 343 277 277 277 277 277 277 277 277 277 278 278 268 268 268 205 243 243 243 212 212 107 174 174 174 107 107 107 107 158 113 113 107 107 107 118 118 118 92 82 82 94 65 65 65 65 1 1 1 1 2 2 2 
957 957 957 914 946 914 898 898 898 899 899 899 796 796 796 796 858 858 796 810 810 810 810 810 797 741 767 767 767 767 741 741 724 724 724 725 678 678 678 678 678 571 571 571 661 615 615 638 571 571 545 545 600 590 545 545 560 560 560 507 525 525 525 520 507 507 480 480 485 404 404 463 463 368 368 368 368 405 405 411 411 380 380 380 380 277 343 343 343 343 277 277 268 268 278 278 278 278 268 268 269 269 205 205 250 107 107 107 107 174 174 174 107 107 107 107 158 158 107 107 107 107 107 107 119 92 82 82 65 65 66 66 66 53 2 2 2 2 2 2 
957 969 969 914 914 914 898 898 898 899 899 900 796 796 796 796 796 796 796 810 819 819 819 811 797 741 741 741 741 741 741 741 724 724 724 703 703 703 654 654 654 571 571 653 653 653 615 638 571 571 571 571 571 590 545 545 545 545 545 507 507 507 520 520 507 507 507 480 480 480 404 404 404 368 368 368 368 368 405 411 411 381 381 381 381 277 277 277 277 277 277 334 268 268 278 278 278 278 268 268 268 205 205 205 250 107 107 107 174 174 174 174 174 174 107 173 158 158 107 151 107 107 107 107 119 92 82 82 53 53 53 53 53 53 2 2 2 2 2 2 
957 957 957 957 914 914 898 898 898 915 900 900 890 796 796 874 810 810 810 810 819 782 782 811 797 797 742 742 776 741 741 741 741 741 703 703 704 704 654 694 654 668 668 653 653 653 615 615 615 624 615 571 571 590 545 545 545 561 545 545 507 507 520 507 507 404 404 404 404 404 404 469 404 404 404 437 437 368 405 411 411 381 381 381 381 277 277 277 277 334 334 334 268 298 298 298 298 278 278 278 268 205 261 256 107 107 107 107 174 174 174 195 195 174 107 107 107 107 107 92 92 119 119 119 119 92 53 53 53 53 53 53 53 2 2 2 2 2 3 3 
977 957 957 957 898 898 898 898 898 898 900 770 890 796 796 874 810 810 810 831 819 819 782 782 797 797 742 742 742 758 703 703 703 703 703 704 704 654 654 694 654 668 668 668 631 631 631 631 615 615 615 571 571 590 545 545 545 561 561 546 507 520 520 507 516 404 404 481 481 481 404 404 404 404 404 437 368 368 405 405 405 405 382 382 382 277 277 277 277 334 334 268 268 298 298 298 298 268 268 268 268 205 205 256 107 107 107 195 174 174 174 195 174 174 180 174 154 154 154 92 92 92 128 128 92 92 53 53 53 53 53 53 53 2 2 39 2 2 3 3 
977 957 957 957 898 898 898 898 898 898 900 770 770 770 865 865 865 859 810 831 831 819 819 782 782 782 742 742 742 758 703 703 748 703 726 704 704 654 654 654 654 668 662 662 662 631 631 631 615 615 546 546 571 571 571 571 571 571 546 546 507 507 507 507 516 404 404 404 404 482 464 464 464 430 430 430 368 412 405 405 405 405 382 382 374 374 277 277 352 334 334 268 268 268 268 268 268 268 268 244 244 244 205 205 205 205 205 195 195 195 195 195 174 174 174 174 154 154 154 92 92 92 128 129 92 77 77 53 53 71 71 71 54 54 2 2 2 2 3 3 
977 898 898 898 898 898 898 898 898 898 900 891 891 770 865 770 770 859 810 810 832 798 798 782 782 782 742 742 777 758 758 703 748 703 726 726 712 654 654 654 668 668 662 662 662 631 631 631 615 615 546 546 546 546 571 571 546 546 546 547 516 516 526 516 516 404 404 404 404 482 464 464 464 430 449 430 368 412 412 412 412 368 368 368 374 374 325 325 325 325 335 335 268 268 268 268 268 268 268 244 244 244 244 244 244 244 205 227 205 205 196 196 181 181 174 174 92 92 92 92 92 139 128 129 92 77 77 53 53 71 71 71 54 54 2 2 2 2 2 2 
977 898 898 898 947 898 898 898 920 898 898 891 891 770 770 770 770 859 810 810 798 798 798 782 782 782 742 742 777 759 759 703 703 703 712 712 712 654 654 654 668 668 662 662 663 631 631 631 631 546 546 546 546 546 546 546 546 516 516 516 516 516 516 516 493 493 493 493 404 482 464 464 464 430 430 430 368 368 368 368 368 368 400 368 368 368 325 325 353 325 325 325 325 291 291 291 291 268 268 279 244 244 251 251 251 205 205 227 205 205 196 181 181 181 181 92 92 159 146 146 92 139 128 92 92 77 77 77 77 85 71 71 2 2 2 2 2 2 2 2 
977 898 958 958 898 898 929 898 898 898 898 901 880 880 880 770 770 859 810 810 798 798 798 798 798 782 742 742 742 759 759 742 742 742 712 712 697 697 697 654 654 668 680 654 654 654 546 546 546 546 591 591 591 573 573 573 573 516 516 516 521 516 516 404 404 404 404 404 404 482 464 464 464 430 430 430 430 430 389 389 389 389 389 368 368 368 368 325 325 325 325 291 291 291 291 291 291 291 287 270 270 270 251 251 251 205 205 205 205 205 196 181 181 181 181 92 92 92 146 146 92 92 128 92 102 102 102 102 77 77 77 2 2 55 2 2 2 2 2 2 
977 898 898 898 898 941 929 880 880 880 880 880 880 875 875 770 810 810 810 810 833 798 798 798 798 782 782 782 742 759 759 742 742 712 712 712 697 695 695 695 654 668 654 654 546 546 546 639 616 616 591 591 591 573 573 573 574 516 516 516 521 521 521 404 404 508 508 464 464 464 464 465 465 430 430 430 430 431 389 389 389 389 389 389 339 339 369 325 325 325 325 291 291 291 291 291 287 287 287 270 270 270 251 251 234 234 234 219 219 205 196 196 181 181 181 92 92 92 146 146 146 92 92 92 92 102 102 103 77 77 2 2 55 55 2 2 34 22 22 4 
948 948 948 948 948 941 929 880 908 908 908 892 892 875 875 770 810 810 810 810 810 798 798 798 798 782 782 782 742 742 742 742 742 712 712 697 697 695 695 695 654 654 654 546 546 616 616 616 616 616 591 591 591 591 580 580 515 515 516 516 534 534 521 521 404 404 464 464 464 464 472 465 465 430 430 430 430 389 389 389 390 390 390 390 339 354 354 354 354 325 325 291 291 291 291 291 287 273 273 270 270 270 251 251 234 234 234 219 219 205 205 196 196 167 167 167 167 92 146 146 140 140 92 92 92 78 78 103 77 77 2 2 2 2 44 2 34 22 22 4 
948 948 941 941 941 941 929 880 880 908 908 892 892 875 875 770 770 810 810 810 810 798 798 798 782 782 787 782 742 742 742 742 712 712 712 697 705 546 546 546 546 684 546 546 515 515 515 617 617 616 616 515 515 515 580 515 515 515 516 516 516 516 516 516 516 404 464 464 464 464 311 311 430 430 389 389 389 389 390 390 390 391 391 391 339 339 339 326 326 325 325 326 326 291 291 302 287 273 273 273 273 270 235 235 245 245 214 219 219 201 201 201 167 167 182 92 92 92 146 146 78 78 130 130 78 78 78 78 95 4 4 4 4 2 2 2 34 4 4 4 
948 948 941 941 941 941 929 929 880 880 880 880 880 880 875 875 770 770 770 770 770 770 770 798 782 782 782 782 728 728 728 752 712 712 697 697 705 546 546 696 546 546 546 669 515 515 515 617 617 617 617 515 601 515 515 515 575 515 515 515 535 535 516 516 516 404 464 464 311 311 311 311 430 430 389 389 389 389 390 390 406 406 311 311 375 375 339 326 326 326 326 326 319 319 302 302 287 273 273 274 270 270 235 235 235 214 214 219 219 201 188 188 188 188 92 92 92 92 78 78 78 78 78 78 78 96 96 78 95 4 4 4 4 4 4 4 4 4 4 4 
948 948 902 902 902 941 826 826 826 826 826 826 826 826 826 866 866 770 770 770 770 770 770 798 803 782 782 728 728 768 728 728 728 697 697 727 705 705 546 546 546 546 546 515 515 515 515 515 515 515 515 515 515 515 515 548 548 548 548 515 515 515 515 516 516 404 404 494 311 311 473 311 430 430 450 389 389 389 413 413 406 406 311 311 311 339 339 326 326 326 326 326 319 302 302 303 287 273 273 274 270 270 235 235 235 214 214 214 220 201 188 202 188 188 92 92 78 78 78 152 120 120 120 120 120 96 96 78 78 86 78 40 40 40 40 40 4 4 4 4 
902 902 902 959 902 902 826 826 826 826 902 902 826 826 826 866 866 770 834 834 834 770 770 798 798 798 728 728 760 760 760 728 728 697 697 697 697 697 546 546 685 685 546 515 515 640 640 640 515 515 515 515 515 515 515 453 453 453 548 548 453 453 515 515 515 515 404 311 311 311 473 311 311 413 413 389 389 432 413 413 413 311 311 392 311 339 370 326 326 326 326 319 319 320 303 303 287 273 274 274 274 235 235 235 235 235 235 214 220 214 188 188 188 92 92 92 78 135 135 152 120 120 120 131 87 87 96 96 78 86 78 40 40 40 40 40 5 5 5 5 
902 937 937 959 949 902 936 826 921 902 902 903 826 876 876 876 866 770 804 804 804 804 804 804 798 798 728 760 760 760 761 728 728 706 706 706 706 697 697 697 685 685 546 618 515 515 640 640 515 515 515 515 515 515 515 453 576 453 453 453 453 453 453 515 515 404 404 311 311 453 453 453 311 413 413 413 438 413 413 311 311 311 311 311 311 339 339 339 319 319 319 319 320 320 303 303 287 273 274 274 274 235 235 235 235 235 235 214 214 214 206 188 188 92 92 92 78 135 135 135 120 120 120 131 87 87 87 96 78 78 78 56 56 56 40 40 5 5 5 5 
902 937 937 949 949 902 902 902 921 902 903 903 826 876 881 866 866 770 804 778 778 820 820 804 798 798 728 760 760 760 761 728 728 706 706 706 706 706 546 546 546 686 546 618 664 515 640 640 515 625 609 609 515 515 515 453 453 453 549 549 486 486 453 453 404 404 453 453 453 453 453 453 311 413 413 413 413 413 414 311 401 401 311 311 371 371 371 339 344 344 319 319 273 273 273 273 287 273 235 235 235 235 235 235 235 235 235 206 206 206 206 188 188 188 78 78 78 135 135 135 141 141 135 87 87 114 87 96 96 56 56 56 57 57 40 40 35 5 5 5 
937 937 949 949 950 937 937 902 902 902 903 904 826 876 881 866 866 770 770 778 778 778 778 804 804 728 728 728 728 728 728 728 743 743 706 706 706 706 546 546 546 686 546 618 664 515 515 515 515 609 609 610 515 515 515 453 453 453 486 486 486 486 486 453 453 453 453 495 453 453 453 470 311 311 413 311 311 433 414 311 401 401 401 311 311 311 311 339 339 339 339 273 273 273 273 273 273 273 235 235 275 222 222 235 235 206 206 206 206 206 206 188 188 188 78 78 78 78 135 135 141 141 135 87 108 108 87 87 87 87 72 72 28 28 28 28 35 5 5 5 
937 937 949 949 937 937 916 916 916 916 903 903 826 876 881 839 839 839 770 770 825 825 778 778 805 728 728 728 778 728 728 728 743 743 706 706 706 706 700 546 546 686 546 618 618 515 515 618 618 618 618 453 453 453 453 453 486 486 486 486 486 486 486 495 495 495 495 495 474 474 453 466 466 311 311 311 311 414 414 311 311 311 358 358 358 376 311 339 339 339 339 273 273 273 273 292 235 235 235 235 275 222 222 222 222 206 206 206 206 206 206 188 188 108 108 78 78 78 135 135 135 135 135 108 108 108 108 104 72 72 72 58 58 58 28 28 5 5 5 5 
960 937 937 937 937 942 916 916 916 903 903 903 826 876 881 839 839 839 849 770 770 770 770 778 778 778 778 778 778 728 728 728 728 728 728 728 700 700 700 546 546 546 546 670 618 618 618 618 618 611 611 611 584 584 453 453 486 562 562 486 486 486 486 495 495 495 495 495 474 474 453 466 453 453 311 311 311 414 414 414 414 311 358 393 358 358 311 345 345 345 311 311 327 311 311 292 235 288 288 262 262 222 222 222 222 222 222 206 206 108 108 108 108 108 108 108 108 108 135 135 108 108 108 108 104 104 109 104 72 79 79 58 59 59 28 41 5 5 5 6 
960 960 960 937 937 922 922 916 916 903 909 826 826 876 839 839 839 839 839 839 835 770 770 778 778 788 788 762 762 769 728 728 728 728 729 729 700 700 700 546 546 546 619 619 619 641 618 618 618 611 611 584 584 584 584 486 486 537 537 486 536 536 486 486 495 495 495 495 474 474 453 466 453 444 444 444 311 414 414 311 311 311 358 358 358 358 311 345 345 346 311 311 311 311 292 292 235 235 235 262 262 262 262 222 252 206 206 206 206 108 207 104 104 104 104 108 108 108 108 108 108 104 104 104 104 104 104 104 72 79 79 58 58 58 28 41 28 28 6 6 
960 960 960 960 922 922 922 922 922 903 903 826 839 839 839 826 826 826 835 835 835 770 806 806 806 762 762 762 762 762 762 728 728 728 729 546 546 546 546 546 671 671 619 619 619 641 641 641 584 584 611 584 584 585 585 486 486 537 537 486 486 486 486 486 495 495 509 496 474 474 453 453 453 444 444 444 311 311 311 311 415 235 358 358 358 358 311 345 345 346 311 311 311 311 292 304 292 292 235 262 262 262 263 222 252 206 206 206 206 108 207 104 104 104 104 104 104 108 108 108 108 104 104 79 79 104 104 72 72 79 79 58 58 58 28 28 28 6 6 7 
960 960 961 961 922 922 930 930 903 903 903 826 826 826 826 826 826 826 850 835 835 770 770 770 770 770 770 770 770 770 715 715 749 546 546 546 713 687 687 698 671 671 619 626 626 626 626 642 584 584 584 584 584 585 586 581 486 486 537 486 486 537 486 486 495 495 509 496 474 474 474 444 444 444 444 444 313 313 311 311 415 235 235 235 235 358 311 311 311 311 311 311 311 311 292 304 292 235 235 262 262 222 222 222 221 221 236 206 206 108 108 108 108 189 104 104 104 104 104 104 104 104 104 79 79 79 79 79 79 79 10 10 10 58 45 28 28 6 7 7 
960 960 961 961 951 922 922 922 882 882 882 860 860 860 860 860 826 850 850 840 826 826 799 799 799 799 770 770 771 715 715 715 546 546 714 687 687 687 687 687 671 671 619 626 626 655 626 642 584 584 584 585 585 585 581 581 486 486 537 537 537 537 486 486 496 496 496 496 474 474 474 444 444 454 444 444 313 313 313 313 313 313 313 235 235 358 358 358 311 311 311 311 311 311 292 292 292 235 235 235 262 222 222 228 221 236 236 221 221 108 108 108 108 189 104 104 104 104 147 147 147 79 79 79 79 79 79 79 79 88 10 10 10 58 45 8 8 8 7 7 
972 972 951 951 951 882 882 922 882 882 882 860 882 882 882 860 826 851 851 840 826 799 799 799 799 783 783 783 771 715 715 715 714 714 714 687 687 687 687 687 687 671 619 619 619 655 626 626 626 626 585 585 585 585 581 581 486 563 563 486 486 486 486 486 486 497 497 497 474 474 475 471 444 444 444 444 313 313 313 416 416 313 313 235 235 235 235 336 336 336 336 305 305 305 292 292 299 235 235 235 262 222 222 228 221 236 221 221 222 108 108 108 183 183 183 89 89 89 147 147 147 79 79 79 79 79 79 79 79 10 10 10 10 10 45 8 36 8 8 8 
972 972 951 882 882 882 882 882 882 882 882 882 882 883 883 860 826 826 826 840 826 799 799 807 807 783 783 783 771 771 715 715 714 714 714 714 687 687 687 688 688 671 619 619 619 655 626 626 626 626 585 585 585 585 486 486 486 563 563 486 486 527 527 486 486 486 486 486 486 471 471 471 313 313 313 313 313 313 313 313 313 313 359 359 235 235 235 336 336 336 336 305 305 305 305 305 235 235 235 235 262 222 228 228 221 221 221 221 222 108 108 108 108 183 183 89 89 89 147 147 147 115 115 79 79 73 73 79 79 10 10 10 10 10 45 8 8 8 8 8 
972 972 951 882 882 882 882 882 882 882 882 867 867 867 867 860 860 860 826 826 826 827 799 807 665 665 665 784 665 665 715 715 715 715 734 714 714 707 688 688 689 671 671 671 619 619 647 585 585 585 585 585 585 585 486 550 550 563 563 486 486 527 528 486 486 486 498 498 471 471 476 313 313 423 423 423 423 423 423 313 313 313 359 359 235 235 235 235 235 336 336 336 305 305 305 305 235 235 142 142 142 222 228 228 228 221 221 221 222 108 108 108 108 108 184 89 89 115 115 115 115 115 115 121 121 73 73 73 73 73 73 73 10 10 45 29 29 8 8 8 
951 951 951 882 882 882 882 931 882 882 882 867 867 867 867 860 860 789 789 789 789 789 799 665 665 800 665 665 665 665 665 665 750 715 734 730 707 707 688 689 689 632 632 632 619 619 647 585 585 585 585 585 602 592 486 550 550 550 564 486 486 527 471 471 471 498 498 471 471 476 476 313 313 423 423 423 423 423 423 341 341 313 313 359 359 359 359 359 235 235 235 235 235 305 305 305 235 235 142 142 142 222 228 228 228 228 228 228 222 108 108 108 197 108 184 89 89 115 115 115 89 89 115 121 73 73 73 73 80 80 80 67 67 10 10 29 29 8 8 8 
951 951 951 962 952 931 931 931 910 910 867 867 867 867 867 867 867 841 841 789 789 789 789 772 772 772 772 772 772 772 665 665 750 715 715 730 707 707 688 632 632 632 632 632 619 619 619 585 585 585 585 602 602 592 486 550 550 550 550 550 486 527 471 487 471 471 471 471 487 476 313 313 313 455 439 439 423 423 423 341 341 341 313 313 313 313 313 360 313 313 313 313 235 235 312 235 235 253 142 142 142 222 222 222 222 228 228 222 222 108 108 108 108 108 89 89 89 89 89 89 89 89 115 121 73 73 73 73 80 80 80 67 67 10 10 29 29 29 8 8 
951 951 951 962 952 931 931 931 910 910 867 867 867 867 867 867 841 841 841 841 789 789 789 772 772 801 772 772 772 772 665 744 744 744 715 715 707 707 688 632 632 632 632 632 632 632 619 619 619 619 619 602 602 592 486 550 550 565 565 486 486 527 471 487 487 487 487 487 487 476 313 313 313 455 439 439 439 341 341 341 417 341 341 377 377 377 313 313 313 340 340 313 313 235 312 235 253 253 280 280 142 271 264 222 222 246 222 222 223 108 108 108 108 108 89 89 89 89 89 89 89 89 115 115 73 73 73 73 80 80 60 60 67 10 46 10 10 9 9 9 
911 911 911 911 952 931 931 931 910 910 910 867 867 867 867 841 841 789 789 842 789 821 821 812 772 772 772 773 773 773 665 744 716 716 716 715 715 688 688 632 632 665 665 665 665 632 632 632 632 551 551 551 551 592 486 486 486 486 566 486 540 471 471 522 487 487 487 487 488 476 476 313 313 455 439 341 341 341 341 341 361 361 341 377 377 341 341 341 341 313 313 313 313 235 235 235 253 280 280 281 142 142 264 222 222 222 222 108 108 108 108 198 198 108 108 108 89 89 89 89 89 89 89 115 122 115 73 73 80 80 60 60 60 10 10 10 10 9 9 9 
911 911 911 911 952 931 931 931 910 910 910 867 867 867 867 841 789 789 789 789 789 821 812 812 789 789 789 773 773 773 665 665 716 716 716 716 716 688 688 665 665 665 666 666 666 656 632 632 632 551 603 603 551 551 551 551 551 486 486 486 540 471 471 522 488 488 488 488 488 439 439 439 439 439 439 341 341 424 424 361 361 361 341 341 341 341 361 361 341 313 313 313 235 235 235 306 253 253 253 253 253 142 142 142 142 142 237 108 108 108 108 198 185 185 185 108 89 89 89 89 89 89 89 115 115 115 73 73 80 80 60 60 60 60 10 10 10 9 9 10 
911 911 911 963 931 931 931 931 910 910 911 867 867 867 867 841 789 789 812 812 812 821 812 789 789 790 790 773 779 665 665 665 665 665 665 716 716 708 665 665 666 666 666 672 656 656 632 632 632 551 603 603 603 551 551 551 551 551 551 551 471 471 471 522 488 488 488 488 439 439 456 456 456 456 341 341 341 424 424 361 361 361 341 341 341 341 361 341 341 347 341 313 235 235 235 215 215 253 253 282 253 257 257 142 142 142 237 108 198 198 198 198 185 185 185 108 108 160 89 89 89 89 89 115 115 73 73 73 97 60 60 60 10 10 10 10 10 10 23 10 
911 911 911 963 931 931 931 911 911 911 911 867 867 867 867 841 868 789 812 812 812 812 812 789 790 790 791 773 665 665 763 665 665 745 665 665 665 708 665 666 666 672 672 672 656 627 627 627 627 551 551 551 551 551 587 551 551 551 551 551 471 499 499 499 517 510 510 499 439 456 456 456 456 341 341 440 440 407 407 361 361 361 361 394 361 361 361 341 341 341 341 313 313 313 313 215 215 253 253 282 253 257 257 257 253 142 237 108 108 208 208 108 108 108 108 108 108 160 142 142 142 89 89 115 115 73 110 73 97 60 60 10 10 47 47 10 37 10 10 10 
973 973 911 963 911 911 911 911 923 911 911 867 867 867 867 841 841 789 789 789 789 789 789 789 773 773 773 773 665 665 665 665 735 735 673 673 665 665 665 666 666 656 656 656 656 627 627 627 627 620 620 593 593 552 552 552 552 551 551 551 471 471 471 499 499 510 499 499 439 439 341 341 341 341 440 440 407 407 407 407 407 407 361 394 361 361 361 314 314 314 314 337 314 314 314 215 215 293 258 258 253 253 253 253 253 142 142 142 108 108 108 108 190 190 168 168 168 142 142 153 142 89 89 89 123 73 73 73 97 60 60 10 68 47 47 10 37 10 10 11 
973 973 911 911 911 893 893 877 877 912 912 867 867 877 877 877 841 841 841 841 789 789 792 792 773 773 773 773 773 773 735 735 735 735 735 673 690 690 690 690 690 656 656 656 656 656 627 627 627 620 620 593 593 593 577 577 552 552 552 552 471 471 471 471 499 499 499 471 471 439 341 341 341 407 407 407 407 425 425 361 361 361 361 394 361 314 314 314 314 314 314 314 314 321 215 215 215 293 258 258 253 253 253 142 142 142 142 142 224 108 108 142 142 191 168 168 168 142 142 142 142 89 89 89 123 73 73 97 97 60 60 10 10 47 47 10 11 11 11 11 
973 973 893 893 893 893 893 893 877 877 877 877 877 877 884 836 836 836 836 836 792 792 792 792 792 792 792 773 773 773 735 735 735 735 735 673 690 690 690 690 690 656 656 656 656 656 627 627 627 627 620 593 593 593 577 577 577 553 553 553 529 529 529 471 471 471 471 471 471 439 439 439 341 341 445 445 361 361 361 361 361 361 361 361 361 314 314 362 328 328 328 328 328 215 215 300 215 215 258 258 253 253 253 142 142 142 142 142 224 108 108 142 142 142 186 168 168 142 142 142 142 89 89 89 89 89 89 89 89 89 60 69 10 10 10 10 11 11 11 11 
973 974 893 893 893 893 893 893 893 893 893 893 877 877 836 836 869 852 852 836 792 792 792 792 792 764 764 773 773 774 735 735 736 736 736 673 673 673 690 673 673 656 656 656 656 582 582 582 582 582 620 593 593 577 577 577 577 553 554 554 529 489 489 489 471 471 471 471 471 439 439 439 457 457 445 445 361 361 361 361 361 378 378 378 378 378 314 314 328 328 328 328 329 215 300 300 300 215 258 258 258 258 258 142 142 142 238 142 224 142 142 142 170 142 142 142 142 142 142 142 142 142 60 60 60 60 89 89 98 60 60 69 69 10 10 11 11 11 11 11 
973 878 878 953 953 893 893 893 893 836 836 836 836 836 836 813 813 852 852 836 836 792 792 808 808 764 774 774 774 774 633 633 633 633 633 633 717 673 690 673 673 681 681 673 582 582 582 582 582 582 620 594 594 577 577 577 553 553 554 529 529 489 489 489 471 471 489 489 489 477 477 439 439 439 451 445 434 434 348 348 348 378 378 378 378 378 314 314 328 328 328 328 329 215 300 300 300 215 258 258 258 258 258 142 142 142 238 142 142 142 170 170 170 170 170 142 142 161 142 142 142 142 60 60 60 60 98 98 98 60 60 60 48 48 48 11 11 11 11 12 
978 878 878 878 954 893 893 893 893 836 843 843 843 843 843 813 813 813 813 813 837 792 792 808 808 764 774 774 774 774 633 633 633 737 737 633 633 673 673 673 673 673 673 673 582 582 582 582 582 582 582 594 594 594 577 577 553 567 554 529 529 538 489 489 489 489 489 500 490 477 477 439 439 439 439 445 434 434 348 348 348 373 373 395 378 378 314 314 314 314 314 329 329 215 215 215 301 215 258 258 258 258 258 258 142 142 215 215 215 215 170 170 170 170 170 169 169 60 60 60 148 60 60 60 60 60 60 60 60 60 60 60 48 49 49 11 11 11 11 12 
978 878 878 878 878 943 893 893 893 836 836 843 843 886 843 813 853 853 853 813 813 813 813 813 764 764 764 764 774 774 633 633 633 718 718 731 633 633 633 633 633 633 673 673 633 633 648 633 633 582 582 604 604 595 553 553 553 567 554 554 529 538 489 490 490 490 490 500 490 477 477 458 458 458 439 441 441 426 426 348 348 373 373 373 373 372 372 348 348 348 314 329 314 314 314 215 301 215 215 215 215 215 215 215 215 215 215 209 209 209 209 199 199 170 170 169 169 60 60 60 148 60 60 60 124 60 60 60 60 90 48 48 48 49 49 30 30 11 11 11 
979 975 878 964 878 878 878 893 893 917 836 843 843 843 843 813 853 853 853 813 813 813 813 813 764 764 764 764 764 764 633 633 718 718 718 718 633 633 691 691 691 633 673 673 633 633 633 633 634 582 582 582 595 595 553 553 553 567 567 529 529 538 489 490 490 490 490 490 490 477 477 458 459 439 439 441 441 426 427 348 348 373 373 373 373 373 373 348 349 349 314 314 314 314 314 215 215 215 265 265 215 215 265 239 239 239 239 209 209 209 210 199 199 170 170 169 169 60 60 60 60 60 60 60 124 60 60 60 60 90 48 48 48 61 30 30 30 11 11 11 
975 975 878 878 878 878 878 893 893 917 836 836 836 843 843 813 853 853 853 813 838 813 813 813 765 765 765 764 764 764 764 753 718 718 718 718 718 691 691 691 691 633 633 633 633 643 643 643 582 582 582 582 595 582 582 582 553 529 529 529 538 538 489 518 490 490 490 490 458 458 458 458 459 439 439 426 426 426 348 348 348 348 348 348 348 348 348 348 215 215 215 215 330 215 215 215 215 215 265 265 265 265 265 239 239 239 60 209 209 210 210 60 60 60 170 170 170 60 60 60 60 60 111 111 111 116 111 13 13 13 48 13 13 30 30 42 30 13 13 13 
975 878 878 878 878 944 932 932 893 893 836 836 836 836 843 813 813 813 813 813 838 813 813 813 765 765 765 765 765 765 765 753 718 718 718 659 659 691 691 691 691 659 659 657 657 643 643 643 582 582 582 582 582 582 582 582 553 529 529 529 489 489 489 518 501 501 501 501 458 458 458 458 459 459 439 426 426 348 348 402 402 348 348 396 348 348 363 363 215 215 215 215 215 215 215 215 215 215 265 265 265 172 172 239 239 239 60 209 209 210 60 60 162 60 60 60 60 60 155 60 111 111 111 132 111 111 111 13 99 13 48 13 13 30 30 30 30 13 13 14 
975 878 878 878 878 932 932 878 878 893 836 836 893 836 843 843 843 843 843 843 822 828 813 813 765 765 793 720 720 720 720 753 718 718 738 659 659 659 659 659 659 659 659 657 657 657 582 582 582 582 588 588 605 596 588 553 553 568 568 529 489 489 489 518 501 489 489 489 489 458 458 458 458 460 439 426 426 348 428 402 402 402 402 396 348 348 363 363 215 315 315 315 315 322 215 215 215 215 265 265 265 172 172 172 172 60 60 60 60 60 60 203 162 162 162 162 162 60 60 60 111 111 136 111 111 111 13 13 13 13 48 13 13 30 30 30 30 30 13 14 
878 878 878 878 878 932 878 878 878 893 893 893 893 836 843 843 843 843 844 844 822 828 822 765 765 785 785 720 720 720 720 720 720 738 738 659 659 659 659 659 659 659 659 657 657 657 582 582 582 582 588 588 588 596 588 553 578 568 529 529 489 489 489 518 518 489 489 489 483 483 458 458 458 439 439 426 348 348 428 420 418 396 396 396 379 379 363 363 215 315 315 315 315 315 315 289 289 289 289 265 265 172 172 172 172 60 60 60 175 175 175 192 192 192 162 162 162 162 143 143 143 111 111 111 111 111 13 13 13 91 13 13 13 30 30 30 38 13 13 14 
878 878 878 878 878 878 878 878 878 905 905 905 894 836 843 843 870 843 844 844 822 822 822 765 785 785 785 720 720 720 720 720 720 732 732 659 659 701 701 612 612 612 612 612 612 649 649 582 582 555 588 588 588 588 588 553 568 568 529 529 489 489 489 489 489 489 489 489 483 483 439 439 439 439 426 426 348 348 348 420 418 396 397 397 379 379 364 364 215 215 215 215 215 215 215 215 215 215 215 172 172 172 172 172 172 225 225 229 175 175 175 192 192 192 175 175 163 163 143 143 143 143 13 13 111 13 13 13 13 13 13 74 13 13 30 30 38 13 14 14 
878 878 965 965 878 878 938 878 924 905 905 894 894 836 836 843 870 843 843 845 822 822 823 765 785 785 785 785 720 720 720 720 720 732 732 732 659 659 612 612 612 612 658 612 612 649 635 635 635 555 555 555 606 588 588 553 568 568 568 529 489 489 530 489 489 489 489 489 439 439 439 439 467 426 426 446 348 348 348 348 418 396 383 383 379 379 364 364 331 331 331 331 331 316 316 215 215 215 215 172 172 172 172 172 172 172 225 225 225 175 175 175 175 175 175 176 163 163 143 143 143 143 13 13 13 13 13 13 74 74 74 74 13 13 38 38 38 13 14 14 
878 878 965 965 938 938 938 878 924 905 905 894 836 836 836 843 843 843 843 814 814 814 814 765 809 785 785 785 720 720 720 751 751 732 732 659 659 659 612 612 612 612 658 612 649 649 635 635 636 597 597 555 555 555 555 583 555 555 568 529 529 489 489 489 511 511 511 502 439 439 439 439 467 426 435 435 435 348 348 348 348 396 383 383 383 331 331 331 331 342 342 317 317 316 316 215 215 215 254 254 254 254 254 254 254 172 240 175 175 175 175 175 175 164 164 164 156 156 156 144 144 144 13 133 13 13 13 13 74 74 74 74 13 13 13 13 13 13 15 14 
878 878 970 966 938 938 878 878 924 905 905 894 836 887 854 854 861 861 854 814 814 814 814 765 809 785 785 785 720 720 720 720 720 746 659 659 674 674 612 612 612 612 658 612 612 612 635 635 635 597 597 597 597 597 555 555 555 555 555 555 529 529 502 502 502 502 502 502 439 439 439 467 467 426 435 435 435 435 348 348 348 383 383 331 331 331 331 355 355 342 342 317 317 317 317 215 215 254 254 254 254 254 254 254 255 172 240 175 175 175 175 175 175 164 187 164 156 156 156 144 144 144 13 13 13 13 13 13 100 74 50 50 50 50 50 24 24 31 15 14 
980 933 933 966 938 938 878 878 878 878 894 894 836 836 854 854 861 854 854 814 814 814 814 765 765 765 765 765 720 720 754 754 720 720 659 659 659 674 612 612 612 612 658 658 667 612 635 635 635 628 541 541 541 502 502 502 502 502 502 502 502 502 502 502 502 503 503 503 439 439 478 467 467 426 435 435 435 435 383 383 383 383 403 331 331 331 331 342 342 342 342 317 317 317 295 295 215 254 254 254 247 247 172 172 172 172 240 175 175 175 175 164 164 164 164 164 171 156 156 137 137 137 137 105 105 105 105 105 74 74 50 75 16 16 16 24 24 24 15 15 
980 933 933 933 933 933 939 925 925 878 894 894 836 836 854 854 854 854 855 816 816 829 814 814 765 765 794 765 765 722 722 722 722 720 659 659 659 674 674 674 674 674 682 658 658 612 612 628 628 628 541 541 541 502 502 502 502 541 541 502 502 502 502 503 503 503 504 504 478 478 478 468 468 426 426 435 435 435 383 383 403 403 403 331 384 331 331 342 342 295 295 338 317 317 295 295 215 215 215 283 247 247 172 172 200 200 200 175 175 175 175 164 164 164 164 171 171 156 156 137 137 137 137 105 105 105 74 74 74 50 50 75 16 16 16 24 24 24 24 16 
933 933 955 955 955 933 933 925 925 878 878 894 836 836 836 836 862 862 816 816 816 816 824 722 722 722 722 722 722 722 722 722 722 720 709 709 659 659 674 674 692 674 674 674 658 658 612 628 628 628 541 541 607 502 502 579 579 541 541 541 541 436 436 436 436 436 504 504 478 478 478 468 447 447 447 435 435 435 383 383 403 408 331 331 384 342 342 342 342 295 295 295 295 295 295 295 294 294 215 283 247 247 247 172 200 200 200 200 200 200 200 200 200 164 164 164 164 164 149 149 149 137 137 105 105 105 74 74 74 50 50 16 16 16 16 16 24 24 24 16 
933 933 933 967 836 836 933 933 836 836 878 878 878 878 878 836 836 863 816 816 816 816 722 722 795 795 795 722 722 722 722 722 722 720 709 709 719 659 659 659 659 659 659 659 659 659 612 612 612 612 621 541 541 502 502 502 502 541 541 541 541 436 519 519 519 436 504 504 491 468 468 468 447 447 447 447 436 436 383 383 403 331 331 398 342 342 342 342 290 295 295 295 295 295 295 295 294 294 215 283 247 247 247 172 172 172 172 230 193 193 193 193 193 164 164 177 165 165 149 149 150 125 125 105 105 105 74 74 74 16 16 16 51 51 51 16 24 24 16 16 
933 933 933 967 836 836 934 934 836 836 906 906 878 878 878 878 836 856 856 816 816 816 722 815 795 795 795 722 722 722 722 722 722 720 739 709 719 660 660 660 660 660 659 659 659 659 612 612 629 612 612 612 541 502 502 502 502 541 541 542 542 436 519 436 436 436 504 491 491 468 468 468 436 436 447 447 436 383 383 383 331 331 342 342 342 342 342 365 290 295 295 295 295 295 295 295 294 294 215 283 247 247 247 247 247 247 172 172 193 193 193 193 193 193 164 177 165 149 149 149 125 125 125 125 125 74 74 74 74 16 16 16 16 16 16 16 16 16 16 17 
933 933 933 836 836 836 836 836 836 836 885 885 885 885 878 878 836 856 846 846 816 816 722 722 795 795 795 755 755 755 722 722 722 720 739 709 709 660 660 660 693 660 659 659 660 660 612 612 629 629 612 612 541 541 541 502 502 541 556 556 436 436 519 436 491 491 491 491 468 468 468 436 436 436 436 436 436 383 429 331 331 308 308 342 385 342 342 365 290 290 290 290 290 295 295 295 294 294 215 283 247 247 247 241 241 241 241 172 172 193 193 193 193 193 164 177 165 165 149 149 125 125 125 126 126 74 74 74 74 16 16 16 16 62 16 16 16 16 16 16 
933 933 933 836 836 836 836 836 836 836 885 885 885 885 878 878 836 836 846 816 816 722 722 722 722 802 755 755 780 755 722 722 722 720 720 720 709 709 660 660 693 660 660 660 660 644 612 612 608 622 622 532 532 532 541 541 541 541 556 556 436 436 519 436 436 436 436 436 468 468 468 436 442 442 452 442 442 383 383 331 331 308 308 342 342 342 350 350 350 350 290 290 290 295 295 295 295 295 215 215 215 241 241 241 172 172 172 172 172 193 193 193 193 193 164 177 165 165 145 145 125 125 125 126 126 74 74 74 74 16 16 16 16 16 16 16 16 16 16 16 
933 933 836 836 836 918 918 918 918 836 885 885 895 885 885 836 836 836 846 816 816 722 722 722 722 802 755 755 755 755 755 755 722 721 721 720 720 693 693 693 693 651 651 651 651 644 650 608 608 622 622 532 608 532 572 572 572 572 436 436 436 436 505 505 505 436 436 436 468 468 468 436 442 442 442 442 383 383 383 421 331 308 308 308 386 350 350 366 350 350 290 323 323 323 290 290 296 296 290 215 215 266 266 259 172 172 172 226 226 193 193 193 172 172 164 164 172 145 145 145 145 125 125 76 76 76 76 76 76 76 76 18 18 63 16 16 16 32 18 18 
836 836 836 857 857 918 918 918 918 836 836 836 836 888 836 836 871 846 846 846 816 722 722 722 755 755 755 786 755 775 722 722 722 721 720 720 720 693 693 693 693 651 651 651 651 644 644 608 637 630 608 608 608 532 532 532 532 532 436 436 543 436 505 505 505 512 512 436 468 468 468 436 442 448 448 448 383 383 383 331 331 308 308 308 386 350 350 350 350 350 290 290 290 290 290 290 290 290 290 215 215 231 231 259 231 231 172 172 172 172 172 172 172 172 172 164 172 145 145 145 145 125 125 76 76 76 112 76 76 76 76 18 18 16 16 16 16 32 18 18 
836 976 857 857 857 918 918 918 918 918 836 836 836 836 836 857 857 846 846 846 816 816 816 816 755 775 755 755 755 775 722 747 747 721 720 720 720 693 693 699 651 651 675 675 651 651 644 608 608 630 608 608 608 589 589 532 532 532 532 436 436 436 505 505 505 505 513 436 436 468 468 436 442 448 448 448 383 383 383 331 331 409 308 308 386 308 308 350 350 350 308 308 308 308 215 307 290 290 215 215 215 231 231 231 231 231 242 231 178 178 172 172 194 194 172 172 172 145 145 76 76 76 76 76 76 76 76 76 76 76 81 18 18 16 16 16 25 25 25 18 
836 976 857 857 857 857 918 918 857 857 857 857 857 857 857 857 857 857 857 755 755 755 817 817 755 775 775 775 775 775 722 722 747 721 721 710 710 710 651 651 651 675 675 676 651 651 644 644 608 608 608 608 608 589 589 532 532 532 532 532 532 539 505 505 505 505 505 505 436 436 436 436 442 448 448 383 383 383 383 422 331 331 308 399 308 308 308 350 350 308 308 308 308 308 215 215 215 215 215 284 231 231 231 231 231 231 231 231 178 178 211 178 178 178 178 178 145 145 157 76 76 76 76 76 76 76 76 106 76 76 64 64 18 18 18 43 25 25 18 18 
836 857 857 857 956 857 940 857 857 919 872 872 872 872 872 872 872 755 755 755 755 755 817 817 755 775 775 775 775 775 722 722 747 747 721 721 721 651 651 651 651 651 651 651 651 651 651 613 613 608 608 613 598 598 557 557 557 532 532 532 532 531 531 479 479 479 479 479 479 479 479 442 442 442 442 383 383 383 383 419 419 331 308 308 308 308 308 350 350 308 308 308 308 308 308 308 215 215 215 215 231 231 231 248 248 248 216 216 216 178 178 178 179 179 178 178 145 145 145 76 76 76 76 76 76 76 76 76 76 76 64 64 64 64 18 43 18 18 18 19 
857 857 857 857 956 857 857 857 872 872 872 896 896 872 872 879 755 755 755 755 755 755 755 755 755 775 775 775 775 775 722 722 722 722 722 722 722 651 651 651 683 683 683 651 651 651 651 613 613 613 613 613 598 598 557 557 557 557 557 557 532 532 532 479 479 479 479 479 479 479 479 442 442 442 442 383 383 383 383 419 419 331 331 308 308 308 308 308 308 308 308 309 309 309 309 309 215 215 215 215 231 231 248 248 248 248 216 216 216 216 178 178 179 179 179 179 145 145 145 145 145 145 76 76 127 76 76 101 101 76 76 76 64 64 18 18 18 18 18 19 
