940 940 940 935 774 774 774 875 875 875 875 875 875 774 774 774 774 774 825 806 806 806 806 759 759 759 759 759 726 726 635 635 635 635 635 635 635 703 640 640 640 640 640 640 663 606 606 606 606 606 628 582 582 582 574 574 574 574 574 521 521 521 521 521 521 521 521 438 438 438 438 438 438 438 438 438 438 438 438 377 377 377 377 377 377 390 271 271 271 346 346 330 330 330 288 288 298 298 288 270 270 270 176 176 176 176 176 176 176 176 199 199 146 146 146 167 167 146 146 146 146 123 123 123 91 91 91 91 91 14 14 14 14 14 37 37 14 14 14 1 
940 940 935 935 774 774 774 875 875 875 876 876 876 774 774 848 774 774 825 806 806 806 759 759 760 760 759 759 726 726 635 635 635 635 635 717 635 635 635 635 635 635 675 640 663 606 606 606 606 606 628 582 582 582 574 574 574 574 574 521 521 521 538 538 538 438 438 438 438 438 438 485 428 428 428 428 438 438 439 377 377 419 377 377 377 390 271 271 271 271 271 330 288 288 288 288 288 299 288 270 262 262 176 176 176 176 176 176 176 176 199 199 146 146 146 146 146 146 147 147 147 123 91 91 91 99 99 99 14 14 61 60 60 14 14 14 14 15 15 1 
940 940 935 936 774 774 774 884 884 884 876 876 858 858 774 774 774 835 825 806 806 806 760 760 760 760 759 759 726 726 635 635 635 725 725 712 712 635 635 635 635 635 675 640 640 640 640 640 640 606 628 582 582 582 587 587 587 582 521 521 521 521 538 538 538 438 438 438 438 428 428 428 428 428 428 428 438 438 431 431 377 419 377 377 377 377 271 271 271 271 271 330 288 288 288 304 288 288 288 270 270 262 262 256 176 233 233 233 176 176 199 199 146 146 161 161 161 161 115 115 115 123 91 91 91 14 14 14 14 84 61 61 61 1 1 1 1 1 1 1 
940 940 935 936 774 774 774 774 774 884 884 884 858 858 858 774 774 774 825 825 774 774 760 760 760 760 760 759 759 726 635 635 635 725 725 712 712 635 635 681 681 681 649 649 649 640 640 640 640 606 628 605 605 582 582 582 582 582 521 521 521 521 521 521 521 438 438 501 501 428 428 428 475 464 464 428 428 428 431 431 377 377 412 377 377 377 271 271 271 271 271 330 288 288 288 304 304 282 282 282 282 256 256 256 176 176 176 176 199 199 199 146 146 186 161 175 146 146 115 115 115 123 91 91 91 14 14 14 1 1 1 1 1 1 1 1 1 1 2 2 
955 935 935 774 774 774 774 774 774 774 774 774 774 774 774 774 836 774 825 825 774 774 760 760 774 774 760 760 760 726 635 635 635 725 725 635 635 635 635 649 649 649 649 649 649 649 649 606 606 606 628 605 605 605 575 575 575 575 521 521 542 542 542 542 521 521 501 501 501 446 446 428 428 464 428 428 428 428 428 428 428 377 377 377 377 377 377 271 271 271 271 330 288 288 288 282 282 282 282 282 282 256 256 256 224 224 224 176 176 176 176 146 161 161 161 146 146 146 115 115 115 123 91 91 91 14 14 100 1 1 1 52 52 52 1 1 1 1 1 1 
955 950 774 774 877 877 877 877 877 877 877 877 877 836 836 836 836 774 774 774 774 774 774 774 774 774 774 761 761 726 726 726 726 725 725 635 649 649 649 649 667 667 667 649 649 649 606 606 606 606 606 605 605 575 575 575 575 575 575 521 521 521 521 521 521 521 501 501 501 446 446 446 428 428 428 428 428 428 428 428 413 413 413 377 377 377 377 271 271 271 271 271 320 320 320 282 282 282 282 282 282 256 256 256 224 224 224 224 224 176 176 146 146 146 146 146 146 146 115 115 115 115 115 124 14 14 14 1 1 1 1 1 1 1 1 1 1 16 16 1 
955 950 774 774 877 877 877 901 901 877 877 877 877 836 859 836 836 836 774 774 774 774 807 774 774 775 775 767 754 754 726 726 726 726 726 635 649 658 658 658 667 667 667 667 649 649 606 606 606 606 606 606 606 575 575 575 575 486 486 521 521 486 486 486 486 528 501 501 501 446 446 446 428 428 465 428 428 428 413 413 413 359 359 359 359 359 378 271 271 347 347 271 320 320 320 271 271 271 271 271 283 224 224 224 224 224 224 224 225 176 176 200 176 176 176 176 146 146 115 115 115 115 115 124 14 105 105 1 1 1 18 18 18 18 38 1 1 16 1 1 
950 950 774 774 877 877 839 839 839 877 877 877 877 836 836 836 807 807 774 774 774 774 807 774 774 775 767 767 754 733 733 733 733 733 635 635 649 649 649 658 658 658 658 650 650 650 650 606 606 606 606 606 606 606 575 575 575 486 486 486 486 486 543 543 486 528 486 486 501 501 446 446 428 428 428 428 454 413 413 359 359 359 414 359 359 359 359 359 359 347 347 271 271 271 271 271 271 271 271 271 271 224 224 224 224 234 234 234 214 214 176 176 176 187 133 133 133 146 115 115 124 124 124 124 14 105 105 1 1 62 18 18 18 18 38 38 1 1 1 1 
950 950 839 839 839 877 839 912 839 839 839 839 839 839 849 807 807 807 807 807 807 807 807 767 767 767 767 754 754 733 733 733 733 635 635 635 635 649 649 658 658 658 658 650 650 650 614 614 614 614 614 614 614 596 596 575 575 486 486 486 486 486 543 543 486 486 486 486 486 486 486 446 428 428 446 446 454 413 413 359 360 360 414 379 379 379 379 360 360 347 347 271 271 331 271 271 271 271 271 271 271 271 224 224 224 214 214 214 214 176 176 176 176 187 133 133 133 146 115 115 124 124 124 124 14 105 105 63 63 62 62 62 62 18 18 18 1 1 1 1 
941 941 839 937 839 839 839 839 839 839 839 839 839 839 849 807 807 807 807 807 821 754 754 767 767 754 754 754 733 733 733 737 737 635 635 635 635 649 649 658 658 658 658 658 658 658 614 614 614 614 614 596 596 596 486 486 486 486 486 486 486 486 548 522 522 522 522 486 486 486 486 446 446 446 446 446 446 446 359 359 360 360 414 379 360 360 380 360 361 347 347 342 331 331 290 290 290 271 289 271 284 224 224 214 214 214 214 214 176 176 201 201 176 187 133 133 133 146 115 115 115 115 115 115 14 14 14 63 63 63 19 19 19 18 18 18 1 17 17 1 
941 941 839 839 839 839 839 839 839 839 839 839 839 839 849 849 807 807 807 807 754 754 754 754 754 754 754 754 733 733 733 737 737 635 635 718 635 676 676 658 658 676 676 634 634 634 646 646 596 596 596 596 596 596 486 486 576 576 576 486 486 548 548 522 522 522 522 494 494 486 486 486 359 359 466 359 359 359 359 360 360 379 379 379 360 360 360 360 361 348 348 342 331 331 290 290 290 271 271 271 284 224 224 214 214 214 214 176 176 215 176 176 176 133 133 146 146 146 115 115 139 139 133 115 115 14 14 101 63 63 19 72 19 19 18 18 1 1 1 1 
941 941 941 839 839 920 839 839 902 851 851 851 851 839 839 850 807 807 807 754 754 754 754 754 754 747 747 747 747 747 747 738 738 718 718 718 635 635 676 676 687 676 677 634 634 634 634 634 596 596 596 596 596 596 597 486 576 576 576 486 486 548 497 497 522 522 497 497 494 494 494 359 359 359 359 359 455 440 440 360 379 379 404 404 360 360 370 370 361 348 342 342 331 331 290 290 290 290 271 271 224 224 224 244 244 244 244 176 176 176 176 176 176 133 133 133 133 133 133 139 139 133 133 14 14 14 101 101 63 63 72 72 19 19 18 18 18 18 18 3 
941 839 839 839 927 920 920 913 902 851 851 851 851 868 839 839 839 790 790 754 754 754 754 796 796 747 747 747 747 713 713 738 718 718 727 719 713 635 698 676 676 676 634 634 634 634 634 634 634 634 607 607 615 486 486 486 588 583 524 524 524 497 497 497 497 497 497 497 506 494 494 359 359 359 359 455 455 440 440 360 360 360 360 360 360 360 361 361 361 348 342 342 247 247 290 290 305 290 290 224 224 244 244 244 244 244 226 226 226 192 192 177 177 177 177 177 133 133 133 139 148 133 14 14 14 109 85 85 85 63 63 73 19 19 19 19 28 28 3 3 
839 839 902 902 902 902 902 913 902 851 851 851 851 840 840 839 839 790 790 790 790 754 754 762 762 789 747 747 747 713 748 718 718 713 713 719 713 635 698 634 634 634 634 668 634 634 634 634 634 607 607 607 607 486 583 583 583 583 524 524 524 497 497 497 523 523 523 497 506 494 494 359 359 359 359 455 440 440 440 415 415 360 360 348 348 348 361 348 348 348 342 342 247 247 247 247 305 247 247 247 244 244 263 244 244 244 226 192 192 192 192 177 177 177 177 177 133 139 139 139 148 133 14 14 14 14 85 85 85 85 63 53 53 53 19 19 28 28 3 3 
839 839 902 902 928 902 902 902 902 851 851 851 851 840 840 840 840 790 790 790 790 754 808 762 762 762 762 762 762 713 713 718 713 713 713 713 713 635 698 634 634 635 635 668 634 634 634 634 634 607 607 619 607 486 486 583 583 584 524 524 524 524 524 497 523 523 523 497 495 495 495 359 359 359 359 455 440 440 440 415 415 415 415 348 348 348 348 348 342 342 342 343 247 321 321 247 247 247 247 247 244 272 244 244 244 244 226 192 192 192 192 177 177 177 177 177 133 133 133 133 133 133 14 14 14 14 79 79 79 79 63 53 53 53 19 19 28 28 3 3 
839 839 839 839 839 902 902 902 903 851 851 851 851 851 851 851 790 790 790 790 790 754 754 762 762 762 776 762 762 713 713 718 713 713 713 713 714 635 634 634 634 635 635 668 635 635 635 635 635 635 607 607 607 607 486 486 589 584 502 502 524 524 524 497 523 523 523 497 495 495 495 359 359 359 359 455 440 440 440 415 429 348 348 405 348 348 381 342 342 343 343 343 247 247 247 247 247 247 247 244 244 272 244 244 226 226 226 192 192 192 192 192 177 177 140 140 140 155 155 133 133 133 14 14 14 79 79 79 79 79 63 63 63 39 39 19 28 28 3 3 
839 839 839 839 839 903 903 914 903 851 851 851 860 860 860 790 790 826 826 826 790 809 809 762 762 776 776 713 713 713 749 713 713 713 713 713 714 635 635 635 635 635 635 635 635 635 635 641 641 607 607 607 486 486 486 486 589 584 502 502 524 524 524 497 523 523 523 497 507 476 476 476 476 359 359 455 415 415 415 415 429 348 348 348 348 348 342 342 247 343 343 343 247 247 247 247 285 285 285 244 244 244 244 244 226 226 202 202 202 202 202 192 192 140 140 141 140 155 155 133 133 133 116 116 79 79 92 92 92 79 79 63 63 39 39 19 19 19 19 3 
839 839 839 929 929 903 903 903 903 885 885 885 860 861 861 790 841 790 790 790 790 790 790 790 762 762 777 713 713 749 749 713 713 713 713 713 688 688 635 635 635 635 635 635 651 651 651 641 642 607 607 607 486 562 562 562 562 584 502 502 502 524 524 497 497 497 497 515 507 476 496 476 476 337 337 337 415 415 415 348 348 348 348 337 337 337 342 342 247 247 247 247 247 322 322 247 285 285 285 285 264 264 264 246 246 226 202 202 202 202 202 202 193 140 141 141 140 140 140 133 133 140 116 116 79 79 64 64 64 79 79 64 64 39 39 20 20 20 20 3 
839 839 839 929 929 903 903 903 885 885 886 886 860 830 830 790 790 790 830 790 790 790 790 790 790 762 762 762 713 749 749 713 720 720 713 713 688 688 635 635 641 641 641 664 651 651 651 641 642 486 486 486 486 486 592 592 562 584 502 561 502 524 524 497 497 529 497 497 507 476 496 476 337 337 337 337 415 415 415 348 348 348 348 337 337 337 337 337 337 337 337 337 337 247 247 247 300 285 285 285 264 264 264 246 246 226 202 202 202 202 202 202 193 140 141 141 141 162 140 140 140 140 116 116 116 64 64 102 64 64 64 64 39 39 39 20 20 20 21 3 
943 839 839 860 860 860 860 860 885 860 860 860 860 830 830 830 830 830 830 780 780 790 790 790 790 790 762 762 713 713 713 713 720 720 720 688 688 688 688 688 641 641 641 664 664 651 651 641 642 486 486 486 486 486 592 562 562 502 502 561 502 559 524 524 524 524 524 497 497 476 476 476 337 337 337 348 348 348 348 348 348 348 406 406 337 337 337 337 337 344 344 337 337 247 247 247 300 300 285 285 264 264 264 246 246 226 226 202 202 164 164 164 193 140 163 163 141 141 141 141 141 141 64 64 64 64 102 102 65 65 65 65 39 39 39 39 20 20 20 3 
943 860 860 860 860 860 860 860 885 860 891 860 860 830 830 830 830 830 830 780 780 790 790 790 790 790 762 762 763 734 734 734 720 720 720 688 688 688 688 688 688 641 641 641 641 641 641 641 486 486 486 486 486 608 592 562 562 502 577 561 502 502 549 502 502 502 502 508 497 497 497 477 477 337 337 348 348 348 337 337 337 337 406 337 337 337 337 337 337 344 344 344 301 301 301 247 247 247 291 286 264 264 264 246 246 164 164 164 164 164 164 164 164 140 163 163 163 163 65 65 65 65 65 65 65 65 65 65 65 80 80 65 65 39 39 40 20 20 20 3 
943 860 860 860 860 915 915 860 860 860 830 830 830 830 830 830 842 780 780 780 763 763 763 763 763 763 763 763 763 734 734 734 734 734 720 720 688 688 688 688 688 641 641 641 641 641 641 486 486 486 486 486 592 592 592 593 562 502 502 561 561 502 502 502 530 530 502 508 508 497 497 477 477 337 337 337 337 337 337 398 398 337 337 337 397 293 293 293 301 301 301 301 301 332 301 301 301 247 247 286 264 264 264 246 246 164 245 164 164 164 164 164 164 140 140 140 140 140 65 65 65 65 65 65 65 65 65 80 80 80 39 39 39 39 39 40 3 3 3 3 
943 860 860 860 860 915 915 915 860 860 830 830 830 830 830 830 780 780 827 763 763 763 763 791 791 791 734 734 734 734 734 734 734 728 728 688 688 692 692 692 688 641 641 641 641 641 641 486 486 486 592 592 592 590 590 593 562 562 502 502 502 502 525 525 530 530 502 502 502 502 473 473 473 473 408 408 408 408 408 398 398 337 337 293 293 293 382 293 301 301 301 292 292 292 292 292 301 301 247 247 247 273 246 246 252 164 164 164 164 164 164 164 164 164 180 164 164 140 140 80 80 80 80 65 65 65 65 80 86 86 39 39 66 39 39 40 3 3 3 3 
943 860 942 860 860 915 916 916 852 852 852 887 852 852 852 852 780 827 827 763 763 763 763 791 797 734 734 734 734 734 734 734 734 728 729 688 688 688 688 688 688 641 616 616 616 616 616 486 486 636 592 592 616 590 590 590 590 562 562 567 562 502 550 525 525 525 525 473 473 473 473 487 473 473 408 408 408 408 408 398 398 398 398 293 362 362 382 293 293 293 349 292 292 292 292 292 292 247 247 247 247 273 246 246 252 164 164 227 164 164 164 194 194 164 164 164 164 164 140 80 80 80 80 80 80 80 80 80 86 86 39 39 66 4 4 4 4 3 3 3 
943 860 860 860 930 915 915 852 852 852 852 852 852 869 853 853 780 827 827 827 763 763 791 791 797 734 734 734 764 734 734 728 728 728 704 704 704 704 689 689 689 641 616 669 616 616 616 647 616 616 616 616 616 590 590 502 502 502 562 562 562 502 531 531 531 531 473 473 473 473 487 487 473 473 408 408 408 408 408 398 398 398 398 293 293 362 362 362 362 293 293 293 293 293 292 311 292 247 247 247 265 265 265 246 246 246 246 227 227 216 93 93 188 188 93 93 168 140 140 80 80 80 80 80 93 93 80 80 93 39 39 66 66 4 4 4 4 29 3 3 
943 943 943 915 915 915 915 852 852 852 852 852 869 869 853 853 780 780 780 780 780 814 791 791 792 792 734 734 734 734 750 728 728 704 704 689 689 689 689 641 641 641 616 616 616 616 616 616 616 616 616 590 590 590 590 502 502 502 562 562 502 502 531 539 539 473 473 516 473 473 473 488 473 408 408 459 408 408 408 398 407 407 407 407 293 293 293 293 293 293 338 338 338 293 292 311 292 292 292 247 265 274 247 247 247 247 216 216 216 216 93 93 188 93 93 93 93 140 140 80 80 80 134 125 93 93 106 93 93 39 39 39 39 39 4 4 4 4 22 4 
943 943 915 915 931 915 915 852 852 852 852 888 869 869 853 853 780 780 831 780 780 814 791 791 792 792 734 768 734 611 678 678 678 704 704 689 689 641 641 641 641 641 641 616 616 616 616 616 616 616 552 590 590 590 598 502 502 502 502 502 502 531 531 539 539 473 473 473 473 489 473 473 473 408 408 408 408 408 408 398 398 416 416 398 398 363 363 363 363 293 338 293 293 293 293 235 235 235 247 247 265 247 247 247 247 247 216 216 216 93 93 93 93 93 93 178 93 93 93 150 80 80 80 125 93 93 106 93 94 67 67 39 39 39 4 4 30 4 22 4 
951 951 915 915 888 888 888 888 888 897 888 888 862 862 862 832 832 780 780 780 814 814 791 791 792 792 734 734 734 611 678 741 678 704 704 678 678 641 641 641 641 641 641 652 652 652 652 616 616 616 552 502 502 502 502 502 502 551 531 531 531 531 531 473 473 473 473 473 509 489 489 489 467 467 467 408 408 408 408 432 398 398 398 398 363 363 363 363 363 293 338 338 293 293 293 293 293 235 247 247 247 247 266 247 247 247 216 216 216 93 93 203 93 93 93 93 93 93 93 93 80 80 80 125 93 93 93 93 94 67 67 67 67 39 39 39 30 4 4 4 
951 951 915 915 888 888 888 888 888 897 888 888 862 862 832 832 832 780 780 780 780 780 800 800 792 778 778 734 734 611 678 678 678 704 678 678 678 678 641 641 682 682 678 616 616 616 616 616 616 616 552 502 502 502 502 502 502 551 531 531 531 531 531 473 532 532 473 473 408 408 408 490 467 467 467 408 447 447 408 408 408 408 408 408 363 383 383 363 363 293 293 293 293 293 312 312 293 235 247 247 266 266 266 247 247 247 216 216 210 210 93 93 181 181 181 93 93 93 93 93 126 93 93 93 93 81 81 94 94 67 67 67 67 39 39 39 30 30 4 4 
915 915 915 915 915 888 888 904 904 888 888 888 862 862 832 832 832 832 832 780 780 780 780 780 792 778 779 611 611 611 678 678 678 678 678 678 678 678 678 678 678 678 678 616 620 620 620 616 616 637 552 552 552 552 552 552 551 551 531 531 551 551 551 473 473 473 473 408 408 408 408 408 467 467 467 408 447 417 417 384 384 384 409 409 363 363 363 363 364 293 293 340 302 302 312 293 293 235 235 235 235 235 235 247 247 247 93 93 210 210 210 93 181 182 182 93 93 93 93 151 126 93 93 93 93 81 81 81 81 81 81 39 39 39 39 39 5 5 5 5 
915 915 915 915 915 888 888 888 888 888 888 888 862 862 843 843 843 815 815 815 815 815 780 780 778 778 779 611 683 683 678 678 678 678 678 678 678 678 678 678 609 609 609 616 616 616 620 620 620 620 620 552 552 552 552 552 551 551 578 551 551 560 552 473 473 526 526 408 408 408 498 408 467 408 408 408 447 417 417 384 384 384 384 384 363 363 384 340 340 340 340 340 302 302 302 293 293 293 293 235 235 275 235 235 235 247 247 93 93 93 93 93 181 182 182 93 151 151 151 151 126 126 126 126 93 81 81 103 39 39 39 39 39 39 39 39 5 5 5 5 
915 915 915 915 915 921 921 888 888 889 889 889 843 843 843 815 815 815 828 828 810 810 780 801 778 778 778 611 683 683 678 678 678 678 678 678 715 705 678 678 609 609 609 616 616 616 616 620 620 620 620 620 552 552 599 579 579 551 551 551 552 552 552 491 491 491 491 408 408 498 498 408 467 408 447 447 447 417 417 433 384 384 384 384 384 384 384 340 340 340 350 302 302 323 302 302 302 302 204 204 258 257 257 257 235 235 235 235 93 93 93 181 181 182 182 93 93 93 93 93 149 93 93 93 93 93 81 103 39 74 74 74 39 39 47 23 23 5 5 5 
915 915 915 915 915 921 917 917 843 843 843 843 843 863 863 815 815 828 828 810 810 810 780 780 778 778 778 611 611 683 683 683 739 735 730 678 678 705 678 678 609 609 609 616 616 616 616 620 620 620 620 552 552 599 599 579 579 579 579 552 552 553 553 491 491 491 491 491 491 491 499 408 408 408 417 417 417 417 417 417 417 420 417 371 371 371 385 371 340 340 350 302 339 323 323 302 302 204 204 204 258 258 258 258 236 236 236 236 93 217 93 93 195 189 169 169 169 93 93 93 93 93 135 93 93 93 81 103 39 39 39 39 39 39 47 23 23 23 23 5 
915 915 915 915 915 917 917 918 843 843 843 863 863 863 864 854 815 828 828 810 810 816 810 780 778 778 780 611 611 742 742 683 683 735 730 678 678 678 678 678 609 609 609 616 616 609 609 620 620 620 620 552 552 552 552 552 552 552 552 552 563 533 533 533 533 491 491 491 491 491 491 441 441 441 417 417 417 448 417 417 417 417 417 371 371 371 371 371 340 340 340 302 302 324 324 313 204 204 204 204 276 276 204 204 236 236 236 237 93 93 93 93 93 189 169 81 81 156 156 81 81 110 110 110 110 110 81 81 39 39 68 39 39 23 23 23 23 23 5 5 
922 922 917 917 917 917 843 843 843 863 863 863 863 863 854 854 815 815 815 815 810 810 810 780 780 780 780 611 742 742 742 742 683 683 730 678 678 678 690 690 690 609 609 609 609 609 609 620 620 620 609 609 609 609 552 552 552 552 552 552 563 533 533 533 533 533 491 491 491 491 491 441 441 441 417 417 417 417 417 417 417 417 410 410 371 391 371 371 340 340 340 340 340 313 313 313 204 204 204 204 204 204 204 204 204 249 237 237 204 204 93 93 93 93 169 170 81 81 81 81 81 81 81 81 81 111 81 81 68 68 68 68 68 23 23 23 23 23 5 6 
922 922 917 917 917 843 843 843 843 863 863 890 854 854 854 855 815 815 815 815 743 743 743 743 743 793 781 611 611 611 611 611 611 683 683 683 683 683 683 690 690 609 609 609 609 659 609 609 609 609 609 609 610 610 552 552 552 552 563 563 563 533 533 491 491 491 491 491 491 491 491 491 441 441 417 417 441 441 441 239 239 421 410 410 371 371 371 239 239 239 351 313 313 313 204 204 204 204 204 204 204 259 259 259 204 237 237 238 204 204 204 93 93 93 169 170 127 127 127 127 127 127 127 127 81 111 81 68 68 68 68 68 69 23 41 41 5 5 5 6 
922 922 922 922 932 843 843 843 843 863 863 890 854 854 854 854 815 815 815 815 743 798 798 798 743 743 781 611 611 743 743 743 611 683 683 683 683 683 683 683 683 683 609 609 609 449 449 449 643 609 609 609 610 449 449 449 554 554 554 554 554 554 554 491 491 491 449 449 449 449 449 492 441 441 417 417 441 441 441 239 239 239 418 239 239 239 239 239 365 239 239 313 313 313 204 204 204 204 204 204 204 204 204 204 204 237 204 204 204 204 204 204 169 169 169 170 127 127 127 127 127 127 128 128 81 81 81 68 68 68 82 69 69 23 41 5 5 6 6 6 
922 922 922 922 922 922 922 854 854 854 854 854 854 854 854 854 815 815 829 829 743 743 743 798 798 743 743 611 611 743 751 611 611 683 721 721 683 683 683 683 670 670 670 670 449 449 653 449 449 629 629 449 449 449 600 449 554 554 554 554 554 554 555 491 449 449 449 449 449 449 449 441 441 474 417 417 441 239 239 239 239 239 239 239 392 392 239 239 365 355 239 239 325 325 325 204 204 204 204 204 204 204 204 204 204 204 204 204 204 204 169 169 169 117 117 170 170 127 127 127 117 117 117 117 117 81 81 95 82 82 82 69 69 23 23 5 5 6 24 7 
922 922 933 933 933 854 854 854 854 854 865 865 865 865 865 815 815 829 829 743 743 817 743 794 794 794 743 743 743 743 751 611 683 683 721 683 683 683 683 693 670 670 670 449 449 449 449 449 449 449 449 449 617 449 449 449 554 554 554 554 564 449 449 491 449 517 517 449 449 449 449 441 441 441 441 460 441 239 239 239 239 422 239 239 392 392 239 239 355 355 352 239 325 239 239 306 306 294 294 248 248 277 204 204 211 211 211 211 211 211 169 169 169 117 117 117 117 117 117 117 117 129 129 117 117 81 81 95 82 82 69 69 69 54 23 23 5 6 6 7 
854 854 933 854 854 854 854 919 905 865 865 865 865 815 815 815 829 829 833 743 743 743 743 794 782 782 782 743 743 752 752 611 683 683 683 683 611 611 611 611 670 670 670 449 449 449 449 449 449 449 594 594 617 449 449 449 554 554 554 449 449 449 449 449 449 517 517 517 503 503 449 449 441 441 441 441 441 239 442 239 239 422 239 239 399 355 355 355 355 352 352 239 239 239 239 239 294 294 295 248 248 248 248 248 211 211 211 211 211 211 211 169 169 117 183 117 117 117 117 117 117 117 129 129 95 95 95 95 54 54 54 54 54 54 5 5 5 6 6 7 
854 854 854 854 854 854 854 854 905 865 865 815 815 815 815 815 829 743 743 743 794 794 794 794 782 782 783 756 756 752 752 611 611 611 611 611 611 694 694 611 611 611 611 665 449 449 449 594 449 449 594 594 617 449 449 449 554 554 554 449 544 544 449 449 517 517 517 517 503 503 449 449 478 456 456 441 441 239 442 422 422 422 355 355 355 355 355 355 355 352 352 326 326 333 326 239 294 294 294 248 248 248 248 248 253 211 211 169 169 169 169 169 196 117 183 117 117 117 157 117 117 117 95 95 95 112 95 95 54 54 54 75 70 5 5 5 5 6 6 6 
854 854 854 854 854 854 854 854 898 898 815 815 815 815 815 815 829 743 834 782 782 782 782 782 782 782 756 756 756 752 752 613 613 613 722 722 694 694 694 694 613 613 611 665 665 449 449 594 594 594 594 594 594 594 601 449 449 449 449 449 544 544 544 544 517 517 503 503 503 503 449 449 449 456 456 456 456 239 239 422 422 422 355 355 355 393 355 372 356 356 326 326 326 326 326 239 239 239 294 248 248 248 248 248 248 248 248 169 169 169 169 169 169 117 117 117 117 117 117 117 117 117 95 118 118 95 95 95 95 75 75 75 70 5 6 6 6 6 6 6 
854 944 944 854 854 854 854 898 898 899 815 815 815 815 815 856 743 743 834 782 802 782 782 782 782 782 756 613 613 613 613 613 613 613 613 613 694 613 613 613 613 613 611 665 665 648 648 648 611 611 611 611 611 594 594 594 449 449 534 534 534 545 545 545 540 534 503 503 503 479 479 479 449 449 449 449 449 449 239 239 423 423 355 355 355 355 355 356 356 357 326 326 326 326 278 278 278 239 239 239 239 267 267 218 218 250 218 218 169 169 169 169 169 117 117 117 117 117 117 117 117 142 95 95 95 95 104 104 75 75 75 70 70 5 5 42 6 6 8 8 
854 854 854 854 854 854 844 844 906 844 844 844 878 844 844 856 743 743 782 782 802 782 782 782 782 782 756 613 613 755 613 613 613 613 613 613 613 613 695 695 691 613 611 611 611 648 648 648 611 638 621 621 611 611 595 595 541 541 534 534 534 545 545 545 540 534 503 503 503 479 479 479 457 457 457 457 457 434 434 434 423 423 400 400 400 356 356 356 366 326 326 326 326 326 278 314 278 278 278 278 239 239 218 218 218 218 218 218 218 218 117 117 117 117 117 117 130 130 130 130 130 130 130 130 95 95 70 70 75 75 75 70 48 48 5 5 6 6 8 8 
854 854 907 907 907 870 870 844 844 844 892 844 844 844 844 844 844 743 782 782 802 802 782 782 756 756 756 769 613 613 613 740 740 613 613 695 695 695 695 695 691 613 613 671 611 611 611 611 611 638 621 621 611 611 595 595 541 541 534 534 534 545 545 545 540 534 503 503 503 479 479 479 457 457 457 457 434 434 434 435 423 423 400 400 401 356 356 356 366 326 326 326 326 326 278 278 278 278 239 239 239 239 218 218 218 184 184 184 219 219 117 117 117 117 117 130 130 130 130 130 130 130 131 131 113 113 70 70 70 70 70 70 48 48 48 5 5 9 8 8 
907 907 907 907 907 870 870 870 870 870 892 879 879 870 845 845 845 743 782 782 822 802 802 802 756 784 784 769 756 756 613 613 613 731 731 695 695 695 695 695 691 613 613 623 623 660 611 611 611 621 621 621 541 541 541 541 541 541 534 534 534 534 534 534 534 534 400 400 400 479 479 479 479 457 457 457 434 434 434 430 430 400 400 400 401 367 367 367 334 334 334 334 334 334 278 278 239 239 239 239 239 239 218 218 184 184 184 184 219 219 117 117 117 130 130 130 130 130 158 130 119 119 131 131 113 70 70 70 70 70 70 70 48 49 49 5 5 9 9 9 
907 907 907 907 907 870 870 907 907 870 870 879 870 870 845 743 743 743 782 822 822 756 756 803 756 784 784 769 756 757 613 613 716 716 716 716 716 696 696 696 691 613 672 672 623 623 611 611 611 603 603 603 541 541 541 541 541 541 580 534 534 541 541 534 534 535 400 400 400 400 400 400 400 457 457 461 450 450 430 430 430 400 401 401 401 367 367 367 334 334 334 334 334 278 278 315 239 239 239 239 239 239 239 254 184 184 184 184 219 219 117 171 171 130 130 130 130 130 130 130 119 119 136 132 113 70 70 70 83 70 48 48 48 49 5 5 34 9 9 10 
952 952 907 907 907 870 870 907 893 893 870 879 870 870 845 743 782 782 782 822 756 756 756 756 756 784 784 769 756 696 696 744 716 732 732 696 696 696 699 691 691 613 672 613 613 623 630 630 630 603 603 603 618 541 541 541 568 568 568 568 541 541 541 534 534 535 400 400 504 504 400 400 400 468 468 461 450 450 430 430 430 400 401 386 386 386 367 367 334 334 334 334 334 278 278 278 239 239 239 239 239 239 239 254 254 239 239 184 184 220 117 171 171 130 130 130 119 119 119 119 119 119 136 132 113 114 83 83 83 70 70 70 71 5 5 25 25 25 25 10 
938 938 907 907 907 907 907 907 893 893 870 870 870 870 845 743 782 782 756 756 756 811 811 756 756 769 769 769 756 696 696 744 716 716 716 696 696 696 699 691 691 613 613 613 613 623 623 623 630 603 603 622 612 612 602 541 568 568 568 568 541 541 541 535 535 535 400 400 400 400 400 400 480 468 468 461 400 400 400 430 430 400 401 386 386 386 367 367 334 334 334 334 334 278 278 278 296 296 296 239 268 268 268 239 239 239 239 239 184 184 117 205 171 171 171 171 119 152 152 119 119 119 132 132 113 113 83 83 83 83 83 70 71 5 50 25 25 25 10 10 
938 938 938 938 908 908 908 908 893 893 870 870 743 743 866 743 743 743 756 756 756 756 756 756 756 769 756 756 756 696 716 716 716 716 716 696 696 696 699 673 673 673 613 613 613 623 623 623 630 630 603 603 612 602 602 541 568 568 569 569 541 541 541 535 535 536 400 400 400 400 400 400 400 468 468 461 400 425 400 400 400 400 400 386 386 394 386 367 367 317 317 334 334 316 316 278 278 303 239 239 268 268 268 239 241 228 228 240 228 184 205 205 184 184 184 171 119 152 152 152 119 119 132 119 119 113 87 87 96 87 70 70 71 5 5 35 35 10 10 10 
938 953 938 938 908 923 908 908 908 893 893 743 743 743 743 743 743 743 756 756 756 756 765 765 756 769 756 770 696 696 716 716 716 716 716 716 696 696 673 673 673 673 673 613 613 623 623 623 644 630 630 603 602 602 603 541 568 568 541 541 541 556 541 541 541 400 400 510 510 400 400 493 400 400 461 461 400 425 425 425 400 424 400 386 386 386 386 317 317 317 317 334 334 316 316 316 278 303 239 239 239 268 268 239 241 228 228 228 228 184 184 184 184 144 144 171 119 87 87 87 119 143 119 119 113 113 87 87 87 87 70 70 70 5 5 35 35 10 10 10 
938 938 938 938 908 908 908 743 743 743 743 743 880 871 823 823 823 823 823 823 823 818 765 765 756 756 756 756 696 696 696 696 696 696 696 696 696 706 673 673 673 684 673 613 613 623 623 623 631 631 631 603 602 602 603 541 568 568 541 541 565 556 556 541 541 400 400 510 510 400 493 493 481 400 461 461 400 425 425 425 400 400 400 386 386 395 317 317 317 317 317 335 335 335 327 317 278 303 278 278 239 239 239 239 241 228 228 228 221 221 184 184 197 144 144 171 171 87 87 87 119 119 119 120 113 113 87 87 87 70 70 70 70 5 43 43 11 11 26 11 
954 954 945 743 743 743 743 743 743 743 857 857 857 871 823 823 823 804 804 812 812 818 765 765 765 756 785 756 756 696 696 696 696 696 696 696 707 673 673 673 655 655 673 673 613 613 654 623 623 632 632 603 603 602 603 541 541 541 541 541 565 505 505 505 505 505 400 400 400 400 493 481 481 400 400 400 400 400 425 425 400 400 386 386 386 395 317 317 317 317 317 327 327 327 327 317 278 278 278 278 278 278 260 260 241 241 221 221 221 222 184 184 144 144 144 144 144 87 87 153 87 87 137 120 120 113 87 87 87 70 70 70 70 5 5 5 11 11 11 11 
945 945 945 743 743 743 743 743 743 743 857 857 857 857 857 823 823 804 804 812 812 812 812 804 765 756 756 756 756 696 696 696 696 696 696 696 707 673 673 673 655 655 655 655 655 613 613 613 623 623 623 623 603 603 603 541 541 541 541 565 565 505 546 546 505 505 518 518 505 505 481 481 482 469 469 400 400 400 425 425 425 425 386 386 386 317 317 317 368 317 317 327 327 327 317 317 278 278 278 278 279 279 260 260 241 241 221 221 221 206 206 144 144 190 144 144 144 165 87 87 87 87 87 87 87 113 87 87 87 70 70 76 55 55 44 5 5 31 5 5 
945 945 945 743 743 743 872 872 872 872 872 857 857 857 857 823 823 804 804 804 804 804 804 804 765 756 756 758 758 696 696 745 708 708 708 708 707 707 680 680 655 679 655 655 655 613 613 613 613 613 613 613 613 613 591 591 570 570 570 565 565 505 546 546 505 505 505 505 505 481 481 482 482 426 426 426 426 426 426 426 425 425 374 374 386 317 373 373 317 317 327 327 327 317 317 318 278 278 278 278 279 279 260 260 241 241 241 241 221 206 206 144 144 144 144 144 144 144 144 144 144 144 87 87 87 87 87 97 97 76 76 76 55 55 44 44 5 5 5 5 
872 872 872 872 743 743 872 872 872 872 872 857 857 857 857 857 804 804 804 804 804 804 804 765 765 786 786 758 758 758 708 708 708 708 708 708 708 708 680 680 655 679 679 655 655 613 613 624 624 624 624 624 591 591 591 591 570 570 565 565 565 505 546 546 505 519 519 505 505 481 481 426 426 426 470 426 426 426 426 426 426 374 374 374 386 317 317 317 317 317 327 327 327 317 185 185 185 278 278 185 185 251 251 251 251 251 241 241 221 221 206 206 172 172 172 144 144 144 154 154 144 144 138 121 121 87 87 97 76 76 76 76 27 27 5 5 5 5 5 5 
872 872 872 872 872 872 872 909 909 872 872 881 881 872 846 846 804 837 804 804 819 819 804 765 786 786 786 758 758 758 708 746 708 708 708 708 708 709 680 680 655 655 655 655 655 655 624 624 624 624 624 624 591 591 591 591 591 570 565 565 565 505 505 505 505 519 519 519 511 481 481 426 470 470 470 426 426 426 426 436 426 374 374 374 374 374 317 317 317 317 317 317 317 317 185 185 185 278 278 185 185 251 207 207 207 207 241 241 221 221 207 207 172 172 172 172 172 144 144 144 144 144 138 77 77 76 76 76 76 88 76 76 27 27 5 5 5 12 12 12 
872 872 872 872 872 872 872 872 910 872 872 881 872 872 846 846 804 804 804 804 804 804 804 765 786 786 786 758 758 758 708 708 708 709 709 709 709 709 680 680 680 680 655 655 655 655 624 624 624 624 624 624 591 591 591 591 591 570 570 570 500 500 511 511 511 511 511 511 511 500 500 426 470 470 470 426 426 443 443 436 426 374 374 374 374 374 317 317 317 317 317 336 336 336 185 185 185 185 185 185 185 251 207 207 207 207 207 207 229 207 207 208 172 172 172 172 172 45 45 144 144 144 138 77 77 76 76 76 76 76 76 27 27 27 27 27 5 12 12 12 
946 946 946 872 872 872 872 872 766 872 872 872 872 873 846 846 846 766 766 804 804 804 765 765 787 787 787 771 700 700 709 709 709 709 710 710 710 710 680 680 680 680 655 655 655 661 566 566 566 566 566 566 571 571 571 571 571 571 570 570 500 500 511 511 511 511 511 500 500 500 426 426 470 471 471 426 451 443 443 436 426 426 374 374 402 374 374 374 328 328 328 328 185 185 185 307 307 185 185 185 185 251 251 207 207 212 212 207 207 207 212 172 172 191 172 45 45 45 45 45 122 122 138 77 77 77 77 76 76 77 77 27 27 27 27 27 5 5 5 5 
946 946 947 872 872 872 883 883 766 900 872 872 882 867 867 846 846 766 766 804 824 804 765 765 765 772 772 771 700 700 700 700 709 709 711 711 710 710 680 680 680 680 655 655 655 661 566 566 633 633 633 566 571 571 604 571 571 571 571 571 500 500 500 500 500 500 500 500 500 500 426 426 470 470 472 426 451 451 436 436 411 411 411 411 387 387 374 374 328 328 328 328 185 185 185 185 185 185 185 185 251 251 251 207 207 212 212 212 230 212 212 172 172 191 172 45 166 166 159 45 122 122 89 89 89 89 77 77 77 77 77 27 27 56 27 27 27 32 27 5 
947 947 947 872 872 924 883 883 766 766 894 766 766 867 867 766 766 766 766 804 804 804 765 765 765 772 772 771 700 700 700 700 711 711 711 711 711 711 680 680 680 680 655 655 655 655 655 566 633 625 625 566 566 571 571 571 571 571 571 572 500 500 500 500 500 500 527 375 375 375 375 426 483 470 426 426 452 452 436 436 411 403 403 403 387 387 387 369 369 328 328 328 328 185 185 185 308 185 185 185 251 251 269 255 255 212 212 212 212 212 209 209 172 172 172 45 45 45 159 45 122 122 89 122 122 89 89 77 77 77 77 77 45 45 45 45 27 27 27 5 
947 947 947 872 872 924 883 883 883 766 894 766 766 867 867 766 847 766 766 813 813 813 813 805 765 772 772 772 700 700 700 700 700 700 700 700 700 700 700 680 680 680 680 655 655 656 656 566 625 625 625 625 566 571 571 571 571 571 571 500 500 500 557 500 527 527 527 375 375 375 375 426 426 470 426 462 436 436 436 436 411 411 411 403 403 375 375 369 369 328 328 328 328 328 328 185 185 185 287 185 185 251 255 255 212 212 212 212 212 209 209 185 185 172 172 45 45 45 45 45 122 122 122 122 89 89 89 77 77 77 78 78 45 45 45 5 5 5 5 5 
947 947 947 924 924 924 883 883 883 766 766 766 766 766 766 766 847 766 813 813 813 813 805 805 765 765 773 773 700 700 700 700 700 700 723 723 700 700 701 680 680 685 666 666 666 656 656 566 625 625 625 625 566 571 571 571 585 585 500 500 500 500 500 500 527 512 512 375 375 375 375 375 426 426 426 462 436 436 444 437 411 411 411 411 375 375 375 375 345 345 345 328 328 328 329 185 185 185 287 287 185 251 212 212 212 231 231 231 231 209 185 185 185 185 185 179 173 45 45 45 45 45 45 45 89 89 89 89 89 89 45 45 45 57 5 5 33 33 5 5 
939 939 924 924 934 925 883 883 883 883 766 766 874 874 766 766 766 766 766 766 766 766 805 788 788 765 765 765 765 697 697 697 697 697 723 723 666 666 666 666 666 666 666 656 656 656 656 566 566 566 625 625 566 566 566 566 585 500 500 500 500 500 500 547 512 512 512 512 512 375 375 375 426 426 436 436 436 436 444 437 411 411 411 411 375 388 388 345 345 358 345 345 281 281 281 185 185 185 297 185 185 212 212 209 209 231 231 231 209 209 185 185 179 179 179 179 173 45 45 45 45 45 45 45 45 90 90 90 90 90 45 45 45 45 5 5 33 33 5 5 
939 939 924 924 924 925 883 911 911 883 883 883 874 874 799 799 766 766 766 766 766 766 805 788 788 788 788 697 697 697 697 736 736 697 697 724 666 666 666 666 666 666 666 656 662 662 657 566 566 566 566 626 566 566 566 566 585 500 500 500 500 500 520 520 520 520 520 520 376 376 376 375 375 375 375 375 436 436 437 437 375 375 375 375 375 345 345 345 281 281 353 281 281 281 281 319 297 297 297 185 280 280 261 261 209 232 232 242 209 209 213 185 179 179 179 179 173 36 36 45 45 45 45 45 45 45 107 45 45 45 45 45 45 45 51 5 5 33 13 13 
939 939 939 939 924 925 883 883 883 895 895 883 883 799 799 799 799 799 799 766 766 766 766 766 795 795 697 697 697 697 697 736 736 736 697 724 666 666 697 697 639 639 666 656 662 662 657 566 566 566 566 566 566 566 566 573 573 573 573 573 500 500 520 520 453 453 453 453 376 376 376 375 375 458 458 375 375 375 437 375 375 396 396 375 375 345 281 281 281 281 353 281 281 281 281 297 297 185 185 185 185 185 261 261 209 232 232 232 232 209 213 185 198 173 173 173 173 36 36 45 45 45 45 45 45 45 107 45 98 58 58 58 58 58 36 36 5 33 13 13 
948 948 948 924 924 883 883 883 883 895 883 883 883 799 799 799 799 838 799 766 766 820 766 766 795 697 697 697 697 697 753 736 736 736 697 697 697 697 697 639 639 639 639 656 639 639 657 566 566 566 566 566 566 566 566 566 566 566 566 566 566 453 453 453 453 453 453 453 513 376 376 376 484 458 458 458 458 375 375 375 376 376 396 396 396 396 281 281 281 281 281 281 281 281 281 297 297 185 185 185 185 185 185 261 209 209 209 209 209 209 213 185 198 173 173 173 36 36 36 36 145 145 45 45 45 45 45 45 58 58 36 36 36 36 36 36 5 5 5 13 
924 924 949 924 924 883 883 883 883 883 883 883 883 799 799 799 799 838 799 799 799 799 766 795 795 697 697 697 766 753 753 736 736 736 639 639 639 639 639 639 639 686 639 639 639 639 657 566 645 566 566 627 566 566 566 566 581 581 581 453 453 453 453 453 453 453 453 453 453 453 376 376 484 458 458 463 376 376 445 376 376 376 376 376 376 376 376 376 281 281 281 281 341 281 281 281 281 281 185 185 185 185 185 185 185 243 243 243 209 209 213 185 198 36 36 36 36 160 160 36 36 36 36 108 108 108 108 58 58 58 36 36 36 36 36 36 5 5 5 13 
924 924 924 924 924 926 883 883 883 883 883 883 883 799 799 799 799 799 799 799 799 799 766 766 766 766 766 766 766 753 753 639 639 639 639 639 639 639 639 639 639 686 674 674 639 639 657 566 566 566 566 566 566 566 586 586 581 581 453 453 453 453 558 453 453 537 453 453 514 453 376 376 376 376 376 376 376 376 376 376 376 427 376 376 376 376 389 354 354 354 354 281 341 281 309 309 309 281 185 185 185 185 185 185 185 243 243 185 185 223 185 185 198 36 174 174 174 36 36 36 36 36 36 36 36 36 36 58 58 58 36 36 36 36 36 46 5 5 5 13 
924 924 924 924 924 926 883 883 883 896 896 883 883 799 799 799 799 799 799 799 799 799 799 799 799 766 766 766 766 753 753 639 639 639 639 639 639 639 702 639 639 686 674 674 639 639 639 639 639 639 566 566 586 586 586 586 586 586 453 453 453 453 453 453 514 514 514 514 514 453 453 453 453 453 453 453 453 453 376 376 376 427 376 376 376 376 389 354 354 354 354 281 281 281 309 309 310 281 281 281 281 281 185 185 185 185 185 185 185 185 185 198 198 36 36 36 36 36 36 36 36 36 36 36 36 36 36 36 36 36 36 59 59 59 36 36 36 13 13 13 
