1000 810 810 810 875 875 875 875 875 875 875 875 875 875 875 875 875 824 824 824 824 824 786 786 786 786 786 786 786 786 786 786 725 725 762 725 725 725 725 725 655 655 655 655 655 655 666 666 666 655 630 630 630 630 557 557 588 588 596 588 570 570 570 539 539 539 539 515 515 515 448 448 448 448 448 448 448 448 448 408 408 408 408 408 408 331 331 384 375 331 331 353 331 331 331 310 310 310 281 281 281 253 253 253 200 200 200 200 200 208 208 200 155 155 155 155 155 147 147 147 117 117 117 117 117 94 94 94 94 35 35 35 35 35 35 1 1 1 1 1 
1000 810 976 810 875 875 875 875 946 875 875 875 875 875 867 867 875 824 866 866 824 824 786 786 786 786 786 786 786 786 786 725 725 725 725 725 725 725 731 655 655 655 655 655 693 655 666 666 666 655 630 630 630 557 557 557 588 588 588 588 570 577 539 539 556 540 540 515 515 515 448 448 448 448 448 476 448 448 449 408 408 408 408 408 408 331 375 375 375 331 331 331 331 331 331 310 310 310 281 281 282 253 267 253 200 200 200 230 200 200 200 200 155 155 155 155 155 147 147 147 117 117 83 83 83 94 94 94 95 35 35 35 35 35 35 1 1 1 1 1 
1000 810 976 976 976 875 940 940 940 875 875 875 911 911 867 867 875 824 824 824 824 786 786 786 786 786 800 800 807 786 786 725 763 763 725 725 674 674 674 655 655 655 693 693 693 655 655 655 655 655 630 630 630 557 557 557 588 588 588 570 570 577 539 540 540 540 541 515 515 448 448 448 448 479 479 476 448 448 448 408 408 408 408 408 331 331 331 331 331 331 354 354 281 281 332 310 310 281 281 281 253 253 253 253 253 233 233 230 200 200 209 180 180 155 155 155 155 147 147 83 83 83 83 110 83 83 94 94 83 83 55 55 35 35 35 1 1 1 22 1 
810 810 875 875 875 875 929 929 940 940 929 867 867 867 867 867 875 875 875 824 824 786 786 786 786 786 800 800 807 800 725 725 763 763 725 725 674 674 674 674 674 674 693 693 683 683 683 673 557 557 557 557 557 557 557 557 588 570 570 570 539 539 539 540 540 540 541 515 515 448 448 448 448 385 385 476 448 448 448 408 408 408 408 408 331 331 331 385 331 331 354 355 281 281 281 281 281 281 253 253 253 268 253 253 253 233 230 230 209 209 209 180 180 180 180 155 170 147 147 83 83 83 110 110 118 83 83 83 83 84 55 55 55 55 35 35 35 1 1 1 
810 875 875 921 921 921 929 929 929 929 929 867 867 867 867 867 889 824 824 824 824 824 786 786 786 808 800 800 800 800 725 725 763 763 763 745 745 674 674 674 719 674 693 693 683 673 673 673 557 557 557 557 557 557 557 557 588 570 570 539 539 571 571 540 540 540 494 494 494 494 385 385 385 385 385 463 463 448 448 385 385 413 413 413 385 385 385 385 354 354 354 281 281 281 281 281 281 311 253 253 253 268 268 233 233 233 230 230 209 155 155 155 155 155 155 155 170 83 83 83 83 83 110 110 110 110 105 83 83 55 55 55 55 55 43 43 29 29 23 2 
810 875 875 921 921 921 921 921 947 929 929 867 867 868 867 867 889 824 876 824 824 824 786 786 786 808 800 815 800 725 725 725 725 763 763 745 745 674 674 674 674 674 674 674 683 673 673 667 667 557 557 637 637 557 570 570 570 570 570 539 539 539 539 539 539 494 494 530 494 494 385 385 385 464 464 464 464 385 385 385 385 413 385 385 385 354 354 354 354 356 356 281 281 333 333 253 253 253 253 253 253 253 269 233 233 209 209 209 209 155 155 155 155 155 181 155 155 83 83 83 83 83 124 124 105 105 105 73 73 55 55 55 2 2 43 2 2 2 23 2 
810 875 875 921 921 921 921 921 921 921 930 923 868 868 867 867 867 824 824 824 824 824 824 824 835 808 800 800 800 725 725 725 725 746 746 746 674 674 674 674 674 674 674 674 683 683 667 667 611 611 611 631 631 557 557 589 589 589 589 589 539 539 561 561 539 494 494 494 494 494 494 494 385 385 385 385 385 385 385 385 385 385 385 414 354 354 390 356 356 356 356 356 281 333 253 253 253 253 253 253 283 253 253 233 233 209 209 209 209 155 155 155 155 155 155 155 155 83 83 83 119 119 119 125 105 105 105 73 73 2 2 2 2 2 2 2 36 2 2 2 
810 810 810 810 810 810 810 810 810 921 921 923 868 868 867 867 867 867 867 867 824 847 847 824 835 808 808 808 808 725 725 725 780 746 746 746 746 737 720 720 720 708 708 674 694 683 683 674 611 656 631 631 631 631 557 557 557 589 589 589 582 557 557 557 539 539 539 494 494 494 494 494 494 385 385 385 434 434 434 434 434 421 421 354 354 390 390 356 367 367 333 333 333 333 253 253 253 253 301 253 253 253 253 233 233 209 209 201 201 201 201 201 155 155 155 155 155 155 155 83 119 119 119 125 119 73 73 73 73 2 69 69 2 2 2 2 2 2 3 3 
810 810 810 810 969 969 966 953 810 810 921 921 921 868 868 868 868 868 868 868 824 847 847 824 824 801 801 801 809 725 725 746 746 746 746 746 746 737 720 720 720 708 708 674 674 674 674 674 611 656 631 631 631 631 557 557 557 589 589 589 582 557 557 557 539 539 539 516 516 516 480 480 480 385 385 385 434 434 434 421 421 421 422 354 390 390 391 356 367 368 333 333 346 301 301 253 253 253 301 182 182 182 209 209 209 209 234 201 201 201 201 187 187 187 155 155 155 155 83 83 135 135 119 119 119 73 73 73 73 2 2 2 2 56 2 2 37 2 3 3 
810 810 983 983 953 953 966 953 810 810 810 810 810 810 864 864 864 864 864 864 824 824 824 824 824 801 801 801 801 801 725 725 725 725 747 747 747 737 726 726 714 714 708 611 611 611 674 674 611 656 618 618 618 618 557 609 609 557 557 590 582 557 557 557 539 539 539 516 516 516 480 480 480 480 480 415 415 415 415 421 421 421 422 354 390 390 356 356 367 333 333 333 346 301 301 301 253 253 301 182 182 182 209 209 209 187 187 187 201 201 187 187 193 83 83 83 83 83 83 135 135 111 111 111 111 73 73 73 73 2 2 32 32 56 2 2 37 2 2 2 
933 933 983 983 953 953 953 953 810 810 810 890 890 810 864 864 864 864 864 864 864 810 810 824 824 801 801 801 801 764 764 764 764 764 747 747 737 737 726 726 714 714 708 611 695 611 611 611 611 656 610 610 610 618 557 557 557 557 557 557 582 557 557 557 539 539 539 516 517 517 510 415 415 415 415 415 454 454 415 421 421 421 422 354 401 401 356 367 367 333 333 301 301 301 301 301 312 312 301 182 270 270 270 209 209 187 235 187 187 187 187 187 83 83 164 164 164 164 111 111 111 111 111 111 111 73 73 73 73 32 32 32 32 32 2 2 2 2 2 2 
933 933 933 933 953 953 953 954 810 810 931 890 890 810 864 864 881 881 810 810 810 810 810 810 824 824 824 801 801 764 764 764 781 764 747 747 737 564 564 726 714 714 708 611 611 611 611 656 656 656 644 644 610 618 625 618 572 572 557 557 557 557 557 557 539 539 539 516 516 510 510 415 415 415 481 415 415 415 415 421 421 421 422 354 354 402 356 367 333 333 333 301 301 301 301 301 301 301 301 182 270 182 182 209 209 187 187 187 187 187 187 187 83 83 164 164 164 164 111 111 111 111 111 111 111 111 73 73 73 32 32 32 32 32 2 2 2 2 2 2 
933 933 933 933 954 954 954 954 810 810 890 890 890 810 908 895 810 810 810 810 810 810 848 810 810 810 810 810 810 755 755 755 755 764 764 737 737 564 564 564 564 708 708 611 611 611 611 656 657 657 644 645 610 618 618 618 572 572 557 591 557 557 557 557 539 539 516 516 516 510 510 495 495 415 481 415 415 415 415 415 415 415 415 415 354 354 356 356 333 357 357 357 301 301 301 301 302 302 182 182 182 182 182 182 182 182 226 226 226 83 83 83 83 83 156 156 156 156 156 111 111 111 111 111 111 111 106 73 73 85 73 32 32 32 2 2 2 2 4 4 
933 933 990 933 933 933 933 932 932 932 890 924 810 810 908 895 810 810 810 810 810 810 848 811 811 811 825 810 810 755 755 755 755 755 755 737 737 564 564 564 564 708 708 611 611 611 656 656 657 657 644 644 610 610 610 610 610 572 557 557 557 557 557 557 557 539 516 531 450 450 510 495 495 415 415 415 415 415 428 415 415 428 333 333 354 354 356 356 333 333 357 357 301 301 301 301 301 302 182 182 182 182 261 261 182 182 226 83 83 83 83 83 83 83 156 156 156 156 157 120 106 106 111 111 111 111 106 73 73 73 73 32 32 32 2 2 2 2 4 5 
991 991 933 933 933 933 933 932 932 932 890 890 810 810 810 895 810 810 810 810 810 811 811 811 836 811 811 811 811 755 782 782 737 737 755 755 737 564 564 564 708 708 708 611 611 611 611 611 611 611 644 644 610 610 611 611 611 572 572 572 572 572 572 539 539 539 516 531 450 450 450 450 495 450 450 450 415 415 428 443 428 428 333 333 333 333 333 333 333 333 301 301 301 301 301 301 301 302 302 182 284 182 182 182 182 243 226 83 83 83 83 83 83 83 156 156 157 157 157 120 106 106 106 106 106 106 106 100 74 74 74 32 32 32 6 6 2 2 4 4 
991 991 933 933 933 933 933 932 932 932 932 890 890 896 810 810 810 869 869 856 856 811 811 811 811 811 811 811 812 755 782 782 737 737 737 737 737 738 732 564 626 626 626 626 626 626 626 626 626 611 644 644 610 610 611 611 611 572 572 572 572 572 572 539 539 539 542 450 450 450 450 450 450 450 450 450 450 450 428 428 428 333 333 409 409 325 325 325 333 333 301 301 334 334 334 301 301 285 285 182 284 182 182 182 182 182 226 226 210 210 210 182 182 182 182 157 157 157 120 120 106 106 106 106 106 100 100 100 74 74 74 32 32 32 6 6 38 30 6 6 
991 991 933 933 933 933 933 933 933 933 933 925 890 896 909 849 849 869 869 856 856 811 811 840 811 811 811 811 755 755 782 787 737 737 737 756 748 732 732 564 626 626 675 675 626 626 626 626 626 611 611 611 611 611 611 611 611 572 572 572 572 573 573 539 539 539 450 450 489 489 489 489 489 489 450 450 450 450 450 435 435 333 409 409 409 325 325 325 325 325 360 301 301 325 325 325 320 285 285 182 182 182 271 182 182 182 236 226 226 210 210 182 182 182 182 157 157 157 120 120 120 120 120 120 120 100 100 86 86 74 74 32 32 6 6 6 6 30 6 6 
991 991 977 977 977 933 933 925 925 925 925 925 890 896 896 896 849 869 869 856 856 856 811 840 811 811 811 816 755 802 782 787 737 737 765 756 748 732 732 564 564 626 675 675 675 675 675 675 626 626 626 626 626 632 626 611 611 604 597 562 583 573 573 562 450 450 450 532 489 489 489 502 482 482 482 435 435 435 435 435 333 333 409 416 409 325 325 376 376 325 325 325 325 325 303 303 320 285 285 285 182 182 271 182 182 182 182 182 182 218 182 182 182 157 157 157 157 157 120 120 120 120 120 120 120 86 86 86 86 32 32 32 32 6 6 6 6 6 24 6 
991 991 991 925 925 925 925 925 926 926 926 926 890 890 890 897 849 882 869 856 856 857 811 811 811 831 816 816 755 802 782 782 737 737 765 756 749 732 732 564 564 626 626 626 626 626 626 626 626 626 626 627 626 626 626 604 604 604 597 562 583 562 562 562 450 450 532 532 489 502 502 502 482 482 483 435 451 451 451 444 333 429 409 409 409 325 325 376 376 327 327 327 327 327 303 303 303 285 285 285 182 182 182 182 182 244 182 182 182 182 182 157 157 157 157 157 157 157 120 120 120 120 120 87 87 86 86 86 86 32 32 32 6 6 6 6 7 6 6 6 
1001 991 991 925 912 912 955 955 912 912 912 927 890 890 890 897 849 849 869 869 841 841 816 816 816 816 816 817 755 755 793 782 782 756 756 756 749 727 727 564 564 715 564 564 626 626 564 564 564 564 649 627 627 627 627 604 604 604 597 562 562 562 532 532 532 532 532 489 489 502 502 482 482 482 483 435 451 451 444 444 333 333 403 403 403 403 325 325 376 327 327 327 327 327 303 326 303 285 285 285 182 182 182 182 182 182 182 182 183 183 183 157 157 157 157 165 165 87 87 120 120 87 87 87 87 86 86 86 86 32 32 32 6 6 6 7 7 6 6 7 
925 925 925 925 912 912 912 912 912 941 912 912 912 912 890 890 890 849 849 849 841 841 816 816 816 832 826 755 755 755 793 782 782 756 756 756 749 727 727 727 564 564 564 564 564 564 564 564 564 564 597 597 597 597 597 597 597 597 597 532 532 532 532 563 489 489 489 489 496 496 496 482 482 482 435 435 465 444 444 361 361 403 403 417 403 403 392 325 376 327 327 327 327 327 303 303 303 285 285 285 285 182 182 182 182 182 182 182 183 183 183 183 183 183 183 165 165 87 87 87 143 87 87 87 87 86 86 86 86 32 32 32 64 6 6 7 7 31 7 7 
925 925 925 912 912 912 912 912 912 912 912 912 849 849 898 898 849 849 849 849 841 841 841 841 826 826 826 755 755 755 749 749 749 773 749 749 749 727 564 564 564 564 688 688 688 688 564 564 658 658 597 597 597 597 597 597 597 597 597 532 532 532 532 563 489 489 489 526 496 496 496 496 496 482 435 444 444 444 361 361 361 403 403 403 403 392 392 325 325 325 325 325 338 327 303 303 303 303 303 237 237 237 237 237 237 237 182 182 183 183 183 183 183 183 165 165 171 87 158 87 87 87 87 87 87 87 87 86 86 32 32 32 32 32 32 32 7 7 7 8 
936 925 925 912 978 912 912 912 912 912 912 912 849 849 849 849 849 849 849 849 818 818 818 842 826 826 818 818 755 755 749 749 749 773 749 750 750 727 564 564 564 564 688 688 564 564 564 676 650 650 650 597 597 597 597 597 612 597 597 532 532 532 563 563 489 489 489 526 526 496 503 503 482 482 444 444 466 361 361 445 361 361 361 361 403 392 392 325 325 325 325 325 338 327 327 303 303 303 303 237 286 262 262 262 237 237 182 182 183 183 183 183 188 188 165 171 171 87 87 87 87 87 87 87 87 87 87 86 86 86 32 32 32 32 32 32 32 7 7 8 
936 992 992 912 978 912 912 912 934 934 934 849 849 849 849 891 891 849 870 849 818 858 818 818 818 818 818 813 813 749 749 749 783 749 749 750 727 727 733 688 688 688 688 688 564 677 677 676 650 650 650 597 597 597 597 597 612 597 597 532 532 532 563 563 533 533 533 533 496 496 503 503 482 482 444 444 466 361 436 362 362 361 361 361 361 392 392 325 325 325 325 325 338 338 327 327 237 237 237 237 286 262 262 262 237 237 237 202 202 183 183 159 159 189 165 165 165 165 159 87 136 136 87 87 87 87 87 87 87 87 32 32 32 32 32 44 32 7 7 8 
936 936 936 912 912 912 967 912 934 934 934 849 849 849 849 891 891 849 870 849 818 818 843 843 818 818 813 813 749 749 749 749 783 749 749 727 727 688 688 688 688 688 564 564 564 677 677 677 558 558 558 597 597 612 612 612 612 597 597 558 558 558 558 558 533 533 533 533 496 503 503 503 482 482 444 444 361 361 436 362 362 362 394 394 361 393 393 369 369 369 325 325 335 335 335 237 237 254 254 254 254 254 238 238 238 238 238 202 202 202 211 159 159 159 166 166 166 166 159 87 136 126 126 126 87 87 87 87 88 70 70 70 8 8 8 44 32 32 8 8 
993 993 936 936 912 912 912 912 849 849 849 849 849 849 849 849 849 849 870 849 849 818 818 818 818 818 813 813 749 749 749 749 749 749 749 727 727 688 721 688 688 688 564 564 564 677 677 677 558 558 558 612 612 612 619 619 558 558 558 558 574 574 574 558 558 533 543 496 496 482 482 482 482 482 444 444 361 361 436 436 436 362 394 394 361 361 361 369 369 369 325 325 335 335 237 237 237 237 254 254 287 254 238 254 254 159 159 227 227 202 211 159 159 159 159 159 159 159 159 87 87 126 87 87 87 101 101 101 88 70 70 70 8 8 8 8 8 8 8 8 
993 993 936 936 912 912 912 956 849 942 849 849 849 849 849 849 849 870 870 870 849 818 818 818 818 818 813 813 749 749 749 749 774 774 688 688 727 688 721 688 688 688 564 564 564 689 677 677 558 558 558 558 558 558 558 620 558 592 592 592 574 574 533 533 533 533 543 496 482 482 511 482 482 482 444 444 361 361 446 446 362 362 394 394 394 394 361 361 361 361 361 295 295 295 237 237 237 237 254 254 254 254 238 254 254 159 159 159 228 202 202 202 159 190 174 174 159 159 160 148 87 87 87 87 87 101 52 52 88 88 75 8 8 8 9 9 9 8 8 8 
993 993 936 970 970 970 956 956 849 849 849 849 849 849 849 849 849 870 870 870 849 849 849 818 818 818 818 819 749 749 794 688 688 775 688 688 727 688 721 688 688 709 564 564 564 689 677 677 574 574 574 574 574 574 558 558 558 558 574 574 574 574 533 533 533 496 496 496 482 511 511 482 482 482 361 361 361 455 362 362 362 394 394 394 394 394 394 361 361 361 361 295 295 295 237 237 313 313 254 254 254 254 254 254 254 159 239 159 159 219 159 159 159 190 174 148 148 148 148 148 87 87 87 87 121 52 52 52 52 75 75 8 48 48 9 9 9 9 8 8 
993 993 936 936 936 936 956 913 913 849 849 849 849 849 899 899 883 883 827 827 827 827 827 827 818 818 818 794 794 794 794 688 688 688 688 688 688 688 721 721 721 709 709 659 564 564 564 564 574 574 574 633 633 574 574 558 558 558 574 584 584 533 533 533 533 496 496 496 482 482 482 482 482 482 361 361 361 362 362 362 362 394 394 394 394 394 394 361 361 361 361 256 295 295 295 295 295 295 295 295 254 254 240 240 240 159 159 159 159 159 159 203 174 174 174 148 148 148 148 148 87 137 87 121 121 52 52 52 52 75 75 8 8 48 48 39 39 9 9 9 
993 993 993 936 936 936 936 913 913 849 849 883 883 883 883 883 883 884 827 827 827 827 850 827 827 818 818 794 794 688 688 688 784 739 739 739 739 739 696 696 696 696 710 659 659 659 684 564 574 574 633 633 633 633 574 605 605 605 574 584 584 533 533 533 496 496 496 496 430 430 430 430 430 430 361 361 361 362 362 410 410 410 394 394 410 362 362 362 377 361 361 256 295 295 295 295 295 295 295 256 256 240 240 255 240 240 240 159 159 159 159 159 174 174 148 148 148 148 148 148 87 137 87 87 87 52 52 52 52 89 50 50 49 49 49 39 39 9 9 9 
971 971 971 984 936 936 936 957 913 935 935 883 883 883 883 884 884 884 827 827 827 827 850 827 827 688 688 688 688 688 784 784 784 739 739 739 739 739 696 697 697 696 696 696 696 659 684 564 564 633 633 633 613 613 574 574 574 574 574 584 584 564 564 564 496 496 496 496 430 430 430 430 430 430 361 361 361 456 362 410 410 410 410 410 410 362 362 362 362 362 362 256 256 256 256 256 256 256 256 256 256 272 272 255 255 240 240 159 159 159 159 159 194 174 148 148 148 148 148 148 87 87 87 87 87 107 107 52 52 89 50 50 49 49 49 39 39 9 9 9 
971 995 971 971 936 936 957 957 913 913 913 913 883 883 884 884 827 827 827 827 827 859 827 827 688 688 766 766 766 766 784 784 766 766 766 739 739 696 696 697 697 697 697 697 697 659 684 564 564 633 633 633 613 613 613 574 574 564 564 564 564 564 548 548 548 548 496 496 430 430 430 430 430 490 361 361 361 456 362 362 410 410 410 362 362 362 362 348 348 348 347 347 256 256 314 314 314 256 256 256 256 272 263 263 256 194 194 159 159 159 159 204 194 174 184 148 148 148 148 148 87 87 52 52 52 52 52 52 52 52 50 50 50 50 50 39 39 9 9 10 
971 971 971 971 971 936 936 936 936 936 936 913 913 913 884 884 827 827 827 859 859 859 827 827 688 688 688 766 766 766 766 766 766 702 702 739 739 696 696 696 716 716 659 659 659 659 684 564 564 564 564 613 613 613 613 613 613 564 564 593 534 534 548 548 548 534 534 534 430 430 430 430 484 484 484 430 430 430 430 362 362 362 362 362 386 386 386 348 348 348 347 347 347 339 314 314 314 256 256 256 256 256 263 256 256 194 194 194 194 194 194 194 194 174 144 144 161 161 161 149 87 87 52 52 52 52 52 102 52 52 52 52 50 50 10 10 10 10 10 10 
971 971 971 972 971 971 948 948 948 913 913 913 913 913 852 852 827 827 827 827 827 827 827 827 827 788 788 766 766 795 795 766 766 702 702 739 739 739 696 696 716 716 659 659 698 659 659 678 564 564 564 613 613 613 621 621 564 564 564 534 534 534 534 534 534 534 497 497 497 430 430 430 484 430 430 430 457 457 430 437 437 362 362 386 386 404 386 386 348 348 348 348 348 339 314 321 321 288 288 288 288 256 263 256 256 194 144 144 144 174 174 174 174 174 144 144 144 127 127 149 87 87 52 52 52 52 52 52 52 90 52 52 52 10 10 11 11 11 25 11 
971 971 994 972 972 972 948 958 949 913 913 913 913 913 852 852 865 865 865 871 827 827 827 827 827 788 788 788 797 795 796 766 766 702 702 702 702 702 696 728 696 696 696 659 659 659 659 659 659 659 564 564 613 613 564 564 564 564 564 534 578 578 534 534 497 497 497 497 497 497 497 430 430 430 430 430 430 430 430 370 370 370 370 386 386 404 348 348 348 363 363 245 245 339 314 314 314 314 245 245 245 256 256 256 256 194 144 231 144 144 144 144 144 144 144 144 144 127 127 127 127 127 127 127 52 52 52 52 52 90 52 10 10 10 51 11 11 11 11 11 
996 996 903 903 948 948 948 949 949 901 901 901 852 852 852 852 852 885 865 827 827 827 837 837 837 827 827 788 797 797 702 702 702 702 767 751 751 702 696 696 696 696 696 702 651 651 651 651 651 651 651 564 564 564 564 564 598 598 598 534 534 534 534 534 497 497 497 497 518 518 497 497 497 430 430 430 430 430 430 447 430 430 370 370 370 370 348 348 348 363 363 245 245 245 336 328 245 245 245 296 245 280 257 257 257 194 144 144 144 144 144 144 144 185 185 144 127 127 127 127 128 128 128 52 52 103 103 103 52 52 52 10 10 10 10 10 11 11 11 11 
903 903 903 903 948 973 949 949 950 901 901 901 852 852 852 900 852 852 865 827 827 827 837 837 827 827 788 788 797 797 702 702 702 767 767 751 751 702 702 702 702 702 702 702 651 685 685 668 668 660 638 638 564 564 628 564 564 545 545 545 534 534 534 534 497 497 497 497 497 497 497 497 497 430 430 430 430 430 447 447 430 405 405 405 405 370 348 348 378 348 348 245 245 245 245 328 245 315 274 274 245 280 257 194 194 194 241 144 144 144 144 144 144 144 144 144 127 127 127 127 127 138 128 52 52 103 103 52 52 52 76 10 10 10 10 10 40 11 11 11 
903 903 903 903 948 949 949 959 901 901 901 901 914 914 852 852 852 852 865 865 827 827 851 837 827 833 788 788 797 797 797 702 702 722 722 722 722 740 702 702 702 703 703 703 651 685 685 668 668 660 638 638 564 564 564 564 564 545 545 534 534 534 534 534 534 534 497 497 519 519 497 497 497 491 430 430 467 430 430 430 430 405 423 405 405 370 370 348 348 348 348 245 245 340 245 245 245 315 274 274 245 280 257 257 139 139 139 139 144 144 195 195 195 144 144 144 127 127 127 127 127 138 128 128 52 103 103 52 52 52 76 65 65 57 11 11 11 11 11 11 
903 903 903 948 948 949 949 901 901 901 901 901 901 901 901 901 852 852 852 865 827 838 837 837 827 827 827 788 788 788 788 702 702 722 722 722 722 740 702 702 702 703 640 640 651 640 640 668 668 660 638 638 638 614 614 614 606 606 545 534 534 534 534 534 534 534 497 497 519 512 512 431 431 491 431 431 395 395 438 438 438 405 405 405 405 405 370 370 348 348 245 245 349 340 245 245 315 315 274 274 245 245 257 257 139 242 242 139 139 139 139 167 167 167 175 144 144 150 150 127 127 122 122 129 52 103 65 65 65 65 65 65 57 57 45 45 12 12 12 12 
968 968 903 903 903 949 949 901 901 901 901 852 852 852 852 852 852 886 852 865 827 838 838 838 838 827 827 789 789 789 788 788 702 702 702 757 722 722 734 702 702 640 640 640 640 640 640 640 640 660 614 614 614 614 614 614 606 606 545 585 585 549 549 534 534 535 535 535 512 512 512 431 431 431 431 431 395 395 395 395 395 395 411 411 411 370 370 370 370 370 245 349 349 340 274 274 274 274 274 274 289 245 257 257 139 242 139 139 139 139 139 167 167 167 175 175 144 150 150 150 112 122 122 129 52 52 65 65 65 65 65 71 57 57 45 45 12 12 12 12 
968 968 903 903 903 903 903 901 901 937 937 852 852 852 852 852 852 852 852 865 827 860 827 827 827 827 828 789 789 789 798 702 702 702 702 702 702 722 734 640 640 640 704 704 640 640 640 640 640 660 614 639 639 634 614 614 545 545 545 585 585 549 549 549 549 549 535 535 512 512 512 431 431 431 431 431 395 395 395 395 395 395 395 395 395 370 370 387 370 370 245 349 349 274 274 274 274 274 274 274 289 245 245 245 139 139 139 139 139 220 139 167 167 167 176 176 144 144 150 150 112 112 122 129 122 52 52 65 65 91 12 12 12 12 45 45 12 12 26 12 
968 968 985 985 903 903 903 901 852 852 852 852 852 852 852 852 852 852 865 865 827 827 827 844 827 827 789 789 789 789 798 702 702 776 702 702 702 722 722 722 722 704 704 640 640 640 640 660 660 660 614 639 639 634 614 614 545 545 545 586 586 549 549 549 544 544 544 504 504 504 513 431 431 431 431 431 395 395 395 395 395 395 395 395 395 406 370 370 370 370 245 349 349 274 274 322 322 274 274 297 273 273 273 245 245 245 139 139 139 220 139 205 167 167 176 167 167 144 150 150 112 112 122 122 122 112 52 52 91 91 12 12 12 12 45 12 12 12 12 12 
968 968 968 968 968 903 903 960 852 852 852 915 915 915 902 902 872 872 865 865 865 827 827 803 803 834 789 820 789 789 789 789 702 702 702 752 752 640 640 722 722 704 704 640 690 690 640 640 640 661 614 614 614 614 614 614 614 545 545 545 545 545 565 565 544 544 504 504 527 504 504 431 431 431 431 431 395 395 395 395 395 395 395 395 395 395 395 245 245 245 245 349 349 341 274 322 316 316 274 297 273 273 273 246 246 246 139 139 139 220 139 205 167 167 167 167 167 144 144 112 112 112 112 112 112 112 52 52 52 52 77 12 12 12 45 12 12 13 13 13 
968 968 968 968 968 903 903 903 852 852 852 915 915 915 902 902 872 872 872 872 861 861 803 803 803 803 789 789 789 789 790 790 768 768 768 752 752 640 640 640 640 640 640 640 690 690 640 640 640 640 640 640 614 614 615 615 615 545 545 545 545 545 565 565 544 544 504 520 520 520 504 431 431 492 431 431 431 458 395 395 395 395 395 418 396 396 396 245 245 245 245 350 341 341 274 322 316 316 274 274 273 273 273 246 246 246 139 139 139 139 139 196 196 167 167 167 167 167 144 112 112 112 113 113 112 112 52 52 52 52 52 52 52 12 12 12 12 13 13 13 
968 968 968 968 979 903 903 903 852 852 852 915 915 915 852 852 852 872 872 861 861 803 803 803 803 803 829 789 789 789 758 758 768 768 768 752 752 640 640 640 723 640 640 640 640 640 640 640 635 635 652 640 640 528 528 528 528 594 594 594 545 545 545 545 550 550 504 520 520 521 504 504 477 477 477 477 431 431 431 424 424 424 424 396 396 397 397 245 245 245 245 350 341 341 274 322 304 304 304 274 290 274 274 246 246 246 139 139 139 139 212 196 196 167 167 167 167 167 144 144 144 113 113 113 113 113 52 52 52 53 53 53 52 52 52 46 13 13 14 14 
968 968 986 968 968 968 968 903 903 943 852 852 852 852 852 892 852 877 877 861 861 803 803 803 821 821 829 821 803 803 758 758 758 758 768 752 752 640 640 640 640 640 640 640 640 691 635 635 635 635 635 635 635 528 629 528 528 594 594 594 552 552 552 545 505 505 505 505 505 505 505 505 477 477 452 452 452 452 431 424 424 424 372 372 397 397 398 245 364 364 364 350 350 274 274 304 304 305 305 274 274 274 264 264 232 232 139 139 139 139 139 139 196 167 167 145 145 168 144 144 145 130 130 113 113 114 52 52 52 53 53 53 58 58 46 46 13 13 13 13 
968 968 986 986 961 961 961 961 903 903 903 903 903 903 910 892 852 852 852 861 861 862 803 803 803 821 821 821 803 758 758 758 758 758 758 758 729 729 729 729 640 640 640 699 699 635 635 662 662 662 635 635 635 528 629 528 594 594 594 594 552 552 552 545 505 505 505 505 505 522 452 452 452 452 452 468 468 452 431 431 424 424 372 419 397 397 398 245 245 245 351 351 351 274 337 304 304 264 264 264 291 264 264 265 232 232 232 232 139 139 139 139 196 191 145 145 145 145 145 145 145 130 130 130 15 15 15 96 96 53 53 53 53 53 53 15 15 15 13 13 
961 961 961 961 961 873 873 873 873 873 873 873 873 903 903 892 892 863 852 852 862 862 803 803 803 803 803 803 803 758 758 791 777 777 729 729 729 705 705 705 640 640 711 635 635 635 686 662 669 635 635 635 635 528 528 528 594 594 594 552 552 552 545 545 551 551 505 505 505 452 452 506 452 452 485 468 469 452 452 431 431 431 372 372 397 397 379 379 379 245 351 351 351 274 304 304 304 264 264 264 264 264 265 265 232 247 139 139 139 139 139 139 191 191 145 145 145 130 130 130 130 130 130 15 15 115 15 96 78 78 78 15 15 15 15 15 15 15 27 15 
961 873 873 873 873 873 873 962 873 873 873 873 873 873 903 903 893 863 863 852 852 852 852 803 803 758 758 758 758 758 758 777 777 729 729 741 741 705 705 705 640 640 711 635 635 635 635 662 669 635 646 646 635 635 528 528 528 599 599 552 552 552 545 545 545 545 545 505 505 452 452 452 468 468 468 468 459 459 432 432 439 412 412 372 372 372 379 379 379 245 351 351 274 274 304 304 304 304 264 264 264 265 265 266 232 232 139 139 139 139 139 139 191 191 139 139 145 130 130 130 130 130 130 15 115 115 15 15 97 15 15 15 66 59 15 15 15 15 15 15 
961 873 873 987 974 974 873 962 873 873 873 873 873 873 887 887 893 887 863 863 863 863 758 758 803 758 758 758 758 758 777 777 729 729 769 741 741 741 705 705 724 635 635 635 635 635 635 662 635 635 646 641 641 528 528 528 528 599 599 552 552 552 552 552 545 545 452 452 452 523 452 452 468 468 468 468 432 432 432 432 432 412 412 412 412 372 372 372 372 245 245 245 274 245 245 245 245 248 248 248 248 248 248 248 232 232 139 139 139 139 139 139 139 191 139 139 145 145 145 130 130 130 132 15 15 15 15 15 15 15 59 59 59 59 16 16 16 16 15 15 
961 997 873 987 974 974 873 873 873 873 873 873 873 887 887 887 893 887 878 839 839 839 758 758 758 758 758 758 758 804 777 777 777 742 742 742 742 742 705 705 635 635 712 635 635 635 635 635 635 663 641 641 642 528 528 528 600 600 600 552 552 552 552 552 552 552 452 452 452 452 452 507 468 468 468 468 432 460 389 389 432 432 412 412 388 388 388 388 372 365 365 245 245 245 245 245 245 248 248 298 248 248 275 248 248 248 197 197 197 139 139 206 139 139 139 139 145 145 145 145 145 139 15 15 15 15 15 15 15 15 59 16 16 60 16 16 16 16 16 16 
961 997 873 873 980 963 963 873 873 873 873 888 873 887 887 887 887 887 878 839 839 839 758 758 758 758 758 758 758 804 777 777 777 742 742 735 735 735 735 705 635 635 635 635 635 635 653 653 663 663 641 641 642 528 528 528 600 528 528 528 579 579 528 528 528 528 536 452 452 524 507 507 468 468 432 432 432 460 389 389 389 389 389 389 388 388 388 388 372 371 329 318 318 318 318 318 245 317 248 248 292 258 258 258 258 197 197 197 197 139 139 197 197 139 139 139 139 139 162 139 139 139 15 15 15 15 15 15 15 15 16 16 16 16 16 16 16 16 16 17 
961 961 961 873 873 963 963 873 873 873 873 888 873 887 904 904 887 878 878 839 839 839 839 758 758 758 804 804 804 804 792 792 742 742 742 735 735 735 735 705 635 635 700 700 653 653 653 653 663 663 653 641 642 581 581 528 528 528 601 528 528 528 528 559 559 528 536 536 452 452 507 432 432 432 432 432 432 460 389 433 433 433 425 389 388 388 399 389 372 371 329 318 318 318 318 318 245 245 245 248 248 258 276 197 197 197 197 197 197 197 197 197 172 172 172 152 152 139 139 139 146 140 15 15 108 108 98 98 15 15 16 72 41 41 41 41 41 17 17 17 
998 873 873 873 873 963 963 963 873 873 938 888 873 887 904 887 887 878 878 839 758 758 758 758 804 804 804 804 804 805 792 792 742 742 742 735 735 735 735 705 705 717 700 700 653 653 653 653 670 653 653 641 641 581 581 581 601 601 601 559 559 559 559 559 559 528 528 528 528 452 507 432 432 432 486 432 432 460 389 433 425 425 425 389 389 389 389 389 372 372 329 329 329 318 318 318 318 318 245 245 277 258 258 197 249 249 197 197 197 213 213 172 172 172 172 152 152 152 152 146 146 140 15 15 108 108 98 98 98 16 16 72 41 17 17 17 17 17 17 17 
998 873 873 873 873 873 873 873 873 888 888 888 873 887 887 887 873 873 839 839 758 758 758 758 804 804 778 778 778 778 792 792 742 742 770 680 680 680 730 730 705 717 700 700 700 653 653 653 653 653 641 641 641 581 581 581 601 601 601 559 559 559 559 566 559 537 537 528 528 525 507 508 432 432 432 432 470 389 389 425 425 426 426 389 389 389 373 373 373 373 358 358 329 318 318 319 319 319 306 245 277 277 277 197 197 197 197 197 197 213 213 172 172 186 186 152 152 152 152 151 140 140 15 15 108 108 108 98 98 16 79 41 41 17 17 17 18 18 18 18 
998 998 975 975 873 873 944 944 944 888 888 922 873 873 873 873 873 873 839 839 839 758 758 758 758 758 778 785 785 778 778 778 778 778 770 680 753 680 730 705 705 717 700 700 653 653 679 679 653 664 641 641 641 581 581 581 581 567 567 567 559 559 559 559 559 537 537 537 432 525 507 507 432 442 442 470 470 389 425 425 440 389 389 389 389 389 373 373 373 373 329 329 329 342 293 293 293 293 306 299 207 207 207 207 207 250 197 197 197 172 172 172 172 186 177 177 152 152 152 151 140 140 15 15 108 116 16 16 16 16 17 41 67 17 54 18 18 33 18 18 
998 998 975 975 873 873 944 944 944 944 888 922 916 916 873 873 894 873 873 873 839 839 839 839 839 758 778 778 785 785 785 785 785 770 770 680 753 680 730 705 705 705 705 705 653 653 653 653 653 664 603 603 641 581 581 581 581 567 567 567 580 580 559 559 553 553 529 529 432 432 507 507 432 442 442 442 471 389 389 389 389 389 343 343 389 389 343 343 343 374 329 329 329 342 293 293 293 293 299 299 207 207 207 207 207 250 221 221 221 172 172 172 172 186 177 177 152 152 152 152 140 140 108 108 108 16 16 16 16 17 17 41 17 17 54 18 18 18 28 19 
918 918 975 975 981 975 944 944 888 888 888 922 922 758 758 758 758 758 758 845 845 853 853 845 758 758 822 778 778 806 771 771 770 770 680 680 753 680 680 680 680 680 705 705 653 653 653 653 603 603 603 603 641 581 581 581 581 602 602 567 580 567 567 567 553 554 529 529 529 432 432 432 432 442 487 442 442 442 442 441 441 343 343 343 389 389 343 343 343 343 352 352 329 329 329 329 293 293 299 300 207 207 207 207 207 207 221 221 221 221 172 172 172 172 172 172 172 108 108 108 140 140 108 123 123 16 92 16 16 17 17 17 17 18 18 18 18 18 28 19 
918 918 918 975 975 975 951 951 888 888 888 888 888 758 758 758 758 888 758 845 845 845 845 845 758 758 822 822 778 778 771 771 770 680 680 759 736 736 736 680 680 680 680 706 680 680 680 680 603 647 647 603 641 622 622 622 581 581 581 567 567 567 553 553 553 529 529 498 498 498 432 432 498 442 442 442 472 442 442 441 442 343 420 343 343 400 400 343 343 343 352 352 352 343 251 251 293 293 299 293 293 207 207 207 207 207 221 221 221 221 192 192 192 108 108 108 108 108 108 108 108 108 108 123 16 16 92 92 92 92 18 18 18 18 42 42 42 19 19 19 
918 918 988 988 951 951 951 951 951 939 939 888 888 917 758 758 758 888 758 758 758 854 854 758 758 758 771 771 814 778 771 771 770 770 736 736 736 665 665 665 692 692 680 680 680 681 681 681 603 647 647 603 603 603 603 603 607 607 581 581 581 581 553 553 553 529 546 498 498 498 498 498 498 442 442 442 442 442 442 442 442 343 420 420 343 343 343 343 343 343 352 352 352 343 251 251 323 293 293 293 207 207 207 259 259 207 207 222 222 222 192 192 192 108 108 153 153 153 108 108 108 123 123 123 16 16 92 92 18 18 18 18 18 61 42 42 42 19 19 19 
1002 918 988 988 951 951 918 918 918 939 939 888 888 888 758 758 888 888 879 758 758 758 758 758 771 771 771 771 771 778 771 771 770 770 736 736 736 665 665 665 692 692 692 692 692 681 681 603 603 647 647 647 624 624 603 603 607 575 575 575 581 581 553 553 553 529 529 529 498 498 498 499 499 453 453 453 442 442 442 343 343 343 343 294 294 380 380 380 380 343 343 343 343 343 251 251 323 251 251 251 207 207 207 259 259 251 207 207 207 207 192 192 192 192 108 153 153 153 163 108 108 108 108 108 16 16 92 92 18 18 18 18 18 42 42 42 19 19 19 19 
1002 918 918 989 918 918 918 918 918 918 918 918 918 888 888 905 888 879 879 758 758 758 758 758 771 771 771 771 771 778 771 771 771 771 771 736 736 743 665 665 665 665 707 707 692 692 687 603 647 647 647 647 624 624 603 623 607 607 603 575 587 575 575 568 547 547 529 529 498 498 498 499 499 453 488 453 453 343 343 343 343 343 343 294 294 380 380 380 380 324 324 324 344 344 251 251 323 251 307 251 278 278 278 251 251 251 207 207 223 207 207 192 192 178 178 178 153 153 153 108 108 108 108 108 16 16 16 16 18 18 18 68 68 42 42 42 19 34 19 19 
1002 918 918 989 918 918 918 918 918 918 918 918 918 918 888 888 888 879 879 758 758 771 771 771 771 771 771 771 771 778 771 779 779 779 760 760 754 665 665 665 665 665 707 707 687 687 687 603 603 654 654 624 624 624 603 603 603 603 603 575 575 575 568 568 547 547 462 462 498 498 498 499 499 453 453 453 453 343 343 343 294 294 294 294 294 380 380 380 380 324 324 324 251 251 251 251 251 251 307 251 278 278 278 251 251 251 207 207 223 223 207 207 198 178 178 178 153 169 153 153 108 108 81 99 99 16 16 16 18 18 18 68 62 62 42 42 19 34 19 19 
1002 918 918 989 918 945 945 945 945 945 919 919 919 919 888 888 879 879 879 771 771 771 771 771 771 771 771 771 771 771 771 760 760 760 760 761 754 665 665 665 665 665 665 687 687 603 603 603 603 603 624 624 643 624 624 624 616 608 568 568 568 568 568 569 547 547 462 462 462 514 514 500 500 478 478 453 453 453 453 343 343 343 366 366 294 294 294 381 381 324 324 324 251 251 330 330 294 294 307 251 251 251 251 251 252 252 214 214 214 214 214 198 198 178 178 178 153 153 154 154 81 81 81 99 99 16 16 16 18 18 18 18 62 63 42 42 19 19 19 20 
1002 918 918 989 918 918 964 964 945 945 919 919 919 879 879 879 879 880 880 771 771 771 771 771 771 823 771 771 771 771 799 760 760 744 744 744 754 665 665 665 665 718 665 687 701 603 671 603 603 603 624 624 624 624 608 608 616 608 568 595 576 576 576 569 547 547 462 462 462 462 500 500 501 478 478 461 461 461 343 343 343 343 366 366 294 294 294 381 381 324 324 324 330 330 330 330 294 294 294 294 294 252 252 252 252 214 214 224 224 224 198 198 198 178 178 153 153 153 153 81 81 81 81 131 99 99 16 16 80 80 80 18 62 63 42 42 21 21 21 20 
918 918 918 918 918 918 964 952 952 879 879 919 919 879 879 879 879 880 880 771 771 771 771 771 823 823 830 823 771 713 713 760 760 744 744 744 754 665 665 665 665 665 665 687 603 603 671 603 603 665 636 636 636 636 608 608 608 608 568 568 576 576 576 547 547 547 547 462 462 462 501 501 501 478 478 478 383 383 343 343 343 366 366 366 407 407 294 381 381 324 324 324 330 330 330 330 294 294 308 252 252 252 279 252 252 214 224 224 225 225 198 198 198 178 178 153 153 153 153 81 81 81 81 81 81 99 99 99 99 81 81 18 62 21 21 21 21 21 21 20 
918 918 918 964 918 918 964 965 879 879 879 928 906 906 879 879 879 874 874 874 846 846 855 771 823 823 823 823 771 713 713 772 772 744 744 744 744 744 665 665 665 665 665 687 687 687 671 671 671 665 636 636 636 636 608 608 568 568 568 568 576 576 547 547 560 547 547 538 462 462 501 501 493 493 473 473 473 383 383 383 383 366 366 366 366 366 294 382 382 294 294 324 324 324 324 324 324 294 308 252 252 252 279 214 260 214 224 224 225 215 215 198 198 153 153 153 173 134 134 141 141 141 81 81 81 109 109 81 81 81 82 18 18 21 47 21 21 21 20 20 
999 964 964 964 964 964 964 879 879 879 879 928 906 906 906 906 879 874 874 846 846 846 846 771 771 823 823 771 771 713 713 772 772 744 744 744 744 665 665 665 665 665 665 665 665 665 665 665 665 665 636 648 636 636 608 608 568 568 568 568 547 547 547 547 547 547 538 538 462 462 462 462 493 473 473 474 474 383 383 383 383 427 427 366 366 366 294 294 294 294 294 359 324 324 324 324 294 294 252 252 252 252 279 214 260 214 229 229 215 215 216 199 199 153 153 153 134 134 134 134 133 142 133 81 81 109 81 81 93 18 18 18 18 21 47 47 21 21 21 21 
999 964 964 964 964 964 964 879 879 879 879 879 879 879 879 907 879 846 846 846 846 846 846 846 771 823 823 771 771 713 713 713 772 772 772 744 744 665 665 665 713 713 713 672 672 665 665 682 672 636 636 648 636 636 617 617 617 547 547 547 547 547 547 547 547 547 538 538 462 462 462 462 462 473 462 462 475 383 383 383 383 383 383 366 366 366 366 366 366 366 294 294 345 345 294 294 294 309 252 252 252 252 279 214 214 214 229 229 229 216 216 199 199 153 153 153 134 134 134 134 133 133 133 81 81 81 81 104 93 18 18 18 18 21 47 47 21 21 21 21 
999 999 964 964 982 964 964 879 879 920 920 920 920 920 879 879 879 846 846 846 846 846 846 846 771 771 771 771 771 713 713 713 713 713 713 713 713 713 713 713 713 713 713 672 672 672 672 672 672 636 636 636 636 636 617 617 617 547 547 547 547 547 555 555 555 555 538 538 462 462 462 509 462 462 462 462 462 462 383 383 383 383 383 383 383 383 383 383 383 366 366 294 294 294 294 294 294 309 309 252 252 252 252 252 252 252 229 229 216 216 217 199 199 153 153 179 134 134 134 134 134 134 134 81 81 104 104 104 93 93 18 18 18 21 21 21 21 21 21 21 
