946 946 954 946 830 830 830 909 909 909 864 864 864 864 864 864 846 846 786 786 786 786 786 786 786 786 740 740 740 740 740 705 705 719 684 684 684 684 684 637 637 637 662 662 637 637 637 637 530 530 615 530 530 530 530 559 559 559 559 559 540 540 540 497 497 497 512 472 472 472 472 472 416 416 416 416 416 416 416 416 350 350 397 350 350 350 350 350 311 311 274 274 274 274 310 310 274 274 274 274 274 259 259 232 232 232 232 201 201 201 204 144 144 144 144 144 144 144 144 144 137 113 113 113 113 85 85 85 85 36 36 36 36 36 36 42 1 1 1 1 
946 946 946 946 830 830 830 830 864 864 864 864 864 846 846 846 846 847 786 786 786 671 671 671 786 786 740 740 740 740 740 705 705 705 684 704 704 684 684 637 637 637 662 662 637 533 533 533 530 530 530 530 530 530 530 530 560 560 560 560 540 540 497 497 497 497 512 472 472 472 472 472 416 416 416 416 417 417 417 417 350 350 350 350 377 377 368 350 311 311 274 274 274 274 274 274 274 285 285 274 274 259 259 232 232 232 232 201 201 201 201 144 144 144 137 137 137 137 137 137 137 113 113 85 85 85 26 26 36 36 36 36 36 36 36 42 1 1 1 1 
946 946 946 830 830 830 830 830 864 864 864 864 838 838 873 846 846 818 818 786 786 671 810 671 671 671 705 705 705 752 705 705 705 705 684 684 684 684 684 684 637 637 663 663 637 533 533 533 530 530 530 530 530 599 590 530 560 560 561 561 497 497 497 497 497 497 512 497 497 472 472 472 472 416 440 440 417 417 417 417 350 350 350 350 350 368 368 350 350 311 332 332 274 274 274 274 274 285 285 274 274 251 251 251 170 170 170 170 170 170 201 144 144 144 137 137 137 137 137 137 138 85 85 85 85 85 26 26 36 36 36 70 36 36 36 36 36 1 1 1 
946 946 946 830 830 930 830 838 838 910 838 838 838 838 838 838 838 818 818 818 818 671 804 804 671 671 705 772 705 705 705 705 705 705 705 684 684 690 690 637 637 637 637 637 637 642 533 533 533 530 530 590 590 590 590 530 560 560 561 561 497 497 497 497 530 497 512 497 416 416 416 416 416 416 440 440 440 417 351 351 350 350 350 350 350 368 368 350 350 311 332 274 274 274 274 311 267 267 267 267 267 251 170 170 170 226 170 170 170 170 201 144 144 144 185 137 137 137 137 137 85 85 85 85 85 26 26 26 26 26 26 26 36 36 36 36 36 1 1 1 
937 937 937 937 937 830 830 838 838 838 838 830 830 830 830 865 838 838 838 830 818 671 804 804 671 787 705 705 705 705 705 705 705 705 705 705 705 690 690 637 637 637 664 664 642 642 533 533 533 621 590 590 590 590 590 530 530 530 530 530 530 497 497 530 530 497 497 497 416 459 459 459 459 459 440 440 418 418 351 351 351 351 351 351 351 351 351 351 351 311 311 274 274 274 274 311 267 267 267 267 267 251 170 170 170 226 226 170 170 208 201 201 129 129 129 129 129 163 154 145 85 116 116 116 85 26 26 26 26 26 26 26 26 26 26 26 26 26 1 1 
937 962 937 937 938 830 830 838 830 830 830 830 773 773 830 865 830 830 830 830 818 671 671 804 671 671 705 705 705 705 705 705 705 711 711 711 665 665 665 665 637 637 664 664 642 533 533 533 533 621 590 590 590 533 533 533 562 530 530 562 530 530 530 530 416 416 497 497 416 459 459 459 460 460 448 440 418 418 351 351 351 402 351 351 351 351 369 345 345 345 311 311 311 311 311 311 301 267 267 267 267 251 251 251 170 170 226 226 129 129 129 129 129 175 175 175 129 129 154 145 85 116 85 85 85 26 26 26 26 26 26 26 26 37 37 37 37 2 2 2 
937 962 937 937 916 916 830 830 830 830 888 888 773 773 830 830 830 805 805 805 818 818 671 671 671 671 671 671 671 705 732 732 705 711 711 712 665 665 665 665 637 637 670 642 642 533 632 632 632 533 533 533 533 533 591 533 562 562 562 562 530 530 530 416 416 416 416 416 416 459 459 460 460 448 448 440 418 418 418 418 351 351 351 351 351 345 345 345 346 346 311 311 320 320 311 311 301 267 281 281 267 251 251 170 170 170 227 227 129 129 129 129 164 164 164 164 164 129 129 145 85 85 85 85 85 105 100 26 26 26 26 37 37 37 37 37 37 2 2 2 
937 916 916 916 916 916 923 830 830 830 888 888 888 773 831 831 805 805 839 805 805 805 805 671 671 671 671 671 671 705 732 705 705 711 711 712 665 665 691 665 637 637 670 642 652 533 533 533 533 533 591 591 591 591 591 533 562 562 533 533 530 530 530 416 524 524 416 416 416 416 416 460 460 448 440 440 418 418 418 418 370 370 370 351 351 345 345 312 312 312 312 312 320 312 312 312 301 267 267 267 267 267 170 170 186 186 186 186 186 129 129 129 164 129 129 129 164 164 129 129 85 85 85 105 105 105 100 26 26 26 26 37 37 56 37 37 2 2 2 2 
937 916 916 916 916 916 916 916 903 903 888 888 888 773 831 831 805 805 805 805 805 805 805 671 671 671 671 741 741 705 705 705 711 711 717 677 677 665 665 665 637 637 637 642 642 642 642 591 591 591 591 605 605 592 592 533 533 533 533 533 530 530 416 416 416 416 416 416 416 416 416 370 370 448 440 440 440 418 418 418 370 403 370 370 370 345 345 312 312 312 312 312 320 312 301 301 301 267 267 267 267 267 170 252 186 186 186 186 186 129 129 129 129 129 186 129 129 129 129 129 85 85 85 105 100 100 100 2 2 26 26 37 37 37 37 37 2 2 3 3 
937 937 937 916 916 903 903 903 903 903 903 888 888 773 831 866 831 831 831 831 805 805 805 805 671 671 741 741 741 753 733 733 711 711 717 677 677 698 665 665 637 637 637 642 642 643 643 591 569 569 605 605 592 592 533 533 533 533 568 533 533 533 416 416 416 416 416 504 370 370 370 370 370 370 440 440 440 418 418 418 370 370 393 393 370 370 370 312 312 312 312 312 312 312 301 301 301 267 267 267 268 268 170 170 170 170 218 218 186 186 186 186 129 129 186 129 129 165 129 129 85 85 100 100 100 2 2 2 2 2 37 37 37 37 48 43 2 2 3 3 
937 937 937 916 916 903 903 903 903 903 773 773 773 773 831 831 831 848 840 832 805 805 805 805 797 671 671 671 741 753 733 711 711 711 717 677 677 677 665 665 665 637 637 642 642 643 643 591 569 569 569 569 592 592 533 533 533 533 533 533 533 533 533 533 370 370 370 370 370 473 473 473 473 370 449 370 370 370 370 418 370 370 370 370 352 352 352 352 352 312 312 312 312 316 316 267 267 267 267 267 268 268 196 196 243 170 218 218 218 170 170 186 186 186 186 129 129 129 129 129 129 129 2 117 114 2 2 2 2 2 2 2 2 2 2 43 2 19 19 4 
955 955 955 916 916 931 903 903 903 903 773 773 773 773 840 840 840 840 840 832 797 797 806 806 797 780 780 671 741 741 741 711 725 711 711 677 706 677 677 677 665 665 665 665 591 591 591 591 569 569 569 569 592 592 533 533 533 533 533 533 533 545 533 533 370 370 370 370 370 370 370 474 474 370 370 370 423 423 370 370 370 370 370 370 352 352 352 334 334 334 312 312 316 316 316 267 267 267 267 196 196 196 196 196 243 170 170 170 219 170 170 129 129 129 129 129 146 146 146 146 130 130 2 114 114 2 2 2 2 2 2 2 2 57 2 2 2 19 19 4 
955 955 956 850 850 931 903 903 903 903 904 773 773 773 773 867 840 840 832 832 797 797 797 797 797 780 780 671 671 742 742 711 711 711 711 677 706 677 677 677 677 677 665 665 591 622 622 569 569 569 569 569 569 569 569 569 569 569 569 534 534 534 370 370 370 505 505 370 370 370 370 474 474 446 446 446 423 423 423 370 408 370 370 370 378 352 352 334 334 334 334 316 316 321 316 267 267 267 267 196 196 196 260 196 196 196 233 170 170 170 170 129 129 129 129 129 129 129 129 129 130 130 2 114 2 2 81 81 81 71 71 71 44 44 44 44 4 4 4 4 
966 956 956 850 850 850 850 850 850 850 904 850 850 860 773 773 773 849 832 832 797 797 797 797 773 773 773 773 671 742 742 711 711 711 711 677 677 678 678 685 677 677 665 665 591 622 622 569 569 569 569 569 569 593 593 534 534 534 534 534 551 534 370 370 370 505 505 505 498 370 370 475 475 446 446 409 423 409 409 370 370 370 370 370 378 378 334 334 334 334 334 316 316 316 316 302 302 267 267 196 196 196 260 196 196 196 196 196 196 196 170 170 170 129 129 129 129 147 147 129 129 130 2 2 2 106 81 81 81 71 71 71 44 44 44 44 4 4 4 4 
966 956 956 850 850 850 911 850 850 850 850 850 850 860 773 773 773 773 832 832 797 797 797 797 773 774 774 774 671 743 743 734 677 677 677 677 677 678 678 678 678 678 591 591 591 622 622 622 622 622 569 569 569 593 593 534 576 576 534 534 551 534 370 370 370 498 498 498 498 370 370 475 475 446 446 409 409 409 409 409 409 398 398 379 379 379 334 364 261 261 261 261 317 317 317 302 302 261 261 269 269 269 196 196 196 196 196 209 209 196 196 196 170 170 170 170 170 147 147 147 129 2 2 2 115 106 92 92 81 81 44 44 44 44 49 4 4 4 4 4 
966 939 939 939 850 850 911 911 911 911 896 896 850 860 860 860 860 773 773 797 797 797 797 797 773 774 774 774 671 671 671 734 677 677 677 677 678 678 678 678 678 679 591 591 591 534 534 638 534 534 534 534 534 534 534 534 563 563 563 563 551 534 541 534 370 498 498 411 411 411 489 435 435 435 450 409 409 409 424 409 409 398 379 379 379 379 334 334 353 286 286 261 261 261 261 261 261 261 261 269 196 196 196 253 196 196 196 209 209 209 155 196 196 155 155 155 155 147 147 129 129 2 2 2 106 106 92 93 81 81 44 65 44 44 49 4 4 4 4 5 
939 939 957 939 896 896 896 911 911 896 896 897 850 850 850 850 850 850 773 797 797 797 797 797 773 774 774 774 671 671 671 671 671 671 677 677 678 678 678 678 678 679 591 644 534 534 534 534 534 534 534 586 586 586 586 586 563 563 551 551 551 534 534 534 370 411 411 411 499 411 489 435 476 435 435 409 409 409 394 394 394 398 379 379 380 380 334 334 286 286 286 286 261 261 261 261 261 261 261 261 196 196 196 196 244 196 196 209 209 210 155 155 155 155 156 156 155 155 155 129 129 129 2 2 106 92 92 93 44 44 44 65 65 7 7 5 5 5 5 5 
939 939 939 939 896 896 896 896 896 896 905 897 868 868 868 868 850 850 773 773 773 773 773 773 773 764 764 764 764 720 720 720 720 671 671 671 671 671 671 680 680 591 591 644 534 647 534 534 534 534 534 586 600 600 586 586 563 563 551 551 551 534 534 535 370 411 411 411 411 411 411 435 435 435 435 435 435 435 394 404 394 394 399 379 379 381 334 286 286 347 286 286 261 261 261 261 261 261 261 261 261 197 197 196 196 196 209 209 209 155 155 155 156 156 156 156 156 156 156 129 129 129 2 2 92 92 101 44 44 44 7 7 7 7 7 5 5 5 5 5 
963 939 939 939 939 852 852 852 897 897 897 897 868 868 720 720 720 851 773 773 720 720 720 720 720 764 764 764 720 720 744 720 720 720 671 671 699 699 671 680 680 680 671 644 534 534 534 594 594 616 616 586 586 586 586 563 563 577 551 551 551 370 370 370 370 411 411 411 411 411 411 435 435 435 411 411 329 329 329 404 410 394 394 394 379 334 334 286 286 286 286 286 318 318 318 261 261 292 261 261 261 197 197 239 239 239 205 205 205 155 155 155 156 156 156 156 156 129 129 129 129 129 2 2 101 101 101 44 44 44 44 58 58 7 7 7 7 5 5 5 
963 939 939 939 852 852 852 852 897 897 897 897 720 720 720 869 720 720 720 833 720 720 720 720 720 720 764 764 720 727 720 720 726 720 700 707 699 699 671 671 671 671 671 644 644 644 644 594 594 594 594 594 594 594 594 563 551 551 551 370 370 370 542 370 370 513 513 492 492 411 411 481 411 411 411 411 411 411 329 404 404 404 379 379 379 334 333 333 333 286 286 286 318 318 318 261 261 261 261 261 261 261 197 239 239 239 205 205 205 205 205 197 197 156 156 176 156 129 131 131 129 129 94 94 94 94 94 94 44 82 44 58 58 7 7 7 7 5 20 5 
963 963 939 939 852 852 852 852 852 852 852 852 852 852 852 852 852 852 720 720 720 720 798 798 798 720 720 720 720 727 720 720 720 720 700 707 707 700 692 671 671 671 653 653 653 639 639 594 633 594 594 594 594 563 563 563 551 551 551 370 552 370 370 461 461 461 514 492 492 492 411 411 411 461 441 441 441 411 329 329 329 329 379 379 379 334 333 333 333 286 286 286 286 286 286 286 261 261 282 282 275 261 197 197 197 197 197 197 220 205 205 197 198 156 156 156 156 129 131 131 131 131 94 94 94 94 102 44 44 82 44 44 58 58 7 7 7 5 20 5 
932 932 932 940 940 852 852 852 852 912 852 852 853 853 874 853 853 853 720 720 720 720 798 754 754 754 754 754 765 727 735 735 720 720 700 700 700 700 692 671 671 671 653 653 653 639 639 594 594 594 594 594 594 563 563 563 551 551 551 370 370 370 370 370 506 461 461 461 461 461 461 461 461 461 441 441 441 411 411 419 411 329 329 382 382 334 371 333 333 333 333 333 329 286 286 286 261 261 275 275 275 261 197 197 245 197 197 197 197 197 197 197 198 156 177 177 171 129 129 139 139 94 94 94 94 94 102 44 82 82 44 44 59 59 7 38 38 5 20 5 
932 932 932 940 924 924 852 852 852 912 825 825 825 853 853 853 861 798 798 798 798 798 798 754 788 788 754 754 727 727 735 735 727 571 571 571 571 571 692 671 671 672 672 666 654 639 639 639 594 594 594 594 595 595 563 563 570 570 370 370 553 370 370 370 506 515 515 493 493 493 425 425 425 425 425 425 425 425 411 411 411 329 329 382 382 334 371 333 333 334 334 334 329 286 286 286 286 286 275 275 275 261 261 245 245 197 197 228 197 211 198 198 198 156 177 177 171 129 129 139 94 94 94 94 94 94 102 44 44 44 44 59 59 7 7 38 5 5 20 5 
932 932 932 940 924 924 924 852 852 825 825 898 825 825 825 825 798 798 824 824 798 798 811 754 788 789 754 775 727 727 727 727 727 571 571 571 571 571 692 666 666 666 666 666 654 639 639 639 594 594 617 594 594 595 595 570 570 570 570 370 370 370 536 536 506 515 515 493 493 493 425 477 477 425 425 425 425 425 425 329 329 329 329 382 382 334 334 334 334 334 329 329 329 286 286 286 286 286 275 275 275 229 229 245 229 229 197 197 197 211 198 177 177 177 177 177 171 129 157 94 94 132 94 94 94 94 102 95 59 59 59 59 66 7 38 38 5 20 20 5 
932 932 932 932 932 932 917 917 825 825 825 825 889 825 825 825 825 825 824 824 754 754 754 754 754 754 754 775 736 736 745 736 571 571 571 571 571 692 692 666 666 654 654 667 654 639 639 639 594 594 617 609 594 594 594 570 570 570 570 370 370 507 507 507 506 506 516 506 425 425 425 477 477 425 425 425 425 426 426 329 329 329 329 382 382 382 329 329 354 329 329 329 329 286 286 286 286 286 286 229 229 229 229 229 229 229 197 197 211 211 198 177 177 177 177 171 171 129 129 94 94 94 121 94 94 94 94 95 59 72 72 72 7 7 38 38 5 5 5 5 
917 932 917 917 917 917 917 825 825 825 825 825 889 825 825 825 825 825 824 824 754 819 754 754 754 754 754 754 736 736 736 736 571 721 571 571 571 571 571 571 654 654 654 654 654 571 571 571 571 571 571 609 594 594 594 570 570 570 570 370 370 507 507 507 507 506 506 506 425 490 490 425 425 462 425 425 425 426 426 329 329 329 329 329 329 329 329 329 354 329 313 313 313 313 286 286 286 286 287 229 229 229 229 229 229 229 197 197 211 211 198 198 198 177 177 171 171 129 129 129 140 94 94 94 83 83 83 83 59 59 59 59 7 50 50 6 6 6 5 5 
917 917 917 925 925 925 925 825 913 825 825 825 889 825 825 841 825 825 824 824 754 754 754 781 781 781 781 754 736 736 736 736 571 721 571 571 571 571 571 571 654 571 571 655 655 571 596 596 571 571 571 609 594 594 571 571 571 571 571 554 554 507 507 525 507 507 507 507 425 425 425 425 425 462 425 436 436 436 329 329 329 329 329 355 355 329 329 329 329 329 313 313 330 313 286 286 286 286 287 229 276 262 262 229 229 229 229 229 211 211 198 198 198 180 180 171 171 129 129 129 83 83 94 94 83 83 83 83 86 59 59 59 7 7 7 6 6 6 21 6 
917 917 958 925 925 925 925 825 825 825 825 825 825 882 875 841 825 825 824 824 824 754 754 781 766 766 766 754 754 754 736 736 571 571 571 571 571 571 571 571 571 571 571 571 571 571 596 596 623 623 571 609 594 594 571 571 571 554 554 554 543 543 543 525 525 525 494 494 500 451 451 451 425 425 425 405 405 405 329 329 329 355 355 355 355 355 355 355 355 313 313 313 313 313 313 313 293 293 229 229 276 262 262 229 229 230 230 230 211 211 198 198 198 180 172 172 172 83 83 83 83 83 94 94 83 83 83 83 83 83 59 59 7 7 7 45 6 6 6 6 
967 899 899 925 925 933 899 899 899 899 899 899 825 882 875 841 825 825 841 754 754 754 766 766 766 790 766 766 766 722 722 722 722 722 571 571 571 571 693 686 571 571 571 571 571 571 596 596 623 623 571 571 594 571 571 571 571 554 554 554 543 543 543 525 525 494 494 494 500 451 451 451 463 463 451 405 405 405 405 405 355 355 383 383 383 383 356 356 356 313 313 313 313 313 313 314 293 229 229 262 262 262 262 254 229 230 230 180 180 180 206 180 180 180 172 172 172 83 141 141 141 83 83 83 83 83 83 83 7 7 59 59 7 7 7 45 6 6 6 6 
967 899 899 899 899 899 899 918 825 825 825 825 825 882 875 841 841 841 841 754 754 754 766 790 790 790 766 766 754 722 722 722 728 571 571 686 686 686 686 686 571 571 571 571 571 571 596 596 596 596 596 571 571 571 596 501 501 554 554 554 555 546 517 517 526 494 494 494 494 494 451 451 451 451 451 405 405 405 405 405 355 355 383 383 383 383 356 356 313 313 313 293 293 293 293 293 293 229 283 262 262 229 229 254 229 230 230 180 212 180 180 180 96 96 173 172 172 83 141 118 118 118 83 83 83 83 7 7 7 7 7 59 7 7 7 7 7 6 6 6 
967 899 899 941 941 899 899 899 825 825 825 825 890 875 875 825 825 825 825 834 825 754 766 754 754 754 754 754 754 722 722 722 571 571 686 686 686 686 686 668 668 668 668 668 571 571 596 596 596 624 596 596 571 571 596 501 501 554 554 554 555 546 517 517 526 526 494 494 494 494 451 451 451 464 452 405 427 427 427 405 405 355 355 355 355 355 355 355 313 313 313 293 293 293 293 293 229 229 283 283 229 229 229 229 229 240 180 180 212 212 96 96 96 96 173 173 173 83 83 118 118 118 83 83 83 107 7 87 87 7 7 59 59 7 7 46 7 7 7 7 
899 899 899 941 942 899 899 899 899 825 825 825 825 883 825 825 854 854 825 825 825 754 754 754 791 791 767 767 767 722 722 722 723 723 686 686 686 686 686 668 628 628 628 628 628 628 596 596 624 624 618 596 596 596 596 501 501 554 554 527 527 546 517 517 526 526 420 420 491 491 452 452 452 452 452 405 405 405 405 400 400 400 400 355 355 355 355 355 357 339 339 293 293 293 293 293 229 229 283 283 229 229 229 240 240 240 180 180 180 213 96 96 191 96 96 96 96 158 83 83 118 118 118 118 83 83 7 87 87 7 7 7 7 7 7 7 22 22 22 8 
899 899 899 941 899 899 899 899 899 900 900 900 825 825 825 807 807 807 835 835 807 807 807 791 791 791 767 722 722 722 723 723 723 658 658 658 658 658 658 668 628 628 656 656 656 624 624 624 624 618 618 596 596 501 501 501 501 501 501 527 527 546 517 517 517 517 517 420 491 491 452 452 452 453 453 405 405 405 405 400 400 400 400 355 387 355 355 339 339 339 339 293 293 293 293 293 303 229 229 229 229 229 229 240 240 241 199 199 180 180 180 96 191 191 96 96 96 158 158 83 83 83 83 119 83 83 7 87 87 7 7 7 7 7 7 7 22 22 8 8 
947 947 899 899 899 899 899 899 899 900 884 884 884 884 807 807 855 807 807 807 807 807 807 791 791 791 767 722 722 722 722 658 658 658 701 701 701 701 658 668 668 628 628 628 624 624 624 624 625 618 618 501 501 501 597 527 527 527 527 527 527 546 517 517 517 420 420 420 491 491 491 478 478 453 453 405 442 405 405 400 400 400 400 355 355 355 372 339 339 339 339 293 293 293 293 293 270 270 270 270 270 270 246 246 246 199 199 199 180 180 180 96 178 178 187 96 96 166 109 109 109 109 83 83 83 108 7 87 7 7 7 7 60 60 23 23 23 8 8 8 
947 947 947 947 876 876 876 876 876 876 884 876 876 876 807 807 855 855 807 807 820 807 807 807 792 792 767 767 722 722 722 658 658 658 658 658 701 701 658 658 658 628 628 628 624 624 624 624 625 625 501 501 597 597 597 527 527 527 527 527 546 546 517 517 517 420 420 420 478 478 478 478 454 454 454 405 405 405 405 405 412 400 400 355 355 355 355 339 339 339 340 293 293 293 293 293 270 270 270 270 270 270 246 246 246 199 199 180 180 180 180 96 178 178 178 96 96 166 109 109 109 109 83 83 7 7 7 7 7 75 75 23 23 61 23 23 23 8 8 8 
947 947 959 876 876 926 926 876 876 876 876 876 891 876 876 807 807 807 807 807 820 820 792 792 792 658 658 722 722 755 658 658 658 658 658 658 708 658 658 658 658 658 673 628 657 624 624 624 626 626 501 501 501 501 527 527 527 527 564 564 546 546 517 517 517 527 518 420 478 478 478 482 454 454 454 428 428 405 405 405 405 405 355 355 355 355 355 358 358 339 340 322 322 322 293 293 270 270 288 277 277 247 247 246 246 199 199 180 221 180 180 96 96 192 178 178 96 166 109 109 109 109 109 109 7 7 7 7 75 75 23 23 23 23 23 23 27 27 23 9 
968 876 876 876 842 842 842 906 906 901 901 901 870 870 870 870 807 807 807 807 820 820 792 792 799 658 658 722 658 658 658 658 658 724 658 658 708 658 658 658 658 658 628 628 657 624 624 624 624 627 501 501 606 501 527 527 527 527 527 527 527 527 527 527 527 527 518 420 495 495 478 478 478 420 420 428 428 428 428 420 340 340 355 355 355 355 355 355 359 339 340 322 322 322 293 293 304 288 288 277 278 247 247 255 247 199 234 180 180 180 180 180 96 179 179 179 96 96 109 133 133 133 122 109 109 109 7 7 75 75 23 23 23 9 9 23 27 23 23 9 
876 876 876 876 842 842 842 906 906 901 901 870 870 877 877 807 807 807 807 776 776 776 776 792 658 658 658 658 658 658 658 658 658 724 708 708 708 658 658 658 658 658 628 628 628 628 624 624 624 627 610 610 501 501 527 527 578 578 501 501 501 518 518 518 518 528 518 420 420 420 420 478 478 420 420 420 420 420 429 420 340 340 340 355 355 355 355 355 359 339 340 322 322 322 293 293 304 288 288 277 278 247 247 247 247 199 199 199 180 180 180 180 96 179 96 180 96 96 109 109 109 109 122 109 109 9 9 9 9 9 76 9 9 9 9 23 23 23 9 9 
876 876 876 876 876 842 919 919 906 906 906 870 870 877 877 807 807 807 776 776 808 808 776 776 658 658 658 658 658 658 658 658 658 658 708 708 708 658 658 658 658 658 658 658 658 628 628 628 628 610 610 611 501 601 501 501 578 578 501 501 501 518 518 518 518 518 518 420 420 420 420 483 420 420 455 420 420 420 420 420 340 340 340 355 388 339 339 339 359 339 340 322 322 322 288 288 288 288 288 277 278 247 247 199 199 199 199 199 199 199 180 180 96 96 96 180 96 159 159 123 123 109 109 109 110 9 9 9 9 9 9 9 9 9 9 9 9 9 9 10 
960 960 876 948 876 842 919 870 870 870 870 870 870 807 807 807 807 807 776 776 776 808 808 776 776 776 776 776 729 729 729 729 729 658 658 658 658 658 658 687 658 658 674 640 640 640 640 640 628 610 610 501 501 501 501 501 501 501 501 501 556 518 518 518 531 518 518 420 420 420 420 420 420 456 430 430 413 413 421 421 340 340 340 355 339 339 339 339 339 339 340 323 323 323 288 305 305 277 277 277 278 247 247 199 199 199 199 199 199 199 199 180 180 180 180 180 96 96 96 123 123 123 123 109 110 9 9 24 9 9 9 9 10 10 28 28 39 28 10 10 
960 960 876 876 876 842 919 807 807 807 807 807 807 807 807 807 862 807 776 776 776 821 808 808 793 793 746 746 729 729 729 729 729 713 713 713 658 658 658 658 658 658 640 640 659 610 610 641 628 628 610 501 501 501 501 572 572 572 572 501 501 518 518 518 531 465 465 465 465 465 465 420 420 456 430 430 413 413 413 422 340 340 340 355 339 339 339 339 339 340 340 323 323 323 288 305 306 277 278 278 278 247 199 199 248 199 199 199 199 214 199 199 199 148 148 181 96 96 96 123 123 123 109 109 110 110 24 24 9 9 9 9 9 10 28 28 28 28 10 11 
960 960 960 842 842 842 919 807 807 807 807 892 892 807 807 862 862 807 776 776 776 821 794 794 793 793 746 746 756 756 729 729 730 713 713 694 694 694 694 640 640 640 640 659 659 610 610 610 610 610 610 612 501 501 501 572 572 572 573 565 501 501 501 501 501 465 465 465 465 484 465 420 420 456 430 430 413 437 413 413 413 340 340 340 340 340 340 340 340 340 288 288 324 324 288 305 305 277 278 278 278 247 199 199 199 199 231 231 222 199 199 199 199 148 148 148 148 96 96 123 123 123 109 109 110 110 24 67 9 9 9 9 9 10 28 28 28 10 10 11 
943 943 943 842 934 934 919 807 807 807 807 892 892 807 807 862 862 807 776 776 776 821 794 794 794 746 746 746 756 640 640 640 640 640 640 694 694 640 640 640 675 675 675 659 659 610 610 610 634 538 538 538 532 532 532 572 572 572 565 565 547 547 501 501 501 465 465 465 465 484 465 465 465 456 430 430 413 413 413 413 340 340 360 360 340 340 348 348 348 348 288 288 288 325 288 305 305 277 277 278 278 247 263 249 249 222 222 222 222 199 199 199 199 148 148 148 148 96 96 96 96 96 96 109 96 96 24 67 67 67 67 67 67 10 10 10 10 10 24 11 
943 943 943 842 842 842 919 842 842 807 807 807 807 807 807 807 807 807 826 826 826 821 794 794 794 794 782 746 746 746 746 714 714 714 640 694 694 640 675 675 675 659 659 659 659 610 610 610 634 538 538 538 532 602 532 532 565 565 565 566 547 548 501 501 501 501 519 465 465 484 484 484 465 456 456 430 413 413 413 413 340 340 360 360 340 340 340 340 348 348 288 288 288 288 288 223 223 223 277 278 278 247 263 249 249 222 222 222 222 199 199 199 199 148 148 148 148 148 148 148 96 96 96 96 96 96 24 24 24 77 77 24 24 24 24 24 24 24 24 11 
961 943 943 943 943 842 842 842 842 842 807 807 842 842 842 842 842 856 821 821 821 821 794 794 795 795 782 746 746 746 746 714 714 714 640 694 694 640 675 675 675 659 659 610 610 610 629 634 634 538 538 538 532 532 532 532 565 565 565 566 547 520 520 520 520 501 501 501 501 457 457 457 465 465 457 430 413 413 413 340 340 340 340 360 340 340 373 340 340 340 288 288 288 288 223 223 294 294 277 278 278 247 263 235 235 235 202 202 202 202 202 202 182 182 182 182 111 111 111 111 111 111 124 96 96 96 96 96 24 24 24 24 24 24 24 24 11 11 11 11 
961 961 961 943 943 920 920 920 842 842 807 807 842 842 842 842 842 856 821 821 747 747 747 747 747 747 782 747 747 757 747 714 714 714 640 694 694 640 640 640 659 659 659 610 610 610 629 634 538 538 538 538 532 532 532 532 532 579 532 532 547 520 520 520 520 520 520 457 457 457 457 457 479 457 457 430 430 430 430 340 340 340 340 360 360 340 340 340 340 340 288 288 288 223 223 247 247 295 277 247 247 247 247 235 235 235 202 202 182 182 182 182 182 111 111 111 111 111 111 149 111 111 111 111 111 111 103 88 88 24 24 73 24 24 24 24 11 12 12 12 
961 961 944 944 944 920 920 920 842 842 842 842 842 842 842 842 842 842 842 821 747 747 747 747 747 747 782 747 747 747 747 714 714 640 640 640 640 640 640 640 659 659 659 610 660 629 629 634 538 538 538 538 538 532 532 532 532 579 532 532 547 520 520 457 457 521 521 457 457 457 457 457 457 457 458 447 341 341 341 341 341 341 341 395 360 384 340 340 360 288 288 288 288 223 247 247 247 247 277 247 247 247 247 235 235 235 202 202 182 182 182 182 188 188 111 111 111 111 111 149 111 134 111 88 88 88 103 88 51 24 24 24 24 62 24 24 11 12 12 12 
961 961 944 949 920 920 920 914 914 885 885 885 885 885 843 843 843 843 843 821 821 747 747 747 747 747 747 747 758 758 718 718 714 640 640 640 610 610 610 610 610 681 659 610 610 629 645 634 634 538 538 538 538 532 532 532 532 532 532 532 532 457 457 457 457 457 457 457 480 480 480 485 480 447 447 447 341 341 431 341 341 341 341 341 360 360 360 360 360 288 288 288 288 223 223 307 307 247 247 247 279 247 247 235 235 235 202 202 202 182 182 182 188 188 111 111 174 167 111 111 111 134 111 88 88 88 88 88 51 51 51 51 51 62 24 24 11 29 11 11 
950 950 944 949 920 920 920 914 885 885 885 885 893 886 843 843 843 843 844 812 812 812 812 747 747 747 747 777 758 718 718 718 714 714 714 714 610 610 610 610 610 610 659 610 610 629 645 629 629 538 538 538 538 603 532 532 532 580 567 567 532 457 457 537 415 415 415 480 480 480 480 480 480 447 447 342 342 341 341 341 414 341 341 341 389 360 360 361 361 288 288 288 288 223 223 307 296 296 223 223 235 235 235 235 235 235 235 182 182 182 125 125 188 188 188 111 111 167 111 111 111 111 111 63 63 63 89 89 78 78 51 51 51 51 51 47 11 11 11 11 
950 950 944 885 885 885 914 914 885 886 886 886 886 886 843 843 843 843 844 812 812 748 748 748 748 777 777 777 758 718 718 718 718 718 718 709 709 610 610 610 682 610 610 610 661 629 629 629 629 629 538 538 603 603 532 532 532 580 567 567 532 457 457 537 415 415 415 480 480 480 466 466 466 447 447 342 342 342 432 341 341 341 341 341 341 341 374 361 361 288 288 288 288 223 307 307 296 297 223 223 235 235 235 235 236 236 236 182 125 125 125 125 125 125 125 125 111 167 111 135 135 135 63 63 63 63 89 89 78 78 51 51 30 30 52 47 11 11 11 11 
950 944 944 885 885 885 914 914 885 886 886 886 887 887 843 843 843 857 748 748 748 748 813 748 748 748 748 778 758 748 748 709 709 718 718 709 695 695 695 610 610 610 610 610 661 635 635 635 635 619 619 538 603 532 532 532 532 580 567 567 532 457 457 457 457 415 415 508 480 480 466 466 466 447 447 342 443 342 341 341 341 341 341 341 390 341 341 361 361 288 335 335 288 223 223 223 296 223 223 223 235 235 223 223 236 236 236 182 125 125 200 200 200 125 125 125 111 167 111 111 135 135 63 63 63 97 97 89 89 78 78 30 30 30 30 47 11 11 11 13 
950 944 944 944 885 885 885 885 885 886 857 857 857 857 857 857 857 857 748 748 748 748 748 748 800 748 748 748 758 748 709 709 709 709 709 709 695 696 696 610 610 610 635 635 635 635 635 635 619 619 538 538 603 532 532 532 532 580 532 532 532 457 457 457 415 415 415 415 415 415 466 466 466 466 342 342 342 342 341 341 341 341 365 365 341 341 341 341 341 288 288 288 288 326 223 223 296 223 256 223 223 223 223 223 223 223 223 223 223 125 200 125 125 125 111 111 111 111 111 111 125 125 125 63 63 97 97 97 79 79 79 30 30 30 30 47 40 25 25 13 
950 944 944 885 885 927 927 885 885 886 857 857 857 857 857 858 858 748 748 836 748 748 748 748 748 748 783 748 748 748 709 709 709 709 709 695 695 696 610 610 610 610 610 610 648 648 619 619 619 630 538 538 538 538 538 538 582 580 532 532 532 457 457 457 415 415 415 415 502 415 486 486 467 467 342 342 342 342 341 341 341 341 365 365 341 341 341 341 341 341 341 288 288 326 223 223 223 223 256 256 271 271 223 223 223 237 237 125 125 125 200 125 193 193 111 111 111 111 125 125 125 63 63 63 97 97 104 79 79 79 79 30 30 30 30 30 40 25 25 13 
950 944 944 885 885 927 927 885 885 886 857 857 857 878 878 858 858 748 748 748 748 814 814 748 748 759 759 759 759 759 709 709 709 709 709 695 695 695 610 610 610 676 676 610 619 619 619 619 619 630 538 538 607 538 538 538 538 580 532 532 532 549 457 457 457 415 415 415 415 415 467 467 467 468 342 342 444 342 342 342 401 401 365 365 365 365 341 341 342 342 342 326 326 326 289 289 298 298 256 256 271 271 223 223 223 237 237 125 125 125 200 125 193 193 125 125 125 125 125 142 142 63 63 97 97 104 104 79 79 63 63 68 68 53 53 30 30 30 13 13 
950 950 950 950 885 885 885 885 886 886 857 857 857 878 878 858 858 858 748 748 827 814 814 759 759 759 709 709 768 709 709 737 669 669 669 695 695 695 610 610 610 610 610 610 619 619 619 619 619 607 607 607 607 587 587 587 538 580 532 532 532 549 457 457 457 415 415 415 415 467 467 467 467 468 342 438 342 342 342 342 401 401 365 365 365 365 375 342 342 342 342 326 326 289 289 289 298 298 256 256 256 256 256 223 223 237 237 125 125 125 125 125 194 194 125 150 150 150 160 63 63 63 63 63 63 104 104 63 63 63 63 63 69 53 53 41 41 13 13 14 
945 945 951 951 945 885 885 885 885 759 759 759 759 759 871 871 858 858 759 759 759 759 759 759 759 759 709 709 768 709 749 737 669 669 669 669 669 695 610 610 610 610 669 669 583 583 646 583 583 607 607 587 587 587 538 538 538 581 532 532 532 532 532 532 532 509 509 415 415 467 467 467 467 342 342 438 342 342 342 342 342 401 401 365 365 365 365 342 342 331 331 336 289 289 289 289 298 298 215 215 215 272 256 256 151 151 151 151 125 125 125 125 125 125 125 150 150 150 150 63 143 63 63 63 63 63 63 63 63 63 63 63 31 31 31 41 41 13 13 13 
945 945 952 952 945 885 885 885 885 759 759 902 759 759 871 759 759 759 759 809 809 822 809 809 759 759 784 709 709 709 737 737 669 669 669 669 669 695 610 610 610 610 669 583 583 583 583 583 583 583 583 587 587 538 538 550 550 550 550 550 550 550 532 532 509 509 509 509 415 467 467 467 467 342 342 438 445 319 319 319 342 342 342 342 342 342 365 365 342 331 331 331 289 289 289 289 298 298 215 284 215 215 215 257 151 151 151 151 151 151 151 151 125 125 125 150 150 150 150 63 63 63 126 120 90 90 90 90 90 63 63 74 31 31 31 41 41 31 13 13 
945 945 945 945 945 885 928 885 885 759 759 902 759 759 759 759 815 809 809 809 809 809 809 769 769 769 784 709 709 760 737 738 669 669 669 669 669 669 669 669 669 669 669 583 583 583 614 614 583 583 583 587 587 538 550 550 574 550 550 538 538 538 538 538 509 529 509 509 415 467 467 467 467 467 342 438 438 433 433 319 406 406 342 342 391 342 366 366 342 331 331 331 331 289 289 289 298 298 215 215 215 215 215 215 151 151 151 151 151 151 151 151 125 125 125 150 150 150 150 150 63 63 126 120 90 98 98 98 32 63 63 74 31 31 31 31 31 31 13 13 
945 945 945 945 945 885 928 921 759 759 879 879 879 879 879 815 815 809 809 809 809 809 769 769 796 769 769 769 769 731 737 731 731 669 669 669 702 702 697 649 649 649 649 583 583 583 583 614 583 583 583 583 608 538 550 588 574 574 574 538 544 538 538 509 509 529 487 487 415 467 467 467 467 467 342 342 438 433 433 319 319 319 319 391 391 342 342 342 342 331 331 331 331 289 289 289 289 289 289 215 215 215 264 215 151 151 151 151 224 215 151 189 189 189 189 150 150 168 150 150 120 120 120 120 90 98 98 98 32 32 63 63 63 63 32 32 32 32 13 13 
895 895 895 895 895 921 921 921 759 759 879 879 815 815 815 815 863 809 809 809 809 823 769 769 796 796 769 769 770 731 731 731 669 669 715 715 697 697 697 649 649 649 649 583 583 583 583 614 614 613 613 583 538 538 550 550 550 550 550 538 544 544 544 509 509 487 487 487 415 415 415 415 415 469 433 433 438 438 433 319 319 319 319 391 391 342 342 367 331 331 343 331 289 289 289 289 289 289 289 215 215 215 264 215 215 215 215 215 215 215 151 189 189 189 189 150 150 168 90 90 120 136 90 90 90 98 99 32 32 32 54 54 54 54 32 32 33 33 13 13 
895 964 895 895 895 921 921 859 859 759 759 759 815 815 815 815 815 815 815 815 815 815 815 769 769 769 769 769 750 750 750 669 669 697 697 697 697 649 649 649 649 649 649 649 649 649 614 614 614 613 613 583 538 604 538 538 550 550 550 538 557 509 509 509 509 487 522 487 487 487 487 487 415 415 433 433 433 433 433 319 319 319 319 396 349 349 362 362 331 331 331 331 289 289 289 299 299 299 289 215 215 264 264 215 215 207 207 207 207 216 151 151 151 151 151 183 90 90 90 120 120 136 90 90 90 98 99 32 32 84 54 54 54 54 54 32 33 15 15 15 
895 895 895 859 859 859 859 859 859 859 859 759 815 815 880 815 815 759 837 837 828 771 771 771 801 769 769 769 750 750 750 669 697 697 697 697 697 649 649 649 649 649 649 649 649 649 614 614 614 613 613 583 538 538 538 538 550 550 575 538 509 509 509 509 487 487 510 510 487 487 487 487 415 415 433 433 433 415 415 415 407 407 319 319 349 349 349 362 362 331 331 308 308 327 289 299 299 289 289 264 264 264 265 250 250 207 207 207 207 216 207 151 151 195 151 151 90 90 90 90 90 90 90 98 98 98 99 99 32 32 32 54 54 54 54 32 15 15 16 16 
953 895 895 895 895 895 859 859 859 859 859 759 894 815 815 815 815 759 837 837 828 771 816 771 771 771 771 771 771 761 669 669 697 697 697 716 697 703 649 649 649 649 649 649 649 649 614 614 614 613 613 583 583 538 538 538 538 538 538 538 509 509 509 487 487 510 510 511 503 386 386 386 415 415 415 415 415 415 415 415 407 407 319 319 349 349 349 363 363 331 331 308 308 289 289 315 289 289 290 264 264 264 264 250 250 207 207 207 207 207 207 151 151 190 190 151 169 169 90 90 127 127 98 98 91 91 99 99 91 32 32 32 32 32 32 32 15 34 16 16 
953 895 895 895 895 895 915 915 859 859 907 759 759 815 815 759 759 759 759 759 828 771 771 771 802 779 779 751 751 761 669 739 697 697 697 697 697 703 683 683 649 649 649 649 649 649 614 614 614 631 613 613 583 538 538 589 583 558 558 558 487 487 487 487 503 503 503 503 503 386 386 386 386 386 386 386 415 415 415 415 415 407 319 392 349 385 308 308 308 308 308 308 308 289 289 315 289 289 290 264 264 266 264 242 242 242 203 203 203 203 203 203 190 190 151 151 151 151 151 151 127 127 98 98 91 91 91 91 91 32 32 32 64 64 32 32 15 15 15 17 
953 895 895 895 895 895 895 915 915 859 859 859 759 759 759 759 759 759 759 759 771 771 771 771 802 779 779 779 751 761 669 669 697 688 688 703 703 703 683 683 649 649 649 649 649 649 614 614 614 614 614 614 583 583 598 583 583 558 558 558 487 487 503 503 503 503 503 503 503 496 386 386 386 386 386 386 415 415 434 407 407 407 319 392 349 349 308 308 308 308 308 308 308 328 289 289 289 289 289 273 273 266 266 242 242 203 203 203 203 217 203 203 190 151 151 184 151 161 161 152 127 127 127 98 91 112 91 91 15 15 15 15 15 15 15 15 15 15 15 17 
953 953 953 895 895 935 895 895 895 859 859 859 859 859 859 859 859 859 771 771 771 771 771 785 785 785 762 762 751 751 751 669 669 669 688 703 703 703 683 683 683 649 649 649 649 650 614 636 636 614 620 584 584 583 598 583 583 558 558 558 558 487 503 539 503 503 503 503 503 496 386 386 386 386 386 386 386 386 434 407 407 319 319 392 392 349 349 349 349 349 319 319 308 308 308 308 289 289 289 273 273 273 203 258 242 203 203 203 217 217 203 203 190 151 184 184 151 161 161 152 127 127 127 98 91 91 91 91 15 15 15 15 15 15 15 15 15 15 15 17 
965 965 953 953 935 935 922 922 895 895 895 895 895 872 872 872 771 771 771 829 829 817 817 785 785 762 762 762 762 762 669 669 669 669 688 703 703 703 688 688 649 649 649 649 649 650 614 614 614 614 620 584 584 583 583 583 583 558 558 558 558 487 503 539 503 523 523 470 470 496 386 386 386 386 386 386 386 386 386 407 407 319 319 376 376 376 376 349 349 319 319 319 319 319 319 308 300 300 273 273 238 238 203 203 242 203 203 203 153 153 153 153 190 151 151 151 151 152 152 152 127 127 127 98 98 91 91 91 17 17 15 15 15 15 15 15 15 35 17 17 
935 935 935 935 935 936 922 922 872 872 908 895 895 872 872 771 771 771 771 817 817 817 785 785 785 762 762 762 762 763 669 669 669 669 688 688 688 688 688 689 649 649 649 650 650 650 487 487 487 487 620 584 584 584 584 584 584 487 487 487 487 487 503 503 503 523 523 470 470 470 470 470 470 386 386 386 386 386 386 407 319 319 319 376 319 319 319 319 319 319 344 319 319 319 319 308 300 273 273 273 238 238 238 203 203 203 203 153 153 153 153 153 190 151 151 151 152 152 162 127 127 127 128 98 98 91 91 91 17 17 17 15 15 15 15 35 35 35 17 18 
935 935 929 929 929 929 929 872 872 872 872 872 872 872 872 771 771 771 845 817 817 817 785 785 803 762 762 669 669 669 669 669 669 669 669 710 710 688 688 689 650 650 650 650 650 651 487 487 487 487 487 487 584 584 584 584 585 487 487 487 487 487 487 523 523 523 523 470 470 470 470 488 470 470 386 386 386 386 386 407 319 319 319 319 319 386 319 319 319 337 337 337 309 309 309 308 308 273 291 273 238 238 238 238 203 203 203 153 225 153 153 153 153 151 151 151 152 152 162 127 127 127 128 91 91 91 91 91 17 17 17 17 17 17 55 17 17 17 17 18 
935 935 929 929 929 929 929 872 872 872 872 872 872 881 881 771 771 771 845 817 817 817 817 785 785 785 785 669 669 669 669 669 669 669 669 710 710 688 688 689 650 650 650 650 650 651 487 487 487 487 487 487 487 487 487 487 487 487 487 487 487 487 487 523 523 523 523 470 470 471 471 471 471 471 386 386 386 439 386 386 386 386 386 386 386 386 319 319 319 337 337 338 309 309 309 309 309 273 273 273 280 238 238 238 238 238 238 153 153 153 153 153 153 153 153 153 153 153 153 153 127 127 91 91 91 91 91 91 17 17 80 17 17 17 17 17 18 18 18 18 
