965 965 965 965 965 965 944 944 944 913 913 913 913 913 883 883 883 883 870 870 824 824 824 824 824 824 759 759 759 759 759 790 759 759 759 759 759 736 736 736 610 610 610 666 666 666 666 676 666 608 608 608 608 608 608 608 608 556 556 556 556 556 556 556 534 534 518 518 518 518 518 345 345 345 467 467 467 467 461 378 378 378 378 425 378 378 378 378 378 378 368 344 344 344 316 316 316 316 264 264 264 243 243 243 243 243 243 243 243 95 95 95 95 95 189 189 189 189 95 95 95 95 95 133 133 95 95 95 95 85 85 61 61 61 24 24 24 24 1 1 
965 965 966 966 972 966 944 945 945 913 913 913 914 914 883 883 870 870 870 824 824 824 824 824 824 824 759 759 759 759 759 790 759 773 759 759 760 736 610 610 610 610 610 666 666 666 666 666 666 608 608 608 608 608 551 551 551 556 556 556 551 551 534 534 534 534 518 518 518 518 345 345 345 345 461 461 461 461 461 378 378 442 378 425 378 415 345 345 345 345 368 344 344 344 316 316 316 317 264 264 264 243 243 243 243 243 243 243 243 95 220 220 220 95 95 95 95 190 95 95 95 95 95 95 95 95 111 85 85 85 86 61 61 61 24 24 24 1 1 2 
966 966 966 966 972 966 944 885 885 913 913 873 873 873 883 883 884 884 873 824 824 824 824 835 835 824 824 759 759 759 759 759 759 773 773 760 760 736 610 610 610 610 716 666 666 694 666 666 651 651 651 608 608 608 551 616 551 551 551 551 551 551 534 551 551 534 518 518 518 518 345 345 345 345 461 461 468 468 378 378 378 442 378 378 378 415 345 345 345 345 345 345 345 345 316 316 316 317 264 273 273 273 243 243 243 243 243 243 243 95 220 220 155 155 155 204 95 95 95 95 95 95 154 85 85 85 85 85 91 91 75 75 1 1 39 39 39 1 1 2 
966 966 966 966 966 966 944 885 885 885 885 873 873 873 883 883 883 873 873 824 824 858 835 835 802 802 825 759 759 759 736 736 760 760 760 760 736 736 610 610 610 610 716 666 666 666 666 677 651 651 651 631 631 631 551 616 551 551 551 551 551 551 534 551 534 534 518 518 523 523 345 345 345 345 461 461 468 378 378 345 345 345 345 378 378 415 345 345 345 345 345 355 355 317 317 317 317 317 264 273 273 273 243 243 243 243 243 243 243 95 196 196 155 214 155 155 155 155 155 170 170 154 154 85 85 85 85 85 85 75 75 76 1 62 39 39 39 1 1 2 
966 966 973 973 973 967 944 885 885 885 885 873 873 873 873 873 883 873 874 824 824 858 835 841 802 802 825 736 736 736 736 736 760 760 736 736 736 733 733 737 733 610 716 666 677 677 677 677 651 651 651 631 631 632 551 551 551 551 586 586 551 551 534 551 534 534 534 534 345 345 345 497 497 497 461 461 468 378 378 345 345 345 345 345 345 345 345 386 386 345 345 355 355 317 317 264 264 264 264 273 273 273 273 273 273 243 243 95 95 95 196 196 155 155 155 155 155 155 155 155 125 154 143 143 85 85 85 85 85 75 3 3 1 1 1 39 39 1 1 2 
966 966 973 973 967 967 944 885 885 885 885 873 906 906 906 873 883 873 874 824 824 858 835 841 802 802 736 736 800 800 800 736 779 779 736 736 733 733 733 733 733 610 716 666 666 666 666 666 667 652 652 631 631 632 551 551 551 551 586 586 551 551 551 551 534 534 534 534 345 345 345 497 497 497 476 476 468 468 345 345 436 436 436 369 369 369 369 386 386 369 369 332 332 317 317 264 273 273 273 273 273 273 264 264 264 243 243 95 231 231 196 196 196 196 196 196 196 134 134 155 125 125 143 125 125 85 85 85 85 85 3 3 3 3 1 1 1 25 1 1 
966 966 973 973 967 967 944 885 885 885 873 873 906 906 906 873 873 873 842 842 842 842 835 841 802 802 736 736 736 736 736 736 736 736 736 736 733 733 733 733 733 610 610 610 610 666 666 666 652 652 631 631 609 609 609 617 551 586 586 586 551 551 551 557 506 506 539 519 519 519 345 345 345 345 476 476 476 345 345 456 436 436 436 369 369 369 369 369 369 369 370 332 332 332 332 264 273 273 273 264 264 294 264 264 264 264 95 95 231 231 231 196 196 205 205 205 134 134 134 155 155 125 125 125 125 85 85 85 85 85 3 3 3 3 1 1 1 1 13 1 
966 966 973 973 967 967 944 885 946 885 885 906 906 906 906 873 873 842 842 842 842 842 835 841 802 802 802 801 801 801 736 736 736 736 736 736 738 738 733 733 733 712 712 712 610 666 666 678 652 652 631 631 609 633 609 609 551 551 551 551 551 551 551 506 506 506 506 519 519 519 519 345 345 345 345 476 476 345 419 419 436 436 436 369 369 405 405 369 387 305 305 332 332 346 264 264 264 264 273 264 264 264 264 264 265 265 95 205 205 205 205 205 205 205 205 205 134 134 134 174 155 155 155 125 125 85 85 96 85 85 85 3 3 3 1 1 40 1 1 1 
885 885 885 885 974 944 944 885 885 885 885 906 885 885 907 894 894 842 842 842 842 842 835 841 802 802 802 801 801 801 801 736 736 736 766 738 738 738 738 738 712 712 712 712 610 610 666 678 609 609 609 609 609 623 623 609 609 579 579 579 579 506 506 506 548 548 506 506 519 519 519 506 506 345 345 345 345 345 419 419 419 419 419 426 369 369 369 369 305 305 305 305 332 332 264 331 264 264 264 264 265 264 264 280 265 265 95 205 205 205 95 95 95 95 175 175 134 134 174 174 134 134 134 125 125 125 96 96 85 85 85 3 3 3 14 14 14 14 14 3 
885 986 986 885 974 944 944 944 944 885 885 885 885 885 907 894 885 885 842 842 842 842 835 802 802 802 802 801 801 810 802 736 736 736 766 738 738 738 739 739 702 702 702 702 702 610 666 666 609 609 609 609 623 623 623 610 610 579 579 579 579 506 506 506 506 506 540 506 506 506 506 506 507 345 345 345 345 345 419 419 419 443 419 426 419 371 371 371 305 305 305 305 332 332 264 264 264 264 264 264 265 265 265 265 265 265 95 95 95 95 95 95 95 95 175 175 182 134 134 134 134 162 134 144 125 125 96 96 96 85 85 3 3 3 3 3 3 3 15 3 
885 885 885 885 944 944 944 944 944 885 885 885 921 885 885 894 885 842 842 849 849 859 835 802 802 802 802 802 802 802 802 736 736 736 766 738 738 738 689 689 702 702 689 689 703 610 688 666 666 609 609 609 623 623 623 610 610 506 506 506 506 506 506 506 506 506 506 506 498 498 498 498 498 498 345 345 345 345 419 419 419 419 419 426 419 371 305 305 305 305 305 362 332 332 332 332 264 264 264 264 265 265 288 265 265 257 257 232 232 232 232 95 95 175 175 175 182 182 182 135 135 135 134 134 134 87 87 87 87 87 87 3 3 3 3 41 41 3 3 3 
991 991 885 885 944 885 885 944 944 885 928 928 915 915 885 894 885 842 842 842 849 849 835 836 836 811 811 811 811 811 780 780 736 736 766 738 738 689 689 689 689 689 689 689 689 610 610 679 610 610 610 610 610 610 610 610 610 506 506 506 580 498 498 558 506 506 506 506 498 499 499 499 499 499 345 345 462 462 462 419 419 419 419 419 419 371 305 305 305 305 305 305 356 332 332 333 264 264 264 305 274 274 274 274 274 257 258 232 232 232 232 95 95 175 175 175 175 175 183 135 135 135 135 135 135 87 107 107 77 77 48 48 48 48 3 3 3 26 3 3 
991 885 885 885 885 885 885 885 885 885 928 928 915 915 885 885 885 842 842 842 849 849 835 811 811 811 826 812 812 812 780 780 736 736 766 766 689 689 695 695 695 695 704 704 689 689 610 610 610 610 610 624 624 624 624 580 580 580 506 506 580 498 498 498 552 506 506 498 498 499 499 499 457 457 457 457 457 457 457 457 389 389 389 371 371 371 305 305 379 379 305 305 356 332 332 305 305 305 305 305 274 274 274 274 232 232 232 232 232 163 163 221 221 175 175 191 191 175 183 175 135 135 135 135 87 87 107 77 77 77 48 48 48 48 48 48 3 3 3 3 
991 885 885 885 885 885 934 934 934 934 875 875 915 915 895 895 895 842 849 849 849 835 835 811 826 826 826 812 812 812 780 780 736 736 766 766 689 689 689 695 695 695 704 704 704 689 689 610 610 610 610 624 624 603 603 611 611 580 580 580 580 498 498 498 552 498 498 498 498 498 514 514 457 457 457 457 457 457 457 389 389 444 389 371 371 406 406 379 379 380 305 305 305 305 305 305 321 318 305 305 163 163 163 163 232 250 250 250 163 163 163 163 163 163 163 191 191 175 175 175 163 163 135 135 87 87 87 77 77 77 77 77 48 48 48 48 3 3 3 3 
885 885 885 885 885 885 931 931 934 934 875 875 875 875 895 895 895 842 849 849 849 835 835 811 811 826 826 812 811 811 780 780 736 736 736 736 751 689 689 695 695 704 704 704 695 695 603 603 603 653 653 603 603 603 603 603 603 603 498 498 498 498 498 498 498 498 498 498 498 498 514 514 508 457 457 457 457 457 457 389 389 389 389 427 371 406 379 379 388 347 347 347 347 347 318 318 318 318 163 163 163 163 163 163 232 250 250 163 163 211 211 211 163 163 163 191 191 191 163 163 163 145 145 145 87 87 87 77 77 78 78 78 48 48 54 48 3 4 4 4 
885 992 885 885 885 885 931 931 935 935 875 875 875 875 875 875 875 842 849 849 849 835 835 842 811 811 811 812 811 780 780 780 736 736 774 736 751 689 689 727 695 704 704 704 695 695 603 603 603 603 603 603 634 634 603 603 604 604 498 498 498 524 524 498 498 498 498 498 498 498 514 514 508 469 469 469 469 469 389 389 427 427 427 427 371 371 379 379 388 347 347 347 347 348 318 322 318 318 163 163 163 163 163 232 232 266 163 163 244 211 211 211 211 211 163 163 163 163 163 163 163 145 145 145 112 112 112 77 77 49 49 49 49 48 48 48 3 4 4 4 
885 992 885 885 975 931 931 931 931 931 931 875 875 875 875 875 875 842 842 842 849 835 835 842 775 775 811 812 811 780 780 780 785 780 736 736 751 751 689 727 695 695 695 695 695 695 603 603 603 603 634 634 634 635 498 498 498 498 498 498 498 524 524 498 498 498 535 535 529 508 508 508 508 469 469 469 469 469 389 389 427 427 427 428 371 371 407 379 379 379 357 357 357 318 318 322 322 252 252 306 163 163 163 232 163 163 163 163 163 211 211 211 211 211 211 176 176 163 163 163 163 145 145 112 112 113 113 68 68 49 49 49 49 49 49 49 3 27 4 4 
885 992 885 975 975 931 947 947 947 931 931 875 875 898 898 875 875 875 875 842 849 849 849 842 775 775 811 811 811 775 775 780 780 780 736 736 689 689 689 727 727 727 695 695 696 696 592 592 592 661 634 646 634 634 498 498 498 498 498 498 498 524 524 498 498 529 529 529 529 508 508 508 508 469 469 469 469 469 389 389 449 427 427 371 371 371 371 379 379 379 357 357 357 318 318 322 322 252 252 252 252 295 163 163 163 163 163 163 163 211 211 211 211 211 211 176 176 176 176 176 146 146 146 112 114 113 113 68 68 68 68 49 49 49 55 3 3 27 5 5 
885 885 885 885 885 931 947 947 898 898 875 875 875 898 898 898 876 876 876 842 842 860 842 842 775 775 775 775 775 775 775 775 775 775 775 736 689 689 689 592 592 728 592 592 592 697 592 592 592 661 634 646 634 634 498 498 498 498 559 559 559 524 524 524 524 524 524 524 524 524 409 409 508 469 469 409 409 409 389 389 389 427 427 371 371 371 371 371 371 371 371 318 318 318 318 318 318 252 307 307 252 295 251 251 251 251 251 251 245 224 224 224 164 164 164 197 197 171 171 177 146 146 146 146 114 113 113 68 68 68 68 79 3 3 55 3 16 5 5 5 
996 885 987 885 885 931 931 947 898 898 875 875 875 898 899 899 876 876 871 871 842 842 842 843 775 775 775 775 775 752 752 752 775 775 736 736 689 689 689 592 592 728 592 592 592 592 592 592 592 661 634 634 634 634 498 498 612 498 559 587 559 559 559 559 524 524 530 524 524 409 409 409 508 409 409 409 409 409 409 409 389 389 389 389 389 408 408 389 389 324 372 318 318 318 318 318 318 252 307 307 252 295 251 251 251 251 251 245 245 224 224 224 164 164 164 197 97 171 171 171 171 146 156 114 114 113 113 108 68 68 68 79 68 3 3 3 16 5 5 5 
885 885 987 885 931 931 931 947 898 898 898 875 875 898 876 876 876 876 871 871 775 775 775 775 775 775 775 775 775 752 752 752 752 752 752 752 752 752 592 592 592 592 592 592 705 592 592 668 592 592 592 642 642 498 498 498 498 498 559 559 559 559 559 541 541 541 530 530 530 409 409 409 409 409 481 481 409 409 409 409 450 389 389 429 389 389 389 389 390 324 372 318 318 318 318 318 318 252 307 307 252 252 252 252 252 259 259 245 245 233 233 164 164 164 164 97 97 171 146 146 146 146 156 114 136 113 113 108 68 68 68 68 68 17 42 42 16 16 16 6 
885 885 885 885 931 931 931 898 898 898 898 898 898 898 876 900 886 886 844 844 775 775 775 775 775 775 775 775 817 813 752 791 752 752 753 753 753 753 592 592 592 592 592 705 705 668 668 668 593 593 592 592 592 592 592 592 592 592 592 559 559 559 559 541 541 541 520 520 520 409 409 409 409 430 430 430 420 420 409 409 389 389 389 389 420 399 399 399 324 324 372 318 318 318 318 318 323 252 281 281 281 281 281 281 252 259 259 233 233 233 234 164 215 215 164 97 97 171 146 146 97 97 156 114 114 114 114 108 68 68 69 69 69 17 42 42 42 16 16 6 
885 885 955 955 955 955 955 898 898 898 898 898 898 898 876 900 886 844 844 844 775 775 775 775 775 775 775 775 775 813 752 752 752 752 752 767 740 740 592 592 729 729 592 705 706 668 668 668 593 593 654 593 593 592 592 593 593 605 593 559 559 559 559 559 541 541 520 520 520 409 409 409 509 430 430 430 420 420 409 409 389 389 389 389 420 399 399 324 324 372 372 318 318 318 337 318 318 252 281 281 281 281 282 282 252 252 252 252 233 233 164 164 215 215 164 206 97 97 97 146 97 97 97 97 97 97 97 108 97 63 63 63 63 17 17 17 17 17 17 6 
885 885 955 968 968 968 916 916 948 898 898 922 922 916 876 900 886 844 844 844 844 844 844 775 775 775 775 775 775 792 792 792 752 752 752 752 740 740 740 740 729 729 592 705 690 690 690 668 668 593 593 593 593 593 593 593 593 593 593 567 567 567 559 559 541 541 541 520 520 520 520 409 409 430 430 430 477 420 458 409 420 420 420 420 420 399 399 324 391 372 318 318 358 318 318 318 318 252 312 281 281 281 282 275 275 164 164 164 164 164 164 164 215 215 164 164 164 192 97 97 97 126 126 126 126 126 97 97 97 63 80 80 63 63 17 17 28 28 6 6 
993 993 955 968 968 916 916 916 916 916 916 916 916 916 876 886 886 844 844 861 861 861 844 844 837 775 775 775 792 792 752 752 752 752 752 752 740 754 592 592 592 592 592 690 690 589 589 668 668 593 593 647 593 593 593 593 594 594 594 567 567 567 559 559 553 520 520 520 520 520 500 500 409 409 409 430 430 420 458 458 420 420 420 409 409 409 409 324 372 372 318 349 349 349 318 318 324 252 252 252 281 281 282 275 164 164 164 164 235 164 164 164 164 216 185 185 164 192 184 97 97 126 126 137 137 115 115 98 98 63 80 80 6 6 6 28 28 28 6 7 
993 955 955 916 916 916 916 953 876 876 876 917 917 917 876 861 861 861 861 861 861 861 837 837 837 775 775 820 776 776 752 752 752 752 776 740 740 754 592 592 592 592 717 707 707 589 589 589 669 593 593 593 618 618 618 618 594 594 594 588 567 567 567 553 553 520 520 520 520 520 500 500 500 500 409 430 430 420 420 420 420 420 420 409 409 410 324 324 372 349 349 349 349 324 324 324 324 252 252 252 282 282 282 275 164 267 164 164 235 239 164 164 164 185 185 185 164 164 184 137 137 126 126 137 138 115 98 98 63 63 80 80 6 6 6 28 28 28 6 6 
955 955 916 916 916 916 916 953 876 876 876 917 876 876 876 861 861 830 830 830 830 830 837 837 830 830 776 776 776 776 776 776 776 776 776 740 740 740 744 589 589 589 589 707 707 589 589 589 669 593 593 593 618 618 618 618 594 588 588 588 567 567 553 553 542 542 542 520 520 520 500 500 501 501 409 430 430 430 430 430 430 430 430 430 409 410 324 324 372 349 349 349 349 324 324 324 325 252 252 252 282 282 275 275 164 253 253 253 235 235 235 212 212 185 185 185 193 164 164 137 137 137 137 137 138 115 98 98 63 63 80 6 6 6 6 50 18 18 18 6 
955 916 916 982 956 956 956 876 876 876 876 876 876 918 830 830 830 830 866 866 866 830 830 837 830 776 776 803 803 803 803 776 776 777 777 740 740 740 589 589 589 589 589 589 589 589 589 589 589 589 648 648 618 618 618 618 594 588 588 588 567 567 553 553 542 542 542 520 520 520 500 500 501 501 409 430 430 470 430 430 445 445 409 409 409 410 410 324 324 324 324 324 324 324 334 334 325 252 252 252 252 252 275 283 164 253 253 148 148 235 235 212 212 185 185 185 193 193 164 164 164 164 116 116 116 116 116 98 98 63 80 6 6 6 6 50 18 18 6 6 
955 916 956 956 956 956 957 876 876 876 876 918 918 918 830 901 830 830 831 831 831 831 830 837 830 776 776 776 740 740 740 740 740 740 740 740 755 755 589 589 589 589 718 713 680 680 589 589 589 589 648 649 643 618 618 594 594 588 588 568 568 568 568 553 553 520 520 520 520 520 500 500 500 409 409 430 430 430 430 445 445 409 409 324 324 324 324 400 324 324 324 324 359 325 325 325 325 252 252 252 300 252 275 164 164 253 253 148 148 148 212 212 212 185 185 185 185 185 164 164 164 164 116 147 116 116 117 63 63 63 6 6 6 6 6 6 6 18 6 8 
916 916 956 956 956 956 876 876 876 876 876 918 918 918 830 830 830 830 831 831 850 831 830 830 830 831 776 776 740 740 740 740 740 740 768 768 589 589 589 589 713 713 713 713 680 680 680 680 589 648 648 643 643 618 618 594 613 568 568 568 553 553 553 553 553 520 520 520 520 500 500 500 500 409 409 430 478 430 430 445 409 409 437 324 416 416 324 324 324 324 324 324 325 325 252 252 252 252 252 252 252 252 275 164 276 148 148 148 148 148 212 212 212 212 212 148 148 185 185 147 147 116 116 147 116 116 117 63 88 88 6 6 6 6 6 6 6 6 6 8 
916 932 932 932 932 932 876 876 876 876 876 923 923 830 830 830 887 887 831 831 850 831 831 831 831 831 776 776 740 740 740 740 740 740 741 741 589 589 589 589 670 670 670 670 670 670 681 681 589 648 589 589 589 625 625 594 613 568 595 553 553 553 553 543 543 543 536 536 423 500 500 500 500 409 409 430 430 430 445 445 409 437 437 324 416 416 324 324 324 324 373 324 325 350 252 326 326 319 252 252 252 275 275 164 164 148 148 148 148 222 222 222 222 212 212 148 148 185 185 147 147 147 147 147 117 117 117 63 88 88 88 6 6 6 6 6 6 6 19 8 
916 916 916 916 958 932 932 932 932 932 830 830 830 830 830 830 887 887 831 862 850 850 850 831 831 782 782 776 804 804 740 740 786 741 741 741 589 589 589 589 670 670 719 670 670 670 681 681 589 648 589 589 589 589 626 594 613 568 568 553 553 553 543 543 543 543 536 536 423 500 500 500 500 409 409 409 479 409 409 409 409 437 438 324 401 401 401 401 324 324 324 324 325 350 252 252 252 319 252 252 252 275 275 284 164 164 164 148 148 222 222 222 148 148 148 148 148 186 186 157 157 157 157 148 117 117 118 63 63 6 6 6 6 6 6 6 20 20 8 8 
997 916 916 916 958 958 958 932 932 932 932 887 887 887 887 887 887 887 831 862 862 850 850 838 838 782 782 776 776 804 804 741 741 741 741 741 589 589 589 589 670 670 708 708 708 670 681 681 589 589 655 589 589 589 626 613 613 568 568 553 553 543 543 560 543 543 536 536 423 500 500 500 500 502 409 409 479 409 409 409 437 437 438 324 401 401 401 324 324 351 351 351 325 325 325 325 252 252 252 252 252 275 275 284 164 164 164 148 148 148 148 148 148 217 148 148 148 148 148 157 157 157 148 148 117 117 63 63 63 6 6 6 70 6 6 43 20 20 8 8 
916 916 916 916 959 959 959 887 887 933 933 887 887 887 896 887 887 831 831 867 862 862 838 838 782 782 776 776 776 814 741 741 741 781 741 741 589 589 741 741 670 670 708 708 708 670 670 670 670 589 589 589 589 589 589 613 613 568 596 553 553 543 560 560 543 543 543 423 423 502 502 502 502 502 409 409 479 409 459 459 437 437 438 324 324 324 324 324 352 351 351 351 351 351 308 308 308 308 308 308 241 241 241 284 241 241 241 246 246 148 148 148 217 217 148 148 148 148 148 148 148 148 148 149 117 117 63 63 63 63 63 6 6 6 56 43 43 20 20 8 
916 916 983 983 959 887 887 887 887 887 887 887 919 919 896 896 896 831 831 867 867 838 838 782 782 832 776 814 814 814 741 741 741 741 741 741 741 741 741 691 691 691 691 691 698 698 691 671 671 636 636 589 589 636 589 613 613 568 568 568 581 543 543 543 543 423 423 423 531 491 491 491 491 491 491 409 409 409 437 437 437 437 438 324 324 324 338 338 352 352 352 352 352 352 308 308 308 308 241 241 241 285 241 241 241 268 241 246 246 148 148 148 217 217 178 178 148 148 187 148 148 149 149 149 117 117 63 63 63 63 63 8 8 8 8 8 8 29 8 8 
998 916 916 916 959 887 960 887 887 887 887 887 919 919 831 831 831 831 831 868 868 838 838 782 832 832 776 814 814 814 741 741 761 761 761 761 761 741 741 691 691 691 691 691 698 691 691 671 671 636 636 636 636 636 589 589 589 574 574 568 574 574 561 561 423 423 472 472 531 491 515 515 482 482 482 482 471 471 437 437 437 438 438 324 324 324 338 338 338 338 338 338 338 338 308 308 241 241 241 241 241 285 285 285 241 241 241 148 148 148 148 148 148 148 178 178 178 178 178 172 172 149 149 149 65 65 65 92 92 92 8 8 71 64 8 8 8 29 8 8 
916 916 916 916 887 887 960 887 887 887 887 887 919 919 831 888 888 831 831 868 868 838 838 782 832 776 776 814 814 814 741 741 761 761 761 761 614 614 614 614 614 614 691 691 698 691 671 671 671 636 656 627 627 637 619 619 589 574 574 574 574 575 561 561 423 472 472 472 472 491 491 491 482 482 471 471 471 471 437 437 437 438 421 421 421 417 338 402 338 338 374 339 339 338 338 241 241 260 260 260 260 285 285 241 241 260 260 148 240 240 148 148 148 148 178 178 178 178 178 178 127 149 127 127 127 127 65 92 92 92 8 8 8 64 51 51 8 29 21 8 
916 916 916 916 887 887 887 887 887 887 887 887 831 831 831 888 888 888 838 838 838 838 782 782 832 776 776 815 815 815 746 746 746 746 778 769 614 614 614 614 614 614 614 691 691 691 671 671 671 636 627 627 627 637 619 619 589 589 589 589 582 423 423 423 423 472 472 472 472 472 472 491 482 482 471 471 480 471 437 437 421 421 421 431 417 417 338 338 338 338 338 339 339 339 339 241 260 260 313 260 260 285 285 241 277 260 260 148 240 148 148 225 148 178 178 178 198 178 178 179 127 127 127 99 99 128 65 65 65 65 8 8 8 64 51 51 8 8 21 8 
949 949 949 949 949 949 949 949 949 887 887 887 908 908 908 888 888 888 838 838 782 782 782 827 827 827 776 815 815 815 746 746 746 746 778 769 614 598 598 730 730 730 614 614 614 614 692 636 636 636 627 627 627 627 627 582 582 582 582 582 582 423 423 562 537 537 537 472 472 472 472 472 482 482 482 471 471 471 382 382 421 421 421 417 417 417 363 363 363 381 338 338 338 241 241 241 260 260 313 260 260 260 260 260 260 260 260 148 148 148 148 148 148 178 178 178 178 178 178 179 99 127 127 99 99 99 99 99 99 65 65 65 65 57 57 44 44 8 8 8 
949 949 949 949 976 949 949 936 936 936 887 887 908 908 908 838 838 888 877 838 782 863 782 782 839 827 827 815 815 815 746 746 746 746 769 769 614 598 598 730 598 614 614 614 614 614 692 636 672 638 638 638 638 638 582 582 582 423 423 423 423 423 423 562 537 537 537 472 472 472 472 472 472 472 472 483 472 472 382 382 421 421 421 417 417 417 363 363 363 363 363 363 338 241 241 313 313 313 313 260 260 289 289 241 241 261 261 241 241 241 148 148 178 178 178 178 178 178 178 179 99 99 99 99 129 129 99 99 72 72 72 72 65 57 57 44 44 30 8 8 
988 988 988 949 949 949 949 936 936 937 887 887 887 908 908 838 838 838 877 838 782 782 782 782 782 782 782 815 787 787 805 746 746 746 769 614 614 598 598 598 598 614 614 614 614 614 692 636 636 638 638 638 638 638 582 582 582 423 423 423 562 562 562 562 423 423 537 537 525 525 472 472 472 503 472 472 472 382 382 382 421 421 421 432 382 382 411 382 382 382 363 363 338 353 241 313 313 313 313 260 260 289 289 241 241 261 261 241 242 242 148 148 148 148 178 178 178 178 178 99 99 99 129 129 129 130 99 99 72 72 72 72 65 65 30 30 30 30 9 9 
988 936 936 977 977 936 936 936 936 887 887 887 887 838 838 838 864 838 877 838 851 851 851 833 833 833 782 787 787 787 787 746 769 769 769 614 614 598 598 709 709 709 709 709 709 614 614 682 636 636 636 636 636 636 582 582 606 423 423 423 423 423 569 423 423 423 423 423 525 525 484 484 382 382 382 382 382 382 463 382 382 382 432 432 382 382 382 382 383 383 364 364 338 353 241 241 241 241 313 260 260 241 241 241 241 241 241 241 242 148 148 148 148 148 178 178 178 178 178 99 99 99 129 129 139 102 102 72 72 72 89 72 72 30 30 30 30 31 9 9 
936 936 936 936 936 936 961 936 936 887 887 887 838 838 818 818 864 838 838 838 851 851 851 833 833 782 782 787 782 782 787 746 769 746 746 614 614 745 598 598 709 709 673 673 673 673 614 614 614 662 636 636 636 636 583 583 606 606 583 583 583 423 569 423 423 544 544 423 484 484 484 484 382 439 439 439 439 439 439 439 451 382 382 382 382 382 364 364 364 364 364 338 338 301 301 301 327 241 241 260 260 241 241 241 242 242 254 254 242 148 148 148 223 207 207 178 178 178 178 165 165 165 139 139 139 102 102 72 100 72 72 81 73 30 30 30 30 9 9 9 
936 994 978 978 978 936 936 936 936 887 887 887 838 838 818 818 864 864 864 864 840 840 840 840 782 782 787 787 782 782 787 746 746 746 746 614 614 745 745 598 598 598 673 673 673 673 673 683 614 614 657 614 614 614 583 583 583 583 583 584 584 423 423 423 423 544 423 423 484 484 484 484 484 439 492 439 439 439 439 439 451 439 439 382 382 382 364 375 375 375 375 338 338 301 301 301 301 301 241 241 241 241 290 242 242 242 242 242 242 166 166 166 223 207 207 207 178 178 178 165 165 165 139 139 139 102 102 72 72 72 72 73 73 52 52 30 30 9 9 10 
936 994 978 978 979 936 936 936 936 938 887 887 924 818 818 818 818 889 878 864 840 840 840 840 782 787 787 782 782 782 787 787 787 746 746 770 746 746 746 598 598 598 673 673 673 673 673 673 673 614 614 614 644 614 583 583 583 597 570 570 570 423 423 563 544 544 423 532 532 484 484 484 484 439 492 439 439 439 464 439 439 439 440 364 364 364 364 375 375 375 328 328 328 328 328 328 328 301 301 286 286 242 242 242 242 242 242 247 247 166 199 166 207 207 208 208 178 178 178 178 139 139 139 139 102 102 119 93 93 93 73 73 52 52 52 52 32 32 9 9 
936 936 978 978 936 936 936 936 936 887 887 924 924 818 902 902 818 878 878 864 840 840 852 782 782 787 787 782 782 782 787 787 788 746 746 770 746 756 747 598 734 598 598 598 673 673 674 674 674 644 644 644 644 614 614 614 614 597 570 570 570 570 570 544 544 544 423 532 532 484 484 484 504 439 439 439 364 364 364 364 364 364 364 364 422 412 412 375 375 375 328 328 328 328 328 328 328 301 301 286 286 242 242 242 242 242 242 247 166 166 199 199 199 199 199 199 199 178 178 178 139 158 158 139 102 119 119 93 93 93 73 82 52 52 32 32 32 33 9 9 
936 936 936 936 936 969 887 887 887 887 887 924 924 818 818 903 818 878 878 864 840 840 852 782 782 782 782 782 782 782 806 782 782 782 746 746 746 721 747 598 598 598 720 598 598 598 598 598 598 644 620 620 620 620 628 614 614 597 597 570 570 570 570 544 554 544 423 423 484 484 484 484 504 504 484 484 364 364 364 460 392 392 392 392 392 412 412 375 375 329 329 329 329 329 328 328 301 301 309 309 286 286 286 286 247 247 247 247 166 166 166 200 200 200 200 199 199 178 178 139 139 158 158 139 102 102 102 109 101 73 73 82 32 32 32 53 33 33 9 9 
936 936 936 950 950 887 887 887 887 939 887 924 924 818 818 903 818 818 818 864 840 840 840 845 840 793 793 793 782 782 782 782 782 782 762 762 762 721 721 742 598 598 710 710 710 598 598 684 598 644 620 620 620 620 620 620 615 598 598 521 521 521 521 544 544 544 423 423 484 526 484 484 484 484 484 364 364 364 364 392 392 446 392 392 392 392 392 392 392 329 329 329 329 329 329 329 301 309 309 310 286 286 247 247 247 247 247 227 227 227 166 200 166 166 200 200 200 166 166 139 139 139 159 139 139 102 102 101 101 73 73 82 32 32 32 33 33 33 9 9 
999 984 984 950 950 962 962 887 887 887 887 924 903 903 903 903 897 890 818 864 864 864 840 840 840 793 793 793 782 782 782 793 782 782 762 762 763 721 721 742 721 721 710 711 711 693 693 598 598 644 644 644 620 620 615 615 615 598 598 521 545 521 521 549 549 549 423 423 484 484 484 484 484 493 493 364 364 364 452 392 446 446 392 392 392 392 392 392 393 329 329 329 329 354 340 329 301 301 301 301 301 247 247 247 247 247 227 227 227 227 166 166 166 166 166 166 166 166 166 166 166 139 139 150 139 102 120 101 73 73 73 32 32 32 32 33 33 33 9 9 
984 984 984 984 950 950 950 950 887 887 924 924 903 903 903 897 897 890 818 853 853 853 853 818 818 818 818 793 807 807 807 793 762 762 762 762 763 721 721 742 721 721 721 693 693 693 598 598 663 663 598 598 620 620 615 615 615 598 598 521 545 521 521 521 521 521 521 423 533 423 423 510 510 423 423 423 423 452 452 392 446 446 403 403 403 403 403 403 393 340 340 340 340 340 340 329 329 301 301 301 302 247 247 247 247 247 227 227 227 226 226 226 194 194 166 166 166 166 160 160 166 166 139 139 139 102 102 101 73 73 73 32 74 32 32 34 34 34 9 9 
984 995 984 984 963 963 963 950 950 940 924 924 903 903 897 897 890 890 818 854 854 854 854 818 818 818 818 793 793 793 793 793 762 762 762 762 757 757 721 721 721 658 658 693 693 693 598 598 598 598 598 598 620 620 629 598 598 598 599 521 545 545 571 521 521 521 521 423 423 423 423 423 423 423 485 485 423 452 452 392 392 392 403 403 403 403 403 404 393 340 360 360 360 341 341 296 296 301 301 301 296 296 269 269 269 269 227 227 227 226 226 226 194 194 166 166 180 180 160 160 160 160 160 139 139 131 102 73 73 73 32 32 74 32 32 34 45 35 11 11 
984 984 984 984 963 963 963 890 890 940 890 890 890 903 897 890 890 818 818 854 854 854 818 818 818 818 818 821 793 793 794 762 762 762 762 762 757 758 658 658 658 658 658 693 658 658 658 598 598 598 598 598 629 629 629 598 599 599 599 521 545 545 571 521 521 521 521 521 521 521 521 505 505 505 423 423 423 423 452 392 392 392 392 392 392 392 413 384 394 340 340 341 341 341 341 296 296 296 296 296 296 269 269 269 269 270 227 227 227 236 236 194 194 194 166 166 180 180 160 160 167 167 131 131 131 131 102 73 73 73 32 32 32 32 32 34 45 35 11 11 
1000 963 963 963 963 869 869 890 890 890 890 929 890 890 897 890 818 818 872 872 865 865 818 846 818 818 818 818 816 816 794 762 762 762 762 762 757 658 658 658 658 658 658 693 658 658 658 658 658 658 658 598 629 629 598 598 600 600 600 521 545 545 545 564 545 545 545 522 522 494 494 505 505 505 423 423 423 423 452 452 452 423 423 392 392 392 340 384 384 384 340 341 341 341 341 296 296 296 269 269 269 269 291 270 270 270 227 227 227 236 236 194 194 194 209 209 180 180 180 160 167 167 131 131 131 131 102 73 73 73 32 32 32 32 32 34 34 35 11 11 
1000 963 963 963 963 869 869 869 925 925 925 925 925 890 890 890 818 818 818 818 818 818 818 846 818 818 818 818 816 795 794 794 764 764 757 757 757 658 658 658 722 722 722 658 658 658 658 658 659 658 658 598 598 598 598 621 590 590 590 521 521 576 545 564 545 545 545 522 522 494 494 494 494 494 423 486 423 423 423 423 423 423 423 423 423 392 340 340 385 385 340 340 342 342 342 296 296 296 269 269 269 291 291 270 270 270 227 227 227 194 194 194 194 201 201 210 180 180 180 160 167 167 131 131 102 102 102 73 73 73 32 32 32 66 34 34 34 34 11 11 
989 989 989 963 963 869 869 869 869 869 869 869 869 869 869 869 869 869 879 818 818 846 846 846 818 818 818 818 818 795 795 795 764 764 757 757 757 658 658 658 658 658 658 658 699 699 664 664 659 659 659 598 598 598 598 621 590 590 590 590 521 576 545 545 545 546 546 522 522 494 494 494 494 494 423 423 423 465 465 423 423 433 433 433 392 392 414 340 340 340 340 340 342 342 330 330 330 269 269 311 303 291 292 270 270 270 227 227 248 194 194 194 194 201 201 201 201 194 180 180 167 167 131 151 102 102 121 102 102 32 32 32 32 32 34 34 34 34 11 11 
989 989 989 963 963 869 869 869 869 930 930 930 909 909 909 880 880 869 869 869 869 846 855 796 796 796 796 796 796 796 796 796 764 764 764 757 757 658 658 658 658 723 723 664 664 664 664 664 664 664 639 639 639 639 601 601 601 590 590 590 521 521 489 489 489 546 546 522 522 522 522 494 494 494 423 423 365 365 365 433 433 433 392 392 392 365 365 365 365 365 340 340 342 342 330 330 330 269 291 291 303 291 291 270 278 227 227 227 194 194 237 194 194 201 201 201 194 194 131 131 173 131 131 102 102 102 121 102 103 32 32 32 32 32 32 32 36 36 11 11 
926 926 926 926 926 869 869 930 930 930 930 930 909 909 880 880 880 891 880 846 846 846 846 796 796 796 828 796 796 660 660 660 764 764 764 764 764 748 748 664 664 664 664 664 685 664 664 685 664 664 639 650 639 639 601 601 601 601 601 521 521 521 489 489 489 489 489 527 527 527 511 511 511 494 494 365 365 473 365 365 365 447 392 434 365 365 395 395 395 365 365 365 342 342 269 269 269 269 291 291 291 291 291 270 278 227 262 194 194 194 194 194 194 194 194 194 194 131 131 131 131 131 161 102 102 102 121 102 103 32 32 32 32 32 32 32 32 11 11 11 
926 926 926 926 926 930 930 930 926 926 926 926 926 880 880 904 880 891 880 846 846 846 846 796 796 796 796 819 819 660 797 660 660 660 765 765 765 748 748 664 664 731 685 685 685 664 664 685 664 664 639 645 645 601 601 601 601 607 521 521 489 489 489 489 550 550 489 527 527 516 516 487 487 487 487 365 365 365 365 365 365 365 392 392 365 395 395 395 365 365 365 365 269 269 269 269 269 269 269 291 291 291 293 270 227 227 262 194 194 194 227 227 195 195 195 195 195 131 131 181 131 131 161 102 102 102 102 102 103 32 83 83 32 32 32 32 32 37 12 12 
926 926 926 926 980 930 930 930 926 926 880 880 880 880 910 904 880 880 880 846 846 846 856 796 796 834 796 796 660 660 797 797 660 660 765 765 765 664 664 664 664 731 685 685 700 700 685 685 664 664 639 645 645 601 601 601 601 521 521 591 489 489 489 565 550 550 489 527 527 516 487 487 488 488 487 487 365 365 466 365 453 365 392 392 365 395 395 395 365 365 365 365 269 269 269 269 269 269 269 291 291 291 293 270 227 227 227 249 249 227 227 228 195 195 195 195 195 195 131 131 131 131 152 152 132 132 122 103 103 32 32 32 32 23 23 32 32 37 12 12 
926 926 926 926 926 926 926 926 926 926 880 904 904 904 904 904 846 846 846 846 846 846 847 847 796 796 796 796 660 660 798 798 660 783 765 765 765 664 664 664 724 724 724 685 685 685 685 639 639 639 639 601 601 601 601 601 521 521 572 572 489 489 489 489 550 550 489 489 489 516 487 488 488 488 495 365 474 474 365 365 453 365 392 392 365 365 365 366 366 315 315 315 315 315 335 335 269 269 269 269 293 293 293 270 227 227 227 249 249 227 228 228 202 202 202 195 195 195 131 131 131 131 152 122 132 122 122 103 103 32 32 23 23 23 23 23 46 22 22 12 
926 926 926 970 970 970 941 941 941 941 880 880 920 920 911 846 846 892 846 846 846 846 847 848 822 822 822 822 660 660 798 798 660 660 771 771 664 664 743 743 724 685 685 685 685 685 685 639 639 639 639 601 566 566 566 566 566 572 572 572 572 577 572 489 489 489 489 489 489 516 487 488 488 488 495 365 365 365 365 453 453 365 392 392 424 418 365 366 366 315 361 361 361 315 315 269 269 269 269 269 293 293 270 270 270 270 227 227 227 227 228 229 202 202 202 195 195 104 104 131 131 168 152 122 122 122 123 90 90 90 90 23 23 23 58 23 23 22 22 12 
926 926 926 964 964 964 941 941 951 880 880 880 911 911 911 846 892 892 846 846 847 847 847 822 822 660 660 660 660 808 808 660 660 660 664 664 664 743 743 724 724 685 685 685 685 685 685 686 601 601 601 601 566 566 566 566 566 566 566 566 572 572 572 547 547 489 489 489 516 516 487 487 487 488 488 488 365 365 453 453 454 365 365 365 418 418 365 366 366 315 361 361 361 315 315 269 314 314 269 269 297 297 270 270 270 255 255 255 228 228 228 229 218 218 202 195 195 104 104 131 131 168 152 153 90 123 123 90 90 90 90 23 23 23 58 23 23 12 12 12 
926 926 926 964 981 964 964 951 951 880 880 880 911 911 911 846 846 846 846 846 846 822 822 822 823 660 660 660 660 660 660 660 784 664 664 664 664 743 743 724 724 685 685 686 686 686 686 686 601 601 601 601 601 566 566 566 566 566 566 566 566 566 573 547 547 489 489 489 516 516 516 516 487 488 488 398 398 398 398 398 398 448 365 365 418 365 365 366 366 315 376 361 361 315 315 269 269 314 314 297 297 298 270 270 271 255 255 255 228 228 228 228 218 218 202 202 202 104 104 168 168 168 152 153 90 90 90 90 90 90 90 23 23 23 23 23 23 12 12 12 
926 926 926 964 951 951 951 951 952 880 911 911 911 880 880 880 881 881 846 846 846 822 822 822 823 823 823 660 660 660 660 660 784 664 664 664 749 749 749 724 724 725 725 686 686 686 686 686 601 601 601 601 601 640 566 566 566 566 566 578 578 566 566 566 547 547 547 489 489 489 489 512 512 488 488 398 398 398 398 398 398 398 365 365 418 365 365 366 366 315 376 315 315 315 269 269 269 297 297 297 304 298 270 270 271 271 104 104 228 228 228 228 218 218 104 104 104 104 104 104 104 104 152 140 140 104 104 104 104 90 90 23 23 23 23 47 23 23 23 12 
926 990 990 951 951 951 951 954 880 880 880 880 880 880 880 880 881 881 846 846 846 822 822 822 822 822 823 823 660 660 809 660 784 784 735 735 735 735 735 714 714 714 726 686 686 686 665 665 601 601 601 601 640 640 622 622 566 566 602 578 578 578 566 566 538 538 538 513 513 513 489 512 489 489 496 489 398 398 398 398 455 398 441 365 365 365 365 366 396 315 315 315 315 315 269 297 297 297 297 297 298 298 269 269 279 104 104 104 213 213 213 213 218 218 104 104 104 104 188 104 104 104 140 140 141 104 105 105 105 23 23 23 59 59 59 47 47 38 12 12 
926 985 985 951 951 951 951 951 880 880 880 882 882 882 880 905 881 881 881 822 822 822 822 822 822 822 829 750 750 750 809 660 660 660 735 735 735 735 735 735 735 714 714 714 660 660 660 665 665 665 660 622 640 622 622 578 578 578 578 578 585 555 538 538 538 538 538 513 513 513 489 489 489 489 489 489 398 398 398 398 455 398 435 435 365 365 397 366 366 366 366 366 315 343 269 269 297 297 297 297 298 269 269 269 269 104 104 104 213 238 238 213 213 213 213 203 203 104 188 104 169 169 140 140 104 104 84 105 105 23 23 59 59 23 23 23 23 38 12 12 
926 985 985 985 951 951 951 951 880 880 893 882 882 882 880 905 881 881 882 822 822 822 857 822 822 829 829 750 750 750 809 789 789 660 660 735 735 735 735 660 660 732 714 714 660 701 660 687 660 660 660 622 622 622 578 578 578 578 585 585 585 555 538 538 538 538 538 538 513 513 513 513 513 398 398 490 398 398 398 398 398 398 435 435 397 397 397 366 366 377 377 315 315 343 343 269 269 320 297 297 269 269 287 287 269 104 104 104 213 213 213 213 213 104 104 203 203 104 188 104 104 104 104 140 104 104 84 84 106 94 23 23 23 23 60 23 23 12 12 12 
926 926 926 926 951 951 951 951 942 942 893 927 927 882 882 882 882 882 882 822 822 822 822 822 822 829 750 750 750 750 750 799 750 750 660 772 660 660 660 660 660 660 660 715 660 660 660 660 660 641 641 641 641 641 578 578 578 578 578 578 578 555 555 555 555 528 528 528 528 513 513 517 398 398 398 398 475 475 398 398 398 435 435 435 397 397 397 366 366 377 377 315 315 315 315 315 269 269 269 269 269 299 272 272 272 104 263 256 104 104 104 104 104 104 104 104 203 104 104 110 110 110 104 104 104 104 124 84 84 94 84 84 23 23 23 23 12 12 12 12 
926 926 926 971 951 951 951 951 943 943 893 927 927 893 893 893 882 882 822 822 822 829 822 822 822 829 750 750 750 750 750 799 750 750 660 660 660 660 660 675 660 660 660 660 660 660 675 675 675 641 641 641 641 630 630 578 578 578 578 578 578 555 555 555 528 528 528 528 528 528 517 517 398 398 398 398 398 398 398 435 435 435 435 435 397 397 397 397 397 367 367 367 315 315 315 315 315 269 269 269 269 299 272 272 272 104 104 256 104 104 104 104 219 219 104 104 104 104 104 110 110 110 142 142 142 110 110 110 84 94 84 84 23 67 23 23 12 12 12 12 
926 926 926 971 971 971 951 951 943 943 893 893 893 893 912 893 893 893 822 822 822 829 829 829 829 829 750 750 750 750 750 750 750 750 750 750 750 750 750 675 675 675 675 675 675 675 675 675 675 641 641 641 641 630 630 578 578 578 578 578 578 555 555 555 528 528 528 528 528 528 517 517 398 398 398 398 398 398 398 398 398 398 398 398 398 398 398 398 398 367 367 367 315 315 315 336 315 315 315 269 269 299 272 272 272 272 104 104 104 104 230 230 219 219 104 104 104 104 104 110 110 110 110 110 110 110 110 110 84 84 84 84 23 23 23 23 23 23 12 12 
