910 910 910 910 910 910 882 882 882 882 882 882 839 839 839 839 839 819 827 827 688 688 688 688 688 688 688 688 688 688 688 732 727 688 688 688 688 688 655 655 655 655 655 655 626 626 626 626 561 561 561 561 588 561 561 573 491 491 491 491 491 491 491 491 491 491 491 491 431 431 431 431 431 431 431 431 386 386 386 386 386 386 386 312 312 312 312 312 312 312 312 312 312 287 287 287 257 257 257 257 257 131 131 131 239 131 131 131 131 131 131 192 192 111 111 111 111 111 111 111 111 111 111 111 111 111 105 84 84 16 16 16 16 56 16 16 16 16 16 1 
910 910 910 910 910 910 882 882 897 897 882 882 839 839 839 839 839 819 819 819 688 688 688 688 688 779 688 688 688 744 688 727 727 688 688 688 702 688 655 655 655 655 655 655 626 626 561 561 561 601 601 561 561 561 561 561 491 491 546 431 431 431 491 491 431 431 431 431 431 432 432 432 432 431 431 432 386 386 386 386 379 379 379 312 312 312 312 312 312 321 321 312 312 287 297 257 257 257 257 257 257 131 131 131 131 131 131 131 131 131 131 131 131 111 111 111 111 111 111 111 111 137 105 105 105 105 105 84 84 16 16 16 16 16 16 40 1 1 1 1 
910 910 910 910 910 910 910 882 897 889 889 869 869 803 803 803 839 819 819 819 819 688 688 688 688 779 688 766 688 744 688 727 727 688 688 688 702 688 688 677 677 648 648 648 648 626 561 627 491 491 491 491 491 491 491 561 561 491 546 431 431 431 431 431 431 431 431 432 432 432 463 463 432 432 432 432 386 386 410 379 379 379 379 312 312 312 312 312 340 321 321 321 287 287 297 257 257 257 278 246 246 246 131 131 131 131 131 131 131 131 131 131 131 182 111 111 111 111 111 111 111 137 105 105 85 85 106 84 84 16 16 1 1 16 16 40 1 1 1 1 
910 910 882 882 921 921 882 882 889 889 890 869 869 803 803 803 839 839 688 688 688 688 800 688 780 780 688 766 688 744 688 688 688 688 688 688 689 689 689 677 677 648 648 648 626 626 561 627 491 491 491 595 585 585 491 491 491 491 538 538 431 431 431 431 431 431 431 432 443 443 443 443 443 432 432 386 386 386 386 379 379 379 387 312 356 356 356 312 340 313 313 313 287 287 297 257 257 257 246 246 266 246 246 246 231 231 131 131 131 131 131 131 131 131 131 131 131 131 131 131 131 137 85 85 85 85 85 85 85 16 16 1 1 1 1 1 1 1 1 1 
910 910 882 882 882 882 882 889 889 889 869 869 869 869 803 803 840 840 688 688 688 688 688 688 688 688 688 766 688 688 733 733 688 688 689 689 689 695 682 682 648 648 648 648 626 626 561 491 491 595 595 595 585 585 491 491 491 491 538 539 431 431 431 431 431 432 432 432 443 443 443 453 443 443 386 386 386 386 386 364 364 379 387 312 312 312 312 312 340 313 313 313 313 287 297 297 257 257 246 246 246 246 231 231 231 132 132 132 132 197 197 197 132 132 146 146 146 162 131 131 131 137 85 85 85 85 107 85 85 48 48 1 1 1 1 1 1 1 1 1 
934 882 882 933 927 882 882 889 889 889 869 883 869 869 803 840 840 841 688 688 820 688 688 781 688 688 688 755 755 688 733 733 718 718 689 689 703 682 682 683 648 648 648 648 648 561 561 491 491 491 491 585 585 585 491 491 491 491 538 539 431 431 431 431 431 432 432 432 444 444 444 453 453 444 386 433 386 386 386 402 364 379 387 312 312 312 312 348 340 313 313 313 313 287 298 298 257 257 257 257 257 257 231 231 231 132 132 132 132 132 132 132 132 132 146 146 146 146 146 146 131 131 131 85 85 85 85 85 48 48 48 1 1 1 1 1 1 1 1 1 
934 882 927 927 927 922 863 863 898 898 869 869 869 869 803 803 828 828 828 828 801 801 801 781 688 688 688 755 755 688 718 718 718 718 718 656 656 682 682 656 656 656 656 648 648 561 561 491 491 609 491 585 589 491 491 491 491 538 538 539 495 495 495 510 510 432 432 432 444 444 444 464 444 444 386 386 414 414 386 402 364 379 379 379 357 357 357 340 340 313 327 287 287 287 298 298 257 257 257 258 257 257 231 194 194 194 194 132 205 205 132 132 193 132 132 132 146 146 132 132 132 132 132 85 85 85 85 85 48 48 48 48 48 48 48 1 1 1 1 1 
934 882 882 882 882 922 863 898 898 898 869 869 863 863 863 803 828 801 801 801 801 801 802 781 781 781 688 688 688 688 718 718 718 718 718 656 656 656 682 656 656 656 656 648 648 561 561 617 617 491 491 585 491 491 516 516 538 538 538 539 495 495 495 495 495 495 495 432 444 444 444 444 444 432 432 386 386 386 386 364 364 380 380 380 357 357 340 340 313 313 327 287 287 308 298 298 257 257 257 258 257 257 231 194 194 194 194 132 132 132 132 132 132 132 132 132 146 146 132 18 18 18 18 95 95 85 85 85 48 48 48 48 48 48 48 1 1 1 2 2 
934 947 934 934 882 922 863 898 898 898 863 863 863 863 863 803 828 801 801 801 801 801 802 787 787 718 718 718 718 718 718 718 718 718 718 656 656 656 656 656 656 656 656 656 491 491 491 491 491 491 491 491 491 516 516 516 538 538 538 516 516 495 495 495 495 495 495 432 432 432 432 432 432 432 432 386 386 364 364 364 340 340 340 340 340 340 340 349 313 313 313 322 287 298 298 293 293 215 215 258 258 231 231 247 194 194 194 213 213 132 132 132 132 132 132 132 146 146 132 18 18 18 18 95 95 95 95 95 86 48 48 73 48 57 28 28 28 28 2 3 
934 947 934 935 882 882 863 863 863 863 863 842 842 863 863 803 803 801 801 801 801 787 787 787 788 718 718 718 738 738 738 718 714 714 714 714 656 656 656 656 656 657 657 657 491 491 491 491 491 491 491 555 516 516 516 516 516 516 516 516 516 495 495 495 495 495 495 476 476 476 412 412 412 412 432 432 364 364 364 364 340 340 340 340 340 349 349 349 313 313 322 322 287 298 293 293 215 215 215 215 258 231 231 231 231 231 194 213 132 132 132 132 132 132 172 132 132 132 132 147 18 18 18 18 18 86 86 86 86 48 48 48 48 57 28 28 29 29 2 3 
934 934 934 791 791 882 882 882 882 863 863 842 842 842 842 858 803 803 803 810 810 787 787 787 718 718 767 767 718 718 718 718 714 696 696 696 696 656 656 656 656 656 656 656 649 491 491 628 555 555 555 555 516 586 516 516 540 540 540 516 516 495 500 500 500 500 476 476 482 412 412 412 412 412 412 412 364 364 364 364 340 340 340 340 340 349 341 341 313 313 322 322 287 298 293 293 215 215 215 215 258 258 214 214 214 214 194 194 194 194 194 194 194 183 172 132 132 147 147 147 18 18 18 18 18 86 86 4 4 74 74 74 4 4 49 28 29 29 2 2 
956 934 934 791 791 911 911 876 876 876 876 842 875 842 842 842 842 842 803 803 810 810 789 789 718 718 718 718 718 739 739 734 714 696 696 696 696 656 690 656 656 656 656 656 649 628 628 628 555 610 555 555 516 516 516 516 540 540 540 516 495 495 500 500 500 500 476 482 482 412 412 412 412 412 412 412 415 415 364 364 370 370 388 370 370 349 341 341 323 323 328 323 287 298 272 272 272 215 215 215 215 259 214 240 240 214 214 194 194 198 198 198 195 183 172 123 123 147 147 147 18 18 18 123 18 112 86 4 4 4 4 4 4 4 4 28 28 29 17 2 
942 942 942 791 791 791 791 876 876 876 876 842 842 842 842 842 850 803 803 803 789 789 789 789 718 718 756 756 756 734 734 734 714 714 696 696 696 656 656 656 656 656 665 649 649 628 629 629 555 555 555 555 555 516 516 562 562 540 540 516 495 495 476 476 476 476 476 482 434 434 412 454 454 440 440 412 412 364 364 370 370 370 370 370 371 349 341 341 323 323 323 323 287 298 272 272 272 272 272 272 215 259 214 214 214 214 214 214 214 198 198 195 195 172 172 172 123 123 123 123 18 18 18 123 18 86 86 4 4 4 4 4 4 4 4 28 28 17 17 2 
942 942 942 923 923 923 791 905 876 876 876 876 842 842 842 850 850 803 803 829 789 789 789 789 770 770 756 756 734 734 734 734 714 714 696 696 696 696 649 649 656 656 665 649 628 628 596 596 602 602 602 596 555 555 555 555 555 540 547 516 516 495 476 476 482 482 482 482 434 434 412 454 440 440 412 412 412 364 411 370 370 370 370 370 371 349 341 323 323 323 323 323 287 272 272 272 285 285 272 272 215 248 214 214 214 214 214 214 214 198 198 195 195 172 172 172 156 156 156 123 123 123 123 123 18 86 4 4 4 4 4 4 4 4 4 4 4 17 17 2 
924 924 924 923 923 791 791 876 876 876 876 876 842 842 842 850 843 843 803 829 803 803 789 789 770 734 734 734 734 734 734 734 714 714 649 649 649 649 649 649 649 649 649 649 628 628 596 596 596 596 596 596 548 548 548 548 555 540 540 540 516 495 525 476 482 477 477 492 434 434 412 412 440 440 412 412 412 364 364 364 370 370 370 370 371 349 341 323 323 323 323 287 287 272 272 272 272 272 272 272 215 248 248 248 214 214 214 163 163 163 184 184 184 184 156 156 156 156 156 123 123 18 18 18 18 86 4 4 4 4 5 5 5 5 5 41 4 4 4 2 
924 924 924 923 923 791 912 876 876 876 876 876 876 842 842 850 843 843 803 803 803 803 789 789 770 734 734 734 734 734 714 714 714 714 649 649 649 649 649 678 678 666 666 628 628 628 596 596 596 597 597 597 548 548 548 548 555 555 548 516 516 525 525 476 482 477 477 477 483 434 434 412 440 440 412 412 412 412 412 364 364 364 370 370 349 349 341 341 323 323 323 287 314 272 272 272 272 279 279 272 215 260 249 249 214 214 214 163 163 163 184 184 184 185 156 156 156 156 156 123 123 18 18 86 86 86 4 96 4 4 5 5 5 5 5 41 5 5 4 4 
924 924 924 924 924 791 791 876 876 877 877 877 877 870 705 705 705 705 705 705 705 803 803 789 770 782 770 649 745 745 714 714 649 649 649 649 649 649 649 678 678 666 666 628 628 596 596 596 596 596 597 597 548 548 548 556 556 556 548 516 516 525 525 476 476 477 477 477 477 477 434 412 412 412 412 434 412 412 403 403 399 364 381 381 349 349 349 341 341 336 287 287 314 272 272 272 279 279 272 272 215 215 249 249 214 232 214 163 163 163 163 163 184 163 163 163 163 163 148 148 138 138 18 18 18 113 4 4 4 18 18 5 5 5 5 5 5 5 5 5 
924 924 924 924 924 924 791 791 791 877 877 877 870 870 705 830 830 844 705 705 705 789 789 789 770 770 770 649 649 649 649 714 649 649 649 649 649 649 649 684 548 548 548 628 628 596 596 596 596 596 597 597 548 548 548 548 548 548 548 541 516 516 516 516 511 477 477 477 477 478 434 434 412 412 434 434 403 403 403 404 399 364 364 364 364 364 349 336 336 336 287 314 314 60 60 272 272 272 272 60 60 215 252 249 214 214 214 215 215 148 148 163 163 163 163 163 164 148 148 138 138 77 77 77 18 18 18 4 4 18 18 42 42 42 42 42 18 18 18 6 
924 924 924 924 924 913 913 906 791 877 870 870 870 705 705 830 830 830 705 705 705 789 789 789 789 770 770 705 705 746 649 649 649 649 649 649 649 679 679 684 548 548 548 628 628 596 596 596 596 611 597 597 548 548 548 548 548 548 541 541 484 484 484 484 511 477 477 477 390 390 390 434 434 434 434 403 403 416 372 372 399 365 365 365 365 365 349 336 337 337 287 287 60 60 60 60 280 280 280 60 60 215 215 249 214 214 229 215 148 148 148 148 163 163 163 163 164 148 148 138 138 77 77 77 77 77 18 18 18 18 18 18 18 18 18 18 18 30 6 6 
924 924 924 924 924 913 914 906 791 791 870 870 870 705 705 830 830 830 705 705 705 811 804 705 705 705 705 705 705 705 705 649 649 704 704 715 704 679 679 679 679 548 548 548 596 596 596 596 548 548 548 548 548 563 563 563 563 541 541 542 484 484 484 484 484 484 477 477 390 390 390 390 403 403 403 403 416 416 372 372 399 365 365 365 365 365 349 336 336 336 287 287 267 267 267 60 60 60 60 60 60 60 215 215 215 215 215 215 148 148 148 148 148 186 163 163 148 148 148 138 138 77 77 117 117 77 77 77 77 77 18 18 32 32 32 32 32 30 6 7 
913 913 913 913 913 913 914 906 791 791 851 851 851 851 851 830 830 830 705 705 705 705 804 705 705 705 757 757 757 685 705 649 649 704 704 704 704 679 679 679 548 548 630 548 596 596 596 596 548 548 548 598 563 563 579 564 564 541 541 528 528 528 484 484 484 484 484 484 484 390 390 390 403 403 390 390 416 416 372 372 399 365 365 365 365 349 349 336 336 336 287 287 267 267 267 60 60 267 267 267 267 60 60 60 230 230 230 148 148 148 148 148 148 148 148 148 148 60 60 138 138 60 60 60 60 60 60 87 87 77 77 32 32 32 32 30 30 30 6 6 
913 913 913 913 913 915 906 906 791 899 851 851 851 851 851 830 821 821 821 821 821 705 705 705 705 705 757 757 757 685 705 728 728 705 705 705 705 685 685 685 548 672 630 548 548 636 636 548 548 563 563 563 563 579 579 564 564 528 528 528 528 528 484 484 496 496 496 485 485 390 390 390 390 390 390 390 424 372 372 372 389 389 389 295 365 349 358 336 336 336 287 287 267 267 267 267 267 267 233 233 233 233 250 60 60 60 60 148 148 148 148 148 148 148 60 60 60 60 60 60 60 60 118 60 60 60 60 87 87 32 32 32 69 58 30 30 30 19 19 6 
928 928 928 913 913 915 906 906 791 791 791 884 851 851 851 830 821 821 821 821 821 705 705 783 783 783 757 757 757 685 705 705 705 705 705 705 706 685 691 548 548 672 630 658 548 548 548 548 618 563 563 563 579 579 574 574 528 528 529 529 529 529 465 465 496 496 485 485 485 471 471 445 445 445 390 390 424 372 372 372 389 389 389 295 349 349 358 336 336 336 287 287 287 287 302 233 233 233 233 216 216 233 250 250 60 60 60 221 148 148 148 148 60 60 60 98 98 98 98 98 98 98 118 60 60 59 59 97 32 32 69 69 69 58 30 30 30 19 20 6 
928 928 928 913 913 915 915 906 791 791 791 845 851 851 851 830 830 830 812 812 812 812 709 709 709 709 771 758 758 685 685 685 705 705 705 705 706 685 691 548 672 672 630 630 630 637 637 618 618 563 563 563 579 574 574 575 528 528 528 528 465 465 465 465 493 493 485 485 485 471 471 445 445 445 390 424 424 372 372 372 372 389 389 295 349 349 349 349 295 295 295 295 295 287 302 233 233 233 233 216 216 233 233 233 233 233 60 221 148 148 148 148 60 60 98 98 157 157 157 98 98 98 118 60 60 59 59 32 32 59 59 59 58 58 33 33 33 19 19 6 
928 928 928 928 928 906 906 906 791 791 791 845 845 845 851 851 851 830 812 812 812 812 709 709 709 709 709 709 759 740 740 685 685 685 685 685 685 685 691 548 659 659 659 659 630 630 638 618 618 565 565 579 579 574 574 574 528 528 528 528 465 465 465 465 493 493 493 465 465 465 471 445 445 445 390 390 425 372 372 372 372 372 372 295 295 295 359 295 295 295 295 324 295 287 302 233 233 281 281 216 216 233 233 233 233 233 60 60 60 60 60 60 174 60 60 60 149 149 149 149 141 98 118 60 60 59 59 88 88 59 59 59 58 58 33 33 19 19 19 6 
928 928 928 928 929 906 906 906 791 791 791 791 878 845 845 845 852 830 830 830 724 724 724 709 709 709 709 709 740 740 729 729 685 685 719 685 685 548 548 548 659 650 650 650 650 630 630 630 565 565 565 565 565 574 574 574 528 528 528 528 465 465 501 465 465 465 493 465 465 465 465 445 445 445 441 390 372 372 372 372 372 372 372 372 372 295 295 295 295 295 295 295 295 287 233 233 233 233 233 216 216 233 233 233 233 233 173 173 60 60 60 60 174 174 174 60 149 149 141 141 141 98 118 124 60 60 59 59 59 59 59 59 70 6 6 6 6 6 6 6 
928 928 929 929 929 886 886 886 886 879 879 791 791 845 845 845 845 845 830 830 724 724 724 724 724 772 772 709 740 729 729 729 729 719 719 685 685 548 548 659 659 650 650 643 643 643 612 612 565 612 603 565 565 565 565 565 565 528 549 465 465 465 501 501 501 465 493 493 465 479 465 465 455 441 441 390 372 417 372 372 372 372 372 372 331 331 331 295 295 315 315 315 315 287 233 233 233 286 233 273 216 261 233 233 233 233 173 173 60 60 60 60 60 60 60 60 149 149 141 141 141 98 118 118 118 60 60 60 60 60 60 59 70 6 6 6 6 6 21 8 
943 943 929 929 930 886 886 879 879 879 879 879 791 845 845 859 845 845 830 830 822 724 724 724 724 772 773 709 740 729 729 729 719 719 720 707 707 548 548 659 659 650 650 643 643 643 612 612 565 612 603 565 590 565 565 565 566 528 528 465 465 465 455 455 501 465 465 465 465 455 455 455 455 441 441 390 372 372 372 372 372 372 382 382 331 331 360 295 315 315 315 315 287 287 233 233 233 233 233 273 216 216 234 234 234 234 173 173 173 173 199 175 175 175 175 141 141 141 141 141 141 98 98 98 98 98 98 60 60 60 60 59 59 59 6 6 34 6 6 8 
943 943 943 916 916 925 886 879 879 879 879 879 791 845 845 859 822 822 822 822 822 813 724 724 724 772 709 709 729 729 729 729 719 720 720 707 708 548 651 651 651 651 651 651 643 643 612 612 612 612 603 565 590 565 580 455 455 455 528 528 465 465 455 455 501 501 455 455 455 455 456 456 456 441 441 390 390 372 372 372 372 372 372 372 331 331 360 295 315 315 315 315 287 287 233 233 233 233 273 273 236 216 234 234 234 235 173 173 173 173 199 175 175 175 175 141 165 141 141 141 119 119 119 119 119 98 98 60 89 60 60 60 60 60 6 6 6 6 6 6 
916 916 916 936 916 925 886 879 879 879 885 885 791 791 791 859 822 822 822 791 791 813 724 724 790 709 709 768 729 735 735 735 719 720 707 707 708 548 651 651 680 651 651 651 651 603 603 619 619 603 603 565 565 565 580 455 567 455 455 528 455 455 455 455 455 455 455 455 455 456 456 446 446 446 418 418 390 372 372 372 372 372 372 372 331 331 331 295 295 316 316 316 316 287 287 299 233 233 273 273 236 216 234 234 234 235 173 173 173 173 173 175 175 175 175 141 141 141 119 119 119 119 119 119 119 98 98 60 89 60 60 9 9 9 6 43 6 6 6 6 
916 948 916 916 916 925 886 879 879 879 879 879 879 871 791 791 791 822 822 791 791 791 805 724 724 709 729 729 729 735 735 720 720 720 707 707 707 548 548 651 651 651 667 651 651 603 603 603 603 603 455 455 455 455 455 455 567 557 455 455 455 457 457 457 457 455 455 455 455 446 446 446 447 447 418 418 390 390 390 390 390 390 390 366 366 366 331 342 295 316 329 287 287 287 287 294 294 236 236 236 236 216 216 216 216 216 216 173 173 206 173 173 187 187 143 143 114 114 119 114 114 114 133 114 114 114 98 60 60 79 60 9 9 9 6 6 6 22 22 9 
916 916 937 937 925 925 886 886 871 871 871 871 871 871 853 853 791 791 791 791 814 791 791 794 724 709 709 709 709 709 709 720 720 720 707 707 707 548 548 651 651 667 667 652 652 603 631 631 455 455 455 581 455 455 557 557 557 557 455 455 534 457 457 457 457 502 446 446 446 446 446 419 419 419 418 418 418 418 405 405 373 373 373 373 373 331 331 342 295 316 316 287 303 303 303 294 294 236 236 236 236 236 236 236 236 236 216 216 216 206 173 173 187 187 143 143 114 114 114 114 142 114 114 114 52 52 98 98 60 60 60 9 9 9 9 9 22 22 23 9 
949 916 916 938 925 925 886 886 871 891 891 871 871 853 853 853 831 831 831 831 814 814 791 794 724 724 724 769 709 709 709 709 709 709 709 709 548 548 692 651 651 667 667 652 603 603 620 620 455 604 604 581 581 581 557 557 557 455 455 455 455 457 457 457 457 502 446 446 446 446 446 419 419 419 419 426 426 405 405 373 373 397 373 373 331 331 342 342 295 316 316 287 303 303 303 236 236 236 236 206 206 206 251 251 206 206 216 216 206 206 173 173 188 188 143 114 114 158 158 134 134 134 125 125 52 52 9 9 9 9 9 9 61 61 50 9 22 9 9 9 
949 949 916 938 925 925 886 886 871 871 871 871 871 853 853 853 831 831 806 806 806 815 791 791 791 724 724 724 724 724 724 709 709 724 709 709 548 548 548 652 652 652 652 652 603 620 620 620 455 455 455 581 581 581 581 557 557 455 455 455 455 512 512 512 457 457 446 446 446 446 472 405 405 405 419 426 426 405 405 373 373 331 331 331 331 361 342 342 295 295 295 287 287 287 287 236 236 236 236 206 206 206 206 206 206 206 206 222 206 173 173 173 188 143 143 114 158 158 158 134 134 134 125 125 52 52 9 9 9 9 9 50 50 50 50 9 9 9 9 9 
950 950 916 938 916 916 916 886 886 886 886 886 871 853 853 853 831 831 806 806 806 815 791 791 792 724 724 724 710 710 724 724 724 724 709 709 709 548 548 652 652 548 668 603 603 620 639 620 620 613 455 455 455 455 455 455 455 455 455 455 455 455 512 512 512 457 446 446 446 446 405 405 457 405 419 419 419 419 405 331 331 331 374 374 374 361 361 342 295 295 295 287 287 287 287 287 287 236 236 80 80 253 253 206 206 206 206 222 206 173 173 173 173 143 143 114 158 158 158 134 134 134 134 52 52 52 52 52 9 50 50 50 50 50 51 35 35 9 9 10 
950 950 916 916 916 887 887 887 886 886 892 871 871 853 853 853 853 806 806 806 806 815 806 792 792 724 724 760 710 710 710 724 724 724 710 710 710 548 548 548 548 548 603 603 653 620 620 620 613 613 455 455 455 455 455 455 455 455 455 455 455 455 512 512 512 457 457 457 457 457 466 466 457 405 405 405 405 405 405 331 374 374 374 375 375 331 331 342 295 295 287 287 287 287 287 287 287 287 80 80 80 253 253 217 217 206 206 206 206 207 167 167 173 173 143 143 143 143 143 134 134 134 52 52 120 52 52 52 9 50 50 50 50 50 51 35 35 9 9 10 
951 951 887 887 931 887 887 887 887 887 892 871 871 853 853 853 806 806 832 832 806 806 806 792 792 724 724 760 710 710 710 724 724 724 710 710 711 697 548 548 548 548 603 603 613 613 640 613 613 614 455 455 535 535 576 576 550 550 455 455 512 512 512 512 513 457 457 457 457 457 457 457 457 448 405 405 405 405 405 331 374 331 331 375 375 331 331 342 342 295 287 287 287 304 304 262 262 262 80 274 80 80 80 217 217 223 223 206 206 167 167 167 167 173 143 143 143 143 143 143 143 52 52 126 52 52 52 52 9 9 9 9 71 9 9 35 35 9 9 10 
951 951 887 887 887 887 887 887 887 887 887 871 871 853 853 853 806 846 832 832 730 730 730 795 730 730 774 760 710 710 710 710 710 710 710 710 697 697 548 548 644 644 669 603 613 613 613 613 535 535 535 535 535 535 535 535 550 550 550 543 512 512 512 512 513 457 457 457 457 457 457 448 448 448 405 405 405 405 405 331 331 331 331 331 331 331 331 343 343 295 317 304 304 304 304 262 262 262 80 80 80 80 80 217 217 217 223 206 206 167 167 167 167 173 143 143 166 143 143 143 143 52 126 126 52 72 52 52 52 78 78 9 9 9 9 36 36 9 9 10 
957 887 887 939 917 917 917 887 887 887 887 871 872 806 806 806 806 846 837 730 730 816 730 730 730 730 774 760 760 730 730 730 730 716 716 716 697 661 661 644 644 644 603 603 613 613 613 535 535 535 535 535 535 558 558 535 535 550 550 543 526 526 526 517 503 503 473 473 473 473 473 448 449 449 405 405 352 352 352 352 331 331 391 331 331 331 331 343 343 295 317 304 304 304 304 262 262 282 282 80 80 254 254 217 217 217 223 223 217 167 167 167 167 173 176 143 143 143 159 143 143 52 52 52 52 72 72 72 52 52 52 9 9 62 9 9 37 9 9 10 
887 887 917 917 917 918 918 887 887 887 887 887 872 806 806 806 806 846 837 730 730 730 793 793 793 730 730 730 730 730 741 730 730 716 716 697 697 661 661 644 644 644 603 603 603 613 613 535 621 535 535 599 535 558 558 577 535 535 543 543 526 530 517 517 503 503 473 486 486 473 473 448 449 449 405 405 352 352 352 352 391 391 391 331 331 331 331 350 295 295 317 317 317 304 304 262 262 275 275 275 80 80 80 217 217 217 217 217 217 167 167 167 167 173 173 173 167 143 143 143 80 80 80 80 80 72 72 72 72 72 52 52 52 52 52 9 9 9 9 10 
887 887 887 887 887 918 918 887 887 887 887 887 872 872 806 806 806 806 806 806 730 730 793 796 775 775 775 761 761 697 697 697 697 697 697 697 712 661 661 661 644 644 603 603 603 603 603 535 535 535 535 535 535 558 558 558 568 535 543 543 526 526 517 517 503 503 473 486 486 474 474 448 448 450 420 420 352 352 352 391 391 392 392 383 331 331 331 295 295 317 317 317 317 305 305 262 275 275 283 262 262 262 80 241 241 80 80 80 80 80 80 80 167 167 167 167 167 80 80 80 80 139 80 80 80 80 80 80 80 72 72 72 72 9 9 9 9 9 9 10 
887 887 887 887 887 887 887 887 847 847 847 847 847 847 806 806 854 806 806 806 730 793 793 796 775 775 775 761 761 697 697 697 697 697 697 697 661 661 693 661 644 644 644 660 603 603 603 603 615 615 591 591 558 558 558 558 568 535 535 535 535 526 517 517 503 503 473 486 486 474 467 467 448 450 420 420 420 420 352 383 383 383 383 383 331 331 331 295 295 317 317 317 317 305 262 262 262 262 262 262 268 80 80 80 80 80 80 80 200 200 200 80 80 80 80 80 80 80 150 150 127 127 80 80 80 80 80 80 80 80 72 72 9 9 9 9 9 9 10 10 
887 887 847 847 847 847 847 847 847 847 847 864 864 847 860 860 847 847 806 806 793 793 793 793 775 775 775 697 697 697 697 697 697 697 697 697 661 661 693 661 661 661 644 660 603 603 622 622 615 615 591 591 558 558 558 558 558 558 518 518 518 526 518 518 474 474 474 474 474 474 467 467 448 450 420 420 420 421 352 383 376 376 376 367 367 367 331 351 295 295 330 317 317 305 262 262 262 288 276 276 268 80 80 80 224 224 224 224 200 201 201 150 150 150 150 150 150 150 150 127 127 127 80 80 80 80 99 99 80 80 72 72 9 44 44 44 9 9 10 10 
952 847 847 907 907 907 907 847 847 847 847 864 864 847 847 847 847 847 806 806 793 793 793 793 775 775 775 697 736 736 736 736 697 697 697 697 713 661 661 681 681 661 644 644 644 644 622 622 622 591 591 558 558 558 558 518 518 518 518 544 518 518 518 519 474 474 474 474 487 448 448 448 448 450 420 421 421 421 352 352 352 352 376 367 367 331 331 331 331 295 330 305 305 305 276 276 276 276 276 268 268 224 224 224 224 225 225 225 200 201 201 150 150 150 168 168 168 127 127 127 144 127 80 80 115 115 81 81 53 53 53 53 9 9 9 45 9 9 11 11 
952 847 847 907 907 907 907 847 847 847 864 864 864 873 864 847 855 847 763 763 763 793 793 793 784 784 762 762 736 736 736 697 697 721 721 697 713 661 661 681 681 661 661 661 641 641 641 623 623 591 605 558 558 558 558 518 569 518 518 531 531 531 504 504 504 504 474 474 487 448 448 448 448 448 420 421 384 384 384 352 352 352 376 367 367 331 362 331 331 295 295 305 276 276 276 276 224 224 224 268 268 224 200 200 200 225 225 225 200 202 202 150 196 151 151 151 151 127 144 144 144 127 127 127 75 75 81 81 53 53 53 53 53 53 9 45 9 9 11 11 
952 952 847 847 907 907 907 847 847 847 864 864 864 864 864 847 847 847 763 776 776 793 784 784 784 785 762 762 762 747 697 697 725 721 721 697 713 661 661 661 661 662 662 662 641 641 642 623 623 591 591 591 591 518 518 518 569 532 532 532 532 532 504 520 504 504 474 474 468 468 448 448 448 448 420 420 384 422 384 400 400 352 376 376 376 331 331 331 331 338 295 295 276 276 276 276 224 289 224 224 224 224 200 200 225 225 200 200 200 202 202 150 196 151 177 151 151 127 127 127 127 127 127 75 75 75 81 81 81 81 53 53 53 53 9 9 9 9 11 11 
958 847 847 847 926 926 907 907 847 847 865 865 865 865 865 847 847 848 763 776 776 776 784 784 776 776 776 762 762 747 697 697 725 725 721 697 713 698 661 661 661 632 632 632 632 641 632 632 623 591 591 600 592 518 518 518 569 532 532 532 497 497 504 497 497 497 497 468 468 468 468 468 448 448 420 420 384 384 384 400 400 352 352 352 377 368 352 352 331 331 331 295 318 276 276 300 224 289 255 255 255 255 255 200 200 200 200 150 150 150 150 150 151 151 151 151 151 151 127 127 145 90 90 75 75 75 75 75 75 75 53 53 53 53 53 9 9 11 11 11 
958 847 940 940 903 903 903 903 903 824 865 865 880 833 833 833 833 833 763 763 763 776 776 776 776 786 697 697 697 697 697 697 697 697 721 697 697 698 661 632 632 632 654 654 632 632 632 623 623 592 592 592 592 518 569 569 569 532 497 497 497 497 497 497 497 497 497 468 468 468 448 448 448 448 420 384 384 384 384 384 384 393 393 352 352 368 352 353 331 331 295 295 318 276 276 300 224 224 255 255 255 237 256 200 200 203 203 203 203 203 151 151 151 189 151 151 151 151 151 151 90 90 90 128 75 75 75 75 75 75 63 63 63 11 11 11 11 11 24 11 
958 847 847 847 903 903 903 903 904 824 865 865 880 833 834 834 834 833 833 833 763 763 763 776 776 786 697 697 697 697 697 697 697 697 697 697 697 661 661 632 632 632 654 654 654 518 518 623 623 592 592 592 518 518 569 569 570 532 497 497 536 497 497 521 497 505 480 480 468 468 448 448 420 420 420 384 384 413 413 384 384 393 369 369 352 352 352 295 295 295 295 318 318 295 295 295 295 224 255 255 255 237 237 237 242 203 208 208 203 203 151 151 151 151 151 169 169 152 152 152 90 135 90 90 90 90 90 75 75 75 63 63 63 11 11 11 11 24 24 11 
847 847 847 847 847 903 904 904 904 824 865 865 880 833 834 834 834 834 834 834 763 763 763 763 763 786 763 763 763 722 722 722 722 722 722 632 632 661 632 632 673 673 654 654 654 518 518 518 623 592 592 518 518 582 582 532 532 532 551 497 497 497 497 497 497 480 480 480 480 480 420 420 420 435 435 435 384 384 384 384 401 369 369 369 352 352 354 295 295 318 318 318 319 295 295 295 295 224 224 224 224 237 237 237 237 203 208 208 203 151 151 151 151 151 151 169 169 152 152 152 90 135 135 100 100 108 90 90 90 75 63 63 63 63 11 11 11 11 11 11 
847 953 847 847 847 903 904 904 904 824 824 824 880 833 833 833 833 834 834 722 722 797 797 797 763 763 763 722 722 722 737 737 722 722 722 632 632 661 632 632 632 632 654 654 518 518 518 518 518 518 518 518 582 582 583 532 551 551 551 527 527 527 527 522 514 480 420 420 420 420 420 458 458 427 427 436 427 384 384 384 384 369 369 369 369 369 354 354 295 318 318 318 295 295 295 203 203 203 224 224 224 203 203 237 237 203 203 208 203 151 151 151 151 151 169 169 169 152 153 153 90 100 100 100 100 108 108 100 75 75 25 25 63 63 25 25 25 25 25 12 
847 953 903 903 903 903 893 893 893 893 824 824 880 824 824 824 833 833 833 722 722 722 722 722 777 777 777 722 748 748 737 737 722 722 722 632 632 632 632 632 632 632 654 654 518 518 518 518 518 518 518 582 582 583 583 532 532 532 532 527 527 527 527 522 514 480 420 427 427 427 427 427 427 427 427 427 427 384 384 396 384 384 394 310 310 310 354 354 295 325 318 318 295 295 295 203 290 203 203 203 203 203 203 237 237 237 203 208 203 203 203 151 151 151 151 90 90 152 152 152 90 100 100 100 100 100 100 100 75 75 25 25 25 25 25 46 25 25 25 12 
847 953 903 941 903 903 893 893 893 893 824 824 824 824 866 824 833 833 833 722 722 722 722 722 777 777 722 722 748 699 699 699 722 722 723 632 632 632 632 632 632 674 654 559 559 559 559 518 518 559 559 559 559 583 583 559 559 559 532 527 527 527 527 522 514 480 420 420 420 420 420 427 427 437 437 437 384 384 384 396 396 384 394 310 310 310 355 355 295 325 325 325 295 309 306 203 290 203 203 263 263 263 203 203 203 203 203 208 208 178 178 178 151 151 151 90 90 90 90 152 90 90 100 100 109 109 82 82 91 75 25 25 25 25 25 25 25 12 12 12 
847 953 903 903 903 903 903 893 893 893 893 824 824 824 824 824 833 722 722 722 722 722 722 722 722 722 722 699 699 699 699 699 699 699 723 699 699 699 632 632 632 674 654 559 633 633 559 559 559 559 559 559 559 559 583 559 571 532 532 533 480 480 480 522 480 480 480 420 420 420 420 420 459 437 437 384 384 423 396 396 396 384 384 384 310 310 332 332 295 295 295 295 295 295 306 203 290 203 203 263 263 203 203 203 243 203 203 226 208 178 178 178 178 178 178 90 90 90 90 90 90 90 129 109 109 109 109 82 91 75 75 75 54 54 54 25 25 12 12 12 
847 847 944 903 903 903 903 900 900 893 893 824 867 867 833 833 833 722 808 808 722 722 807 778 778 778 778 699 699 699 699 699 699 699 699 699 632 632 632 686 632 654 654 559 559 633 633 633 559 559 559 559 593 559 559 559 571 532 552 533 480 480 480 480 480 506 480 420 488 420 420 420 420 451 384 384 396 396 396 406 395 395 384 384 310 332 332 332 332 332 332 295 295 295 306 203 290 290 203 203 269 203 203 203 203 209 209 209 208 208 178 178 178 179 179 90 90 90 121 90 90 129 129 109 109 109 109 82 82 82 75 75 54 64 13 13 26 12 12 12 
954 847 847 903 903 903 903 900 900 900 824 824 867 867 867 856 856 722 722 808 823 817 778 778 726 726 726 749 749 749 645 645 731 694 694 717 632 632 632 632 632 654 654 654 559 559 559 559 559 559 559 559 559 587 532 532 532 532 552 533 533 480 480 480 480 480 480 420 420 420 420 420 420 451 384 438 396 396 396 396 395 395 395 310 310 332 363 332 332 333 333 295 295 295 295 203 203 203 203 203 244 244 203 203 203 209 209 209 218 209 179 179 179 179 170 170 170 90 121 121 121 129 129 129 121 109 109 101 82 82 65 65 54 13 13 13 26 12 12 12 
954 954 847 847 847 847 847 901 901 901 824 824 824 824 722 856 722 722 722 808 808 817 778 778 726 726 726 726 726 726 726 645 694 694 694 694 694 694 694 645 645 645 645 654 654 645 559 559 616 616 606 559 559 587 532 578 532 532 545 545 533 480 480 498 498 498 498 494 460 460 475 420 420 420 384 428 428 396 396 396 395 395 395 310 332 332 344 344 295 295 295 295 295 295 295 296 296 284 284 203 244 244 244 203 203 219 209 209 209 209 179 179 179 179 170 170 90 90 121 121 121 121 121 121 121 101 101 101 31 31 65 65 54 54 54 13 26 12 12 12 
954 954 847 847 932 847 847 901 901 888 888 888 824 824 722 722 722 824 824 835 808 817 750 750 750 726 726 726 726 726 645 645 694 694 694 694 694 645 645 645 645 645 645 645 645 645 616 616 616 606 606 559 587 587 532 532 532 532 545 533 533 533 494 494 494 494 494 494 460 460 475 420 420 420 384 428 428 396 396 396 396 339 339 310 310 310 344 344 295 295 295 295 295 295 295 296 284 284 203 203 244 244 244 203 203 219 209 209 209 210 179 179 179 179 170 170 90 160 160 101 101 136 136 122 122 101 102 102 31 31 31 65 65 65 54 13 26 26 26 13 
847 847 847 847 932 847 919 826 826 888 888 888 824 824 824 722 722 824 824 835 808 817 750 798 750 726 726 726 726 726 645 645 694 694 694 694 694 645 675 675 675 584 584 584 584 584 616 616 616 606 607 559 559 559 532 532 559 532 545 533 533 533 494 523 494 494 494 494 460 460 460 469 460 384 384 428 428 396 396 407 396 339 339 310 310 310 344 344 344 295 295 326 310 310 203 203 284 284 203 238 238 238 244 244 244 219 227 227 219 90 90 90 179 179 180 90 90 160 101 101 101 101 101 122 101 101 92 92 31 83 31 76 31 31 54 13 13 13 13 13 
847 847 847 847 932 847 826 826 826 826 826 826 824 824 824 861 824 824 824 835 808 808 750 750 750 726 726 726 726 726 742 645 645 645 645 645 645 645 675 675 675 584 584 584 584 584 616 616 616 606 606 532 532 559 559 559 559 532 545 545 494 494 494 507 507 507 499 460 460 460 460 469 460 384 384 384 429 396 396 396 396 339 339 339 378 310 344 344 344 310 310 310 310 203 203 203 203 203 203 238 238 238 245 245 245 219 219 219 219 90 204 90 179 179 180 90 90 90 101 154 101 101 101 101 101 92 92 92 31 31 31 76 31 31 31 31 13 13 14 14 
847 847 847 847 847 847 826 826 826 826 826 826 881 874 824 824 824 824 824 824 824 808 808 750 750 750 750 726 726 726 726 726 726 726 645 645 700 700 675 675 675 675 584 584 584 584 616 616 616 606 606 532 532 532 532 532 532 532 553 545 494 494 494 507 507 499 499 460 460 460 460 460 460 442 442 384 384 396 396 396 396 396 396 339 378 310 310 310 310 310 334 310 310 203 203 203 203 270 270 264 264 238 245 245 220 220 220 219 219 90 204 90 90 90 90 90 90 90 101 101 92 92 92 92 92 92 110 92 92 31 31 31 31 66 55 31 31 31 14 14 
847 847 847 847 847 920 920 826 826 874 874 874 874 874 824 824 857 824 838 824 825 809 809 750 750 750 750 750 750 750 646 646 663 663 663 663 663 663 663 663 663 663 663 584 584 584 584 616 616 606 606 532 532 532 532 532 532 537 537 545 494 494 494 494 494 499 499 442 442 442 442 442 442 442 430 430 384 384 385 385 385 385 385 339 339 339 339 310 310 339 271 271 271 291 291 301 270 270 270 264 264 238 238 245 220 220 220 220 220 90 90 90 90 90 90 92 92 92 92 92 92 140 103 103 110 110 110 92 92 31 31 31 38 38 55 38 38 27 14 14 
945 945 945 847 847 920 826 826 874 874 826 826 826 857 857 857 857 824 838 824 824 809 809 750 750 750 750 750 751 751 646 646 663 663 663 663 663 663 687 687 663 663 663 663 625 625 584 584 624 606 606 532 532 532 532 532 532 537 537 537 537 494 494 494 494 442 442 442 442 442 442 442 442 452 430 430 384 384 385 385 385 385 385 385 339 339 339 339 339 339 271 271 271 291 291 291 270 270 270 270 264 264 238 245 245 211 211 211 211 211 90 90 90 181 181 92 92 92 92 92 92 140 103 103 103 103 103 103 93 31 31 31 38 38 38 38 39 27 27 15 
945 945 908 908 920 920 826 826 826 826 826 826 826 857 868 857 857 824 824 824 824 646 646 646 750 750 750 750 751 751 646 646 646 646 646 646 646 663 625 625 676 676 625 625 625 625 625 584 584 606 606 532 532 532 532 532 532 537 537 537 494 494 524 524 515 442 442 489 489 442 442 442 442 430 430 430 384 398 385 385 345 345 345 345 345 345 339 339 345 271 271 271 271 271 271 291 291 291 270 270 264 264 238 238 211 211 211 211 212 212 90 90 90 90 161 161 161 92 92 92 92 92 103 103 103 104 104 104 93 31 31 31 38 38 38 39 39 27 27 15 
945 945 908 908 908 908 908 908 894 894 894 826 857 857 826 826 826 826 826 826 826 646 646 646 750 750 764 764 764 752 646 646 646 646 646 646 646 663 663 625 625 625 625 664 646 646 625 634 584 606 606 584 584 584 584 494 494 494 494 494 494 494 494 515 515 508 442 489 490 442 442 442 461 430 430 430 384 398 408 408 345 345 345 345 345 345 345 345 345 271 271 271 311 311 271 291 291 292 270 270 270 265 238 238 211 211 211 211 211 190 190 90 90 90 161 161 161 161 161 92 92 92 92 92 92 93 93 93 93 31 31 47 15 15 15 15 15 15 15 15 
945 908 908 896 896 895 895 909 894 894 894 826 826 826 826 836 826 826 826 818 818 818 646 646 750 750 752 752 752 752 743 646 646 646 646 646 646 646 646 646 646 646 646 646 646 647 625 634 584 584 584 584 594 584 584 494 572 560 494 494 494 494 494 515 508 508 442 489 430 430 430 430 430 430 430 439 384 398 398 409 345 345 345 345 345 335 335 335 346 271 271 271 271 271 271 292 292 292 238 238 238 265 238 211 211 211 211 211 211 190 190 190 190 190 161 161 161 92 92 155 92 130 130 92 92 93 93 93 47 47 47 47 15 15 15 15 15 15 15 15 
908 908 896 896 896 895 909 909 895 895 895 826 826 836 836 836 826 826 826 818 818 818 646 646 752 752 752 646 646 646 743 646 671 646 646 701 701 701 646 646 646 646 670 647 647 647 625 625 625 554 554 554 594 584 584 494 494 560 494 494 494 494 494 508 508 509 442 442 430 430 430 430 430 430 430 430 384 384 398 409 345 345 345 345 345 335 335 335 346 271 271 271 271 271 271 292 271 271 238 277 238 238 238 211 211 211 228 228 190 190 190 190 190 190 161 161 161 92 92 92 92 130 130 92 93 93 93 93 47 47 47 47 15 15 15 15 15 15 15 15 
908 908 946 896 896 895 909 909 895 902 826 826 826 836 836 862 836 836 836 799 799 799 646 646 752 646 646 646 765 646 646 646 671 671 671 701 701 671 671 671 671 647 647 647 635 635 635 625 625 554 554 554 554 554 554 554 494 494 494 494 494 494 494 508 481 481 481 442 442 470 470 470 442 442 430 430 430 384 398 398 398 398 345 345 335 335 335 335 346 271 271 307 307 307 271 271 271 271 238 277 238 238 211 211 211 211 228 228 190 190 190 190 190 161 161 161 171 92 92 92 92 92 130 92 92 93 93 94 94 47 47 47 67 67 15 15 15 15 15 15 
955 908 908 896 896 895 895 895 895 902 826 826 826 826 836 836 836 849 836 799 799 799 646 646 646 646 753 753 753 753 671 671 671 671 671 671 671 671 671 671 671 647 647 647 635 635 635 635 608 608 554 554 554 554 554 554 494 494 554 494 494 494 494 508 481 481 481 481 442 442 442 442 442 442 430 430 430 384 384 384 384 384 347 347 335 335 335 335 335 335 335 307 320 307 307 271 271 271 238 238 238 238 211 211 211 211 191 191 191 190 190 191 191 161 161 161 92 92 92 92 92 92 130 130 92 116 68 68 68 68 68 47 47 47 47 47 15 15 15 15 
955 955 908 908 896 896 896 896 896 896 896 826 826 826 849 849 849 849 836 836 799 799 799 799 646 646 753 753 754 754 671 671 671 671 671 671 671 671 671 671 671 671 671 647 647 635 635 635 608 608 608 554 554 554 554 554 554 554 554 494 494 494 494 508 508 481 481 481 481 481 442 442 462 442 442 384 384 384 384 384 384 384 347 347 347 347 347 347 347 335 335 307 307 307 307 271 271 271 271 271 271 238 238 238 238 238 191 191 191 191 191 191 191 191 161 161 92 92 92 92 92 92 92 92 92 116 68 68 68 68 68 68 68 68 47 47 15 15 15 15 
