939 939 939 917 917 917 917 887 887 887 887 887 887 824 824 824 824 824 824 824 824 824 814 814 724 724 724 724 724 724 724 724 731 731 731 731 723 653 653 653 653 653 653 653 653 653 653 627 627 626 626 558 558 558 558 558 558 558 558 558 499 499 499 529 499 499 499 496 496 354 478 354 354 458 354 354 354 354 354 354 354 387 387 387 354 354 354 354 354 354 305 305 324 324 274 274 274 274 290 230 230 230 230 230 230 243 243 168 168 168 168 160 160 160 160 160 160 111 111 111 111 111 111 54 54 54 14 14 14 14 14 14 14 35 35 46 35 1 1 1 
939 939 939 917 917 917 917 887 887 887 887 887 824 824 859 859 859 824 824 840 824 824 814 814 724 724 765 765 765 765 765 724 731 653 653 653 723 653 653 653 691 691 668 668 668 668 610 610 627 627 558 558 610 499 499 499 558 558 558 558 499 504 499 529 499 418 499 496 496 354 354 354 354 354 354 429 429 429 354 354 354 387 387 387 354 354 354 305 305 305 305 305 305 305 274 274 274 274 290 230 230 230 258 258 230 243 243 168 201 201 168 160 160 160 160 160 160 111 111 111 111 111 111 54 54 54 14 14 14 14 14 14 14 35 35 35 35 1 1 1 
939 939 939 931 917 917 917 887 898 898 887 887 824 824 824 840 840 840 840 840 778 778 778 814 724 724 765 765 765 765 765 724 724 724 736 653 653 653 704 704 691 691 668 672 668 668 610 610 610 627 627 610 610 499 499 499 558 558 558 558 499 504 499 499 499 418 499 499 459 459 459 459 459 354 354 418 418 430 354 354 354 387 387 387 387 354 354 305 305 305 333 305 305 305 274 274 274 274 290 230 230 230 258 258 230 243 243 168 168 201 201 201 160 160 160 160 160 111 111 111 147 120 120 120 54 54 14 14 14 14 14 14 14 14 14 35 35 1 1 2 
949 917 917 931 917 917 917 887 898 898 898 824 824 824 824 840 840 840 840 841 778 825 778 814 724 797 786 786 778 765 765 744 744 724 724 653 653 704 704 668 668 668 668 672 672 610 610 645 610 610 628 610 499 499 499 499 499 565 565 499 499 504 504 504 504 418 418 418 459 459 459 459 459 459 418 418 418 430 416 416 354 354 354 354 354 354 355 355 355 355 333 333 333 305 305 274 274 274 230 230 230 230 258 258 230 230 230 230 168 168 168 202 160 160 175 175 160 111 111 147 147 120 139 120 120 54 54 54 54 68 14 14 14 14 14 47 14 14 14 2 
917 917 917 917 917 824 824 887 824 824 824 824 778 778 778 778 778 778 778 841 778 778 778 814 724 724 786 787 778 766 766 744 744 744 724 724 724 704 704 668 699 669 669 669 673 610 610 610 610 632 610 610 499 598 499 499 499 565 499 499 530 530 530 530 504 516 504 418 497 459 459 459 459 459 418 442 418 418 416 416 354 354 354 354 361 355 355 355 355 233 233 233 233 306 305 305 305 274 230 230 230 230 230 230 230 230 231 231 168 168 168 202 160 160 175 176 160 160 111 120 120 120 111 111 111 111 100 100 54 68 68 68 53 53 14 14 14 2 2 2 
917 917 932 932 824 824 824 824 824 824 824 778 778 868 868 868 856 856 778 841 778 778 778 778 778 724 786 778 778 766 766 744 744 725 725 725 725 704 704 699 699 669 669 669 669 669 610 610 610 632 610 618 499 499 499 499 499 565 499 499 530 530 530 531 504 504 504 418 418 459 459 459 459 459 418 418 418 418 416 416 354 354 354 354 361 355 355 355 355 233 233 233 325 306 306 314 306 274 274 230 230 213 267 230 230 230 219 219 168 168 168 175 175 175 175 176 168 111 111 120 120 120 111 111 111 111 100 54 54 82 53 53 53 53 53 14 14 2 3 3 
917 917 824 824 824 903 903 903 903 899 899 778 888 868 868 869 856 778 778 841 778 779 778 778 778 778 778 778 766 766 766 744 744 725 725 725 705 705 699 699 669 669 669 669 669 670 646 646 610 610 610 618 611 569 569 584 499 499 499 499 530 530 530 500 500 500 500 500 418 418 418 418 459 459 418 418 418 317 317 417 354 354 354 390 361 361 374 355 355 291 343 233 325 325 306 306 306 274 274 282 282 213 213 213 213 249 219 219 219 219 168 175 175 175 175 168 168 111 111 111 111 111 140 111 100 100 100 54 54 82 53 53 53 53 53 15 15 2 2 2 
824 824 824 903 903 903 903 903 903 899 899 778 868 868 868 869 856 778 778 778 778 779 798 798 778 778 675 675 766 766 766 745 745 745 737 725 705 705 705 705 669 669 669 646 646 646 646 629 629 629 629 611 611 569 569 569 559 559 559 559 500 500 540 500 479 479 479 479 479 479 479 418 418 418 418 443 418 317 317 317 354 354 354 354 354 361 361 361 361 291 343 233 233 233 319 299 299 274 274 274 274 274 259 259 213 213 219 219 213 213 168 203 168 168 168 168 111 111 111 111 111 111 111 111 100 100 69 69 54 54 54 54 54 54 54 15 15 15 15 2 
824 824 824 903 903 903 903 906 906 899 899 778 868 868 818 818 856 778 778 778 778 779 798 798 798 798 675 675 675 766 766 745 745 737 737 725 705 705 705 705 669 669 669 646 646 646 646 629 629 629 611 611 569 569 569 569 559 559 559 559 500 500 500 500 479 479 479 479 479 467 467 418 418 418 431 431 418 418 418 317 406 354 354 354 354 317 317 317 317 291 291 291 326 233 233 299 299 259 259 259 259 259 259 253 253 213 219 219 213 213 168 168 168 113 113 177 111 111 111 111 111 121 121 121 69 69 69 69 69 69 69 2 2 2 15 15 2 2 16 2 
824 824 824 903 903 903 906 906 903 903 778 778 818 818 818 818 818 818 848 836 836 779 779 779 798 798 675 675 675 766 766 725 725 737 737 725 725 712 712 635 635 635 635 654 646 646 646 646 629 629 611 619 569 599 569 569 559 559 559 559 500 500 500 500 500 500 500 500 479 467 467 418 418 418 431 431 431 431 418 317 317 354 354 317 317 317 317 317 317 356 291 291 326 326 233 299 299 259 259 268 268 268 268 253 253 213 213 213 213 213 213 113 113 113 113 113 113 113 156 111 111 121 121 121 69 69 92 69 69 17 17 17 17 2 15 15 2 2 2 2 
950 919 919 919 919 903 903 903 903 778 778 818 818 801 801 860 860 818 848 836 836 800 800 779 779 799 675 675 675 675 675 725 725 725 725 725 725 712 713 635 635 635 635 654 674 654 654 611 611 611 611 619 569 599 569 569 569 569 559 559 500 500 532 532 522 505 505 479 479 467 467 467 467 399 399 399 399 399 418 418 317 317 317 317 381 381 317 317 317 291 291 339 334 233 233 299 299 299 259 268 268 275 253 253 253 213 213 213 226 113 113 113 113 113 113 113 113 113 156 111 111 121 121 121 121 69 92 92 92 17 17 17 17 2 2 2 2 17 17 4 
950 919 778 778 919 903 903 903 903 778 900 818 818 801 801 801 818 818 836 836 836 800 800 815 779 779 792 767 767 767 675 675 725 725 738 713 713 713 713 635 635 635 682 654 654 654 655 611 611 569 569 569 569 599 569 570 569 569 522 522 522 522 522 522 522 505 506 479 479 479 479 467 467 399 399 399 432 399 399 399 399 399 317 317 381 381 317 317 317 291 291 291 334 233 315 315 259 259 259 259 259 259 253 213 213 213 213 213 226 113 113 113 113 113 113 113 156 156 156 113 113 144 122 122 122 69 69 69 69 69 69 17 17 17 17 36 36 17 4 4 
950 919 778 778 778 778 778 778 778 778 778 801 801 801 801 801 818 836 836 818 818 818 800 800 807 779 792 767 767 767 767 675 675 675 738 713 713 692 692 692 692 635 682 682 654 654 655 611 611 569 569 569 569 569 569 570 570 570 522 541 541 541 541 522 522 505 505 479 479 488 479 399 399 399 399 399 432 432 391 391 391 391 395 381 381 381 317 317 317 344 344 291 334 233 233 233 259 259 259 259 259 259 253 213 213 213 213 232 226 113 113 113 113 113 113 113 113 156 156 113 113 144 122 122 122 69 69 93 93 69 69 17 17 17 17 17 17 17 4 4 
919 919 778 778 778 918 801 801 778 778 778 801 801 801 801 870 818 818 818 818 818 818 818 800 807 779 792 767 767 594 594 594 739 675 675 713 713 692 692 692 692 635 635 635 654 654 611 611 633 633 600 600 600 600 522 522 522 522 522 489 489 489 489 489 489 489 505 479 479 479 479 399 399 399 399 399 391 391 391 391 407 391 381 381 381 381 317 317 317 344 344 291 327 327 233 233 233 233 233 233 259 259 253 226 226 226 232 232 226 113 113 113 113 113 113 113 113 113 113 113 113 144 122 122 122 63 63 63 63 69 69 69 63 4 4 4 37 4 4 4 
919 919 919 933 778 918 801 801 801 801 801 801 801 801 801 801 801 801 818 818 818 808 808 800 807 779 779 779 779 594 594 594 739 739 675 675 714 714 714 706 692 635 635 635 635 635 611 611 600 600 600 612 612 601 522 577 577 522 522 489 489 547 489 489 489 489 505 479 479 479 399 399 468 399 399 399 391 391 391 391 391 391 381 381 381 381 317 317 317 317 344 291 327 327 233 233 233 300 291 233 233 233 253 226 226 226 226 226 226 113 113 113 193 113 113 113 113 113 150 150 113 144 122 112 112 63 63 63 63 63 63 70 63 4 4 4 4 4 4 4 
934 934 919 933 778 918 918 801 801 801 801 801 801 801 801 861 861 801 808 808 808 808 808 800 800 788 788 788 594 594 594 594 752 739 739 675 714 714 714 706 692 692 635 635 635 635 656 600 600 634 630 612 612 601 522 522 522 571 522 522 547 547 480 480 489 489 489 489 489 489 399 399 468 450 450 399 391 391 391 419 391 391 381 381 368 368 368 368 317 317 344 291 291 291 233 233 307 291 291 233 233 233 233 233 226 226 226 233 204 204 204 204 113 113 113 113 161 161 150 113 113 122 122 129 112 112 63 63 63 63 63 63 63 4 4 18 18 18 4 4 
934 934 919 919 919 919 919 801 801 801 801 828 801 801 801 861 801 801 808 808 808 826 808 808 800 788 788 788 594 773 594 594 752 739 739 675 675 714 714 706 675 675 635 635 635 635 635 600 600 600 630 601 601 601 560 560 522 522 522 522 547 480 480 480 480 480 480 399 399 399 399 399 399 450 450 399 399 399 399 399 399 391 391 391 368 368 357 357 317 317 317 317 317 291 291 291 291 291 292 233 233 233 233 233 233 233 233 233 204 204 204 205 113 113 113 113 161 150 150 113 122 122 113 113 113 113 63 94 94 63 63 63 4 4 4 18 18 18 4 4 
951 934 934 934 919 919 801 801 801 801 801 828 801 801 801 801 801 857 801 801 808 808 808 808 800 800 594 594 594 746 746 746 746 746 715 715 675 675 675 706 675 675 688 683 635 635 635 647 600 600 630 601 601 601 560 522 522 522 522 522 547 480 480 523 523 480 480 399 399 399 399 399 399 450 450 444 399 399 399 399 399 368 368 368 368 368 357 357 317 317 317 317 317 316 316 206 206 206 292 233 233 254 254 254 254 161 161 161 227 161 161 161 161 161 161 161 161 150 150 113 122 122 113 130 63 63 63 94 94 63 63 63 4 4 4 18 18 18 4 4 
926 926 926 935 920 920 801 801 801 801 801 828 828 801 801 801 801 801 801 801 801 808 808 808 808 594 594 594 594 746 746 746 746 747 715 715 715 715 675 675 675 675 688 683 635 635 657 600 600 613 613 613 613 560 560 522 522 522 566 533 533 533 480 480 480 480 480 480 480 399 399 399 399 399 399 444 399 408 408 408 408 368 368 340 340 340 357 357 357 357 317 317 317 316 316 206 206 206 206 206 206 254 254 254 161 161 161 161 161 161 161 161 161 161 178 178 162 162 113 113 113 113 113 63 63 63 63 63 38 38 38 4 4 4 38 38 38 18 18 5 
926 926 926 926 920 920 920 889 889 891 891 891 828 828 871 871 801 801 842 842 801 801 801 808 808 594 594 594 594 594 594 594 594 747 715 718 718 715 715 693 693 675 675 683 675 635 635 635 641 574 574 574 574 560 593 522 522 522 566 533 553 533 533 533 480 480 480 480 480 399 399 460 460 460 399 444 399 408 400 400 400 400 368 340 388 340 340 369 357 357 317 317 317 316 206 206 206 276 276 206 206 206 206 254 161 161 161 161 161 161 161 161 194 188 178 178 162 163 113 113 113 113 113 63 63 63 63 63 38 38 38 4 4 4 38 38 39 19 19 5 
926 926 926 926 920 920 920 889 889 889 889 889 889 828 828 828 828 842 842 827 827 827 801 801 801 801 594 594 754 754 594 594 594 594 715 715 718 718 693 693 693 693 675 675 675 658 658 635 641 574 574 574 574 560 585 585 533 533 533 533 480 480 480 480 507 480 480 480 480 490 480 445 445 445 399 399 399 408 400 420 368 368 368 340 340 340 340 317 317 317 317 317 317 316 206 206 206 206 276 206 206 206 206 206 206 161 244 161 161 161 161 188 188 188 178 178 162 163 113 113 63 63 63 131 63 71 71 71 71 38 38 4 4 38 38 38 39 19 19 5 
926 947 926 882 920 920 920 889 889 904 878 878 789 789 789 872 828 828 828 827 827 827 801 801 809 789 789 754 754 754 760 753 753 594 715 715 693 693 693 693 693 693 676 676 676 658 658 635 641 635 574 574 560 560 585 533 533 533 533 533 480 480 480 480 507 507 507 480 480 480 480 445 445 445 399 399 438 400 400 368 368 368 368 368 368 340 317 317 358 358 335 335 335 316 206 206 206 206 276 276 276 276 206 206 206 161 161 161 161 220 161 188 181 181 181 162 162 63 63 151 63 63 63 63 63 71 71 71 71 71 38 38 38 38 26 26 26 26 19 5 
926 947 882 882 882 882 882 882 889 878 878 878 789 877 789 789 789 789 828 827 827 789 789 789 789 789 789 754 754 754 760 760 594 594 594 594 693 693 693 693 693 693 676 676 594 594 658 635 635 635 574 560 560 585 585 533 533 533 533 533 548 548 480 480 507 507 508 480 480 491 445 445 445 445 445 445 400 400 421 368 368 368 368 368 340 340 317 317 358 358 335 316 316 316 206 206 301 301 276 276 277 277 206 234 234 234 161 161 161 161 161 188 181 181 181 162 162 63 63 63 63 63 63 63 64 64 64 71 71 71 78 71 26 26 26 40 40 19 19 5 
926 926 882 882 882 882 882 882 889 878 878 878 878 877 877 862 862 789 828 828 828 789 789 789 789 789 789 754 754 754 754 754 594 594 594 594 594 594 594 594 693 693 594 594 594 594 658 635 635 636 574 560 560 585 585 586 560 560 560 560 548 549 480 480 480 517 480 480 480 491 445 445 445 445 433 433 400 400 421 421 368 368 368 368 340 340 340 317 317 317 335 316 316 328 316 316 301 301 276 276 206 206 206 234 234 234 234 234 214 214 214 188 188 181 181 162 162 63 63 63 63 63 63 63 64 64 64 64 83 71 71 71 26 26 26 40 19 19 5 5 
926 926 940 926 926 882 882 889 889 882 882 882 878 878 878 862 862 789 843 843 828 828 789 789 789 789 789 789 756 756 756 754 754 594 594 726 726 594 594 594 594 594 594 594 594 594 594 594 594 636 574 574 560 602 560 560 560 572 560 560 548 549 542 480 480 517 480 491 491 491 445 445 445 445 433 433 433 433 421 421 368 368 368 368 368 368 340 340 340 317 317 317 316 316 316 317 283 283 283 283 206 206 234 234 234 195 234 234 214 214 214 188 188 170 170 170 63 63 63 63 63 63 63 63 64 64 64 64 83 83 26 26 26 26 26 40 19 27 5 5 
926 926 926 926 882 882 882 882 882 882 882 882 878 878 878 862 862 789 789 789 789 789 789 789 789 789 793 756 756 756 756 716 716 716 716 716 716 594 594 594 594 689 689 594 594 659 659 594 594 574 574 574 560 560 560 587 561 561 561 561 548 549 542 480 480 480 480 491 461 461 445 445 469 461 433 433 434 434 421 421 368 368 368 368 368 368 375 340 340 345 345 317 317 317 320 317 283 283 283 283 206 206 234 235 235 195 195 195 195 195 195 195 195 170 170 170 63 63 63 63 63 63 63 63 64 64 64 19 19 19 26 26 26 26 26 40 19 19 20 5 
936 936 936 936 882 923 882 882 882 882 882 882 878 878 878 862 863 837 837 789 789 789 816 816 789 789 756 756 756 756 756 716 755 716 716 716 716 716 594 594 659 659 659 659 659 659 594 594 574 574 574 574 603 603 561 561 561 561 548 548 548 549 542 524 524 509 509 461 461 461 461 461 469 461 433 433 409 409 409 409 409 347 347 347 347 347 347 340 340 340 340 340 317 317 320 317 283 283 283 283 206 234 234 235 235 235 235 235 206 206 206 206 170 170 170 170 8 8 8 63 63 8 8 8 114 114 64 19 19 19 19 19 19 19 19 19 19 19 20 5 
936 936 937 937 882 882 882 892 892 892 892 882 882 882 873 862 863 837 837 837 837 789 789 789 789 802 756 756 756 756 756 716 716 716 716 716 716 716 716 659 659 677 659 659 659 659 594 594 574 574 574 574 603 603 561 578 578 561 548 548 542 542 542 524 524 509 510 461 461 481 481 461 461 461 433 446 409 409 409 409 410 347 347 347 382 382 347 347 347 346 346 317 317 317 317 317 283 283 283 283 206 206 206 206 206 206 206 206 206 215 215 170 170 8 8 8 8 8 8 8 8 8 8 8 114 114 64 64 64 72 72 72 55 55 55 5 5 5 5 5 
937 937 937 909 909 909 909 892 892 892 892 892 882 882 873 873 849 849 849 810 810 810 810 810 810 802 756 756 780 756 756 716 716 716 716 719 719 719 716 659 659 677 659 659 677 594 594 594 594 574 620 620 588 588 561 561 561 561 542 542 542 542 542 524 524 509 461 461 461 461 461 461 433 433 433 424 424 424 424 409 347 347 396 392 382 382 347 347 347 346 347 317 317 317 229 229 229 229 293 283 283 228 228 228 228 228 236 236 228 197 197 170 196 8 8 169 169 8 8 8 8 8 8 22 22 22 22 101 64 72 72 55 55 56 56 5 5 5 6 6 
937 937 941 909 909 909 909 907 907 768 768 768 768 768 768 768 849 849 810 810 810 810 810 810 802 802 780 780 780 756 756 761 716 716 716 716 716 716 716 707 659 677 677 677 677 594 594 594 594 574 620 620 588 588 588 561 561 573 542 543 543 543 543 524 524 509 461 461 461 461 461 461 433 433 433 424 424 424 424 409 347 396 396 392 382 382 347 347 347 347 347 229 317 317 229 308 308 229 229 283 283 228 228 228 228 228 236 228 228 197 197 170 170 170 8 8 8 8 8 8 8 8 22 22 8 8 22 22 64 72 72 55 55 55 5 5 6 6 6 6 
937 937 941 909 909 909 909 907 907 768 883 883 883 883 768 768 768 768 810 810 810 780 780 780 780 780 780 780 780 756 761 761 716 716 716 732 716 716 707 707 659 659 677 677 678 594 594 594 637 574 574 620 588 604 588 588 509 509 509 543 543 543 544 509 509 509 461 461 461 461 461 461 433 433 433 409 409 409 409 409 347 347 347 392 383 383 347 347 348 348 348 229 229 229 229 308 229 229 229 229 229 229 228 228 228 236 236 228 228 197 197 170 170 170 170 170 170 8 8 8 8 145 8 8 8 8 8 22 64 64 64 55 55 55 5 5 6 6 6 6 
937 937 909 909 909 909 907 907 907 768 768 884 884 884 768 768 768 768 768 768 780 780 819 780 780 774 774 774 774 756 761 756 756 733 733 707 716 716 707 708 659 659 677 677 659 659 660 594 637 637 574 620 588 588 588 589 509 509 509 509 509 509 509 509 501 501 501 501 461 461 482 409 409 433 433 409 409 409 409 409 347 347 347 383 383 383 348 348 348 308 308 336 336 308 308 308 229 229 229 229 260 229 229 229 228 228 228 228 228 197 197 170 170 182 182 179 123 123 8 8 8 8 8 115 115 115 8 22 22 22 64 64 64 48 48 5 6 6 6 6 
909 909 909 907 907 924 907 768 768 768 768 884 884 884 838 838 838 838 838 768 780 780 780 780 774 774 774 774 774 756 756 756 757 733 733 707 707 720 707 707 659 659 659 659 659 594 594 594 637 637 574 574 588 588 589 589 509 509 550 550 554 509 509 501 501 518 409 409 409 409 482 409 409 409 409 409 439 347 347 347 347 347 347 383 383 383 348 348 348 308 308 308 308 308 309 309 309 285 285 285 260 260 260 229 229 228 228 207 207 207 197 197 197 182 182 179 123 123 123 123 123 8 8 115 115 116 8 22 22 22 79 48 48 48 48 5 5 21 6 6 
909 909 907 907 907 907 907 768 768 839 839 839 884 884 838 838 838 838 838 768 768 768 768 774 774 774 774 774 774 774 756 756 733 733 733 733 707 707 707 707 662 662 594 594 594 594 621 621 621 621 621 574 574 574 574 574 574 574 550 550 501 501 501 501 525 409 409 492 492 409 409 409 451 451 451 439 439 347 347 347 347 347 347 376 376 376 376 370 308 308 308 308 308 308 309 309 309 285 294 260 260 260 260 260 229 228 228 207 207 207 216 207 189 189 179 179 164 164 123 123 123 123 123 132 115 116 8 8 8 22 22 48 48 48 48 48 5 21 21 7 
909 909 907 938 839 839 839 839 768 839 839 839 839 839 838 838 838 838 838 838 838 768 768 774 774 774 774 774 733 733 733 733 733 727 727 727 727 707 707 709 662 662 594 594 594 594 621 621 638 638 621 621 594 594 594 575 575 575 550 550 501 501 501 501 409 409 492 492 492 409 409 439 439 439 439 439 411 411 347 347 347 347 347 376 370 370 370 370 308 308 308 285 285 285 285 285 285 285 294 260 260 260 261 261 229 229 245 207 207 207 207 207 189 190 179 179 164 164 123 123 123 123 123 132 115 116 85 85 8 84 22 22 48 48 48 48 5 5 7 7 
909 907 907 938 839 921 921 839 839 839 839 839 839 839 838 838 838 838 838 838 839 768 768 803 803 803 774 774 733 762 733 733 758 727 727 662 662 662 662 662 662 662 662 662 679 594 621 621 638 638 594 594 594 562 562 575 550 550 550 550 550 501 501 501 409 511 492 502 492 492 483 439 439 439 411 411 411 411 411 411 370 370 370 370 370 370 330 330 330 330 329 329 329 286 286 286 286 286 286 286 261 261 261 165 165 229 229 237 229 189 189 189 189 189 179 179 164 164 123 123 123 132 132 132 115 115 85 85 8 8 8 22 22 22 22 41 41 5 7 7 
909 907 938 938 839 921 921 908 908 839 839 839 839 839 874 874 850 850 850 839 839 829 768 803 804 804 768 768 768 762 762 762 727 727 727 662 662 662 662 684 684 684 684 662 662 594 661 594 594 594 594 614 614 562 562 575 550 550 550 550 550 550 409 409 409 511 492 492 492 483 483 439 439 439 411 411 440 370 370 370 370 370 370 370 370 370 330 362 362 330 329 329 329 329 286 286 286 287 287 287 261 261 261 165 165 250 229 229 229 189 189 189 198 189 179 179 141 141 141 141 123 123 123 133 115 115 85 85 85 85 8 8 8 8 22 41 5 5 7 7 
909 907 907 907 839 839 908 908 839 839 851 851 851 839 874 874 850 839 839 839 829 829 768 803 768 768 768 775 768 768 768 727 727 748 740 662 662 684 684 684 694 694 684 684 662 594 594 594 614 614 614 614 615 562 562 575 550 550 562 562 534 534 534 534 526 511 511 492 492 483 483 439 439 439 439 411 411 370 370 370 370 370 370 370 370 370 330 330 330 330 329 329 330 330 286 286 286 287 165 165 261 261 261 165 165 250 229 229 189 189 189 189 189 189 179 179 141 141 141 141 141 141 123 123 115 115 85 85 85 61 61 8 8 8 22 22 5 5 7 7 
909 894 894 907 927 839 908 839 839 851 851 893 851 839 839 839 850 839 851 829 829 768 768 768 768 768 768 775 775 775 727 727 740 740 740 662 662 662 662 662 492 492 492 492 662 662 662 614 614 639 492 492 492 562 562 562 562 562 562 562 534 534 492 492 526 492 492 492 452 452 483 401 401 401 401 401 411 411 411 411 411 401 370 370 370 370 330 330 330 330 330 330 330 331 286 286 286 286 165 165 261 261 261 165 165 238 238 238 189 189 199 199 199 102 102 102 102 102 102 102 102 141 141 123 123 115 61 61 95 61 61 73 8 8 57 22 42 5 5 5 
909 894 907 907 927 839 908 839 839 839 839 893 851 839 839 839 839 839 851 829 829 768 768 768 768 781 781 781 775 775 727 727 728 728 728 728 728 662 662 662 492 695 492 492 680 662 662 614 614 492 492 622 492 492 595 579 579 562 562 562 492 492 492 492 492 492 452 452 452 452 452 401 401 401 447 401 401 435 401 401 401 401 384 384 384 330 330 363 330 330 330 331 331 331 286 286 286 286 165 165 261 261 261 165 165 238 238 238 189 189 199 199 199 102 152 152 152 152 152 152 102 102 102 102 102 115 61 61 61 61 61 61 8 8 8 22 22 22 22 5 
909 894 894 894 927 839 839 839 839 839 839 893 851 839 839 839 839 851 851 768 768 768 768 768 768 781 781 781 781 727 727 727 728 728 492 492 492 662 662 662 492 492 492 492 492 492 492 492 492 492 622 622 492 492 595 579 579 492 492 492 492 519 519 519 519 519 452 503 493 493 452 473 401 401 447 447 401 401 401 412 412 402 384 384 384 330 363 363 330 330 330 331 165 165 165 165 165 165 165 165 165 165 165 165 165 165 165 165 165 217 217 199 199 102 102 102 152 152 146 146 146 146 106 106 102 102 102 102 61 61 80 61 61 61 8 49 5 5 5 5 
909 909 942 894 927 893 893 839 839 893 893 893 851 839 839 851 851 851 768 768 768 768 768 768 782 782 782 781 781 727 727 727 727 728 492 492 492 492 492 492 492 492 648 648 556 556 556 556 642 622 622 622 492 492 492 492 492 492 563 492 492 519 519 519 520 520 452 503 493 493 452 473 401 401 401 401 401 401 425 402 402 402 384 384 384 330 363 363 363 330 330 165 165 295 295 295 295 295 295 255 255 255 255 255 255 165 165 221 165 165 165 208 165 165 183 102 165 165 146 146 146 106 106 106 124 106 106 80 80 80 80 74 8 8 8 5 5 8 8 8 
909 909 942 894 894 893 893 893 893 893 901 894 851 851 851 851 851 851 768 768 768 770 770 770 782 782 782 782 769 769 769 727 727 728 492 492 492 492 592 592 648 648 648 648 556 556 556 556 642 622 622 622 556 556 556 492 492 563 563 519 519 519 519 519 520 520 452 452 493 493 452 452 452 452 452 401 401 401 402 402 402 402 384 384 384 330 377 330 330 330 330 165 165 165 321 302 302 302 255 255 269 269 255 255 246 246 246 221 221 221 165 165 165 165 165 165 165 166 146 146 146 106 106 106 124 106 106 80 80 74 74 74 8 8 8 8 43 8 23 9 
909 909 909 894 894 925 894 894 893 893 894 894 879 879 879 820 820 820 820 768 768 770 770 770 770 770 782 782 769 769 769 727 759 728 728 728 592 592 592 592 648 648 648 648 648 556 556 556 556 556 556 556 556 556 556 563 563 563 567 519 555 519 519 519 527 436 436 452 448 448 474 474 448 448 453 401 401 401 402 402 402 402 384 384 384 330 330 330 364 349 349 165 165 165 321 302 255 255 255 278 269 269 262 262 246 246 246 184 184 222 209 209 184 184 184 146 146 146 146 146 146 106 106 106 106 106 106 80 80 74 74 58 58 58 58 8 8 8 23 9 
909 909 909 894 894 894 894 894 894 894 894 895 879 820 820 820 820 820 820 820 820 830 770 770 770 770 782 790 769 769 727 727 690 690 690 690 592 592 592 592 648 648 648 648 648 556 556 640 640 556 556 623 556 556 590 563 567 567 567 519 519 545 545 519 527 436 436 452 448 448 448 448 448 448 448 448 401 401 401 401 413 403 384 384 384 349 349 349 349 349 350 165 165 165 165 302 255 278 278 278 269 269 262 262 246 246 246 184 184 184 209 184 184 146 146 146 146 148 148 148 148 106 107 107 107 86 86 86 86 86 74 58 58 29 29 8 8 28 9 9 
909 909 909 894 894 894 894 909 909 895 895 895 879 820 820 820 864 820 820 820 820 830 770 770 770 770 782 782 782 727 727 690 690 741 741 690 592 592 592 592 648 648 671 648 648 671 556 640 640 640 556 556 556 605 590 563 563 563 563 563 519 519 519 519 527 436 436 452 448 448 436 436 462 462 448 448 401 401 401 401 413 403 384 384 384 349 349 349 349 165 165 165 165 165 165 255 255 278 278 278 269 269 269 184 184 184 184 184 223 184 184 184 184 146 146 146 146 148 148 148 148 106 107 107 107 107 107 74 74 74 74 75 58 29 29 29 29 9 9 10 
909 909 909 894 894 909 909 909 895 895 895 895 879 820 820 820 864 820 820 820 820 820 820 770 770 770 782 782 783 727 727 690 741 741 690 690 592 592 592 592 648 648 671 671 671 671 556 556 556 556 556 556 605 605 590 590 536 536 536 536 519 519 519 519 436 436 436 436 448 448 436 436 436 436 448 448 401 401 349 349 403 403 384 384 384 384 349 349 349 165 165 337 337 255 255 255 310 288 288 278 278 278 184 184 184 184 184 184 223 223 184 184 184 146 171 171 171 148 148 148 148 106 106 107 107 107 107 74 76 76 76 58 58 29 30 30 29 29 10 10 
909 909 909 909 909 909 909 909 895 895 895 895 879 820 880 820 820 820 820 820 821 820 820 770 811 776 776 776 783 727 727 690 711 711 690 592 592 592 592 592 648 648 648 648 648 648 556 556 643 556 556 556 556 556 596 591 536 536 536 536 535 535 535 436 436 436 436 436 436 436 436 470 470 436 436 436 436 436 349 349 403 349 349 384 384 349 349 365 365 165 165 165 165 255 255 296 288 288 288 256 256 256 256 263 184 184 184 184 224 224 146 146 146 146 157 157 157 157 157 106 106 106 106 107 107 103 103 103 76 76 76 58 58 29 30 30 30 30 10 10 
910 910 910 910 909 909 910 910 910 895 879 879 879 820 820 820 817 817 820 820 821 831 821 770 776 776 776 776 727 727 690 690 711 711 690 690 690 721 592 592 648 648 648 648 648 648 663 648 616 616 616 616 616 556 556 591 536 536 536 536 535 535 535 436 436 436 436 436 436 349 349 349 349 349 349 349 436 436 349 349 349 349 349 349 349 349 378 365 365 165 351 165 165 255 255 296 288 288 288 256 256 256 256 256 256 251 184 184 224 224 146 191 191 191 157 172 172 157 157 106 117 117 117 117 117 103 103 103 76 76 76 76 29 29 30 30 30 30 10 10 
910 910 910 910 910 910 910 895 895 895 879 845 845 820 820 875 817 844 820 820 821 821 821 770 776 776 776 776 727 727 690 763 711 711 711 690 690 721 592 592 648 648 648 648 648 648 648 648 616 616 616 580 580 580 556 591 536 536 536 536 536 536 535 535 436 436 498 498 498 349 389 389 389 389 389 349 436 436 349 389 389 389 389 393 389 378 378 365 365 165 165 165 165 255 255 296 311 288 288 256 256 279 256 256 251 251 239 239 146 146 146 191 191 191 157 106 106 106 106 106 106 106 106 134 117 117 87 87 87 87 76 76 29 29 29 29 44 31 10 10 
928 928 928 928 845 845 922 895 895 895 895 845 845 845 881 817 817 844 844 844 821 821 822 770 770 776 776 776 727 727 690 749 749 749 711 690 729 710 710 592 592 696 648 648 664 664 664 616 616 616 624 580 580 580 556 591 536 536 536 536 536 536 535 535 349 349 349 349 349 349 389 389 389 389 389 349 349 349 349 389 389 404 389 389 389 378 378 371 359 359 165 165 165 322 322 296 311 288 288 288 256 256 256 264 251 251 239 146 146 146 146 146 146 157 157 106 106 158 158 106 106 106 106 106 106 106 87 104 29 29 29 29 29 29 29 29 44 31 10 10 
928 928 943 928 845 845 845 845 845 845 845 845 845 845 881 817 817 817 817 817 817 817 817 770 770 776 776 776 776 776 690 749 749 749 711 690 729 710 710 710 592 592 592 592 664 664 664 616 616 616 624 624 580 580 556 556 556 556 556 556 556 536 536 349 349 484 484 484 484 484 484 389 389 463 389 426 426 426 426 389 389 389 389 389 389 385 371 371 359 322 322 322 322 322 296 296 303 303 288 288 247 247 247 247 257 247 247 146 146 146 146 146 146 157 157 157 106 106 106 106 106 106 106 106 106 106 87 29 29 29 29 62 62 62 10 10 31 31 10 11 
948 948 928 928 845 914 914 845 845 896 896 845 845 885 845 845 845 845 845 845 817 817 817 770 770 794 794 770 770 777 690 749 749 711 711 690 690 690 690 690 690 690 690 592 592 592 592 592 592 625 625 625 580 580 580 556 556 551 551 551 551 551 536 475 475 475 475 475 475 475 475 475 389 389 389 389 426 426 389 389 414 389 389 389 389 385 371 372 359 322 322 322 322 296 296 303 303 247 247 247 247 252 252 247 247 247 240 240 225 225 146 146 146 157 157 157 153 153 106 106 106 135 135 135 29 29 87 29 96 10 10 10 65 10 10 10 31 10 10 11 
948 948 928 928 845 845 914 914 896 896 896 845 845 845 845 846 846 846 846 846 817 817 817 817 770 794 794 770 770 770 690 749 749 711 711 711 711 711 711 711 690 690 685 685 681 649 649 649 592 592 592 592 592 606 580 580 580 551 551 551 551 551 536 475 475 521 485 485 485 485 485 371 371 389 389 389 389 389 389 389 389 389 389 389 371 371 371 372 359 322 322 322 322 296 303 303 247 247 289 289 252 252 252 252 252 252 240 241 225 225 146 146 146 157 157 157 153 153 153 153 29 29 29 29 29 29 87 29 10 10 10 10 10 10 59 10 10 10 10 11 
845 845 845 928 928 845 845 915 896 896 896 896 845 845 845 846 846 846 846 847 817 817 817 817 770 770 770 770 784 770 690 690 690 690 690 700 700 666 666 666 697 697 685 685 681 649 649 649 582 582 592 592 592 592 597 592 576 576 551 551 551 551 536 536 475 485 485 485 485 494 371 371 464 464 389 389 422 422 422 389 389 371 371 371 371 371 371 359 359 359 322 322 338 296 296 318 247 247 265 265 252 252 252 252 240 240 240 200 200 210 210 210 153 153 180 180 153 153 154 154 29 29 29 29 29 29 29 29 10 10 10 10 10 10 59 10 10 32 10 10 
845 845 845 845 845 845 845 915 896 896 865 865 845 886 845 846 846 852 846 846 817 817 823 771 771 771 771 791 784 770 770 690 690 690 690 700 700 666 666 666 697 697 681 681 681 665 665 582 582 582 582 582 582 592 592 592 576 576 551 551 475 475 475 475 475 485 485 485 494 494 371 476 371 371 371 389 389 389 422 422 389 371 371 371 371 371 379 359 359 359 332 332 332 332 296 296 296 247 265 265 265 252 252 252 240 240 240 200 200 210 210 210 153 153 153 153 153 153 154 154 142 142 142 29 29 118 29 29 97 10 10 10 66 10 10 10 45 10 10 10 
929 929 944 845 845 845 911 911 911 865 865 865 845 845 845 865 865 852 852 846 817 817 771 771 771 771 771 784 784 770 770 690 690 750 700 700 700 700 666 666 666 666 681 681 681 665 665 582 582 582 582 582 582 475 475 475 475 576 551 551 475 512 512 512 512 512 512 454 454 454 371 371 371 465 371 371 441 389 389 389 389 371 371 371 371 371 379 359 359 359 332 341 332 332 296 296 296 296 265 265 265 270 270 265 240 240 240 200 200 200 200 200 153 153 185 153 153 153 142 142 142 143 143 29 125 29 29 29 29 29 29 10 10 10 10 10 10 10 10 10 
929 929 929 845 845 845 911 911 865 865 865 865 865 865 865 865 846 846 846 846 832 832 771 771 771 771 771 784 771 771 771 690 690 750 700 700 700 700 700 700 700 666 681 681 681 665 665 650 582 582 582 582 582 475 475 475 475 475 475 475 475 512 512 512 512 513 513 454 454 454 371 371 454 454 454 371 441 389 389 371 371 371 371 371 359 359 359 359 359 359 332 341 297 297 297 297 297 296 296 265 265 270 265 265 240 240 248 200 200 200 200 200 200 153 185 153 153 153 142 142 142 142 142 29 125 29 29 29 88 88 29 29 29 50 50 50 10 10 10 10 
929 929 929 865 865 865 911 911 865 865 865 865 865 846 846 846 846 858 853 832 832 795 795 795 795 771 771 784 771 772 690 690 742 742 742 700 700 700 700 651 666 666 666 666 666 665 665 650 582 582 582 582 582 582 582 475 581 475 475 512 512 512 512 512 512 513 454 454 454 454 454 477 454 455 455 371 371 371 371 371 371 371 371 371 359 359 359 359 359 332 332 341 297 297 297 297 297 297 297 265 265 265 265 248 248 248 248 200 200 200 200 200 200 153 153 153 153 153 142 142 142 142 142 29 29 29 29 29 29 29 81 29 29 12 12 12 24 24 24 12 
929 929 929 865 865 865 865 912 912 865 865 897 890 846 853 853 853 853 853 832 795 795 795 795 795 771 771 771 771 772 690 690 701 701 701 700 700 700 700 651 666 666 666 686 666 650 650 650 608 608 617 617 607 607 582 475 475 475 475 512 512 512 512 512 513 513 454 495 495 495 454 454 454 454 456 371 371 371 371 371 415 371 371 359 359 359 332 332 332 332 332 312 312 297 297 297 297 297 284 284 265 265 271 248 248 248 248 200 200 200 200 173 173 173 186 173 173 142 142 142 142 142 142 126 126 29 29 98 98 29 81 29 67 12 60 12 12 12 12 12 
929 929 929 929 865 865 865 912 865 865 865 890 890 846 853 853 853 853 832 832 795 795 795 795 795 795 795 690 690 772 772 690 701 743 701 701 700 700 717 651 651 651 686 686 666 650 650 608 608 608 617 617 607 607 582 582 582 557 557 557 454 454 546 537 513 454 454 495 352 352 486 454 454 454 456 371 371 371 366 366 415 371 371 359 359 359 332 332 332 360 332 312 312 312 312 312 312 284 284 284 284 280 266 266 248 248 248 200 200 200 200 173 173 173 186 173 174 142 142 142 149 126 126 126 127 29 108 98 98 29 29 29 67 12 12 12 12 12 12 12 
929 929 945 929 865 865 865 865 865 902 902 890 890 846 846 846 853 853 832 832 832 795 795 805 795 795 690 690 690 690 690 690 701 743 743 701 701 701 701 701 701 651 651 666 666 650 650 608 608 608 617 617 617 607 557 557 557 557 557 557 454 454 454 537 513 454 514 352 352 352 352 352 352 352 352 427 427 427 366 366 366 366 366 366 366 366 332 332 332 332 332 342 312 312 266 266 284 284 284 284 280 280 266 248 248 248 200 200 200 200 200 173 173 173 173 173 142 142 142 142 149 126 126 126 127 29 29 29 29 29 77 77 12 12 12 12 12 12 12 12 
929 945 945 929 865 865 865 865 913 876 876 876 890 846 846 846 846 846 854 832 832 795 795 805 805 690 690 701 701 701 701 701 701 701 701 701 702 702 702 702 702 651 651 666 666 666 666 608 608 607 607 607 607 607 557 557 564 564 557 557 454 454 454 454 454 454 514 352 352 352 352 471 471 466 352 427 427 427 366 366 366 366 352 352 352 366 366 366 366 332 332 266 266 266 266 266 284 284 284 280 280 266 266 248 248 248 200 200 200 173 173 173 167 167 142 142 142 159 159 126 126 126 136 136 89 89 105 105 89 89 33 33 12 12 12 12 12 12 12 13 
929 929 946 929 929 876 876 913 913 876 876 876 876 846 846 846 846 846 832 832 805 805 805 805 805 690 690 701 701 701 701 701 701 701 701 730 702 702 702 651 651 651 651 651 666 666 666 608 608 607 607 607 607 607 557 557 564 564 568 557 557 454 538 538 454 454 373 373 352 352 352 352 352 466 352 352 427 427 427 352 352 352 352 380 352 352 352 352 352 352 352 266 323 323 323 266 266 266 266 280 266 266 272 211 211 242 242 242 173 173 218 167 167 167 142 142 159 159 159 126 126 126 89 89 89 89 89 89 89 90 33 33 33 12 12 12 12 12 12 13 
952 929 946 929 929 876 876 876 876 876 876 876 876 846 846 846 846 832 832 833 805 805 805 812 812 805 690 690 690 701 701 764 701 701 701 730 702 702 702 651 651 651 651 651 666 666 666 608 644 607 607 607 607 607 557 583 583 564 568 454 454 454 538 454 454 454 373 373 352 352 352 352 472 373 373 352 352 352 352 352 397 397 397 380 352 352 373 373 367 353 353 266 266 266 304 304 313 304 266 266 266 281 211 211 211 242 211 211 218 218 218 167 167 167 187 142 159 159 159 126 126 89 89 89 89 109 109 90 90 90 33 33 33 33 33 33 33 33 25 13 
952 929 929 929 876 876 905 905 905 905 832 832 832 832 866 866 866 832 855 833 833 833 805 805 805 805 690 690 690 701 701 764 734 734 734 730 730 702 702 651 651 698 687 687 666 666 667 608 608 607 607 607 607 607 557 583 583 564 568 454 454 454 454 454 454 373 373 373 352 352 373 373 373 373 373 373 373 373 373 423 397 405 380 380 352 352 373 373 367 353 266 266 266 266 304 304 304 304 273 273 273 273 211 211 211 211 211 211 218 218 218 211 167 167 167 142 142 159 159 89 89 89 137 137 89 89 89 90 90 90 51 51 51 51 33 33 34 34 25 13 
952 929 929 876 876 876 876 876 876 832 832 832 832 832 832 832 867 832 855 834 834 834 806 806 805 805 690 690 690 701 701 764 734 751 734 730 730 702 702 651 651 698 687 687 667 667 667 651 608 631 631 607 607 608 552 552 583 564 564 564 454 454 454 454 454 373 373 373 373 373 373 437 437 437 437 437 437 437 373 423 397 405 380 380 380 380 380 373 367 353 266 266 266 266 304 304 273 273 273 273 273 273 273 211 211 211 211 211 211 211 211 211 167 192 142 142 142 142 142 89 89 89 89 89 89 119 89 89 99 91 51 51 51 51 51 51 25 25 25 13 
876 876 876 876 930 876 916 916 876 832 832 876 876 876 876 832 867 832 834 834 834 834 806 806 813 806 690 690 785 734 734 734 734 751 734 734 702 702 702 651 651 651 687 687 667 651 651 651 608 608 608 608 608 608 552 552 552 552 552 552 552 552 454 454 515 515 373 373 373 487 437 437 437 437 449 449 398 398 373 373 397 373 373 394 373 373 373 373 367 353 353 266 266 266 266 266 273 273 273 273 273 273 273 211 211 211 211 211 211 211 211 211 167 142 142 142 142 142 142 155 110 110 110 110 110 119 89 89 91 91 13 13 51 51 51 52 25 25 25 13 
876 876 876 876 876 876 876 876 876 832 832 876 876 876 876 832 832 832 834 834 834 834 806 806 806 806 796 734 734 734 734 734 735 735 735 735 702 722 702 651 651 651 651 651 667 651 652 652 609 609 609 609 609 609 552 552 552 552 528 528 528 528 528 539 515 515 515 487 487 487 437 437 437 437 449 449 398 398 428 373 373 373 373 373 373 386 367 367 367 353 353 266 266 266 266 266 298 298 273 273 273 273 273 211 211 211 211 211 211 211 211 211 167 142 142 142 142 142 155 155 110 110 110 138 110 110 89 91 91 91 13 13 13 51 51 52 13 13 25 13 
876 876 876 876 876 876 876 876 876 876 876 876 876 876 876 876 832 832 835 835 835 835 806 806 806 806 796 734 734 734 734 734 735 735 735 735 702 702 702 703 703 651 651 651 651 651 652 652 609 609 609 609 609 609 552 552 552 552 528 528 528 528 528 528 528 515 515 487 487 487 487 437 437 457 457 398 398 398 398 398 398 398 398 373 373 386 367 367 367 353 353 266 266 266 266 266 298 298 298 273 273 273 273 211 211 211 211 211 211 212 212 212 167 167 167 167 167 167 155 155 110 110 128 128 128 110 110 91 91 91 13 13 13 13 13 13 13 13 13 13 
