947 947 947 947 893 893 893 893 892 892 892 892 834 834 834 803 803 832 832 832 832 832 803 803 803 803 779 779 779 764 764 678 678 678 678 678 678 678 663 663 663 663 670 670 663 627 627 627 627 627 592 592 592 592 570 570 570 570 546 546 546 546 485 485 485 485 510 485 485 484 484 386 386 386 386 386 434 434 386 386 386 386 386 386 295 295 295 344 344 344 336 336 295 295 295 295 295 295 295 254 254 254 254 254 254 219 219 234 219 219 197 197 197 170 170 170 170 93 93 93 119 119 119 119 119 93 93 93 55 55 59 59 59 55 1 1 33 1 1 1 
947 947 947 948 893 893 924 893 892 892 892 893 834 834 834 803 803 803 803 803 803 833 803 779 779 779 779 779 779 764 764 678 746 746 724 724 724 678 663 663 663 663 663 663 663 627 636 636 627 627 592 592 592 592 592 571 571 571 546 546 485 485 485 485 485 485 485 485 485 484 484 386 386 386 452 386 386 386 386 386 386 386 386 386 295 295 295 344 344 344 336 336 295 296 296 296 296 296 296 254 254 254 254 254 254 219 219 234 219 220 197 197 170 170 171 170 170 93 93 93 119 119 93 93 93 93 93 55 55 55 59 59 59 55 1 1 1 1 1 1 
947 947 956 893 893 893 924 893 893 893 893 893 884 834 834 803 803 803 856 803 803 833 803 779 810 678 678 678 780 678 678 678 678 724 724 725 725 678 678 678 678 678 678 663 663 627 627 636 636 571 571 571 601 601 571 571 578 519 519 546 485 485 534 485 485 515 485 485 485 484 484 386 386 420 420 420 420 420 420 386 386 386 386 386 386 295 295 344 344 344 344 336 295 296 302 302 302 302 288 288 254 254 254 219 219 219 219 219 219 220 170 170 170 176 171 171 171 93 93 119 119 119 93 93 93 93 93 55 55 55 55 55 55 55 1 1 1 1 1 1 
949 947 956 893 893 893 906 906 906 906 884 884 884 834 834 834 834 834 856 803 803 803 803 779 810 678 678 678 678 678 678 678 678 724 724 680 680 678 678 671 671 671 671 671 627 627 627 627 637 571 622 571 571 571 571 519 519 519 519 485 485 485 534 485 485 515 386 386 485 485 485 386 386 420 420 420 420 420 420 404 404 404 404 295 295 295 295 351 351 351 295 295 295 296 296 296 307 288 288 266 266 266 266 219 255 170 170 170 170 170 170 170 170 176 176 176 137 137 93 93 93 135 93 93 55 55 55 55 55 55 55 55 1 1 1 1 1 1 1 1 
949 947 947 893 893 893 906 906 915 884 884 885 885 834 834 834 834 834 856 803 803 823 823 779 678 678 678 765 765 765 765 678 678 678 678 680 680 680 680 671 697 671 671 627 627 627 627 627 637 571 571 571 519 519 519 519 519 519 519 485 485 485 485 525 485 515 386 386 386 386 386 386 420 420 420 420 420 435 404 404 405 405 405 295 295 295 295 295 295 295 295 296 296 296 296 296 307 288 288 266 266 266 266 219 219 170 170 170 212 170 170 151 151 151 151 151 151 137 93 93 93 93 93 93 55 55 55 55 55 55 75 55 1 1 1 1 1 1 1 1 
949 949 947 947 893 893 925 906 915 884 884 885 885 834 834 834 834 834 834 834 834 779 779 779 678 678 678 765 765 758 758 678 678 678 678 680 680 680 680 707 672 672 672 627 627 627 571 571 571 571 571 571 519 519 519 519 519 572 547 547 485 485 485 485 485 386 386 504 473 473 486 473 420 420 420 420 420 435 404 404 404 404 295 295 296 296 296 296 295 295 345 296 296 296 296 307 307 266 266 266 266 266 266 219 219 170 170 213 212 212 212 151 183 183 183 137 137 137 136 136 136 93 93 93 55 55 55 2 2 55 55 55 1 1 1 1 1 19 19 2 
949 949 925 925 925 925 925 906 906 906 884 884 885 871 871 834 862 862 834 834 834 779 779 779 811 678 678 781 781 758 758 678 678 678 678 733 680 680 680 680 672 672 672 672 664 627 571 571 571 571 571 571 519 519 519 519 519 572 547 547 547 547 485 485 519 386 473 473 473 473 473 473 420 420 436 420 435 435 387 387 404 404 295 295 296 296 296 296 296 345 345 296 296 325 296 296 296 266 266 266 266 266 267 219 170 170 170 213 228 212 212 151 183 151 151 137 137 137 136 136 136 136 93 93 55 55 55 2 2 69 69 69 60 1 1 1 1 19 20 2 
949 949 925 925 925 925 894 894 894 884 884 884 871 871 871 834 834 834 834 848 779 779 804 804 804 804 751 751 751 758 758 678 678 678 678 678 680 680 680 680 672 672 679 664 664 627 627 623 623 623 623 519 519 584 584 584 572 572 519 519 519 519 519 519 519 386 473 461 461 461 461 461 461 461 436 420 420 420 420 387 393 393 393 295 295 295 295 295 296 296 296 296 296 296 296 296 296 289 289 266 266 266 219 219 170 155 155 213 213 213 213 151 151 151 151 151 151 137 137 137 137 137 93 93 103 103 103 2 2 2 21 21 60 1 1 1 19 19 2 2 
970 949 949 949 894 894 894 894 894 884 884 871 871 871 871 834 834 863 834 834 779 779 804 804 804 751 751 751 751 758 758 758 751 678 678 678 680 680 680 593 593 593 593 593 593 593 627 623 623 623 623 519 584 584 519 519 572 519 519 548 548 548 386 386 386 386 473 461 461 461 474 461 461 462 436 436 436 436 420 387 393 393 393 393 387 295 295 295 295 295 346 330 330 289 289 289 289 289 289 289 268 268 219 219 170 155 155 155 229 213 213 151 151 177 177 177 151 151 151 151 137 137 103 103 103 2 2 2 21 21 21 21 21 21 44 44 19 19 2 2 
950 950 949 949 894 894 894 894 894 884 884 871 871 871 871 841 841 841 857 834 834 834 804 804 812 751 751 751 782 751 751 751 751 708 708 708 680 680 680 680 680 689 593 593 593 593 623 623 623 519 519 519 584 584 519 519 572 519 564 548 548 548 386 386 386 386 386 461 461 461 474 474 468 453 453 420 420 420 420 387 393 393 387 387 387 295 295 295 295 295 295 330 331 289 289 289 268 268 268 268 268 268 170 170 170 155 240 155 155 155 214 151 151 177 177 177 126 126 126 126 137 137 103 103 103 2 2 2 2 2 61 61 61 21 21 21 21 21 21 2 
950 950 933 933 933 894 894 894 894 907 894 894 871 871 871 841 841 841 841 841 841 752 752 752 752 752 752 751 782 751 708 708 708 708 708 708 708 708 708 708 680 680 593 593 593 593 623 623 623 519 519 519 519 519 519 519 519 519 564 548 548 548 386 386 386 386 386 461 461 475 475 475 468 453 420 420 420 420 420 387 387 387 387 394 370 370 370 295 295 295 295 330 289 289 289 289 268 268 268 268 268 268 170 170 170 155 155 155 155 155 198 198 198 177 177 177 126 154 154 126 126 138 103 103 94 94 94 70 70 2 61 61 61 2 2 2 34 21 21 2 
950 950 933 933 933 894 894 894 894 894 894 871 871 841 841 841 841 841 841 835 835 752 752 752 752 752 752 751 751 751 708 708 708 708 708 708 698 698 698 698 698 680 680 624 624 593 593 593 593 519 519 593 593 602 593 519 519 519 564 559 526 526 526 526 461 461 461 461 461 475 475 468 468 453 420 420 420 420 420 420 420 377 377 377 370 370 370 360 360 295 295 330 289 289 289 289 268 268 155 155 268 268 261 261 155 155 155 235 155 155 198 198 198 177 177 177 126 126 126 126 126 138 126 126 94 70 70 70 70 2 61 61 61 2 49 2 34 21 21 2 
950 933 933 933 933 933 894 894 894 871 871 871 871 841 841 835 835 835 835 835 835 835 752 752 752 752 752 752 751 751 726 726 726 708 708 708 698 698 698 698 681 681 681 624 624 593 593 593 593 593 593 593 593 593 593 519 579 519 519 559 526 526 526 526 461 461 461 461 461 475 475 468 468 453 453 420 420 420 420 420 377 377 377 377 377 377 360 360 337 337 295 295 289 289 289 289 268 303 155 155 155 155 261 261 155 246 155 155 155 155 155 155 155 155 155 155 155 162 126 126 126 126 126 127 94 104 104 70 70 2 2 2 2 2 49 2 2 2 2 2 
950 933 933 933 933 933 894 894 894 871 871 871 871 841 841 835 835 835 766 766 836 836 766 766 752 752 752 752 770 770 726 726 726 726 726 726 726 609 609 609 681 681 681 624 624 593 593 593 593 593 594 594 594 594 594 519 519 519 519 559 535 535 535 461 461 461 461 496 347 347 347 347 468 347 347 347 347 347 347 421 377 377 377 377 377 360 360 366 337 337 337 295 295 318 318 318 268 155 155 290 155 155 261 261 155 246 206 206 155 155 206 206 184 184 126 126 155 155 126 126 126 126 126 126 94 104 104 70 70 70 70 2 2 2 2 2 2 22 22 3 
950 934 934 934 934 934 894 894 916 871 871 871 871 871 871 871 835 835 766 766 836 836 766 766 752 752 752 752 752 752 759 759 752 726 726 727 727 609 609 609 681 681 681 624 624 593 593 594 594 594 594 553 553 594 594 535 535 519 519 535 535 536 536 461 461 461 461 496 347 347 347 347 347 347 415 415 415 415 347 421 421 347 347 347 388 360 371 347 347 347 337 337 295 318 318 318 268 155 155 155 155 155 155 155 155 206 206 206 206 206 206 207 184 184 126 126 126 155 155 126 126 126 126 126 94 94 94 94 70 70 70 2 2 2 2 2 2 22 3 3 
950 950 950 950 879 879 894 894 916 871 871 871 871 871 835 835 835 864 766 766 766 766 766 766 752 752 752 752 752 752 752 752 752 726 726 726 609 609 609 609 609 609 609 624 624 593 593 594 594 628 624 553 553 553 553 535 535 535 535 535 527 527 537 527 461 461 511 496 496 490 347 347 347 463 415 415 415 415 347 347 347 347 406 347 347 360 360 347 347 347 347 338 295 318 318 318 268 268 268 155 155 206 206 262 206 206 241 199 199 207 207 207 184 184 126 126 126 126 126 126 139 139 126 126 94 94 82 82 82 82 70 70 2 2 22 22 22 22 3 4 
965 950 950 879 879 879 916 916 916 871 871 871 871 871 835 835 835 864 766 842 842 789 789 766 766 766 766 752 752 752 752 747 747 726 726 726 609 609 609 609 609 690 609 665 624 624 648 594 594 624 624 553 553 553 553 553 565 565 535 535 527 527 537 527 490 490 490 490 490 490 347 347 347 463 415 415 427 427 427 347 347 395 395 395 347 347 360 360 347 352 338 338 295 318 318 318 268 268 268 155 155 206 206 206 206 241 241 199 199 207 207 207 184 184 184 126 126 126 126 139 139 82 82 82 82 82 82 95 71 71 71 71 22 22 22 22 22 3 3 4 
965 965 879 879 941 879 879 879 917 879 879 871 871 879 835 835 835 766 766 842 789 789 789 789 789 766 766 752 752 771 747 747 747 747 726 726 699 699 699 699 699 609 609 665 665 624 648 624 624 624 603 603 603 603 553 553 565 565 565 553 553 527 527 527 490 490 490 497 497 491 347 347 347 415 415 415 427 427 427 395 395 395 395 395 389 347 347 360 347 352 338 338 295 295 320 268 268 278 278 278 278 206 206 206 241 241 199 199 199 199 199 199 199 172 172 178 126 156 156 126 126 82 82 82 82 82 82 95 71 76 76 22 22 22 22 35 35 3 3 3 
966 966 879 879 879 896 896 879 917 879 879 879 879 879 835 835 835 766 842 842 789 789 789 789 789 766 766 766 766 766 747 747 747 747 650 650 699 699 699 699 609 609 666 666 666 624 624 624 624 624 603 603 603 603 553 585 565 565 565 553 512 512 528 528 490 490 490 497 491 491 347 347 347 415 415 415 415 427 427 395 395 395 407 389 389 378 347 360 347 295 295 295 295 295 268 268 268 268 268 278 278 268 268 172 172 172 199 199 199 199 199 199 172 172 172 178 126 126 126 126 126 126 126 82 82 82 82 95 71 22 22 22 50 50 50 35 35 3 3 3 
966 879 879 879 879 896 896 879 879 879 895 895 879 879 835 835 835 766 766 766 766 789 789 789 789 789 789 789 783 766 766 741 741 747 650 650 699 699 699 692 609 691 609 609 667 609 609 609 609 609 609 609 609 553 553 585 580 553 553 553 512 512 512 512 512 512 512 497 415 415 415 415 469 415 415 415 415 428 428 395 395 395 295 389 389 378 347 347 347 295 295 295 295 326 268 268 268 304 268 268 268 268 269 172 172 172 242 172 172 172 172 172 172 192 172 172 172 82 82 82 82 82 82 82 120 110 71 95 71 22 50 50 50 22 22 22 35 3 3 3 
966 942 942 942 942 896 896 896 908 908 895 895 879 879 835 835 835 849 849 849 766 789 789 789 813 784 784 784 783 741 741 741 741 741 741 650 699 699 699 692 609 609 609 609 609 609 649 625 625 625 625 609 609 553 553 553 580 553 560 560 512 512 512 512 512 512 497 497 415 415 415 415 415 415 454 415 440 428 428 395 395 295 295 378 378 378 347 347 295 295 295 295 295 295 295 279 279 304 291 291 279 172 172 172 172 172 172 172 215 215 215 185 185 185 185 179 82 82 140 140 140 140 110 110 110 110 71 71 71 22 50 50 62 22 22 22 3 3 23 5 
942 942 943 943 943 896 896 896 896 896 896 896 879 879 835 835 835 849 849 849 772 772 789 789 813 784 784 784 784 741 741 741 753 741 741 650 716 699 699 692 692 609 609 673 609 609 649 625 625 625 610 610 610 553 553 553 553 553 512 512 512 512 512 512 512 512 497 498 498 415 415 415 415 415 415 415 440 422 422 422 422 295 295 378 378 378 295 295 295 272 272 295 295 295 295 279 279 279 291 279 279 172 256 256 256 172 172 230 215 215 215 185 110 110 110 179 82 163 140 110 110 110 110 121 121 45 45 96 87 22 50 50 62 22 22 3 3 23 23 5 
942 942 943 951 896 896 896 897 897 897 896 896 879 879 835 835 835 772 772 772 772 772 772 772 772 784 784 784 784 741 741 741 741 748 650 650 716 716 700 700 692 692 682 656 656 629 629 629 629 629 610 586 586 586 586 512 512 512 512 529 529 529 529 529 497 497 497 498 415 415 415 415 470 415 415 440 440 422 415 415 415 415 295 295 295 378 295 295 272 272 272 272 272 295 295 279 279 279 291 279 280 172 256 236 236 236 236 230 230 221 185 185 110 110 110 179 110 110 140 110 110 110 129 121 121 45 87 87 87 22 22 22 22 22 51 3 3 3 3 5 
942 942 943 943 896 926 926 897 897 897 896 896 879 879 835 835 835 772 772 772 772 773 773 773 772 784 784 784 784 741 741 760 741 748 650 650 650 650 700 700 700 656 682 656 656 629 629 610 610 610 610 586 586 595 586 512 512 512 512 529 529 529 529 497 497 497 497 497 415 415 415 415 470 415 415 440 422 422 415 415 423 354 354 396 295 378 295 295 272 353 272 272 272 321 321 279 279 279 279 279 280 172 256 236 236 247 236 236 221 221 185 200 110 110 179 179 110 110 110 110 146 121 121 121 121 45 45 45 45 45 45 22 22 45 45 45 3 3 3 5 
942 942 957 943 896 896 897 897 897 897 897 897 835 835 835 835 835 835 850 850 772 773 773 773 772 772 772 772 772 772 741 741 741 741 728 728 728 650 700 700 700 656 656 656 656 656 629 610 610 586 586 586 586 595 586 586 512 512 512 529 529 497 497 497 520 497 497 497 415 415 415 415 415 415 415 415 422 415 415 415 354 354 354 354 295 295 295 367 353 353 339 339 272 321 321 279 279 279 279 280 280 172 256 236 236 247 236 236 221 222 185 200 200 110 179 179 110 110 110 146 146 121 121 97 97 97 97 97 45 45 45 45 45 45 45 45 3 3 3 3 
943 943 943 943 943 896 897 897 897 909 880 880 835 835 835 835 835 835 835 851 772 837 773 773 772 772 773 773 785 773 741 741 741 741 728 728 728 650 650 650 650 650 650 650 650 629 629 586 586 586 586 586 595 595 595 581 581 566 566 529 529 497 497 520 520 497 497 471 471 471 471 471 415 415 415 415 415 415 429 354 354 416 408 354 354 354 353 353 353 354 339 340 272 272 272 272 272 272 297 280 280 172 172 236 221 221 221 221 221 185 185 208 201 110 179 179 110 110 110 97 97 97 97 97 97 97 98 83 83 83 45 45 45 45 36 36 3 3 3 3 
943 943 943 952 943 896 919 919 880 880 880 880 880 880 835 835 835 835 835 772 772 837 773 773 773 773 773 773 773 773 741 761 729 729 717 717 717 717 640 640 701 674 674 674 650 629 629 586 638 586 586 586 595 595 595 581 566 566 567 529 529 497 497 520 497 497 497 471 471 471 471 471 471 415 415 354 354 354 354 354 416 416 408 353 353 353 353 353 353 354 339 340 272 272 308 308 308 272 297 280 280 272 172 221 221 221 221 223 223 185 201 201 201 110 110 110 110 97 97 97 97 97 111 111 97 97 98 98 36 36 36 36 63 36 36 36 36 3 3 6 
943 943 943 952 943 896 896 880 880 838 838 838 880 880 835 835 835 835 838 772 805 805 824 805 805 805 741 741 741 774 741 761 729 729 717 717 717 640 640 640 640 674 640 640 650 629 629 586 586 586 586 586 595 595 581 581 566 566 497 497 497 497 538 497 497 494 494 499 471 471 471 471 445 445 455 354 437 437 354 354 416 417 408 354 354 354 354 354 354 354 339 340 273 273 308 308 308 272 297 272 272 272 172 221 221 221 221 223 223 185 201 84 84 193 186 110 110 97 105 105 147 141 111 111 111 111 36 36 36 77 77 36 63 36 37 37 37 3 3 6 
943 943 943 943 943 935 896 896 896 838 838 838 838 838 838 838 838 838 838 805 805 805 824 805 805 805 741 741 741 741 741 761 729 729 729 729 729 640 640 709 640 640 640 640 650 650 650 586 586 586 586 586 604 604 581 566 566 566 497 497 497 497 538 497 494 494 494 499 499 471 471 471 445 455 455 354 354 354 354 416 416 354 354 354 379 379 354 354 354 354 339 339 273 273 308 308 308 272 272 272 273 273 172 172 172 243 243 223 231 185 84 84 84 84 186 110 110 97 105 105 141 141 112 111 111 112 36 36 36 77 77 36 36 36 36 46 6 6 6 6 
920 920 920 920 935 935 896 896 896 896 838 886 886 838 838 838 838 838 838 805 805 805 805 805 730 730 730 741 741 741 754 742 742 742 742 729 729 718 640 709 640 640 683 640 668 640 640 586 586 586 586 586 566 566 566 566 573 568 568 554 554 497 497 497 494 516 494 499 499 476 476 476 445 445 445 445 438 438 354 354 354 354 390 390 379 379 354 354 354 354 339 339 273 273 273 273 273 273 272 272 273 263 263 263 172 243 243 223 231 185 185 185 202 84 84 110 110 97 105 152 141 141 112 112 112 112 36 36 36 36 36 36 36 36 36 46 6 6 6 6 
920 920 920 920 935 920 920 920 896 896 838 838 838 838 838 838 838 838 838 838 838 730 730 730 730 806 730 730 730 730 754 742 742 742 742 718 718 718 640 709 640 640 683 640 640 640 640 630 630 630 549 549 566 605 596 573 573 568 568 554 494 494 539 494 494 494 494 500 500 476 487 446 446 438 438 438 438 397 397 354 354 390 390 390 390 372 372 355 355 355 339 339 273 273 309 309 309 273 273 273 273 263 263 172 172 172 172 223 223 223 185 185 84 84 84 84 97 97 105 105 141 141 112 112 112 112 36 36 36 36 36 36 36 36 46 46 6 6 6 6 
920 920 920 920 920 920 927 910 910 910 852 852 852 852 867 838 838 858 858 852 838 730 730 730 730 806 730 730 786 730 754 754 754 718 718 718 719 719 640 709 640 640 640 640 640 640 640 630 639 549 549 549 566 566 596 573 573 573 554 554 494 494 494 494 494 494 500 500 476 476 446 446 446 446 438 438 397 397 397 354 354 390 390 390 390 372 372 355 273 273 273 273 273 273 309 319 248 248 248 292 263 263 263 172 172 172 172 224 224 224 185 84 84 84 84 84 97 97 97 105 105 105 112 112 112 112 36 78 78 78 78 36 36 36 46 46 7 7 7 7 
920 920 958 920 920 927 927 910 910 910 852 852 852 852 867 867 867 858 858 852 838 838 790 819 730 730 730 730 730 730 767 754 754 718 718 734 719 720 640 709 640 640 640 640 640 640 640 640 549 549 549 549 566 566 549 549 549 574 554 554 494 494 494 494 494 500 500 476 476 492 446 446 446 446 438 438 397 397 397 354 354 418 397 397 361 361 372 355 273 273 273 309 309 309 309 319 248 248 248 248 263 248 248 248 248 248 172 224 224 185 185 84 194 194 84 84 97 97 97 105 105 105 112 112 113 113 36 36 36 36 36 36 64 36 36 7 7 7 7 8 
920 920 958 920 920 927 927 910 910 910 852 852 852 876 876 852 852 852 852 852 730 730 790 790 730 730 796 790 730 730 767 718 718 718 718 734 719 640 640 640 640 640 640 640 640 640 651 640 549 549 549 614 566 566 549 549 549 549 554 554 494 494 540 494 494 500 500 476 476 476 464 464 464 446 446 446 430 430 397 397 397 397 397 361 361 361 361 355 273 273 273 309 309 309 319 319 248 248 298 248 248 248 257 257 248 248 172 224 224 185 216 84 194 194 84 84 130 130 157 142 142 105 105 113 113 105 105 36 36 7 7 7 7 7 36 7 8 7 7 8 
958 958 958 936 936 936 843 843 910 910 852 852 852 852 877 852 730 730 852 852 730 730 825 790 790 790 790 790 730 730 767 718 718 718 718 719 719 640 710 640 640 640 640 640 651 651 651 640 549 549 549 549 549 549 549 549 582 549 554 554 549 549 494 494 494 494 501 501 476 476 464 477 464 464 441 441 430 430 381 381 381 397 397 361 361 361 361 355 355 273 273 309 309 309 319 298 298 298 298 248 248 274 257 257 257 172 172 185 185 185 216 84 84 84 84 84 130 130 130 130 142 142 105 113 105 105 106 36 36 7 7 7 7 7 7 7 8 8 8 8 
958 936 936 936 843 843 843 843 887 887 887 887 887 852 852 852 730 730 730 730 730 730 730 730 730 730 730 730 730 730 730 730 730 730 730 719 719 640 640 640 640 640 640 640 640 657 640 640 549 549 549 549 549 549 549 549 582 549 549 561 549 549 494 494 494 494 501 501 501 464 464 472 472 465 441 441 430 430 381 381 381 397 397 398 361 361 361 355 355 273 273 273 273 281 281 298 298 298 298 248 248 172 172 264 172 172 185 185 185 185 203 203 203 187 187 84 130 130 130 130 130 143 105 105 105 106 106 36 36 7 7 7 7 52 52 24 24 24 8 8 
958 936 953 953 929 929 928 843 887 843 843 843 843 881 852 852 730 730 730 730 730 730 730 791 791 791 791 791 730 730 730 730 730 749 730 719 719 702 702 702 640 640 640 640 640 657 640 640 549 549 549 549 549 549 549 549 582 549 549 549 549 549 494 494 494 494 464 464 464 464 472 472 465 465 441 441 441 430 381 381 381 362 362 362 380 380 361 368 361 273 273 273 273 281 281 281 281 281 281 281 281 172 172 172 172 203 185 185 203 203 203 209 187 187 188 84 84 84 84 84 130 130 130 84 84 106 106 36 36 7 7 7 7 52 52 24 24 24 24 9 
936 936 929 929 929 769 928 843 843 843 843 843 843 843 872 872 730 730 730 730 730 730 730 791 775 775 775 775 730 730 730 730 730 749 730 730 730 702 711 702 702 641 641 641 657 657 640 640 611 611 611 549 549 587 549 549 582 549 549 549 549 549 494 521 464 464 464 505 466 466 466 478 465 465 400 430 430 430 381 381 381 362 362 362 380 380 361 361 361 273 273 273 273 172 172 172 299 299 299 172 172 172 270 172 172 203 203 203 203 203 203 187 187 173 173 173 158 158 158 84 130 130 131 84 84 84 84 36 36 65 65 72 65 24 24 24 24 24 24 9 
936 929 929 929 929 769 769 769 769 902 902 878 878 843 843 843 730 730 843 843 843 730 730 775 775 775 775 775 787 702 702 755 755 702 702 702 702 702 711 703 703 641 641 641 641 658 640 644 611 611 611 611 611 587 587 587 550 550 494 494 494 494 494 521 464 466 466 466 466 466 466 466 466 400 400 430 430 430 430 381 381 362 362 362 362 362 373 172 172 172 348 273 273 172 172 172 172 172 172 172 270 270 270 249 249 249 203 203 225 187 187 187 173 173 173 173 158 158 158 84 84 131 131 84 84 84 84 99 65 65 65 65 65 24 38 38 38 9 9 9 
936 929 929 929 929 929 929 769 769 878 878 878 878 878 878 843 843 843 843 844 844 730 730 775 775 775 792 792 702 702 702 702 702 702 704 704 702 702 711 703 703 641 641 641 641 658 640 644 640 611 611 562 562 562 550 550 550 550 494 494 494 494 494 521 464 466 466 466 466 466 466 466 466 400 400 400 400 400 400 381 381 381 381 381 362 362 373 172 172 172 172 172 172 172 172 293 293 293 293 270 270 270 270 249 249 249 203 203 225 187 187 187 173 173 153 153 153 153 153 84 84 131 131 84 88 88 84 84 65 65 65 65 24 24 38 47 9 9 25 10 
936 936 959 929 929 929 929 769 918 878 878 878 878 769 769 769 769 769 769 769 769 730 730 814 814 775 775 793 702 702 702 702 702 702 704 704 704 704 711 703 703 641 684 641 641 658 640 640 640 611 611 562 562 562 550 550 550 550 550 550 550 550 494 521 464 464 464 464 493 493 447 447 466 466 400 400 400 400 400 381 381 381 409 381 362 362 362 172 172 349 349 310 310 310 322 265 265 265 293 270 270 270 270 249 249 249 204 204 225 187 187 187 189 173 153 153 153 153 153 84 84 84 84 84 88 88 107 84 84 84 24 24 24 38 38 38 9 9 9 10 
971 936 959 929 929 937 930 769 769 769 898 898 878 769 868 868 853 853 853 853 769 730 730 775 775 775 775 793 775 775 768 702 702 702 704 704 731 704 704 704 704 641 684 641 641 641 641 641 641 611 562 562 562 562 550 550 550 550 494 494 494 494 494 521 521 464 464 464 493 493 447 447 447 447 400 400 439 439 400 400 400 409 409 381 381 381 362 172 172 349 349 310 310 310 265 265 265 265 293 270 270 204 204 249 249 204 204 204 225 225 217 210 189 173 173 153 153 164 153 114 114 114 114 88 88 88 88 88 84 84 24 24 24 38 38 38 9 9 9 10 
936 936 959 936 930 930 930 769 769 769 769 769 878 769 868 868 853 853 853 853 769 826 826 775 775 807 775 775 775 776 768 756 756 704 704 704 731 704 704 704 704 641 641 641 641 641 645 645 611 611 562 588 588 562 562 562 562 562 494 494 494 494 494 522 522 464 464 464 493 493 447 447 447 447 447 447 439 439 400 400 400 399 399 399 323 323 362 362 362 271 271 341 310 310 265 265 265 265 293 293 282 204 204 204 204 204 244 204 204 204 217 210 189 195 173 173 153 153 153 114 114 114 114 88 88 88 108 88 88 66 66 73 24 53 53 9 9 9 9 9 
936 936 936 936 930 930 930 821 821 903 903 769 878 769 868 868 868 853 853 853 769 769 769 775 775 807 775 704 704 704 768 756 756 704 704 704 731 704 704 704 704 641 641 675 641 641 645 645 611 616 562 615 588 588 588 588 562 562 507 507 494 494 494 494 494 506 506 506 493 493 447 447 447 456 456 425 425 425 425 425 400 400 399 399 323 323 363 363 363 271 271 271 271 310 265 265 265 265 265 265 282 204 204 244 244 244 244 204 204 204 217 210 189 189 189 173 173 153 153 153 144 144 114 114 114 114 79 79 66 66 66 53 53 53 54 9 9 9 9 9 
972 960 960 930 930 938 821 821 821 903 903 769 769 769 873 873 845 845 845 853 769 769 769 775 775 775 775 704 704 704 768 704 704 704 705 705 705 705 705 704 704 675 675 675 652 652 652 611 611 616 562 562 541 541 541 541 562 562 507 507 507 530 530 530 494 506 506 506 493 493 447 447 447 447 457 425 425 323 323 323 323 400 400 400 323 323 363 363 363 271 271 271 271 310 265 265 265 265 265 265 265 265 204 204 204 204 204 204 204 204 165 165 165 190 190 165 165 165 153 153 144 145 114 114 79 79 79 79 66 85 66 53 53 53 28 28 28 28 9 9 
960 960 961 930 930 821 821 821 821 821 821 769 769 882 869 869 845 845 845 827 827 827 769 769 769 769 797 704 704 704 704 704 704 693 705 705 705 705 705 704 704 675 675 675 652 652 652 611 642 616 616 616 541 606 597 541 541 562 507 507 507 530 530 530 494 506 506 506 447 447 447 479 447 447 457 425 425 401 401 401 323 323 323 323 323 323 323 323 363 271 271 271 271 310 310 310 310 265 265 265 265 265 204 204 204 204 204 165 165 165 165 165 165 165 165 165 166 166 144 144 144 144 114 114 79 79 79 79 66 66 66 53 53 53 28 28 26 26 26 11 
960 889 889 930 930 821 821 821 911 911 821 821 888 869 869 869 845 845 859 827 827 827 827 769 769 769 769 704 704 704 704 704 704 693 705 705 705 705 705 705 705 675 675 646 646 652 652 611 611 611 611 617 541 541 597 541 541 562 507 507 507 530 530 530 494 494 494 494 447 447 447 447 447 457 457 425 425 401 401 401 401 401 410 328 328 323 323 323 363 271 271 271 271 271 271 310 310 283 283 283 283 265 265 265 204 204 204 165 165 165 165 165 165 165 165 166 166 144 144 144 144 144 114 114 79 79 79 79 79 66 66 66 66 26 26 26 26 29 11 11 
889 889 889 889 944 889 889 911 911 911 821 821 888 869 869 869 869 845 845 854 827 827 827 769 769 808 769 704 704 777 769 757 757 693 705 705 705 712 705 705 693 693 646 646 646 646 646 646 618 618 611 611 611 541 597 541 541 562 562 562 507 507 507 507 494 494 513 494 447 447 488 447 447 457 457 419 419 431 431 401 401 401 328 328 328 323 323 323 323 323 271 271 327 327 271 311 311 283 283 283 271 271 265 265 204 250 204 204 165 165 165 165 165 165 165 166 166 144 144 144 144 144 115 115 115 79 79 79 79 66 66 74 26 26 30 26 26 29 11 11 
889 967 962 889 889 889 889 911 911 911 821 888 888 821 821 821 821 860 845 845 845 815 815 815 769 769 769 769 769 769 769 757 757 693 693 693 693 712 712 693 693 694 646 646 646 646 646 646 618 618 618 618 541 541 541 541 541 541 541 541 541 541 541 507 513 513 513 494 494 494 458 458 458 458 457 419 419 419 419 419 424 401 401 401 328 328 328 328 364 323 323 323 327 327 271 271 271 300 300 283 271 271 265 265 204 204 204 204 204 165 165 211 204 159 159 159 159 159 159 144 144 144 115 115 115 89 89 79 79 66 66 26 26 26 30 39 39 11 11 11 
889 889 962 939 939 939 889 889 911 911 821 888 888 821 821 821 821 860 860 846 846 815 815 815 769 769 769 769 745 745 745 721 721 721 721 721 693 693 693 693 685 685 646 646 646 646 653 618 618 619 619 619 541 541 541 541 541 541 541 542 542 542 542 507 507 513 513 507 494 494 458 458 458 458 457 419 442 419 419 419 424 419 401 401 374 374 374 328 328 328 323 323 332 323 323 305 271 271 271 283 271 271 271 251 251 251 232 232 204 204 204 204 204 159 174 174 174 144 144 144 144 144 115 115 89 89 89 89 79 79 79 26 26 26 30 30 30 11 11 11 
973 889 962 939 939 939 889 889 889 889 821 821 821 821 821 821 821 821 846 846 815 815 828 815 815 809 798 745 745 745 745 721 721 721 743 721 721 721 618 618 685 685 646 646 646 659 618 618 619 619 619 619 541 541 598 589 480 480 480 542 542 542 480 480 507 507 507 507 480 480 480 480 458 458 457 419 419 419 419 419 424 419 401 401 374 382 356 356 356 328 323 323 323 323 324 305 312 305 271 271 271 275 251 251 251 251 232 232 232 159 159 159 159 159 174 159 159 144 144 148 148 132 132 115 89 89 89 89 89 15 15 56 56 56 31 31 30 12 12 12 
973 889 962 939 939 889 889 889 889 889 821 821 821 821 821 821 821 821 846 846 815 815 815 815 816 809 798 745 745 745 721 721 743 743 743 721 721 722 618 618 618 685 685 646 646 659 618 619 619 619 619 541 541 541 589 589 480 480 480 555 480 480 480 480 480 480 480 480 480 481 481 481 458 458 458 448 419 419 419 419 419 419 374 374 374 356 356 357 356 328 328 328 328 328 324 305 305 305 271 271 284 251 251 251 251 245 245 232 232 159 159 159 159 159 159 159 159 159 144 148 148 132 132 115 115 115 89 89 15 15 15 56 56 56 31 31 30 12 12 12 
889 889 939 939 939 889 931 889 889 889 899 899 821 821 821 821 821 821 821 821 821 821 798 798 798 809 798 745 745 745 721 743 743 744 744 721 721 618 618 618 618 618 618 646 618 618 618 619 619 619 619 541 541 541 589 575 575 575 480 555 480 480 480 480 480 481 481 481 481 481 489 448 448 459 459 448 374 374 374 374 374 374 374 374 391 356 357 357 356 356 284 284 284 284 284 284 284 284 284 284 284 251 251 251 258 245 196 196 196 159 159 180 180 159 159 180 89 89 144 144 128 128 128 128 89 89 89 89 15 15 15 15 15 15 15 31 30 30 12 12 
889 889 939 939 939 889 889 889 889 889 889 889 889 821 821 874 855 855 855 821 821 821 798 820 798 809 798 745 745 721 721 743 721 721 721 721 732 618 618 618 686 686 618 618 618 660 620 620 620 620 620 620 523 523 589 589 576 576 480 555 555 480 480 531 480 481 481 481 481 481 489 448 448 459 459 448 374 374 374 374 374 374 374 374 356 356 357 357 357 357 284 342 284 284 284 284 313 284 284 284 284 251 251 245 245 245 196 237 196 180 180 180 180 180 180 180 89 89 89 144 128 128 128 89 89 116 89 89 90 15 15 15 15 15 15 31 31 31 12 12 
889 889 963 939 939 889 889 904 904 904 889 889 883 883 855 855 855 865 855 855 821 821 798 798 798 798 798 745 745 721 721 721 721 745 745 721 732 686 686 686 686 686 686 618 618 660 620 620 620 620 621 523 523 523 523 576 576 577 480 480 480 480 543 480 480 508 481 481 481 481 489 448 448 448 448 448 374 374 374 374 374 374 374 402 356 356 356 284 284 284 284 284 284 313 313 313 313 285 285 285 285 245 245 245 259 252 196 196 196 180 180 180 180 180 180 180 89 89 89 89 89 89 89 89 122 116 89 89 90 15 15 15 15 15 41 27 27 27 27 13 
889 889 889 889 889 889 889 889 889 904 904 889 883 855 855 855 855 865 855 821 821 817 817 745 745 745 745 745 745 745 745 745 745 745 713 713 713 686 686 686 676 676 583 583 583 583 583 583 620 620 621 523 523 607 523 576 576 523 523 480 480 480 543 480 523 508 508 508 481 481 489 448 448 448 432 432 443 432 432 411 411 411 369 369 356 356 356 284 284 284 284 284 284 313 313 313 314 285 285 285 285 245 245 245 259 252 196 196 196 196 196 181 181 180 180 180 89 89 160 89 89 89 89 116 116 116 67 67 67 67 15 15 67 15 41 27 40 27 27 13 
889 889 921 889 889 921 921 921 889 889 889 889 883 855 855 855 855 865 855 821 821 817 817 745 745 745 745 745 745 745 745 762 735 735 735 735 713 686 686 676 676 676 583 583 583 654 654 583 643 631 621 523 523 607 523 523 523 523 523 556 556 480 480 480 523 489 489 489 489 489 489 448 448 448 432 432 432 432 433 411 411 411 411 369 392 356 356 365 284 284 284 316 316 313 313 313 285 285 285 285 285 245 259 259 259 252 196 226 226 226 196 181 181 181 181 181 89 167 89 89 89 89 89 89 89 89 67 67 91 67 67 67 67 15 41 27 27 27 13 13 
974 968 921 945 945 921 921 922 891 891 891 891 883 883 855 855 855 855 855 855 821 839 817 745 745 745 745 745 745 750 750 750 750 750 735 735 713 713 713 676 706 676 583 583 583 583 583 583 583 631 621 523 523 607 523 523 523 523 523 523 523 523 523 532 523 489 489 489 489 489 489 482 448 448 432 444 444 426 426 426 411 411 412 369 392 356 356 365 365 358 316 316 316 313 313 315 285 285 301 285 285 245 259 252 252 252 196 226 226 196 196 181 181 181 182 182 89 89 89 89 89 89 89 89 89 89 67 67 67 67 67 67 67 15 41 41 41 13 13 13 
968 968 921 921 946 921 921 891 891 912 891 891 890 866 866 866 870 855 855 855 821 839 817 817 817 799 799 676 676 750 750 750 750 750 736 736 713 713 713 676 706 676 676 676 583 583 583 583 583 631 621 621 523 523 599 590 523 523 523 523 544 544 523 523 523 489 489 489 489 489 482 482 432 432 432 444 444 426 426 411 411 411 412 369 392 356 356 356 356 358 316 343 316 316 316 315 315 285 285 285 245 245 252 252 196 196 196 233 233 196 196 196 196 196 182 124 124 89 89 89 89 89 89 67 67 67 67 100 67 67 67 67 67 15 15 42 42 13 13 13 
968 968 921 921 921 921 932 891 891 891 891 890 890 866 866 866 870 855 855 855 821 821 821 821 799 799 800 676 676 750 750 676 676 737 737 737 713 713 713 676 687 687 687 583 583 583 583 583 626 626 626 583 583 523 523 590 523 557 557 557 544 544 544 523 523 502 502 489 489 489 482 482 432 449 449 426 426 426 426 411 411 411 411 369 392 356 356 356 356 358 316 316 316 316 316 315 315 245 245 245 245 276 252 196 196 253 227 227 175 175 175 175 175 175 182 124 124 168 89 89 149 124 124 67 123 67 67 67 92 67 67 67 57 57 15 14 14 14 13 13 
968 968 921 954 921 932 932 891 891 891 891 890 890 866 866 866 866 855 855 855 799 799 829 799 799 676 676 676 788 750 750 676 676 737 737 737 713 713 714 676 687 687 687 583 583 583 583 583 626 626 626 583 583 583 523 590 523 557 557 557 557 544 544 503 503 503 502 509 489 489 482 482 432 449 449 426 426 426 426 411 411 411 411 369 369 369 369 369 333 333 333 333 333 316 316 316 316 245 245 286 286 252 252 196 260 253 227 227 175 175 175 175 175 175 124 124 124 168 89 89 149 124 124 67 67 67 67 67 92 67 67 67 57 15 15 14 14 14 14 14 
969 969 921 921 921 932 932 891 891 913 891 900 866 866 866 875 866 855 855 799 799 799 799 799 818 676 676 676 788 676 676 676 676 676 676 676 713 713 714 676 634 634 634 583 583 583 583 583 583 583 583 583 612 583 523 523 523 551 551 563 551 551 503 503 503 503 502 502 502 432 432 483 432 432 449 449 426 426 426 411 411 403 403 403 333 333 333 333 333 333 333 334 334 316 316 316 316 306 286 286 287 252 252 196 253 253 227 227 227 227 175 175 175 175 124 124 124 124 124 124 124 124 124 124 124 101 67 67 80 80 80 57 57 15 15 14 14 14 14 15 
840 840 840 840 840 914 914 914 913 913 891 900 866 866 866 866 866 855 855 799 847 799 799 799 799 801 801 676 676 676 676 696 696 696 696 676 676 676 714 676 634 695 634 634 669 583 583 583 612 612 612 612 612 583 583 523 523 551 551 551 551 503 503 533 503 503 514 432 432 432 432 483 432 432 450 450 333 333 333 333 333 403 403 333 333 383 375 350 350 350 350 334 334 316 316 316 316 306 286 287 287 252 252 196 253 253 227 227 227 175 175 175 175 175 175 175 175 124 124 133 133 133 133 125 125 101 101 101 80 86 57 57 15 15 15 15 15 32 15 15 
840 840 840 840 840 914 914 914 913 914 891 900 891 866 866 866 799 799 799 799 847 799 830 799 799 801 801 794 676 676 676 696 696 696 696 676 676 676 676 676 634 695 688 634 634 634 634 647 612 632 612 612 569 569 583 583 583 551 551 503 503 503 524 524 524 503 514 432 432 432 432 432 432 450 450 451 333 333 333 333 333 403 403 333 359 359 375 350 350 350 334 334 334 306 306 306 306 306 286 196 196 196 196 196 196 196 227 227 227 175 218 175 175 175 175 124 124 124 124 133 133 133 125 125 117 117 101 101 80 57 57 58 15 15 15 15 15 15 15 16 
840 840 840 840 840 840 840 914 914 914 891 891 891 866 866 866 799 799 799 847 847 799 799 822 801 801 801 794 739 739 739 739 696 696 696 696 696 696 696 696 634 634 688 634 634 655 634 647 612 632 612 569 569 569 600 591 551 551 551 503 524 524 524 517 517 503 503 503 503 376 376 460 460 333 333 333 333 333 333 333 333 333 333 333 359 359 359 359 350 350 334 334 334 306 175 175 175 175 286 196 196 277 196 196 196 196 227 227 227 175 175 205 205 169 169 124 124 124 124 125 125 125 125 125 117 117 109 80 80 57 57 58 15 15 43 43 43 16 16 16 
964 964 840 840 940 940 840 840 840 840 840 840 840 866 866 866 866 866 799 799 799 799 799 822 801 801 801 794 739 739 739 739 739 696 696 696 696 715 715 696 696 634 688 655 655 655 634 647 612 612 612 569 613 569 600 591 551 551 551 503 524 552 545 517 517 517 376 376 376 376 376 460 460 333 333 333 333 333 333 333 333 384 384 384 359 359 359 359 359 359 334 334 334 306 175 175 294 175 175 196 196 196 196 196 196 196 227 227 175 175 175 205 205 169 169 169 169 169 161 125 150 125 125 125 117 117 109 80 57 57 57 58 58 58 43 48 16 16 17 17 
964 964 964 901 901 901 923 923 840 840 840 901 840 866 866 840 840 799 799 799 799 799 831 794 794 794 794 794 739 739 739 763 739 696 696 738 696 696 696 696 696 634 634 655 655 661 634 634 634 633 569 569 613 569 569 591 551 551 503 503 524 524 545 517 517 518 376 376 376 495 376 376 460 460 460 333 333 333 333 333 333 384 384 384 384 384 359 359 359 359 175 175 175 306 306 175 294 294 175 175 175 196 196 196 196 196 238 238 175 175 175 175 205 169 169 169 80 80 161 125 125 125 134 125 109 109 109 80 81 81 81 43 43 43 43 16 16 17 17 18 
901 901 901 901 901 901 923 923 840 840 840 901 840 866 866 840 840 799 799 799 799 799 831 794 794 794 794 795 739 778 739 763 739 739 696 696 696 696 696 696 696 696 634 677 655 655 655 634 634 633 569 608 608 608 569 591 551 551 503 503 558 524 517 517 517 518 376 376 376 495 376 376 460 460 376 376 376 376 376 376 376 376 376 376 385 385 376 359 359 359 175 175 175 329 175 175 317 294 175 175 175 175 196 196 196 196 175 175 175 175 175 175 169 191 191 169 80 80 80 80 80 125 125 125 109 109 109 80 80 81 81 43 68 43 43 16 16 16 16 16 
901 901 901 955 901 901 923 923 840 840 905 901 840 866 866 840 840 861 861 799 799 840 802 802 794 794 794 739 739 778 739 739 739 739 739 739 634 723 634 634 634 634 634 677 635 635 635 634 634 634 569 608 608 608 569 569 569 569 569 524 558 524 517 517 517 376 376 376 376 495 376 376 376 467 376 376 376 376 376 413 413 413 413 376 385 385 376 359 175 175 175 175 175 175 175 175 294 294 175 175 175 175 175 175 175 175 175 239 80 80 80 80 169 169 169 169 80 80 80 80 80 80 80 80 80 80 80 102 80 43 43 43 68 43 43 16 16 16 16 16 
901 901 901 901 901 901 901 901 901 901 901 901 840 840 840 840 840 840 840 840 840 840 802 802 802 802 802 739 739 739 739 739 739 739 739 740 634 634 634 677 677 677 677 677 635 662 635 635 635 635 569 569 569 569 569 569 569 569 569 524 524 524 517 517 517 376 376 376 376 495 376 376 376 376 376 376 376 376 376 413 413 414 414 376 376 376 376 359 175 175 175 175 335 175 175 175 294 294 294 294 175 175 175 239 239 239 239 239 80 80 80 80 80 80 80 80 80 80 118 118 118 118 118 118 118 118 80 80 80 43 43 43 43 43 43 16 16 16 16 16 
