902 902 902 902 902 902 902 902 841 841 841 841 841 841 841 841 841 696 696 696 769 769 769 769 769 769 769 769 733 733 743 733 696 696 696 696 696 696 671 671 671 639 639 639 639 622 622 622 622 616 560 560 560 560 560 560 560 560 560 478 478 478 478 504 504 504 504 461 461 461 461 465 365 365 365 365 365 365 365 365 365 365 365 365 365 365 365 365 365 208 208 208 208 208 208 208 208 208 287 287 208 208 208 208 208 208 208 208 192 192 192 192 192 192 145 145 145 145 145 145 145 77 77 77 77 20 20 20 20 20 20 20 20 20 20 20 27 27 1 1 
902 902 902 902 902 902 903 903 841 886 841 841 841 842 842 842 842 696 827 696 696 696 696 696 769 769 696 696 733 733 733 733 696 718 718 684 684 697 671 671 639 639 622 622 639 622 616 616 616 616 560 560 560 561 561 561 561 561 561 478 478 478 478 504 505 505 505 461 461 461 461 465 365 365 365 365 439 412 412 412 411 338 338 391 365 365 365 366 208 208 208 208 326 208 208 208 308 208 208 208 208 271 262 208 208 208 208 208 192 192 192 168 168 168 145 145 145 154 146 146 146 77 77 121 77 20 95 95 20 20 20 20 20 20 20 20 27 27 1 1 
902 902 902 893 893 893 841 841 841 886 841 841 841 842 842 842 842 696 696 696 696 696 696 696 696 696 696 696 696 696 696 696 696 718 718 684 684 684 684 671 639 660 622 622 622 622 616 616 616 616 560 560 560 561 561 561 561 561 561 478 478 478 504 504 478 478 478 478 478 478 461 465 465 461 365 365 439 412 428 411 411 338 338 391 365 365 365 366 208 208 208 208 326 208 208 208 288 288 208 208 262 262 262 208 208 208 208 208 168 168 168 168 168 168 145 145 168 154 146 146 139 139 77 121 77 77 77 77 77 62 62 62 20 20 20 27 27 27 1 1 
902 902 902 893 893 893 893 841 841 886 858 858 858 858 842 842 828 828 828 696 696 696 696 777 777 696 696 696 696 696 696 696 696 696 718 684 684 684 654 671 639 660 622 616 616 616 616 616 560 560 560 560 560 555 555 555 555 555 555 478 478 478 504 478 478 493 493 478 478 478 461 461 461 461 365 413 413 412 412 416 412 338 338 338 365 365 376 366 366 208 208 208 326 326 208 208 288 288 288 288 262 262 238 238 208 208 208 208 168 168 168 168 168 168 168 168 168 154 154 146 139 139 77 77 116 77 77 96 77 62 62 20 20 20 20 20 27 27 1 1 
902 902 902 932 893 893 893 893 893 858 858 858 858 858 828 828 828 828 828 696 696 696 777 777 777 696 696 759 759 734 734 696 696 696 718 684 684 684 654 671 639 660 622 616 616 616 616 616 560 560 560 560 560 555 555 555 532 532 555 555 478 478 478 478 521 493 493 478 478 478 478 461 461 365 365 413 413 413 412 412 412 338 338 338 338 338 338 338 338 347 347 327 327 327 208 208 288 288 293 272 272 272 238 238 238 238 208 225 216 168 168 198 198 168 168 155 155 154 154 146 139 139 77 77 62 62 62 62 77 77 62 20 20 20 40 20 20 20 20 1 
902 902 902 932 932 893 893 869 869 858 858 858 858 858 828 828 828 828 696 696 806 806 777 777 777 777 696 696 696 734 734 724 724 724 718 684 684 684 654 671 639 639 622 622 622 626 626 626 560 560 560 560 560 555 579 579 532 532 532 532 478 478 478 493 493 493 493 493 493 479 479 461 461 365 365 413 413 413 412 412 338 338 338 338 338 338 338 338 338 338 338 327 327 327 208 208 293 293 293 272 272 146 146 208 208 208 208 216 216 155 155 155 155 155 155 155 155 154 154 146 77 77 77 77 62 62 103 62 62 62 62 20 20 52 40 40 2 2 1 1 
940 940 894 894 894 921 893 869 869 869 869 869 829 829 849 849 828 828 696 696 696 696 696 777 777 770 770 770 696 734 734 724 724 718 718 677 677 677 654 654 639 639 622 622 622 626 626 599 599 599 560 560 599 555 579 579 532 532 532 532 546 478 478 493 493 493 493 479 479 479 480 461 461 462 365 413 413 413 412 412 338 338 338 338 338 338 354 354 354 354 338 338 273 273 273 273 293 293 294 146 146 146 263 208 245 208 208 216 217 155 200 200 155 155 155 176 155 155 146 146 77 77 77 77 62 62 103 62 62 62 62 63 58 52 2 2 2 2 1 1 
940 940 894 894 894 869 869 869 869 869 860 870 829 829 849 696 696 696 696 696 696 696 696 778 778 778 696 696 696 734 734 724 724 718 677 677 677 677 654 654 639 639 639 622 622 599 599 599 623 599 599 599 599 555 556 556 532 532 532 532 532 532 532 509 509 493 493 479 480 480 480 462 462 462 365 384 384 413 413 413 413 338 338 338 338 354 354 273 273 273 273 273 273 273 273 273 273 273 273 146 146 263 263 208 208 208 216 216 155 155 200 200 155 193 155 155 155 155 146 146 77 140 77 77 62 62 103 62 78 78 62 58 58 52 2 2 2 2 2 1 
940 940 940 894 869 869 913 894 894 860 860 870 829 849 849 696 696 696 696 696 696 696 696 778 778 696 696 771 718 718 734 734 718 718 677 677 677 685 654 654 639 639 639 639 645 599 599 599 599 599 599 607 555 555 556 556 532 532 532 532 547 509 509 509 509 509 479 479 480 480 480 462 462 365 365 384 384 384 384 384 384 384 384 384 384 354 354 273 273 273 273 331 331 273 273 273 273 301 273 273 146 146 146 146 209 208 208 208 155 155 200 200 155 193 146 146 155 155 155 146 146 107 107 107 107 62 62 62 62 62 62 58 52 52 2 2 2 3 2 1 
940 941 941 894 894 913 913 894 894 860 860 860 829 829 829 829 829 829 829 807 807 807 696 786 786 696 771 771 718 718 718 718 718 712 712 712 677 685 685 654 661 661 654 639 639 639 599 599 599 599 599 607 555 556 556 556 532 532 532 532 509 509 509 509 509 509 479 479 479 479 462 462 462 365 365 365 365 365 429 392 392 392 392 392 354 354 354 354 273 273 273 273 273 273 295 295 309 289 289 273 273 146 146 146 209 209 209 208 208 155 155 155 155 146 146 146 155 155 146 146 146 107 107 107 107 107 62 62 62 58 58 58 52 52 2 2 3 3 2 2 
940 941 933 933 894 894 894 894 894 860 860 860 829 829 829 829 829 807 807 807 808 808 696 696 696 696 771 771 718 718 718 735 712 712 712 712 677 677 654 654 654 654 654 617 617 555 555 555 555 555 555 555 555 556 556 556 556 556 556 556 509 509 509 509 509 509 479 479 479 479 462 462 462 365 365 365 365 365 429 392 393 393 393 393 354 354 354 354 275 275 275 273 273 273 273 295 295 289 289 289 273 273 264 146 209 209 209 209 208 208 155 155 146 146 183 146 146 146 146 146 146 107 107 104 104 89 89 89 89 58 58 58 46 46 2 2 3 3 3 3 
940 941 933 933 933 860 860 895 895 860 871 871 859 859 829 829 829 807 807 807 792 792 771 771 771 771 771 771 718 735 735 735 712 712 712 677 677 677 654 654 654 662 655 617 617 555 555 555 555 555 555 608 600 556 556 572 572 565 556 556 548 509 509 509 509 509 463 463 479 479 365 365 365 365 430 430 365 365 392 392 393 393 393 393 354 354 354 354 275 275 275 273 273 273 273 296 295 295 295 282 282 264 264 146 146 146 231 209 209 209 146 146 146 183 183 122 122 156 156 146 146 107 107 108 104 89 89 89 89 79 46 46 46 46 46 34 34 3 3 3 
940 940 933 933 860 860 860 860 860 860 871 871 859 843 843 843 843 807 792 792 792 792 771 771 771 779 718 718 718 735 744 712 712 712 712 677 677 677 654 654 646 646 655 617 617 617 617 555 555 617 555 600 600 556 556 572 565 565 562 548 548 509 509 509 509 509 463 463 479 479 365 365 365 430 430 430 392 392 392 417 372 372 372 372 372 354 354 354 356 355 275 318 318 318 318 296 296 296 282 282 282 264 226 226 226 146 146 146 146 146 146 201 122 122 122 122 122 156 156 108 108 108 108 108 104 104 104 79 79 79 46 46 46 46 46 34 3 3 3 3 
940 940 933 933 860 860 860 860 860 887 779 779 859 843 843 843 843 807 792 792 792 792 792 771 771 779 718 718 760 735 744 725 725 725 677 677 677 677 677 677 646 646 646 646 646 617 617 617 617 617 555 600 594 594 541 541 565 565 562 548 548 509 509 509 510 463 463 463 479 479 365 365 365 430 430 430 392 392 392 417 372 372 372 372 372 354 354 372 356 355 275 275 310 310 318 318 310 296 282 282 282 264 226 226 226 226 226 226 146 146 122 122 122 184 184 122 122 156 156 108 108 108 117 117 117 108 79 79 90 46 46 59 59 21 21 34 3 28 3 4 
940 940 860 860 860 904 904 904 860 779 779 779 859 807 807 807 843 807 819 819 792 792 792 792 779 779 718 718 760 735 725 725 725 677 677 677 677 686 686 678 646 646 646 646 646 617 617 617 624 610 555 555 594 541 541 541 541 562 562 548 548 541 522 522 510 463 463 463 463 463 463 463 463 430 430 430 430 392 392 417 372 372 372 372 372 372 372 372 356 356 275 275 310 310 310 310 310 296 296 264 264 264 226 226 226 226 226 226 146 146 122 122 122 184 184 122 122 122 122 122 122 108 117 117 117 108 79 79 79 46 59 59 21 21 21 34 3 3 3 4 
940 940 860 860 860 860 905 905 860 779 779 779 807 807 854 807 807 807 819 779 779 779 779 779 779 780 718 718 646 735 725 725 725 677 677 677 707 686 678 678 646 646 646 646 646 617 617 624 624 610 610 555 594 541 541 541 541 562 541 541 541 541 522 522 510 510 463 463 440 440 440 440 463 463 430 430 430 430 430 372 372 372 372 394 372 372 377 275 275 275 275 302 302 310 310 302 302 296 296 264 264 264 226 226 226 226 227 227 199 199 122 122 122 122 122 122 122 161 122 122 122 108 108 108 108 108 79 79 79 46 59 59 21 21 21 21 21 21 21 4 
949 949 942 860 860 860 860 860 860 779 779 779 807 779 779 779 779 836 779 779 815 797 797 779 779 780 646 646 646 646 646 646 728 646 646 686 686 686 678 678 646 663 647 647 647 624 624 624 624 555 555 555 594 541 541 541 541 541 541 542 542 542 533 522 522 440 440 440 440 481 481 440 440 440 452 440 440 418 418 372 372 372 399 377 377 377 377 275 357 357 275 275 302 310 310 302 302 302 264 264 264 264 226 226 226 227 227 228 199 199 199 199 199 177 177 177 122 157 157 141 141 141 129 118 118 80 80 46 46 46 21 21 21 21 21 21 22 21 21 4 
949 949 942 860 860 860 860 860 860 779 779 779 807 779 779 779 779 779 779 820 797 797 787 787 787 780 646 761 761 646 745 646 728 646 646 646 646 646 646 646 646 647 647 648 648 624 624 624 624 555 594 594 594 541 587 541 541 543 543 542 542 542 533 440 440 440 481 481 481 481 482 440 440 440 440 440 418 418 418 418 372 372 399 377 377 377 275 275 357 357 275 275 302 302 302 302 302 302 264 264 264 264 226 226 226 199 199 228 199 199 199 202 177 177 122 122 122 157 157 141 129 129 129 118 118 80 80 46 46 80 21 21 21 21 21 35 22 22 22 4 
949 949 942 860 881 881 881 881 881 881 881 779 779 779 855 837 837 837 797 797 797 787 787 788 788 780 646 646 646 646 745 646 728 646 698 698 698 646 646 664 664 647 647 648 648 624 627 627 555 555 594 594 594 541 541 541 541 543 543 543 543 543 533 440 440 440 440 440 481 481 440 440 440 440 440 440 418 418 419 419 377 377 377 377 377 377 275 275 275 275 275 275 302 302 311 311 311 283 283 264 264 274 253 253 199 199 199 199 199 199 199 202 177 177 122 122 122 122 122 141 129 129 122 122 91 91 80 80 80 80 21 21 21 21 21 35 35 29 5 5 
949 949 942 860 881 881 914 860 860 860 860 860 860 860 837 837 787 787 797 787 787 787 780 780 780 780 646 646 745 745 745 646 646 646 698 713 698 646 646 664 664 664 647 647 647 624 627 627 555 611 611 594 594 588 588 541 541 543 533 533 533 533 533 440 440 440 440 440 440 440 440 440 440 440 447 418 418 418 419 420 377 377 373 373 373 373 373 373 339 339 339 275 275 283 283 283 283 283 283 283 253 253 253 254 199 232 199 199 199 202 202 202 177 177 122 122 122 122 122 141 141 122 122 91 91 91 91 91 91 73 73 21 21 47 47 35 35 29 5 5 
950 950 860 860 860 860 860 860 896 837 837 837 837 837 837 850 787 787 797 787 780 780 780 780 781 781 646 646 745 698 698 698 698 698 698 713 698 698 594 664 664 664 647 647 647 624 555 627 555 594 594 594 601 588 588 541 543 543 533 544 544 544 440 440 440 440 440 440 440 440 440 440 440 440 447 418 418 419 419 420 373 373 373 373 373 373 373 339 339 339 339 339 275 283 283 283 283 283 283 283 253 253 253 254 199 232 199 199 199 202 177 177 177 194 162 162 162 162 122 148 122 122 119 91 91 91 105 91 91 73 21 21 53 47 47 5 5 29 5 5 
950 950 860 860 860 922 860 860 896 837 837 837 837 856 856 787 787 787 787 787 780 780 780 780 745 745 745 745 745 698 746 699 699 699 699 699 699 699 594 664 664 664 624 624 624 624 555 555 555 594 601 601 601 588 588 541 541 541 533 544 544 544 440 440 440 440 440 440 440 440 440 440 418 418 447 447 418 402 402 402 373 400 400 373 373 373 373 339 339 339 348 275 275 283 283 283 283 283 283 283 283 275 254 254 199 232 232 199 199 202 177 194 194 194 162 162 162 162 122 122 122 123 119 119 119 109 73 73 73 73 21 64 53 47 47 5 5 5 5 6 
922 922 922 922 922 922 906 906 882 882 837 837 837 787 787 787 787 787 787 809 780 780 782 745 745 745 745 698 698 698 698 699 699 699 700 700 708 700 594 672 672 624 624 624 624 635 635 594 594 594 601 601 601 588 589 526 526 541 533 526 526 526 534 440 440 506 506 440 440 440 483 466 466 418 418 418 418 402 402 402 373 373 401 373 373 373 373 339 339 348 348 275 275 283 283 283 283 283 283 290 275 275 254 255 199 232 232 199 199 202 177 177 177 158 158 158 158 158 158 122 122 123 123 123 109 109 73 73 81 81 21 21 53 53 5 5 6 6 6 6 
922 922 906 906 906 906 906 882 882 882 882 787 787 787 787 787 787 787 787 809 780 780 782 745 745 745 745 698 698 698 698 699 699 699 700 700 700 700 594 594 594 624 649 649 649 594 594 594 625 601 601 514 514 588 589 526 526 526 533 526 526 526 526 526 440 440 440 501 440 440 483 466 466 435 435 435 435 402 402 402 402 373 373 373 373 373 373 367 367 348 275 275 275 328 283 283 283 283 275 275 275 276 254 199 199 233 233 199 199 202 177 177 177 158 158 169 169 130 130 130 130 130 123 123 109 109 73 73 81 21 21 21 48 48 5 5 6 6 6 6 
923 906 906 906 906 915 915 882 882 882 882 787 787 787 832 832 782 782 830 809 809 809 782 698 698 698 698 698 762 698 698 699 699 699 700 700 700 700 594 594 594 624 649 649 649 594 594 594 594 601 601 514 514 588 588 526 526 526 533 533 526 526 526 527 440 440 440 501 440 441 441 466 466 435 453 435 435 435 421 421 402 373 373 348 348 348 348 367 367 348 275 328 328 328 275 275 275 275 275 276 276 276 254 199 246 233 233 199 199 177 177 177 158 158 158 169 169 130 130 130 130 130 130 124 73 73 73 81 81 21 21 21 48 48 48 5 5 7 7 7 
923 906 906 906 906 915 907 907 882 882 882 787 787 787 832 832 782 782 782 782 782 782 782 698 698 747 747 747 747 747 687 687 687 687 687 687 687 687 687 594 594 624 624 624 624 628 628 628 594 594 514 514 514 514 588 526 526 526 526 526 526 502 502 502 502 511 440 440 440 441 467 467 467 435 435 435 435 435 421 421 402 373 373 348 382 382 348 348 348 348 275 328 328 329 275 275 312 276 276 276 277 277 254 199 239 239 199 199 199 177 177 177 158 158 170 169 169 130 130 149 124 124 124 124 73 73 81 81 92 21 21 41 41 41 41 41 5 5 5 5 
923 943 943 906 906 907 907 908 882 882 882 872 787 787 832 782 782 838 782 782 798 798 698 698 698 747 747 747 747 747 747 729 729 687 687 714 594 594 594 594 624 624 624 624 624 594 594 629 594 594 514 514 514 514 526 526 526 526 526 526 549 502 502 502 502 502 502 502 494 441 441 468 468 441 441 441 421 421 421 421 402 402 402 348 382 348 348 348 349 349 275 275 328 324 324 275 276 276 297 276 276 276 254 199 239 240 199 199 199 177 177 177 158 158 170 170 170 130 130 124 124 131 131 73 73 73 81 81 81 81 36 36 36 41 41 42 5 5 5 5 
923 923 923 923 934 907 907 907 882 888 872 872 832 832 832 782 782 782 782 782 798 798 798 729 729 772 747 747 763 729 729 729 730 687 687 714 594 594 594 594 594 594 656 594 594 594 594 594 594 612 612 514 514 514 526 526 526 549 549 549 549 502 502 494 494 494 494 494 494 441 441 441 441 441 441 441 421 421 421 403 403 403 403 348 382 348 348 348 349 349 349 275 275 324 275 275 276 276 276 276 276 276 254 254 239 239 210 210 218 177 177 177 158 171 171 171 171 163 124 124 73 73 73 73 82 82 97 97 81 81 36 36 36 41 41 42 5 5 5 5 
923 923 923 923 934 907 907 907 882 882 872 872 832 832 832 832 782 782 831 782 798 798 729 729 729 772 772 772 729 729 729 729 673 673 673 714 688 688 688 673 673 594 594 594 618 618 618 618 618 612 612 514 514 514 549 549 549 549 494 494 494 535 535 494 495 495 495 495 495 441 441 441 441 441 441 441 441 403 403 403 414 403 403 348 382 382 348 348 349 349 340 340 275 275 275 319 265 265 265 265 276 211 211 211 211 239 210 210 210 210 185 185 158 158 163 163 163 163 124 124 73 73 125 125 82 82 81 81 81 81 5 5 36 36 36 36 36 5 8 8 
923 923 923 923 923 923 873 873 882 882 872 872 832 832 832 832 832 839 782 782 798 798 729 729 729 729 729 729 729 752 736 736 673 673 673 714 688 688 673 673 618 618 618 618 618 618 618 630 618 618 581 581 514 514 514 514 566 566 494 494 494 494 494 494 495 495 495 496 496 454 454 454 441 441 442 442 442 403 403 403 403 403 348 348 382 382 374 374 349 349 340 340 265 265 265 265 265 265 265 265 211 211 256 256 211 239 210 210 210 210 185 133 133 158 163 163 163 163 124 124 124 73 125 82 82 82 81 81 81 81 5 5 5 5 5 5 5 5 5 9 
935 935 935 935 935 924 873 873 873 873 873 873 832 861 832 832 832 839 782 782 782 782 782 729 729 729 729 752 752 752 736 736 673 673 673 714 688 688 673 618 618 618 618 618 618 618 618 630 581 581 581 581 514 514 580 514 514 567 490 490 490 490 490 528 490 490 490 490 490 454 454 454 454 422 422 422 422 422 422 422 403 403 348 395 382 382 374 374 349 349 349 340 265 265 265 313 313 265 265 265 211 278 256 256 211 211 211 210 210 210 185 185 133 158 158 158 158 163 124 124 124 73 125 82 82 82 82 81 81 5 5 54 54 54 5 5 5 5 5 9 
935 935 935 916 916 924 873 873 873 873 874 874 832 832 832 832 839 839 832 810 810 810 782 782 729 729 774 736 736 736 736 736 673 673 673 714 709 673 673 618 665 665 657 618 618 618 630 630 581 581 581 581 602 514 580 580 514 567 490 557 490 490 490 490 490 490 490 503 490 490 454 454 454 454 454 423 423 423 423 423 348 348 348 395 382 382 374 374 349 349 341 341 265 265 265 265 265 265 265 265 211 211 211 211 178 178 178 205 205 210 205 185 133 133 133 133 158 158 158 111 111 73 73 110 110 110 82 82 82 5 74 54 54 54 5 5 5 5 9 9 
938 935 935 916 916 916 916 873 844 844 844 844 832 832 857 832 839 832 832 810 793 793 774 782 782 782 774 736 737 736 736 737 673 709 709 709 709 673 689 618 618 657 657 618 618 618 630 630 581 581 581 602 602 514 514 514 514 514 490 490 490 490 536 512 512 512 484 484 484 484 484 454 454 455 455 423 423 423 348 348 348 395 395 395 341 341 374 341 341 358 341 342 266 266 265 265 265 303 265 265 284 265 265 211 178 178 178 205 205 205 205 185 185 133 133 133 142 142 142 111 111 111 73 110 110 110 82 82 82 5 5 65 54 54 5 5 5 5 9 9 
938 938 916 916 925 925 873 873 844 844 844 844 844 810 810 832 832 832 810 810 793 793 774 774 774 774 774 736 737 753 737 737 673 673 673 673 673 673 673 679 618 657 657 618 618 618 630 630 581 581 581 602 581 581 581 581 514 514 512 512 512 512 512 512 484 484 484 484 484 348 348 348 469 348 348 348 443 348 348 375 375 375 375 375 375 341 341 341 341 358 341 266 266 266 266 266 265 265 265 265 265 265 211 211 178 178 178 205 205 205 178 178 185 185 185 133 142 142 142 111 111 111 73 73 73 110 82 82 82 82 5 5 5 5 5 5 5 5 23 9 
953 938 916 916 925 925 873 909 844 844 844 844 844 810 810 810 810 810 810 793 793 793 793 793 774 774 736 736 737 737 737 738 650 650 650 650 673 673 673 618 618 666 618 618 618 618 630 630 581 581 581 581 581 581 581 581 514 514 512 512 512 529 512 512 484 484 484 497 497 348 348 348 469 348 456 348 348 348 375 375 396 396 396 396 375 375 375 375 341 341 341 266 266 266 266 266 266 266 265 265 265 265 211 257 211 211 178 178 219 178 178 178 178 178 178 133 133 142 142 111 111 111 73 73 73 66 66 98 5 5 5 5 5 5 10 5 5 30 9 9 
938 938 916 916 910 926 873 873 897 844 844 844 844 810 810 810 810 810 833 793 816 793 793 736 736 736 736 764 764 748 748 738 650 650 650 650 680 680 680 618 618 618 618 618 613 613 630 630 581 581 581 595 595 581 581 581 514 514 550 550 550 529 537 484 484 484 484 497 497 348 348 348 348 348 456 448 348 348 375 424 396 396 396 378 378 378 378 350 350 350 350 332 332 266 266 266 266 266 265 265 265 265 211 257 211 211 211 178 178 178 178 178 178 195 178 178 133 133 142 111 111 111 73 73 73 66 66 98 5 5 5 5 5 5 10 10 10 30 9 9 
938 938 916 938 910 910 917 873 873 844 844 844 844 844 851 851 810 810 833 793 793 811 799 736 748 748 748 748 748 748 650 650 650 710 710 650 650 701 680 680 674 618 618 618 613 613 613 613 581 581 581 595 595 595 514 514 514 550 550 550 529 529 484 484 523 484 484 497 497 348 473 473 456 456 456 448 348 348 375 424 396 396 396 378 378 378 379 350 350 350 350 332 266 266 266 266 266 266 291 291 265 265 211 211 211 211 211 211 211 211 178 178 178 195 186 133 133 133 142 111 111 111 111 66 66 66 66 66 66 66 66 5 5 55 10 10 10 10 9 9 
951 938 938 938 910 910 910 910 873 873 844 844 844 844 851 851 793 793 793 793 793 811 799 736 650 650 650 765 748 748 650 650 719 710 710 710 650 650 690 674 674 618 618 650 613 613 613 613 613 613 613 595 595 514 514 573 573 550 550 550 529 529 484 484 484 484 484 348 348 348 473 473 456 457 332 448 436 436 332 332 332 332 332 378 378 378 379 332 332 332 332 332 266 266 266 266 266 266 291 265 265 265 265 220 220 211 234 211 211 195 195 195 195 195 186 133 133 133 142 142 142 142 111 66 66 66 66 66 66 66 66 5 5 55 37 37 37 10 9 9 
951 951 939 939 910 910 910 898 898 844 844 875 851 851 851 851 793 793 793 793 793 811 799 736 736 650 650 765 765 650 650 650 719 710 710 710 710 650 650 674 650 650 650 650 640 640 613 613 613 613 551 551 551 514 514 514 563 563 563 530 530 529 529 529 484 484 484 348 456 456 456 473 456 457 332 448 436 436 332 332 404 404 332 332 378 378 332 332 368 343 343 343 266 266 266 266 314 266 266 265 265 265 265 220 220 211 211 211 211 195 195 203 179 179 186 133 133 133 133 132 132 132 111 111 111 111 66 66 93 66 66 66 60 55 37 37 37 10 10 10 
952 952 939 939 910 910 918 898 898 844 844 844 851 851 851 851 793 793 793 793 799 799 799 736 736 650 650 650 650 650 650 650 719 719 719 710 710 702 650 650 650 640 640 640 640 636 636 551 551 551 551 551 551 590 590 514 563 563 530 530 530 530 530 530 484 348 348 348 456 456 456 456 456 457 332 332 444 332 332 332 404 404 404 332 332 332 332 368 368 343 305 305 305 305 266 266 314 266 266 266 266 266 220 220 220 241 235 220 220 195 195 203 179 179 186 133 133 133 133 132 132 132 132 67 67 67 67 55 55 55 55 55 60 55 11 11 11 11 11 11 
952 952 898 898 910 910 918 898 898 863 863 844 844 844 844 844 793 793 793 793 799 799 766 766 766 766 720 720 720 720 720 739 720 720 720 702 702 702 641 641 641 641 641 640 640 636 637 551 551 551 551 551 551 551 514 514 563 563 530 530 530 530 484 484 484 348 450 450 456 456 485 470 470 457 457 332 332 332 385 385 385 385 385 385 385 343 343 343 343 343 305 247 247 247 247 247 314 266 266 266 285 266 220 220 220 220 235 220 195 195 206 179 179 179 186 133 133 133 150 132 132 132 132 67 67 67 67 55 55 55 55 55 61 55 11 11 11 31 11 11 
898 898 898 898 918 918 918 898 863 863 863 876 863 812 812 844 793 793 793 794 794 799 766 766 766 766 720 720 720 720 720 720 720 720 720 702 702 703 641 641 641 641 641 640 640 636 636 551 551 551 551 551 551 551 514 514 514 568 530 530 530 530 484 484 348 348 450 450 450 470 470 470 381 381 458 437 437 437 385 385 385 385 343 343 386 343 380 359 359 359 305 333 299 299 299 247 247 304 298 279 279 266 266 220 220 220 220 220 195 195 206 179 179 179 186 133 133 164 150 150 133 133 133 67 67 67 67 99 55 55 55 55 55 55 11 11 11 11 11 11 
898 898 898 898 918 918 898 898 864 864 863 863 863 812 812 844 844 794 794 794 794 794 794 766 766 766 766 773 720 720 740 740 691 691 691 702 702 691 691 641 641 641 641 641 540 540 636 551 551 551 551 551 551 582 582 582 514 514 514 514 530 530 484 484 348 513 450 450 450 470 470 474 381 381 458 437 437 405 405 405 385 385 343 343 343 343 359 359 360 360 305 333 299 299 299 299 247 298 298 279 279 266 266 220 220 221 221 221 195 195 179 179 179 179 179 179 133 133 133 133 133 133 133 67 67 112 67 67 55 55 55 55 49 49 49 11 11 11 11 11 
898 898 898 898 927 927 898 898 864 864 864 863 863 812 812 812 845 794 794 794 817 794 794 794 766 766 766 754 754 754 691 691 691 726 691 702 691 691 641 641 675 641 641 641 540 636 636 540 540 603 603 603 551 551 551 551 574 514 514 514 514 514 514 514 348 348 450 450 450 491 470 470 381 381 381 381 437 405 405 405 385 385 343 343 343 359 359 360 360 361 305 333 333 299 299 247 247 298 298 279 279 279 247 247 247 221 221 221 195 195 179 179 165 165 165 165 165 165 133 133 134 134 134 106 106 106 106 67 67 67 55 55 49 49 49 11 11 11 11 12 
898 898 944 898 898 898 898 898 864 864 864 864 864 812 812 812 812 834 834 794 817 794 794 794 766 766 766 754 754 754 691 692 692 726 691 691 691 704 641 641 675 641 641 540 540 540 540 540 540 540 614 603 603 551 551 551 574 514 514 558 551 514 514 514 348 348 450 450 450 450 486 470 470 445 445 381 381 405 405 405 405 405 405 343 343 359 359 335 335 335 305 305 334 330 299 247 247 247 298 247 247 247 247 258 221 221 221 221 221 179 179 179 165 165 165 165 165 165 133 133 134 83 83 106 106 106 67 67 67 67 55 55 49 49 49 11 11 11 11 12 
898 898 944 898 898 898 866 866 866 864 864 865 865 812 812 812 812 834 834 794 794 794 794 795 766 766 766 766 754 754 691 692 692 692 721 691 691 704 692 641 675 641 641 540 540 540 540 540 540 540 614 603 603 551 551 551 551 558 558 558 551 514 514 514 348 348 450 450 450 450 486 470 470 445 445 445 381 381 431 406 406 406 406 343 335 335 335 335 335 335 351 305 305 330 299 247 247 247 247 247 280 280 258 258 221 242 172 172 172 179 172 172 172 165 165 165 172 84 84 83 83 83 83 106 106 106 67 67 67 67 67 67 43 43 43 43 12 12 12 12 
898 898 944 898 899 899 866 866 866 866 866 812 812 812 812 812 846 812 812 821 794 794 794 795 775 775 775 766 691 691 691 692 692 692 692 692 692 692 692 641 641 667 651 651 540 540 540 540 540 619 603 603 603 551 551 583 551 551 551 551 551 514 524 524 524 348 450 450 450 450 486 470 470 445 438 438 438 381 381 425 343 343 343 343 335 335 335 335 335 335 351 344 305 305 299 299 299 299 247 247 280 280 258 258 221 242 172 172 172 172 172 187 172 180 180 180 172 84 84 83 83 83 83 83 83 83 67 67 94 67 67 43 43 56 43 43 12 12 12 13 
898 898 898 898 899 899 866 866 866 866 866 812 862 862 812 812 812 812 812 812 812 794 794 775 775 767 767 766 691 691 692 692 692 692 692 715 692 692 641 641 641 651 651 540 540 540 540 540 540 540 603 603 603 569 569 583 552 552 552 552 552 514 524 524 524 348 348 450 450 450 450 450 445 445 438 438 438 438 381 381 381 381 381 387 387 381 381 335 344 344 344 344 335 305 299 299 315 299 299 292 172 172 172 258 221 221 221 172 212 172 172 187 172 172 172 172 172 84 84 84 84 84 84 84 84 83 67 67 67 67 68 43 43 43 43 43 12 13 13 13 
898 898 898 899 899 899 899 899 899 866 866 812 812 812 812 822 822 822 822 822 812 812 775 775 767 767 767 766 766 691 691 692 692 692 692 715 692 692 641 641 641 651 651 540 540 540 540 540 540 540 540 603 603 569 569 569 552 552 552 552 553 514 524 524 514 514 348 450 450 450 450 450 445 464 449 449 415 415 415 381 381 407 381 381 381 381 335 335 344 335 335 335 335 305 320 320 292 292 292 292 172 172 172 172 172 221 221 172 212 172 172 187 187 187 187 151 151 151 151 151 71 135 135 84 84 83 67 67 83 83 68 68 12 12 50 12 12 13 14 14 
945 899 899 899 928 928 866 866 866 866 883 800 800 800 800 822 822 822 800 800 818 813 775 796 767 767 767 767 767 755 691 692 692 692 692 693 693 693 693 681 641 651 651 651 540 540 540 620 540 540 540 604 604 569 569 569 552 552 552 552 553 514 514 514 514 348 348 450 450 450 450 450 445 445 449 449 415 415 415 381 381 407 407 381 381 381 335 335 335 335 335 335 335 305 320 320 292 292 292 292 172 172 267 172 172 172 172 172 212 212 174 174 187 187 188 151 151 166 151 151 71 135 135 84 84 83 83 83 83 84 69 69 12 12 50 12 38 14 14 15 
945 899 899 899 928 928 866 877 877 877 883 800 800 800 800 800 800 800 800 800 800 813 775 775 767 767 755 755 755 755 691 691 691 691 722 693 693 693 693 681 641 651 651 651 540 540 540 620 620 620 591 591 591 596 569 569 552 552 552 515 515 515 538 514 514 348 450 450 450 450 487 450 450 445 449 449 445 415 415 415 415 362 362 381 388 381 381 335 335 335 335 335 335 305 305 305 305 292 172 172 172 267 267 172 172 172 222 222 222 174 174 174 174 174 173 173 151 151 151 151 71 84 84 84 84 83 83 84 84 84 69 69 12 12 12 12 38 14 14 15 
945 899 899 866 866 928 866 877 877 877 877 877 800 800 800 800 824 800 800 800 800 813 800 775 767 767 755 755 756 756 749 731 731 691 722 693 693 681 681 681 641 651 651 631 631 631 540 540 540 591 591 591 591 591 591 569 569 569 515 515 515 515 515 515 515 348 450 450 450 450 450 450 450 445 445 445 445 415 432 415 415 362 362 381 381 381 381 335 335 335 335 335 336 305 305 321 305 305 172 172 172 172 172 259 172 172 213 213 213 174 174 174 174 174 173 151 151 151 159 71 71 84 84 84 84 84 84 84 85 85 12 12 12 12 12 38 38 14 14 15 
945 945 945 866 866 866 866 911 877 800 800 800 800 800 800 824 824 800 800 800 800 800 800 775 789 776 776 755 731 731 749 731 732 691 722 705 705 681 681 681 641 641 641 631 631 631 540 540 540 591 591 591 591 592 592 570 570 570 515 515 515 515 515 516 515 515 397 397 397 397 397 475 450 450 445 445 445 415 415 415 415 362 362 362 362 362 362 362 369 362 335 335 316 316 316 321 316 306 172 172 172 172 172 172 172 172 213 213 213 213 174 174 174 174 173 151 151 151 159 71 84 84 84 84 100 100 100 100 12 12 12 12 12 12 12 12 12 14 15 15 
946 946 946 866 911 911 919 911 877 800 800 800 800 800 800 824 824 823 823 823 775 775 775 775 776 776 755 755 731 731 749 731 691 691 722 705 705 705 681 681 668 668 641 641 641 631 631 631 540 540 591 591 591 592 570 570 515 515 515 515 515 539 539 516 516 516 397 410 397 397 397 450 450 450 445 445 445 397 397 397 397 397 397 397 389 362 362 362 362 362 316 316 316 316 316 316 316 306 172 172 172 248 248 248 248 172 172 213 174 174 174 174 174 174 173 173 173 159 159 71 84 143 84 84 100 100 12 12 12 75 75 12 12 12 12 12 12 14 14 14 
946 946 947 866 911 911 911 911 884 884 884 800 800 824 824 824 824 823 823 775 775 775 775 775 776 776 731 731 731 731 731 731 691 722 722 705 711 681 681 681 668 669 638 638 641 641 638 540 540 540 540 540 592 592 570 515 515 559 559 559 515 515 515 516 516 517 397 410 498 397 397 450 450 450 445 445 397 397 433 426 408 408 408 389 389 362 362 370 370 363 316 316 316 316 316 316 306 306 172 172 172 248 248 249 249 243 172 213 174 174 204 174 174 189 189 174 174 159 159 71 84 143 84 120 113 113 12 12 12 12 12 12 12 44 44 44 14 14 14 14 
946 946 946 866 866 866 884 884 884 889 866 866 866 824 824 824 824 823 823 775 814 775 775 775 775 731 731 731 731 731 731 731 691 691 691 705 711 681 681 681 668 638 638 638 638 638 638 540 540 540 540 540 540 540 570 515 515 515 515 515 515 515 515 517 517 517 397 410 410 397 476 476 450 450 445 445 397 397 426 426 408 408 408 389 389 362 362 316 316 363 316 316 316 316 316 316 306 306 260 260 172 172 172 172 172 243 172 213 174 174 204 204 174 189 174 174 159 159 159 71 84 84 84 120 113 113 12 12 70 70 12 12 12 12 12 12 14 24 24 16 
946 946 946 936 936 866 884 884 884 889 866 824 824 824 824 824 824 824 824 775 814 814 775 775 775 731 731 731 731 731 731 731 691 691 691 705 705 705 681 681 668 638 638 638 638 642 571 571 571 621 540 540 540 540 540 584 575 564 564 515 515 517 517 517 518 518 397 410 410 397 476 476 450 450 450 450 397 397 426 426 408 408 389 389 389 316 316 316 316 316 316 316 316 316 316 316 306 306 260 260 260 260 260 260 172 172 172 174 174 214 127 127 174 174 174 181 159 159 159 71 71 71 136 120 120 101 101 101 70 70 70 70 12 12 51 12 14 14 14 16 
936 936 936 936 866 866 866 866 866 866 866 824 824 824 824 824 824 824 824 775 775 775 775 783 783 783 731 731 757 757 731 691 691 691 691 691 705 705 638 638 668 638 638 638 638 642 571 632 571 621 540 540 540 597 540 575 575 564 564 507 507 517 517 397 397 397 397 410 499 397 397 397 450 450 397 397 397 397 408 408 408 408 389 389 389 316 317 317 317 317 337 337 337 317 317 322 317 260 260 244 244 244 268 244 244 244 174 174 223 214 127 127 174 174 181 181 127 127 127 127 147 71 71 71 71 101 101 101 70 70 70 70 12 12 51 12 14 14 25 16 
936 879 879 866 866 866 866 900 900 866 866 866 867 824 824 852 801 801 824 824 801 801 801 783 783 784 731 731 731 731 731 691 691 691 716 691 638 638 638 638 652 652 652 638 638 571 571 632 571 621 540 540 540 540 540 575 554 554 564 507 507 507 507 397 519 519 410 410 397 397 397 397 397 397 397 397 397 397 408 408 408 408 408 389 389 316 244 244 244 317 317 317 317 317 317 317 317 260 260 244 244 244 244 244 244 244 174 174 174 214 127 127 127 181 181 127 127 127 127 127 102 102 102 102 71 71 71 71 71 12 12 12 12 12 12 12 14 14 16 16 
936 879 879 866 866 866 890 890 901 866 866 866 867 840 840 840 801 801 801 825 801 801 802 790 790 784 731 731 731 727 727 727 691 691 716 716 638 638 638 638 652 652 652 652 638 571 632 632 571 621 540 540 540 540 540 540 554 554 564 507 507 507 507 507 507 507 410 410 397 397 397 471 471 397 397 397 389 389 389 427 408 408 408 389 389 316 244 244 244 244 352 317 317 244 244 317 317 260 260 244 244 214 214 261 244 244 174 174 224 214 127 127 127 127 127 127 127 127 152 152 102 102 102 102 102 102 102 102 71 12 12 12 12 12 12 12 32 32 16 16 
936 879 879 879 879 879 890 890 890 890 878 878 840 840 840 840 801 801 801 825 801 801 790 790 784 784 731 731 731 727 727 682 682 682 682 682 682 638 638 638 638 658 658 638 638 571 632 571 571 571 571 540 540 593 593 540 554 554 554 554 554 507 507 507 507 507 507 410 410 410 410 410 410 397 397 397 389 389 389 427 408 408 389 389 389 316 244 244 244 244 352 244 244 244 244 244 244 244 244 244 286 214 214 214 214 214 236 214 214 214 175 175 175 175 175 175 127 127 127 127 16 16 16 16 16 114 16 16 71 71 71 71 12 12 32 32 32 33 16 16 
936 879 937 937 937 879 890 890 890 879 879 879 840 840 840 853 801 801 801 801 801 790 790 790 784 784 731 731 768 727 727 682 682 682 682 682 682 706 682 682 638 638 638 638 571 571 632 571 571 571 571 605 605 593 593 540 540 540 540 554 554 507 507 507 507 492 492 492 492 492 410 410 410 446 446 446 389 389 389 389 409 409 389 389 389 316 244 244 244 244 244 244 281 281 281 281 244 244 281 281 281 214 214 214 214 214 214 214 215 215 175 175 175 175 175 175 175 127 127 127 16 16 16 126 16 16 16 16 16 16 16 12 12 32 32 32 32 16 16 17 
936 879 929 929 929 879 879 879 879 879 879 879 840 840 840 803 803 803 835 801 801 790 790 790 791 717 717 717 717 727 727 727 682 723 723 682 682 682 682 683 659 659 659 653 571 643 571 571 571 606 571 605 571 571 571 576 576 571 540 540 540 540 540 507 507 492 492 410 410 488 488 410 410 446 459 446 446 389 389 389 409 409 389 389 389 316 316 244 244 345 345 128 128 128 128 281 281 307 281 281 281 281 214 214 214 229 229 229 215 215 175 175 196 196 175 175 175 127 127 127 144 144 115 115 115 16 16 16 16 86 16 12 12 32 32 45 16 16 26 17 
879 879 929 929 929 929 879 879 840 840 880 880 840 840 840 803 847 803 803 803 803 803 803 717 717 717 717 717 717 717 750 727 682 723 723 682 683 683 694 683 659 659 653 653 571 571 571 633 571 606 571 571 571 585 571 571 571 571 540 540 545 545 520 520 492 492 492 410 410 488 488 410 472 446 446 446 446 389 389 389 389 389 389 364 364 383 244 244 244 345 345 128 128 128 128 300 281 281 281 281 281 281 214 214 214 229 229 229 128 128 128 128 127 127 127 182 127 127 137 137 144 144 115 115 115 115 86 86 86 86 16 12 12 12 12 45 16 17 17 17 
879 879 929 929 930 930 840 840 840 840 840 840 840 840 840 803 803 803 803 804 804 804 804 717 717 758 758 758 717 717 727 727 682 682 682 682 683 683 683 683 653 653 653 577 577 571 571 571 571 606 606 571 571 585 585 585 571 571 545 545 545 545 520 520 492 492 492 410 410 410 488 410 472 446 446 451 398 398 398 398 398 389 389 389 364 364 244 244 244 345 345 345 128 128 128 300 300 300 300 128 128 128 269 250 250 229 229 229 128 207 207 128 127 197 127 127 127 127 127 137 137 137 137 115 115 115 86 86 86 87 16 12 12 12 12 45 16 16 16 18 
912 879 879 840 840 840 840 840 840 891 840 840 840 840 840 840 840 840 803 804 804 717 717 717 717 758 758 758 717 717 727 727 727 727 676 676 676 676 676 676 653 653 653 577 577 644 577 577 577 606 606 571 571 585 585 586 545 545 545 545 545 545 520 520 520 520 508 410 500 410 410 410 472 410 410 410 398 398 398 398 398 389 389 389 390 364 371 371 371 345 345 345 128 128 128 300 300 300 300 128 128 128 269 250 251 128 128 128 128 207 207 128 127 190 190 127 127 127 127 127 127 127 138 115 115 115 87 87 87 87 16 72 12 12 12 45 16 16 16 18 
912 948 948 840 840 840 920 840 840 840 840 840 840 803 803 803 803 803 803 804 804 717 717 717 717 717 758 717 717 717 751 741 717 717 676 676 676 676 695 676 676 670 653 577 577 577 577 634 577 606 606 606 606 489 586 586 545 545 545 489 489 489 525 525 525 508 508 410 410 410 410 410 410 410 460 410 410 410 410 410 398 398 398 398 390 364 364 364 364 364 353 128 128 128 128 323 128 128 128 128 128 269 269 250 128 128 237 128 128 207 207 128 127 190 190 127 127 127 128 128 128 127 127 127 87 87 87 87 88 88 16 16 16 12 12 16 16 16 16 18 
912 912 912 912 912 840 840 840 885 840 840 840 840 803 848 848 848 803 803 826 805 805 805 717 717 717 758 717 741 741 741 741 717 717 717 676 695 695 695 676 676 670 653 577 577 577 577 634 577 577 615 577 577 489 489 489 489 489 545 489 489 489 525 525 525 508 410 410 410 410 410 477 410 410 460 410 410 434 434 410 410 410 390 390 390 346 346 346 364 364 353 128 325 325 325 128 128 128 128 128 128 128 128 250 128 128 128 128 128 207 207 128 127 127 127 127 167 167 128 153 128 127 127 127 87 87 87 87 88 76 76 16 16 16 16 16 39 16 16 16 
912 912 912 912 912 912 912 912 885 892 885 868 868 803 848 848 848 803 803 803 805 805 785 785 785 785 758 717 717 717 717 742 717 717 717 676 676 676 676 676 670 670 653 653 577 577 577 609 609 577 577 577 577 598 577 577 577 489 545 489 489 489 489 489 489 508 410 410 410 410 410 460 460 460 460 410 410 434 390 390 390 390 390 390 346 346 346 346 346 346 353 128 128 128 128 128 128 128 128 128 128 128 128 128 252 128 128 230 128 128 128 128 128 128 128 128 128 128 128 128 128 127 127 127 87 87 87 87 88 76 76 16 16 16 16 16 16 16 16 16 
912 912 912 912 931 931 912 912 885 885 885 868 868 803 803 803 803 803 803 803 805 805 785 785 785 785 758 758 758 758 717 717 717 717 717 717 676 676 676 676 670 670 653 653 577 577 577 609 609 609 609 609 577 577 577 578 578 489 489 489 489 489 531 531 489 489 489 489 489 489 489 460 460 460 460 410 410 434 390 390 390 390 390 390 346 346 346 346 346 346 346 346 128 128 128 128 128 270 270 270 270 270 270 128 128 128 128 128 128 128 128 191 191 191 191 128 128 160 160 128 128 128 128 128 88 88 88 88 88 76 76 16 16 57 16 16 16 16 16 19 
