955 955 955 955 947 925 925 925 915 893 893 893 893 843 843 875 843 843 843 843 843 771 771 771 771 771 771 771 771 771 771 738 738 738 738 738 728 728 694 694 694 666 666 666 666 666 656 617 617 617 605 605 605 605 493 493 493 493 493 493 493 552 493 493 493 493 493 493 493 493 471 471 435 435 435 435 435 435 435 422 422 388 388 388 388 388 370 370 370 302 302 302 302 329 302 302 302 302 278 278 278 74 74 74 74 74 238 238 209 209 209 209 209 74 74 189 74 74 74 131 131 131 131 69 69 69 69 69 69 69 61 61 61 14 14 13 13 13 13 1 
955 955 955 956 947 925 925 925 915 893 893 893 893 843 843 843 843 843 843 843 843 771 771 753 753 753 753 753 753 753 753 738 738 738 739 739 728 728 694 694 694 666 666 656 656 656 656 617 617 617 605 605 605 493 493 565 565 565 565 565 493 552 493 539 493 493 493 493 498 471 471 471 435 435 435 429 429 429 429 422 422 388 388 388 389 389 370 370 370 302 302 302 302 302 302 309 309 278 278 278 278 74 74 260 74 74 238 238 209 209 209 209 74 74 74 74 74 161 74 131 144 131 131 69 69 69 69 69 68 68 61 14 14 14 14 13 13 13 13 1 
955 966 955 947 947 931 931 915 915 893 893 893 893 843 884 876 847 847 847 847 771 771 771 753 786 786 786 786 786 753 753 761 761 728 728 740 728 728 694 694 694 694 656 656 611 611 611 611 611 617 617 617 493 493 565 565 565 565 566 566 493 493 493 539 493 493 493 493 471 471 483 471 471 435 435 429 429 429 429 429 388 388 388 388 370 370 370 370 370 344 344 302 302 278 278 309 278 278 296 267 267 267 74 74 74 74 74 74 74 74 74 74 74 74 74 74 180 161 74 131 74 74 74 74 74 69 102 97 68 68 68 14 14 14 14 1 1 1 1 1 
955 955 955 947 947 931 931 915 915 893 843 843 843 843 876 876 847 847 847 847 771 771 771 753 786 786 786 786 786 753 753 761 761 728 728 728 728 713 713 713 656 656 656 671 611 667 611 611 611 611 611 611 493 493 565 565 565 565 566 566 553 553 502 502 502 502 502 502 471 472 472 472 472 435 429 429 429 423 423 423 388 388 388 388 370 370 370 371 371 344 344 344 278 278 278 278 278 278 278 267 279 267 267 74 74 74 74 74 74 74 74 74 74 74 74 74 161 161 74 131 74 74 132 74 74 69 69 97 68 68 68 14 14 14 36 1 1 1 1 1 
932 932 932 932 932 932 915 915 915 893 843 843 876 876 876 843 843 843 847 847 771 771 771 753 753 807 762 762 762 762 753 753 728 728 728 728 713 713 713 713 656 671 671 671 611 629 629 629 629 629 629 611 611 493 493 493 582 553 553 553 553 502 502 502 502 503 503 503 471 471 484 435 435 435 429 429 429 423 436 423 423 267 267 267 390 390 370 370 344 344 344 344 278 330 278 278 278 278 278 267 267 254 254 74 74 74 74 230 230 220 220 74 74 196 196 161 161 170 74 74 74 74 132 74 74 98 69 69 69 68 68 14 14 53 36 36 1 1 1 1 
932 932 932 932 948 932 915 915 915 893 893 843 843 843 843 843 843 843 843 843 771 771 771 771 753 753 762 787 787 762 772 753 753 753 713 713 713 713 713 656 656 671 678 678 611 629 629 629 629 612 612 612 612 493 493 493 582 553 553 553 553 502 502 502 502 503 471 471 499 471 484 435 435 464 423 423 423 423 267 267 267 267 410 267 267 267 267 370 344 344 345 345 278 278 278 278 278 267 267 267 267 254 254 254 254 220 220 220 220 220 74 74 74 196 196 161 103 103 153 153 74 74 74 74 74 98 98 98 69 68 68 68 14 37 37 37 1 1 1 1 
969 932 932 948 948 932 915 915 893 893 893 843 843 843 843 843 843 843 843 843 844 753 753 771 771 753 762 762 762 762 762 762 762 713 713 713 713 713 656 656 671 671 678 611 611 644 644 493 493 612 612 612 612 493 594 594 582 582 553 553 553 502 502 502 502 503 471 471 471 471 423 423 435 464 423 423 423 423 267 267 267 267 267 267 267 380 267 267 344 344 267 267 267 267 267 267 267 267 287 287 254 254 254 254 254 220 220 220 221 221 74 74 74 161 161 161 103 103 103 103 103 140 74 74 74 74 98 98 69 69 69 69 14 37 37 37 1 1 1 1 
959 959 932 932 949 932 932 893 893 893 893 843 843 843 843 843 866 843 843 843 843 753 753 753 753 753 762 762 762 762 762 762 763 713 713 713 733 656 656 671 671 671 671 611 671 644 644 644 493 493 612 612 612 493 594 583 583 583 553 553 553 502 502 502 502 503 471 504 423 423 423 423 435 423 423 423 423 423 437 267 267 267 267 267 267 380 380 267 267 267 267 322 322 322 322 267 267 220 220 220 254 254 254 254 254 220 220 220 221 221 221 161 161 161 190 190 103 103 103 154 103 103 103 125 74 74 74 74 74 74 74 14 14 37 37 37 1 1 1 2 
959 959 959 932 949 932 932 893 893 904 904 843 843 843 843 866 866 843 843 843 843 753 753 762 762 762 762 762 788 762 762 762 741 741 741 741 656 656 720 671 671 671 671 671 671 644 644 644 644 493 493 493 613 493 583 583 583 583 553 553 553 554 502 502 502 471 471 423 423 423 423 423 423 423 458 423 437 437 437 267 362 362 362 362 362 362 322 322 322 322 355 322 322 289 289 267 267 297 297 220 220 220 220 220 220 220 220 220 221 221 221 161 161 161 161 161 171 171 103 103 103 103 103 74 74 74 74 75 75 75 75 14 14 14 14 37 1 1 1 2 
960 960 960 932 932 932 910 926 893 904 843 843 843 843 843 843 843 843 857 753 753 753 753 762 762 762 762 762 762 762 773 741 741 741 741 742 656 656 657 657 657 657 657 657 657 644 644 645 645 493 493 493 493 493 583 583 583 583 554 554 554 554 502 530 530 502 502 423 423 423 423 423 423 423 423 423 437 267 267 267 362 362 362 381 381 362 322 322 322 322 322 322 322 289 289 289 289 262 262 288 262 262 220 220 239 239 239 239 221 221 221 161 161 161 161 161 171 171 103 103 145 103 103 74 74 74 15 15 15 76 76 15 15 15 14 14 14 14 14 2 
911 911 911 911 933 933 910 910 893 893 843 843 843 889 848 848 848 857 857 753 753 829 829 762 762 802 802 762 762 773 773 741 741 741 741 656 656 656 657 657 657 695 660 660 657 657 657 645 638 638 630 554 554 554 554 588 588 554 554 554 554 555 502 530 502 502 502 502 485 485 485 477 267 452 452 452 267 267 424 424 424 362 362 381 381 362 362 362 322 322 322 322 289 289 315 315 262 262 262 262 262 261 261 261 239 239 239 239 161 161 161 161 161 161 161 161 161 161 161 103 145 103 103 103 74 74 15 15 15 76 15 15 15 15 15 15 28 14 14 2 
911 911 911 911 933 933 910 910 916 893 899 858 858 889 848 877 848 857 857 848 753 829 829 762 762 762 803 762 762 773 656 656 741 741 747 656 656 656 657 702 660 660 660 658 658 658 658 645 638 638 630 554 600 600 554 554 589 554 554 555 555 555 502 502 502 516 502 502 485 430 430 477 267 267 267 267 267 424 424 424 424 372 372 381 381 381 381 362 362 322 322 322 289 331 315 315 262 242 242 242 242 261 261 261 239 239 239 239 161 161 161 161 161 161 161 161 161 161 161 103 103 103 133 103 103 103 103 15 15 15 15 70 15 15 15 15 15 15 15 2 
911 911 911 911 933 933 910 910 910 910 899 899 858 877 877 877 848 848 848 848 753 753 814 814 814 762 762 762 762 773 656 656 656 743 743 656 657 657 657 702 660 660 687 658 658 658 659 645 638 638 630 554 600 600 600 554 554 554 554 555 561 531 531 502 502 516 502 502 485 430 430 449 449 459 459 267 267 424 424 424 424 372 372 372 381 381 372 372 362 362 356 289 289 323 323 262 262 298 298 242 242 261 261 261 242 242 242 231 231 161 161 161 161 161 161 191 116 116 162 116 116 116 133 116 116 104 104 15 84 84 15 15 15 15 15 29 29 2 2 2 
961 961 961 911 911 933 927 927 858 858 858 858 858 877 858 858 858 848 848 753 753 753 814 814 814 808 762 762 773 773 656 656 656 743 743 656 656 679 679 702 702 660 658 658 658 658 659 645 638 638 630 554 600 600 554 554 554 554 554 555 531 531 531 531 531 516 516 485 485 430 430 449 449 449 449 449 449 430 430 430 372 372 373 372 381 381 372 372 372 356 356 289 339 323 262 262 298 298 298 242 242 242 242 242 242 231 231 231 197 197 197 197 161 161 197 116 116 116 116 116 118 116 116 116 117 104 105 15 15 15 15 15 62 15 15 2 2 2 3 3 
911 911 911 911 911 933 927 927 858 858 905 877 877 877 858 878 858 858 858 753 753 808 808 808 815 808 773 773 773 783 656 656 656 743 743 743 656 679 679 679 679 660 660 660 660 668 659 645 645 630 630 554 600 600 554 554 554 554 554 555 531 531 531 531 531 517 517 485 430 430 430 449 430 430 430 430 430 430 372 372 372 373 373 372 391 391 372 372 373 356 356 289 323 323 262 316 298 298 298 280 280 242 242 262 231 231 243 197 197 222 222 197 197 197 197 116 163 163 116 116 118 118 104 104 104 104 2 2 89 15 15 15 62 15 15 2 3 3 3 4 
911 911 911 911 911 933 933 917 917 858 858 877 877 877 858 773 773 773 753 753 753 808 808 808 808 808 773 797 673 673 673 673 656 656 656 656 656 679 679 679 679 660 660 679 660 660 660 630 630 630 554 554 554 554 554 554 554 555 555 555 531 531 531 531 532 517 517 485 430 494 430 430 430 438 438 372 372 372 372 372 415 373 373 372 372 372 372 372 373 356 356 289 323 262 262 262 262 280 280 280 281 262 262 262 231 231 197 197 222 222 222 164 164 164 198 116 116 163 163 116 118 118 104 104 104 104 2 2 2 2 2 2 2 2 2 2 3 3 3 4 
941 941 911 911 934 934 934 917 911 911 858 877 877 877 858 773 773 773 753 753 753 837 808 808 808 773 773 673 673 764 764 673 673 679 679 679 679 679 679 679 679 679 679 679 630 630 630 630 630 630 554 554 554 554 554 555 555 555 531 531 531 531 531 531 473 473 473 485 485 494 430 430 438 438 438 372 372 372 372 372 415 415 373 373 377 377 377 377 373 346 346 289 289 262 262 262 262 280 280 262 262 262 231 231 231 231 197 197 222 222 222 164 164 206 116 116 116 116 116 116 118 118 104 104 104 104 2 54 54 54 54 54 54 54 46 4 4 3 3 4 
941 941 941 911 911 911 911 917 911 911 858 877 858 858 858 773 773 773 808 808 808 808 808 816 816 773 773 673 789 764 764 764 673 679 679 679 679 679 679 679 703 679 679 679 630 630 630 555 555 555 555 555 601 601 601 555 590 531 531 567 556 556 473 473 473 505 473 485 485 438 438 438 438 438 438 450 372 372 372 372 290 290 411 373 373 373 377 377 373 346 346 346 289 289 262 262 262 262 262 262 197 197 231 231 231 231 231 197 197 222 222 164 164 206 116 116 116 116 119 119 146 118 118 118 118 2 2 54 46 46 46 54 54 46 46 4 4 4 16 4 
941 941 941 911 911 940 911 911 911 911 858 858 858 858 858 879 773 773 808 808 808 773 773 773 773 773 773 673 673 784 774 764 673 679 679 721 721 721 721 679 703 679 679 679 630 630 661 555 555 555 595 555 601 601 601 555 555 531 531 567 556 556 473 473 473 505 473 438 438 438 438 438 438 438 460 450 450 438 438 290 290 290 290 290 396 373 373 373 373 346 346 346 289 289 262 262 303 303 289 289 197 197 263 263 197 197 197 197 197 222 222 164 206 206 164 164 116 116 119 119 119 119 119 119 119 2 23 23 46 46 46 46 46 46 47 4 4 4 16 4 
941 941 918 918 918 918 918 911 911 879 879 879 879 890 879 879 773 773 773 773 773 773 773 773 773 773 790 790 673 784 774 764 673 673 679 679 679 679 722 679 679 679 679 679 630 630 661 555 595 595 595 555 555 555 555 555 555 555 531 531 531 556 473 473 473 505 473 438 438 438 438 438 438 438 460 438 438 438 290 290 412 412 412 290 333 333 382 333 333 346 346 289 289 332 289 289 289 289 289 197 197 197 197 197 197 247 192 192 192 192 192 164 164 164 164 164 116 116 119 119 119 119 77 77 77 77 23 23 46 46 71 71 46 46 4 4 4 4 4 4 
970 941 918 918 918 918 918 918 918 879 900 900 879 879 879 838 838 838 773 773 773 773 773 773 773 773 790 790 673 673 774 764 764 673 673 679 679 679 679 679 679 679 679 679 630 630 555 555 595 595 595 595 595 595 595 555 555 555 568 568 531 531 473 473 473 505 473 473 473 438 438 438 438 465 460 438 444 444 290 290 412 401 401 290 333 333 333 333 333 333 333 289 289 289 289 289 289 304 197 197 268 268 247 247 247 247 192 192 192 192 192 192 192 192 192 164 164 172 164 119 119 119 77 77 77 77 23 90 46 46 46 46 46 46 4 4 4 4 4 4 
970 941 950 950 950 919 919 919 919 879 879 879 879 879 879 838 838 838 838 849 773 773 830 773 773 773 790 790 790 673 774 748 748 748 673 679 679 673 673 673 673 679 679 630 630 630 555 618 618 618 618 618 595 595 595 595 568 568 568 531 531 531 473 473 473 505 518 505 473 478 478 478 438 438 460 438 438 290 290 290 401 401 401 290 290 333 333 333 333 333 333 333 333 333 290 290 304 304 197 197 268 268 247 247 247 247 192 192 192 192 192 192 207 207 192 192 164 164 164 119 119 77 77 77 77 111 23 90 90 63 63 46 46 30 30 30 30 4 4 4 
941 941 941 941 919 919 935 919 919 912 867 867 867 867 867 880 850 850 838 838 838 773 773 773 773 773 673 673 673 673 748 748 748 748 673 673 734 673 673 673 673 688 688 630 630 555 555 618 618 555 555 555 555 544 544 544 568 575 575 531 543 543 543 473 473 505 505 505 473 473 473 473 473 438 438 438 438 290 290 401 401 416 401 401 290 333 333 333 333 333 290 290 290 290 290 290 304 290 290 290 268 268 268 192 192 192 192 192 192 192 192 207 207 165 165 165 181 155 155 155 119 77 126 126 77 77 23 23 23 63 63 63 63 30 30 30 21 21 4 4 
941 941 941 941 919 919 919 919 912 912 867 867 867 867 867 867 850 850 850 850 838 773 773 715 715 809 673 673 673 775 748 748 748 748 748 673 673 673 673 673 673 688 688 630 630 555 555 555 618 555 555 555 555 544 555 544 568 568 531 531 543 543 543 473 533 505 505 506 474 474 479 479 474 438 438 453 290 290 290 401 401 401 401 401 290 333 333 333 333 363 290 290 290 290 324 290 290 290 291 291 268 156 156 192 192 192 192 192 192 192 192 156 156 165 165 165 155 155 155 119 119 77 120 120 120 77 23 23 23 23 23 23 55 55 30 30 21 21 4 4 
967 941 941 941 941 941 912 912 912 867 867 867 867 867 867 867 867 851 851 851 838 838 715 715 715 715 673 673 673 775 775 748 748 754 723 723 723 723 723 714 673 696 680 680 662 662 662 555 555 555 555 606 606 606 555 544 568 568 531 531 531 531 531 473 473 473 473 473 474 474 474 474 474 290 290 290 290 401 401 401 401 401 413 402 290 357 357 357 357 357 357 290 291 291 317 317 291 291 291 268 268 156 156 156 156 156 232 232 232 156 156 156 156 165 165 193 155 155 155 119 147 77 120 120 120 77 77 77 91 23 23 23 55 17 17 17 17 17 17 4 
967 967 962 941 941 942 912 867 867 867 867 867 867 891 867 867 868 851 851 715 715 715 715 823 817 715 715 715 723 723 723 723 723 723 723 735 735 681 681 714 673 673 680 680 662 662 607 607 639 639 555 555 555 555 555 544 544 544 544 544 524 524 531 531 531 523 473 473 474 474 474 290 290 290 401 401 401 401 401 401 401 401 402 402 290 357 357 290 290 290 290 290 291 291 317 317 291 291 291 268 268 156 156 156 156 156 156 156 156 156 215 215 156 208 165 165 173 173 165 119 77 77 120 120 120 77 77 77 91 77 77 23 17 17 22 22 22 17 17 4 
962 962 962 941 941 912 912 867 867 867 867 867 867 891 867 867 868 851 851 715 715 839 831 817 817 715 715 715 723 767 767 767 723 723 681 681 681 681 681 704 704 673 673 673 672 607 607 607 639 639 555 555 607 607 596 596 544 544 576 544 524 524 524 524 523 523 473 473 473 473 486 290 290 290 401 401 401 425 425 425 425 401 402 402 290 290 290 290 374 290 290 340 291 317 317 317 291 291 291 292 156 156 156 156 156 248 156 156 156 156 215 215 156 165 165 165 173 173 165 119 77 77 77 120 120 77 77 77 77 77 23 23 56 56 22 22 22 22 4 4 
962 962 939 939 939 912 936 851 851 851 906 867 867 867 867 851 851 851 799 799 715 715 831 817 817 715 798 798 681 681 681 681 681 681 681 681 681 681 681 704 689 689 689 673 672 607 607 607 607 607 607 607 607 608 596 576 576 576 576 544 544 544 544 524 523 523 473 473 473 473 290 290 290 290 401 401 401 401 401 401 401 401 401 374 374 383 383 374 374 347 347 340 291 291 317 317 291 291 291 292 156 156 156 156 156 156 156 156 156 223 223 156 156 165 165 165 165 165 165 119 119 141 77 120 120 85 85 85 85 23 23 31 31 31 31 31 22 22 4 5 
939 939 939 939 939 912 912 912 912 851 851 851 851 851 851 851 869 799 799 799 715 715 831 715 715 715 681 681 681 765 730 730 730 681 681 681 704 704 704 704 689 689 689 673 673 607 607 646 646 607 607 607 607 608 596 576 576 576 577 545 545 545 545 524 524 507 507 507 473 473 290 290 290 290 431 431 431 431 431 431 401 401 401 374 374 383 383 374 358 347 347 340 340 291 291 291 291 291 291 282 282 156 156 156 156 156 156 156 156 156 156 156 199 199 199 156 156 156 156 156 119 141 77 120 120 85 85 85 85 23 23 31 31 23 23 31 22 22 4 5 
939 939 939 939 937 937 937 912 912 851 851 851 851 892 851 851 799 799 799 799 715 715 831 715 681 681 681 681 765 765 730 730 730 730 730 681 681 681 681 681 681 681 681 681 607 607 631 631 631 607 607 607 607 596 596 576 576 576 545 545 525 525 525 525 524 507 507 290 290 290 290 290 290 290 431 431 431 417 417 417 417 417 374 374 374 383 383 374 358 347 347 347 275 275 291 291 291 291 156 282 156 156 269 156 156 156 156 156 156 156 216 216 199 199 156 156 156 156 166 119 119 141 77 86 86 86 85 85 85 85 23 31 31 23 23 31 31 23 4 5 
939 951 951 951 937 943 881 881 881 881 894 894 894 881 881 881 799 799 799 778 778 831 831 715 681 681 681 681 765 776 776 730 730 730 730 729 729 729 681 681 705 607 607 607 607 631 631 631 631 607 607 607 607 596 596 576 576 576 545 569 525 546 546 525 524 524 290 290 475 290 290 290 290 466 431 431 417 417 417 417 417 417 374 403 374 374 374 374 358 358 358 275 275 275 275 275 275 305 156 156 156 244 244 156 156 156 156 156 216 216 216 156 156 156 156 166 166 166 166 119 119 77 77 86 86 86 86 86 86 86 23 23 64 23 23 23 23 23 4 4 
939 951 951 951 951 881 881 881 881 881 881 881 881 881 799 799 799 799 799 778 831 831 715 715 681 681 681 681 765 765 765 765 765 730 729 729 729 729 681 681 705 607 607 607 674 631 631 631 631 631 631 607 607 596 596 596 576 576 545 569 525 525 525 525 525 525 290 290 475 475 475 475 475 466 431 431 417 417 417 417 417 374 374 403 374 374 359 359 359 359 359 275 334 334 318 318 275 275 275 275 275 275 244 244 255 249 156 156 216 216 216 156 156 156 174 166 166 166 119 119 119 77 77 77 86 86 86 86 86 24 24 23 23 23 23 23 23 23 4 4 
939 939 939 939 952 881 938 881 881 881 881 881 895 799 799 882 799 799 799 778 778 832 715 715 715 715 715 715 791 715 715 715 715 730 729 729 729 729 584 584 584 607 607 647 647 631 631 631 584 584 584 584 584 596 596 596 584 584 545 545 557 557 525 525 525 525 290 290 500 475 475 475 475 466 431 431 431 445 426 426 426 374 374 374 374 374 359 310 310 310 310 275 275 275 318 318 275 275 275 256 256 256 256 244 244 249 156 156 156 156 156 156 156 156 174 166 166 166 119 134 134 134 134 77 77 86 86 92 92 24 24 57 23 23 23 23 23 23 4 4 
957 957 957 939 939 881 881 881 881 881 881 881 895 799 862 862 862 862 778 778 778 832 832 715 715 715 715 715 715 715 745 745 715 730 730 730 730 730 584 706 584 584 607 607 647 631 631 631 584 619 619 619 584 597 597 597 584 487 487 545 540 540 547 526 526 526 290 290 290 475 475 445 445 445 431 431 431 445 426 426 374 374 374 374 374 374 359 310 375 310 310 275 275 275 275 275 275 233 275 256 256 256 256 256 244 244 244 156 156 224 224 175 175 200 174 174 174 174 119 119 119 119 119 119 77 86 86 92 24 24 24 57 57 23 23 38 4 4 4 4 
957 957 957 957 939 939 939 920 920 881 881 881 799 799 862 862 799 799 778 778 778 778 778 778 778 715 715 715 715 777 745 745 715 715 715 715 584 584 584 706 706 584 607 607 647 647 631 631 584 584 620 620 584 584 584 584 584 487 487 487 540 547 547 526 526 526 487 487 290 475 475 445 445 445 445 445 445 445 426 426 374 374 374 404 359 359 359 310 310 310 310 310 310 310 310 275 275 233 233 233 233 256 256 256 256 233 233 233 233 175 175 175 175 200 200 175 175 175 119 119 127 127 119 119 77 24 24 24 24 24 24 72 57 57 48 4 4 4 4 4 
963 963 963 944 944 944 920 920 881 881 881 881 799 799 799 799 799 799 778 778 778 778 778 778 778 804 804 777 777 777 745 745 766 755 715 715 584 584 584 707 707 584 607 675 675 647 663 647 647 584 584 584 614 584 584 487 487 487 487 487 540 540 540 540 487 487 487 487 290 290 290 445 445 467 446 446 446 446 426 426 374 374 404 404 359 359 359 359 310 364 348 348 310 310 310 310 310 283 283 283 233 233 256 256 256 233 233 234 234 175 225 217 175 200 200 175 182 119 119 119 127 127 127 127 77 24 24 93 93 24 72 72 48 48 48 4 4 4 4 4 
963 944 944 944 920 920 920 928 881 881 881 885 885 885 885 799 799 799 778 778 778 840 778 778 804 804 804 777 777 777 777 745 745 755 715 744 584 584 584 584 584 584 690 621 621 647 647 647 621 621 621 584 584 609 487 487 487 487 487 487 558 558 487 487 487 519 519 487 487 487 290 290 290 467 446 446 446 405 405 405 405 374 404 404 359 359 359 359 310 310 310 341 341 310 310 310 310 283 283 283 233 233 256 256 256 233 233 175 175 175 217 217 175 175 175 175 182 119 167 119 119 142 127 127 77 77 24 24 24 24 72 72 48 48 39 39 4 4 4 4 
963 944 944 920 920 928 928 928 881 881 907 885 885 885 886 799 799 799 778 845 845 778 778 778 804 804 804 778 778 778 778 768 745 715 715 744 715 715 715 584 584 584 584 621 621 621 621 621 621 621 621 621 584 609 487 487 487 578 578 487 487 487 487 467 467 467 467 487 487 487 487 290 290 467 446 446 405 405 432 432 405 374 374 397 397 392 359 359 310 310 310 341 341 310 310 310 310 283 283 283 233 270 270 233 233 233 175 175 217 217 217 218 201 201 201 157 157 119 119 119 119 121 121 121 121 77 99 99 24 24 24 24 24 24 39 6 6 6 6 6 
963 944 944 920 920 885 885 885 885 885 885 885 859 859 886 799 799 799 778 778 778 778 824 778 778 805 805 778 768 768 779 768 745 715 715 715 715 715 715 584 584 697 584 621 621 621 621 621 621 621 621 621 584 584 602 579 579 578 578 467 467 548 548 467 467 467 467 467 467 467 467 467 467 467 405 405 405 432 432 433 405 374 374 397 392 392 310 378 310 365 284 284 284 325 325 284 284 283 283 283 233 270 233 233 250 250 175 175 175 175 218 218 201 201 157 157 157 157 168 157 121 121 135 121 121 77 77 77 24 24 24 65 65 24 24 6 6 6 6 6 
963 944 885 885 885 885 921 921 921 859 859 859 859 859 886 859 859 799 799 799 833 833 824 824 778 778 778 778 768 768 768 768 745 745 745 745 715 715 724 715 584 676 584 584 621 621 621 584 584 584 584 622 584 584 579 579 579 578 578 467 467 548 467 467 534 501 501 501 501 488 488 468 468 468 405 454 432 432 406 406 405 374 374 374 392 392 310 310 310 284 284 335 284 284 284 284 284 283 283 283 233 233 233 175 175 175 175 175 175 175 218 218 157 157 157 183 183 157 157 157 121 77 77 77 77 77 77 77 24 78 78 25 25 58 24 24 32 6 6 6 
944 944 885 885 885 859 859 859 859 859 860 860 860 859 859 859 859 859 859 799 833 833 833 799 799 799 799 799 768 768 768 768 745 745 745 745 715 724 724 715 584 676 676 676 621 621 621 584 640 640 584 584 584 579 579 591 579 579 467 467 467 467 467 501 501 501 520 508 488 488 489 468 468 468 405 405 432 432 406 406 405 374 374 374 284 284 284 284 284 284 360 335 335 335 319 319 284 284 283 283 283 175 175 175 175 175 175 175 175 175 175 218 157 157 157 148 148 148 157 157 121 77 77 128 94 94 94 24 24 78 78 25 25 25 40 24 24 6 6 6 
944 944 885 885 885 859 859 859 901 901 860 860 860 860 860 870 870 859 859 799 799 833 833 799 799 792 792 792 792 768 768 768 708 708 708 708 715 715 715 715 584 698 676 676 621 621 621 584 623 623 623 623 579 579 603 591 591 579 467 467 467 501 501 501 508 508 508 508 488 405 405 405 405 405 405 405 432 432 406 406 405 405 374 374 284 349 349 349 349 349 349 349 335 335 319 319 311 284 283 283 283 175 175 175 175 175 175 175 175 175 175 218 157 157 157 148 148 148 148 148 121 121 121 121 94 94 94 24 24 24 78 25 25 25 40 40 24 24 6 6 
944 944 885 885 885 859 922 922 901 901 860 860 871 860 860 870 870 860 860 852 799 799 799 825 799 792 792 792 768 768 768 768 708 708 708 708 715 715 715 715 584 584 676 676 676 584 584 584 641 641 560 560 579 579 603 579 579 579 467 467 467 501 501 488 488 508 508 509 488 405 455 455 455 455 455 455 432 393 393 406 406 405 405 405 284 284 284 284 284 284 342 342 342 311 311 311 311 284 284 284 284 227 227 175 175 175 175 175 175 175 226 218 194 194 194 194 148 148 148 148 148 121 121 121 94 94 94 94 94 24 24 25 25 25 25 25 25 25 6 6 
944 944 859 859 859 859 922 922 901 901 901 901 871 860 860 860 860 860 852 852 826 826 799 799 799 792 792 792 768 780 780 708 708 708 708 708 699 699 699 699 699 584 584 584 584 584 654 625 625 642 632 560 615 579 579 579 579 488 488 488 488 488 488 488 488 488 521 488 488 405 405 405 455 455 432 432 432 393 393 393 406 406 406 406 393 393 312 312 284 284 342 342 342 311 320 320 293 293 284 284 227 227 227 175 175 175 175 175 175 218 218 218 202 202 106 106 148 106 106 149 149 121 121 121 94 94 94 24 24 87 24 49 49 7 7 7 7 7 7 7 
953 953 859 859 859 859 859 922 896 896 896 902 871 871 871 871 860 860 852 852 826 826 826 826 792 792 792 792 768 768 781 708 756 756 699 699 699 699 699 699 699 699 682 682 643 643 654 654 625 625 632 560 560 579 579 579 579 488 488 488 488 559 510 510 535 488 521 488 405 405 405 405 405 405 432 432 432 393 393 393 393 406 406 407 393 312 312 312 284 284 342 342 342 311 311 311 293 293 293 293 227 271 227 264 175 175 175 175 235 218 184 184 202 202 106 106 106 106 106 106 106 106 136 106 106 112 106 24 24 24 24 49 49 7 7 7 7 7 7 7 
953 953 953 859 859 859 859 922 896 896 896 896 896 871 871 871 871 863 810 810 810 810 810 810 792 792 792 768 768 768 768 708 756 756 699 699 699 699 699 699 682 700 682 683 643 643 648 648 648 625 625 624 560 598 598 579 579 579 488 562 562 510 510 510 510 488 488 488 405 495 405 405 405 405 393 393 393 447 393 418 393 393 393 407 393 312 384 312 284 284 361 342 342 336 311 311 293 293 293 293 227 271 227 264 175 175 175 175 235 218 184 184 202 202 106 106 106 106 113 113 113 106 106 106 106 112 106 24 59 59 66 49 49 49 49 7 7 7 7 7 
953 953 953 953 953 945 922 922 896 896 896 896 897 871 871 863 863 863 810 768 841 841 810 810 818 810 768 768 768 768 768 708 756 756 699 699 725 725 699 699 682 682 682 643 643 643 648 643 643 643 625 624 560 598 598 598 579 579 488 488 510 510 488 488 510 510 510 510 405 405 405 405 405 405 393 456 393 393 393 418 418 418 393 393 393 312 384 312 284 284 284 284 336 336 311 311 311 227 227 227 227 271 227 227 251 251 218 218 218 218 184 184 202 202 202 106 106 106 113 113 113 106 106 129 106 106 106 24 24 59 66 66 66 49 49 7 7 7 7 7 
945 945 945 945 945 945 922 896 896 896 896 896 863 863 863 863 872 810 810 768 841 841 810 810 810 810 768 793 793 768 768 708 708 757 708 708 708 725 725 708 708 643 643 643 643 643 648 643 643 643 625 625 560 598 598 598 579 585 579 488 510 510 488 488 488 510 510 511 488 488 490 405 405 405 393 393 393 393 398 398 398 398 398 398 398 312 312 312 312 312 312 284 336 284 284 284 284 227 294 227 227 271 271 227 227 252 218 218 218 184 184 184 184 184 184 184 184 176 113 113 113 113 113 113 113 113 24 24 24 59 79 59 59 59 33 33 7 7 7 7 
945 945 945 945 945 922 922 896 896 896 908 896 863 863 872 872 872 810 810 768 768 768 768 768 768 768 768 793 717 717 717 717 708 708 708 746 708 708 708 708 643 643 643 643 643 643 643 643 643 643 625 625 560 598 570 570 579 579 579 488 488 488 488 488 488 510 510 511 488 488 490 480 428 428 393 393 439 439 398 398 399 399 414 399 399 312 312 366 366 312 312 284 284 284 284 284 284 227 294 294 227 227 227 227 227 252 236 236 236 184 184 184 184 184 184 138 138 176 113 113 113 113 113 113 113 24 24 95 95 59 59 59 33 33 33 7 7 7 7 7 
945 945 945 945 945 922 922 922 922 896 896 896 863 863 854 854 854 854 810 810 810 810 768 768 819 769 800 717 717 717 717 717 749 749 710 710 710 710 709 709 643 643 643 643 649 649 649 643 643 633 633 560 560 598 570 570 570 570 570 570 480 480 549 488 488 488 488 488 488 488 490 480 428 428 393 439 439 439 439 398 399 399 399 399 312 312 366 366 366 312 312 312 312 312 284 284 284 227 227 227 227 227 227 227 252 252 236 236 236 227 184 184 184 203 203 138 138 138 138 113 143 143 113 113 113 24 107 95 95 80 80 73 33 33 50 7 18 18 18 7 
945 945 945 945 945 811 811 811 811 811 811 811 863 863 854 854 854 854 853 853 810 810 819 819 819 769 800 717 717 717 717 717 717 749 710 710 710 710 709 709 643 643 684 684 649 669 649 649 649 633 560 560 560 560 570 570 570 570 570 571 480 480 480 512 512 512 512 488 488 488 480 480 428 428 393 393 393 439 439 398 399 399 399 312 312 367 366 366 366 312 312 326 326 312 312 321 284 284 227 227 285 227 227 227 245 245 245 227 227 227 184 184 184 203 203 138 138 138 138 113 113 113 113 113 113 24 107 95 95 80 73 73 33 33 50 7 7 7 7 7 
945 945 945 945 811 811 811 811 811 811 811 811 863 863 854 854 854 854 853 853 810 810 819 819 819 769 800 800 717 717 717 717 717 749 749 736 736 710 710 709 709 684 684 649 649 655 655 655 650 633 560 560 560 560 560 570 570 586 570 571 480 480 480 480 480 480 512 512 480 480 480 428 428 428 428 393 393 439 439 398 419 419 312 312 394 367 367 366 366 366 326 326 312 312 312 312 312 178 178 178 227 227 227 227 245 245 245 227 210 210 210 210 210 203 203 138 138 138 138 158 113 113 24 24 24 24 107 80 80 80 73 73 33 41 41 41 8 8 19 8 
945 945 945 945 811 929 929 929 811 811 811 811 811 811 811 811 811 854 810 810 810 810 811 811 811 769 769 769 769 717 717 717 717 758 736 736 716 716 710 710 710 684 691 649 655 655 655 655 650 633 633 560 560 560 560 570 570 570 570 571 480 480 480 480 480 480 480 480 480 496 428 428 469 469 428 393 393 312 312 398 398 420 312 408 394 394 367 379 366 366 326 350 312 312 312 312 313 178 299 178 227 227 227 227 227 227 227 227 210 212 210 210 211 203 204 138 177 177 169 113 113 113 24 24 114 114 80 80 80 80 81 73 33 41 41 41 8 8 19 8 
971 954 954 811 811 929 929 930 811 811 811 855 855 855 855 855 811 854 854 854 811 811 811 820 811 811 769 769 769 717 717 736 736 758 736 736 716 716 716 710 710 684 649 649 655 560 560 560 650 560 560 616 616 560 592 570 570 570 570 570 480 480 480 480 480 480 522 513 491 491 491 469 469 428 428 393 393 312 440 312 312 312 312 395 395 395 367 367 367 367 326 326 326 326 326 306 306 178 178 178 227 227 178 178 227 227 210 210 210 212 212 212 203 203 204 138 169 169 169 113 113 113 137 114 114 115 80 80 80 80 81 73 33 33 33 42 8 8 8 8 
954 954 954 811 811 811 811 811 811 811 811 855 898 855 855 855 811 811 811 811 811 834 834 820 820 769 769 769 769 717 717 736 736 736 736 736 716 716 716 716 684 684 649 649 649 560 560 560 560 560 560 560 560 560 592 592 570 570 570 570 480 480 480 480 536 480 480 513 491 491 470 469 469 428 428 393 393 312 312 312 427 312 312 395 395 395 385 351 351 351 351 351 326 326 327 306 306 178 178 295 178 178 178 178 178 178 210 210 210 185 185 212 203 203 138 138 169 169 159 159 9 9 9 114 9 9 9 80 80 88 73 73 33 33 33 33 8 8 8 8 
954 954 954 954 954 811 811 811 811 811 811 855 846 846 846 855 811 811 861 812 812 812 812 812 821 769 769 769 769 717 717 736 736 736 736 736 717 717 726 717 684 684 685 685 649 649 560 560 560 626 626 626 604 604 604 592 592 560 560 560 560 560 480 480 480 527 480 513 491 491 470 470 461 461 428 428 428 428 434 434 272 272 272 395 395 395 385 351 351 351 351 326 326 326 327 306 306 178 178 178 178 276 272 178 178 178 178 210 210 185 185 212 212 203 138 138 169 169 159 159 9 109 9 114 9 108 9 9 96 73 73 9 9 9 9 33 33 8 8 8 
968 968 954 954 913 913 923 923 923 855 855 855 846 846 846 846 846 861 861 812 812 812 835 812 812 769 769 769 769 769 717 736 750 750 750 736 717 717 717 717 684 684 685 685 649 649 560 560 560 560 560 560 604 604 560 560 560 560 572 572 528 528 528 480 480 480 480 513 492 492 492 470 461 461 428 428 428 428 434 434 272 421 272 272 385 385 385 272 272 351 351 326 326 326 307 307 306 306 178 178 272 272 272 178 178 253 178 178 178 185 185 185 203 203 138 138 169 169 169 9 9 109 9 9 9 108 108 9 96 73 73 9 43 43 9 9 34 8 20 8 
968 968 954 954 913 913 913 913 924 855 855 855 846 846 846 846 846 861 861 812 812 812 835 812 812 769 769 769 794 769 717 736 736 736 736 736 717 717 717 718 684 685 685 685 649 664 664 634 634 634 634 560 560 604 560 599 560 560 572 572 528 528 528 480 480 480 492 492 492 492 492 470 461 461 428 428 428 428 428 428 272 272 272 272 385 272 272 272 272 351 351 326 326 326 307 307 307 307 178 178 272 272 265 265 240 240 240 240 178 185 185 185 203 203 138 138 138 138 169 9 150 109 109 122 122 108 108 9 73 73 73 9 9 43 51 9 9 8 8 8 
946 946 946 958 913 913 913 913 924 855 855 855 855 855 855 855 846 864 842 812 812 812 812 812 812 812 769 769 769 769 717 717 736 736 736 736 717 717 717 718 684 685 685 686 649 664 664 634 574 574 574 574 560 560 560 599 560 560 573 573 528 528 528 480 480 528 492 492 492 492 492 470 476 461 461 448 448 448 441 428 272 272 409 272 272 272 272 272 272 272 272 326 326 326 307 307 307 272 272 272 272 272 265 265 240 240 178 178 178 185 185 185 185 185 185 185 185 138 138 9 9 9 109 122 122 9 9 9 73 9 9 9 9 43 43 43 9 9 9 9 
946 946 946 958 913 913 913 913 924 913 887 887 887 887 887 855 846 864 842 842 842 842 812 827 812 812 801 801 769 785 782 717 717 717 736 736 717 718 718 718 684 685 685 649 649 665 665 634 574 574 635 574 574 574 587 587 587 587 528 528 528 528 528 541 528 528 492 492 492 492 492 470 470 470 462 448 343 441 441 428 272 272 409 409 368 368 272 272 308 308 272 272 326 326 328 272 272 272 286 286 272 272 228 228 228 228 178 178 178 178 178 185 185 186 186 186 186 178 138 160 9 9 109 109 122 9 9 100 73 9 67 67 67 11 11 11 11 11 10 10 
946 946 946 946 913 913 913 913 913 913 887 887 887 887 887 855 846 846 846 846 846 812 812 822 822 801 801 769 769 785 782 769 717 717 717 717 717 718 684 684 684 685 685 685 652 652 652 634 651 574 574 574 574 574 587 587 580 580 528 528 550 550 550 528 528 529 492 492 492 481 481 448 448 462 462 448 343 441 441 428 368 368 368 368 368 368 368 368 308 308 308 272 272 272 328 272 272 272 286 286 286 228 228 228 228 228 241 241 228 228 178 178 213 178 178 178 178 178 138 138 138 138 138 109 109 109 9 9 73 9 9 60 60 11 11 11 11 11 10 10 
946 946 946 946 913 913 913 913 909 909 909 796 888 888 888 855 855 855 855 846 846 812 822 822 684 684 684 769 769 769 782 769 717 759 717 718 718 718 684 711 711 677 677 685 652 652 652 634 634 634 636 574 574 610 587 587 580 580 580 528 550 550 528 528 529 529 492 492 492 481 481 448 448 462 448 448 343 343 428 428 368 368 368 368 368 368 369 368 368 368 308 337 337 272 272 272 228 228 286 286 228 228 273 228 228 228 228 228 228 219 219 178 178 178 195 195 179 179 138 138 151 130 130 130 123 109 109 9 73 9 9 60 60 60 11 11 11 26 10 10 
946 946 946 946 946 913 913 913 909 909 909 796 796 796 796 796 796 796 855 855 812 812 684 684 684 684 684 684 684 769 769 769 717 717 717 718 684 684 684 711 677 677 677 634 634 634 652 652 652 634 627 627 574 610 587 587 580 580 528 528 563 528 528 481 481 481 492 492 492 481 448 448 448 448 448 343 343 343 428 428 368 368 368 368 368 368 369 369 369 369 308 308 337 337 228 228 228 228 228 228 228 257 257 257 257 228 228 219 219 219 219 219 179 179 179 179 179 151 151 151 151 130 52 52 123 52 52 9 9 9 9 60 60 11 11 11 11 26 11 11 
946 946 964 946 946 903 903 903 914 914 909 796 796 873 873 873 873 796 796 796 812 684 684 684 684 684 684 684 684 769 769 770 684 684 751 684 684 731 677 677 677 701 677 634 634 634 634 634 634 634 627 627 574 574 580 580 580 580 528 528 528 528 528 481 537 481 492 481 481 481 448 448 448 448 448 343 343 428 428 428 368 368 368 368 368 386 386 352 352 352 352 308 308 308 228 228 228 228 228 228 228 237 237 266 219 219 219 219 219 179 179 179 179 179 179 187 187 151 151 152 152 130 52 52 52 52 52 101 9 9 9 60 60 11 11 11 26 26 11 11 
946 946 946 946 946 903 903 903 903 909 909 796 796 796 883 883 865 865 796 796 684 684 813 684 684 813 684 684 795 684 684 684 684 684 684 684 737 719 677 677 677 677 677 634 634 634 634 653 653 574 574 574 574 574 580 551 551 551 551 551 528 528 528 481 537 481 481 481 481 481 481 481 448 448 457 457 343 428 428 428 368 368 368 400 400 343 343 352 352 352 352 352 343 308 228 228 228 228 228 228 228 237 237 266 219 219 219 219 219 179 179 214 214 205 205 151 151 151 151 152 152 130 52 52 52 52 52 101 52 52 52 52 52 52 52 11 11 11 11 11 
946 946 946 946 946 946 903 903 903 909 909 796 796 796 883 883 865 865 796 856 684 684 813 813 813 813 684 684 684 684 712 712 752 752 752 712 712 719 719 719 677 677 677 677 634 634 634 574 574 574 628 628 551 551 551 551 593 551 551 551 551 551 551 481 481 481 514 514 481 497 448 448 448 448 457 457 343 442 442 428 368 368 343 343 343 343 343 343 376 343 343 343 343 308 308 308 308 308 228 228 237 237 237 237 258 219 219 219 219 229 179 179 179 205 151 151 130 130 130 152 152 130 130 52 52 52 52 52 52 82 82 52 52 12 12 12 12 27 11 11 
946 946 965 946 946 946 903 903 903 903 903 903 865 865 865 865 865 865 796 796 828 684 684 684 684 684 684 684 684 712 712 712 752 752 752 712 712 712 727 677 677 692 692 634 634 670 634 574 574 574 628 628 551 551 551 551 538 581 581 551 551 538 538 538 538 481 481 515 481 497 448 482 448 448 457 457 343 343 443 428 368 368 343 354 354 354 343 343 376 343 314 314 314 314 314 237 237 237 237 237 237 274 274 237 237 237 219 219 219 179 179 179 179 205 151 151 130 130 130 130 130 130 130 52 124 82 82 82 82 82 83 12 12 12 44 44 12 12 12 12 
965 965 965 903 903 903 903 865 865 865 865 865 865 865 865 874 874 796 796 796 828 828 828 828 684 684 806 796 796 712 712 712 712 712 712 712 732 712 677 677 677 677 677 634 634 634 634 574 574 574 574 628 574 574 551 551 538 581 538 538 564 538 538 481 481 481 481 515 481 497 448 448 448 457 457 343 343 343 443 428 428 343 343 354 354 354 343 343 376 343 314 353 314 314 314 237 237 300 300 277 277 274 259 259 259 237 237 237 237 179 179 179 179 179 151 151 151 130 130 130 139 130 130 52 82 82 110 52 52 83 83 12 44 44 44 45 12 12 12 12 
965 965 965 903 903 865 865 865 865 865 865 865 865 865 865 874 874 796 796 796 796 796 796 796 684 684 806 796 796 712 712 712 712 760 712 712 732 732 677 677 677 693 677 677 677 634 634 634 637 637 574 574 574 574 551 551 538 538 538 538 538 538 538 481 481 481 481 481 481 497 448 448 448 457 457 343 451 343 343 428 428 343 343 354 354 354 387 343 343 343 314 314 314 338 314 314 237 300 301 277 277 277 259 259 259 246 246 179 179 179 179 179 179 179 151 151 151 130 139 139 139 130 130 52 82 52 52 52 52 52 12 12 44 44 12 12 12 12 12 12 
965 965 965 903 903 865 865 865 865 865 865 865 865 865 865 874 874 796 796 796 796 836 836 796 796 796 796 796 796 712 712 712 712 712 712 712 712 712 712 712 712 693 693 677 677 634 634 634 637 637 637 574 574 574 574 574 574 574 574 574 538 538 542 542 481 481 497 497 497 497 448 448 448 463 463 343 343 343 343 343 343 343 343 354 354 354 354 354 354 354 354 354 314 314 314 314 314 300 301 277 277 277 259 259 259 246 246 179 179 179 179 179 179 179 188 188 188 130 139 139 139 139 139 52 52 52 52 52 52 52 12 12 12 12 12 35 35 12 12 12 
