917 917 917 917 917 917 935 935 935 935 915 915 915 909 866 866 866 866 866 866 853 853 840 840 700 700 753 753 753 753 785 753 753 753 753 753 700 700 740 700 700 700 700 700 654 654 653 653 653 653 653 587 587 633 587 587 587 587 587 587 540 540 540 540 540 540 540 540 508 508 508 508 508 421 421 421 421 421 421 421 420 420 420 420 420 420 372 372 380 380 380 341 341 341 341 341 294 294 294 294 299 299 264 264 264 264 264 243 243 243 243 209 209 209 209 6 6 184 19 19 19 136 136 136 19 19 19 108 19 19 84 19 19 19 19 19 19 19 19 1 
917 917 917 917 917 917 935 935 935 935 915 915 909 909 866 892 853 853 853 853 853 840 840 700 700 700 700 700 700 753 753 753 754 753 753 700 700 700 700 700 700 700 708 701 654 654 653 653 653 662 654 587 587 633 587 603 603 588 588 588 540 540 540 540 540 551 508 508 508 528 421 421 421 421 475 459 459 421 421 421 420 420 420 420 421 421 372 372 372 372 381 341 341 341 341 341 294 329 329 294 294 299 264 264 264 264 264 243 243 243 209 209 226 6 6 6 6 6 19 170 19 136 19 19 19 19 19 19 19 19 84 19 46 19 19 40 40 29 1 1 
917 917 917 917 917 957 935 935 935 935 915 915 909 909 866 866 866 878 853 853 853 840 846 700 826 826 700 700 700 753 753 755 754 754 754 700 729 729 729 729 700 700 701 701 654 654 679 654 654 654 654 587 587 633 587 603 603 588 588 588 540 540 540 551 551 551 508 508 528 528 421 421 421 421 475 459 459 459 459 421 421 420 420 420 421 421 372 372 372 372 372 372 341 341 341 349 294 329 294 294 294 299 299 264 264 264 264 264 243 243 209 209 226 6 6 6 6 6 19 19 19 19 19 19 19 19 117 19 77 19 19 19 46 53 1 1 1 29 1 1 
917 917 975 975 917 917 951 917 917 936 915 915 916 893 893 893 866 866 853 853 853 840 846 700 826 826 700 700 700 753 753 755 755 755 754 700 729 729 729 701 701 701 701 702 654 654 654 654 654 654 654 587 587 587 587 603 603 588 588 588 540 540 540 551 551 508 508 508 528 421 421 421 499 499 475 475 475 475 459 459 421 421 421 421 421 421 410 334 334 334 382 359 359 359 341 294 294 329 294 294 294 294 294 294 264 264 243 243 243 233 244 209 209 209 6 6 6 6 6 19 19 19 19 19 19 19 117 19 77 77 77 77 46 53 53 46 1 1 1 1 
917 917 975 975 967 917 917 917 917 916 916 916 916 893 854 854 854 866 866 866 700 700 846 700 826 826 700 771 771 771 771 771 771 755 754 700 700 700 700 701 701 701 654 654 654 686 654 654 654 655 655 587 587 587 614 614 603 603 571 571 571 571 571 551 551 508 508 508 421 421 499 499 499 500 475 475 429 429 429 429 421 421 427 421 421 410 410 334 334 334 382 359 360 360 341 294 294 294 294 294 294 294 294 294 264 264 243 243 243 233 244 233 6 6 6 6 6 6 6 19 19 137 137 137 129 19 19 19 102 77 77 78 46 46 46 46 30 30 2 2 
917 967 967 967 967 941 941 941 917 916 928 916 916 893 854 894 854 854 866 866 700 700 700 700 827 827 700 700 700 794 771 771 755 755 754 754 700 700 700 701 701 701 654 654 654 654 654 673 623 623 623 623 587 587 614 614 614 571 571 571 561 561 561 552 552 508 508 421 421 495 495 495 495 467 467 467 429 429 429 429 429 429 427 427 427 410 410 334 334 334 382 359 360 360 341 341 341 294 294 294 311 294 294 217 217 217 217 217 217 233 233 233 6 6 6 199 6 6 129 129 129 129 129 129 129 19 19 93 93 77 77 78 3 3 30 30 30 30 2 2 
917 917 917 967 967 941 941 941 917 916 916 916 916 893 854 854 854 854 854 854 700 700 700 827 827 808 808 808 700 700 771 771 755 755 755 755 700 700 741 701 701 701 654 654 654 654 623 623 623 623 623 623 623 623 614 614 614 571 571 571 561 578 561 552 552 552 421 421 495 495 495 495 495 467 467 467 467 429 429 429 429 429 429 436 428 410 410 334 334 334 334 359 334 334 334 334 334 334 266 294 294 294 294 217 217 217 217 246 217 245 233 233 217 217 6 6 6 6 129 129 129 129 129 93 93 93 93 93 93 93 3 3 3 3 30 30 30 30 2 2 
917 917 917 967 967 958 941 941 917 917 917 893 893 893 854 854 854 854 854 854 700 700 827 827 808 808 808 786 786 700 771 771 755 755 760 700 700 700 741 710 710 701 701 701 654 654 623 623 623 623 623 648 623 623 614 614 614 571 571 561 561 578 561 561 552 552 421 421 421 421 495 495 495 467 467 467 467 429 429 429 429 429 429 436 428 410 410 334 334 334 334 334 334 334 334 334 266 266 266 294 294 294 217 217 217 277 217 246 217 245 245 217 217 200 200 6 6 6 129 171 6 6 6 93 93 93 118 94 94 94 3 70 70 3 3 3 30 30 3 3 
917 917 952 952 952 958 941 941 941 917 917 893 893 893 895 895 854 854 854 854 854 854 827 827 808 808 808 786 786 700 700 700 767 767 700 700 700 700 741 710 710 674 674 674 674 674 674 674 623 623 623 623 623 623 623 561 561 604 561 561 561 561 561 561 561 421 421 421 534 421 495 495 495 495 495 467 467 429 429 429 429 429 429 429 428 410 410 334 334 334 383 334 334 334 334 334 266 266 266 294 294 294 217 217 217 217 217 246 217 217 217 217 200 200 200 200 6 6 129 6 6 138 6 6 93 93 118 94 94 3 3 3 3 3 3 3 3 3 3 3 
992 917 952 952 952 952 952 867 867 917 917 917 917 895 895 895 867 867 867 867 854 854 827 827 808 808 786 786 786 700 700 700 767 767 700 700 730 730 730 730 710 674 709 674 674 687 674 674 623 623 623 623 623 623 561 561 561 561 561 589 561 516 516 561 561 421 421 421 534 421 421 421 421 421 421 481 467 467 467 410 410 410 410 429 429 410 393 393 393 393 383 334 334 334 334 350 266 266 266 266 312 217 217 217 217 217 265 246 246 249 200 200 200 200 200 201 6 129 129 6 163 138 138 6 6 118 118 94 94 3 3 3 3 3 3 47 3 3 20 3 
992 917 917 917 917 953 953 867 867 929 929 867 867 895 895 895 867 827 827 827 827 827 827 786 786 786 786 809 786 786 786 700 700 700 700 700 730 669 669 669 710 674 674 674 674 674 674 674 623 623 623 623 623 561 561 589 589 589 589 589 561 516 516 516 516 516 516 516 516 529 516 516 496 496 496 481 467 467 410 410 445 445 410 410 410 410 393 383 383 383 383 350 350 350 350 350 266 266 266 266 312 217 217 217 278 278 265 265 246 249 200 227 227 200 185 185 6 6 178 6 125 125 138 138 6 6 119 94 95 95 3 3 3 3 4 4 3 3 3 3 
976 976 976 976 917 953 954 867 867 867 867 867 867 867 867 867 867 827 827 827 827 827 827 786 786 786 809 809 800 786 786 779 669 669 669 669 669 669 669 669 710 710 710 674 674 674 674 674 623 656 656 639 639 561 589 589 615 597 597 561 561 516 516 553 553 553 541 541 516 516 516 517 496 496 496 481 410 410 410 460 445 445 393 393 393 393 393 383 383 383 383 350 350 266 266 266 266 266 266 266 312 217 217 217 278 278 265 265 246 249 200 200 200 200 185 185 6 6 178 6 125 125 125 125 125 6 6 94 94 94 3 3 3 3 4 4 4 4 4 4 
976 986 976 976 917 953 954 867 867 867 867 867 867 867 867 867 867 879 872 786 786 786 786 786 786 786 809 800 800 779 779 779 669 669 669 669 669 669 669 669 710 710 711 692 692 623 623 623 623 656 656 639 639 561 561 561 561 597 598 561 516 516 516 541 541 541 541 542 516 516 516 517 509 481 481 481 410 460 460 460 445 393 393 393 393 411 411 398 398 383 383 350 350 266 266 266 342 266 266 266 266 266 266 266 266 266 266 266 246 210 210 210 210 185 185 185 6 178 178 6 125 125 125 125 125 125 6 6 6 94 6 6 61 61 4 4 4 4 5 5 
976 976 976 976 917 953 917 942 942 867 867 867 867 867 867 867 867 872 872 786 862 786 786 786 786 828 800 800 779 779 779 779 669 669 669 731 731 731 731 669 669 669 669 692 692 623 675 675 656 656 656 639 639 561 561 561 561 597 598 561 516 516 516 541 541 541 542 542 516 516 516 516 509 481 481 481 481 460 460 445 445 393 393 393 393 284 284 398 361 361 361 361 361 361 266 266 266 266 266 266 266 300 300 266 266 266 266 266 246 210 210 210 210 185 185 185 6 6 6 6 125 125 125 125 109 109 109 109 6 6 6 6 6 6 6 6 5 5 5 6 
976 976 976 977 917 917 917 942 943 867 867 918 918 867 867 867 867 872 872 786 862 847 847 786 786 780 800 800 779 779 779 779 669 669 669 731 749 731 731 731 669 669 669 692 692 623 675 675 656 656 640 640 640 561 561 561 561 597 561 561 516 516 516 541 541 541 542 509 509 516 516 516 509 481 481 284 284 468 468 445 445 445 445 284 284 284 284 284 361 361 361 361 361 361 266 266 266 335 266 266 300 300 284 284 284 266 266 266 246 246 246 210 210 185 185 202 6 6 31 31 149 149 149 109 109 109 109 31 31 71 71 71 71 6 6 6 5 21 21 6 
976 976 976 942 942 942 942 942 886 886 886 886 886 886 886 886 872 872 872 786 862 847 847 786 786 780 800 800 801 779 779 779 669 669 746 731 731 731 731 731 725 669 669 703 623 623 675 675 656 656 640 640 582 582 599 599 561 561 561 581 581 554 554 554 541 541 542 509 509 509 509 509 509 481 481 284 284 284 284 461 284 284 284 284 422 422 284 284 399 361 361 313 313 313 313 323 323 323 323 323 300 300 284 285 285 266 266 267 255 246 246 210 210 210 185 185 6 6 31 31 149 149 149 109 109 109 31 31 31 31 85 31 31 31 54 6 6 6 6 6 
993 848 848 942 942 959 946 946 886 886 886 886 886 886 886 886 872 872 872 786 786 786 786 786 786 780 780 780 780 780 780 780 669 669 746 746 746 746 725 725 725 669 703 703 623 675 675 649 649 649 649 582 582 582 599 599 599 599 599 554 554 554 554 554 541 541 542 509 509 509 523 454 454 454 284 284 284 284 284 284 284 430 430 437 422 422 284 284 284 284 284 313 313 313 313 313 313 313 313 313 313 284 284 285 255 255 267 267 255 246 246 210 210 210 210 185 194 185 31 31 31 31 31 31 31 31 31 103 103 31 31 31 72 31 31 31 31 31 6 6 
993 848 848 848 942 848 946 946 886 886 925 925 886 886 886 886 886 786 786 868 786 786 786 786 786 786 786 786 786 715 715 715 715 761 761 715 715 715 725 725 725 669 669 704 623 623 623 649 649 649 649 582 641 582 582 582 605 605 554 554 554 554 554 554 554 554 509 509 523 523 523 454 454 454 284 284 454 454 454 454 454 430 430 430 430 367 367 284 284 394 284 284 284 284 284 284 284 284 284 284 284 284 285 285 255 255 255 255 255 246 246 186 186 210 210 185 185 185 31 172 31 31 139 139 73 73 86 86 86 86 79 79 62 62 32 32 32 32 22 7 
848 848 982 848 848 848 848 848 886 886 886 886 886 910 886 886 886 786 786 786 786 855 786 786 829 829 786 786 786 715 715 715 715 715 715 715 750 715 725 725 725 721 669 669 623 623 623 649 649 649 649 582 582 582 620 620 605 605 554 590 554 554 554 554 555 555 509 530 523 523 524 454 454 454 454 454 454 454 454 454 454 430 446 430 367 367 367 367 367 367 367 373 366 295 295 295 295 295 330 284 284 255 255 255 255 186 186 186 256 246 246 186 186 186 203 203 186 186 31 172 150 150 139 139 73 73 86 86 86 86 79 79 62 62 32 48 22 22 22 7 
848 848 848 848 960 960 848 848 886 886 886 886 886 886 886 887 887 786 786 786 786 855 786 829 829 830 802 802 802 715 715 715 715 715 715 742 742 742 742 721 721 721 712 669 623 623 623 649 649 649 649 649 582 582 620 620 554 554 554 590 554 554 554 555 555 509 509 530 535 523 523 454 510 454 454 454 454 454 454 454 454 430 446 430 367 367 405 405 367 367 367 355 366 295 295 295 295 295 330 314 314 255 255 255 255 186 186 186 186 186 186 186 228 186 203 203 186 187 31 150 150 150 150 73 73 73 73 73 104 86 86 79 73 32 32 48 22 22 22 7 
848 848 848 848 960 848 848 848 848 848 863 863 863 863 863 863 863 869 869 869 786 786 786 829 829 830 802 810 715 715 715 715 715 715 715 742 721 721 721 721 722 722 712 669 623 623 623 623 649 649 649 649 582 582 624 554 554 606 554 554 554 555 555 555 509 509 546 530 530 530 523 454 510 454 454 454 454 454 454 438 438 430 446 430 431 367 367 406 367 367 367 355 355 295 295 295 330 330 330 314 315 255 255 286 286 186 186 247 247 247 247 228 228 186 186 186 186 187 31 150 150 150 150 73 73 73 73 73 73 73 73 79 73 32 32 7 7 7 22 7 
848 978 978 978 848 848 848 848 848 848 863 863 863 863 863 863 863 869 863 863 863 802 802 802 802 830 802 810 715 772 772 772 772 721 721 721 721 732 732 732 722 722 712 669 693 623 623 623 623 623 657 634 634 582 582 554 606 606 554 555 555 555 572 509 509 546 546 530 530 531 523 454 454 454 454 490 469 469 469 438 438 430 430 430 431 367 367 367 367 367 367 367 355 295 295 295 295 295 295 314 255 255 301 186 186 186 228 228 228 228 228 228 229 186 186 195 195 31 31 157 157 157 73 73 73 73 73 73 73 96 73 73 73 32 32 7 41 7 7 7 
848 978 978 848 848 848 848 911 911 937 863 863 863 863 863 863 863 863 863 863 863 802 802 802 802 802 802 715 715 772 772 772 773 721 721 721 669 669 669 669 669 669 712 669 623 623 623 623 623 623 657 634 634 634 582 554 554 554 554 555 555 555 555 509 509 546 546 523 523 531 523 469 469 469 490 490 469 476 470 438 438 438 438 438 431 367 412 367 367 367 367 367 355 295 295 302 295 295 295 314 255 255 186 186 228 228 228 250 250 250 188 188 229 211 211 31 31 31 179 31 31 158 73 73 73 73 105 105 105 32 32 32 32 32 7 7 41 8 8 8 
848 848 848 848 968 848 911 911 911 911 911 911 919 911 888 888 888 873 873 848 848 802 802 802 802 802 715 715 787 787 787 772 721 721 721 721 669 669 669 733 669 669 712 669 623 623 623 623 623 623 657 634 635 635 582 616 616 582 582 582 582 579 555 555 509 556 547 523 523 523 523 469 511 469 469 469 469 470 470 438 431 431 431 431 431 367 367 367 367 367 367 374 355 355 355 302 324 324 295 295 255 255 186 228 228 228 228 250 188 188 188 188 188 211 211 31 31 31 31 31 31 158 73 73 73 73 105 32 32 32 32 55 55 63 7 7 41 8 23 9 
848 848 983 968 968 848 848 848 848 911 911 911 911 911 888 888 888 873 873 848 848 848 848 802 802 802 715 787 787 772 772 772 721 721 721 721 680 680 669 669 669 669 669 669 669 669 623 623 634 634 634 634 635 635 582 616 582 582 600 579 579 579 509 509 509 556 547 523 523 523 525 469 469 469 469 469 469 470 438 438 447 432 439 439 432 367 367 367 367 367 367 367 367 302 302 302 324 324 324 295 255 255 186 228 228 228 228 250 188 234 234 234 188 188 188 188 188 188 31 31 31 73 73 73 32 32 32 32 32 32 32 55 55 55 55 41 41 8 23 9 
987 987 968 968 969 961 848 848 848 920 920 911 911 873 873 873 873 873 873 848 841 841 841 841 715 715 715 787 803 772 772 772 721 721 721 747 680 680 680 669 669 669 669 669 669 669 669 669 634 634 591 591 635 635 582 582 582 579 579 579 509 509 509 509 509 556 547 523 523 523 525 469 469 469 469 469 469 470 438 438 447 432 432 432 432 367 367 367 367 367 367 367 367 302 302 324 324 324 324 295 295 295 295 295 228 228 228 250 188 234 188 188 188 188 188 188 188 188 126 126 126 73 73 73 32 32 32 32 32 32 32 55 55 55 41 41 42 8 23 9 
968 968 968 968 961 961 848 848 848 920 920 920 920 873 873 873 873 873 873 848 841 841 841 841 715 787 787 787 803 772 772 772 721 721 721 747 747 747 680 680 680 680 713 680 680 669 669 669 591 591 591 591 591 591 625 582 582 579 579 579 509 509 509 566 556 556 547 523 523 523 501 501 356 356 356 356 356 356 471 438 447 447 447 400 400 367 367 367 367 395 367 367 367 362 302 324 324 324 331 316 316 295 295 228 228 173 173 173 188 188 188 218 188 188 188 188 164 164 164 164 126 126 73 73 130 32 32 32 32 32 32 41 41 41 41 33 33 8 8 9 
968 968 968 968 961 962 848 848 848 920 920 920 921 873 873 896 873 848 848 848 841 841 841 841 715 787 787 811 772 772 772 772 721 721 721 714 714 714 714 714 714 680 680 680 680 680 680 669 591 663 591 591 642 591 591 591 591 591 579 579 583 556 556 556 556 547 547 523 523 518 518 501 501 501 482 482 482 356 356 438 438 438 448 400 400 400 400 400 400 375 375 375 362 362 302 302 336 324 324 316 316 228 228 228 287 173 173 173 173 173 235 218 218 218 188 188 164 164 164 140 140 126 126 130 130 126 87 87 87 32 32 41 74 64 33 33 33 33 8 8 
968 961 961 961 961 962 848 848 848 938 902 902 902 902 873 873 873 848 848 848 841 841 715 715 715 811 811 811 772 795 772 772 721 721 721 714 714 714 714 714 714 714 680 680 694 669 669 669 591 591 591 591 591 591 591 591 591 591 591 591 556 556 573 547 547 547 536 536 536 518 518 518 356 356 482 356 356 356 356 455 455 438 448 400 400 400 413 400 400 375 375 375 362 362 302 302 336 336 324 324 316 228 228 228 228 173 173 173 173 173 235 235 218 218 164 164 164 164 164 140 140 140 126 130 130 126 87 87 87 87 87 41 64 64 33 33 33 33 8 8 
961 961 961 947 947 947 848 848 848 848 902 902 902 902 902 848 848 848 874 715 715 715 715 715 715 811 811 812 772 772 772 715 715 762 762 714 714 714 714 714 714 714 694 694 694 669 669 669 669 556 556 556 636 636 556 556 617 591 591 556 556 573 573 547 536 536 536 485 485 518 518 356 356 356 356 356 483 472 472 455 455 438 448 400 400 400 363 363 363 375 375 375 362 362 302 302 302 337 316 316 316 228 228 228 228 173 173 173 173 251 236 236 219 219 164 164 164 164 164 164 164 140 126 126 126 126 87 87 87 87 88 41 64 24 24 49 24 24 8 8 
961 961 961 947 947 947 947 848 848 848 848 848 848 903 903 848 848 848 874 715 715 715 715 715 715 818 818 788 788 788 788 715 715 762 762 714 743 743 714 714 714 676 694 694 694 556 556 556 556 556 556 556 556 556 556 556 556 607 556 556 547 547 547 547 536 536 536 485 485 526 526 356 356 356 356 483 483 472 472 455 455 438 448 400 400 400 363 363 363 375 375 375 362 362 302 302 302 302 316 302 302 302 302 228 271 271 271 173 173 204 204 204 219 219 164 164 164 164 164 164 140 140 151 140 41 41 87 87 41 41 41 41 64 24 24 49 24 24 24 8 
988 988 947 947 947 947 947 848 848 926 926 926 848 848 848 848 856 856 856 856 856 856 715 835 835 818 818 788 788 715 715 715 715 715 715 714 714 743 743 714 714 676 676 676 556 556 556 556 664 664 556 556 556 608 608 608 556 556 556 592 547 547 547 536 536 557 548 485 485 485 485 356 356 502 356 356 484 438 438 462 438 438 363 363 363 363 414 363 363 375 375 375 362 362 302 302 302 302 302 302 303 303 303 228 228 271 271 173 257 204 204 204 204 204 204 204 189 189 131 131 140 140 140 140 41 41 41 41 41 41 41 64 64 24 24 24 24 25 25 8 
988 988 947 947 947 947 947 947 926 926 926 926 856 856 856 856 856 856 856 856 856 856 715 715 715 715 715 715 715 715 715 715 715 763 715 756 714 714 714 714 714 714 714 676 556 556 556 556 664 556 556 556 643 608 608 608 608 608 492 492 492 536 536 536 548 548 548 485 485 485 485 485 485 485 485 356 356 438 438 438 438 433 433 433 433 363 363 363 363 375 375 376 302 302 302 351 302 317 317 288 288 303 303 228 228 279 272 173 173 173 204 204 204 131 131 205 189 189 131 131 131 131 131 141 41 41 41 41 89 89 89 24 24 24 10 50 10 10 26 8 
988 988 926 926 926 926 926 926 926 930 930 856 856 769 769 769 769 856 856 856 857 857 842 842 715 715 813 813 715 796 715 715 715 763 715 715 734 734 734 734 714 714 715 676 695 676 676 556 556 556 556 556 618 618 618 618 618 492 492 593 492 536 536 536 548 548 549 485 485 485 485 519 503 503 485 485 356 438 438 438 438 438 356 356 356 356 356 356 363 384 384 376 302 302 302 302 302 317 317 288 288 288 288 228 228 228 272 173 173 173 173 204 204 220 131 131 131 131 131 131 131 131 131 131 131 41 41 41 89 89 89 24 24 24 10 10 10 10 10 10 
988 988 926 948 948 948 948 926 926 930 856 856 769 769 897 897 769 880 842 842 857 842 842 843 769 769 813 813 715 715 715 715 774 763 763 715 715 715 715 715 715 715 715 676 676 676 676 676 556 556 556 618 618 626 626 492 492 492 492 492 492 536 536 536 536 536 536 485 532 532 485 485 503 485 485 485 356 356 438 438 438 438 356 356 356 356 356 356 363 363 376 376 302 302 302 302 302 317 317 317 317 288 288 228 228 228 173 173 173 173 173 237 173 173 173 131 131 173 173 131 131 131 131 131 57 57 57 41 89 89 89 41 41 24 24 24 24 24 24 11 
994 989 926 926 926 926 948 926 926 930 856 856 769 898 897 897 769 769 842 842 842 842 769 769 769 769 769 769 775 715 715 715 768 768 751 751 751 748 688 688 688 688 677 677 677 677 677 677 556 556 556 618 621 492 492 492 492 492 492 492 492 492 536 536 536 536 536 485 485 485 485 485 503 485 491 491 485 356 438 438 438 438 356 356 356 356 356 356 356 363 376 376 302 302 302 302 302 273 273 273 273 288 288 288 288 228 173 258 258 173 173 173 173 221 173 173 173 173 173 173 131 131 131 131 57 57 57 41 41 41 41 41 41 24 24 11 11 11 11 11 
989 989 926 926 970 926 948 926 926 930 930 856 769 898 898 898 769 769 842 842 842 858 769 831 831 831 769 769 775 775 775 775 768 768 751 748 748 748 688 726 726 688 677 677 677 677 677 677 618 618 618 618 621 621 621 594 594 594 492 492 584 492 492 536 536 536 536 537 485 485 485 485 401 485 485 485 485 356 356 463 356 356 356 440 407 407 407 407 356 363 363 363 363 363 356 302 302 273 273 273 273 221 221 221 221 228 173 173 173 173 221 221 221 221 180 180 173 173 173 173 165 131 131 142 57 57 57 97 41 41 41 41 41 11 11 11 11 11 11 11 
989 989 926 926 926 926 948 948 856 856 856 856 769 899 899 899 769 881 842 842 858 858 769 758 758 832 758 758 804 775 775 775 751 751 751 748 748 748 688 688 688 688 688 688 677 677 677 677 618 621 621 621 621 621 621 594 594 594 594 594 492 492 492 536 536 536 536 537 537 520 520 520 401 504 485 485 401 401 356 356 356 449 352 352 407 407 407 407 356 356 356 356 356 356 356 352 273 273 273 273 221 221 296 296 221 221 221 268 173 173 221 238 221 221 180 180 180 180 180 165 165 57 57 57 57 57 57 97 97 97 11 11 11 11 11 11 11 11 12 12 
989 989 926 926 926 949 949 949 856 904 904 904 769 769 899 899 769 769 842 842 769 769 769 758 758 758 758 758 758 797 775 775 751 751 681 681 681 681 735 735 688 688 688 688 677 677 677 618 618 621 621 621 621 621 621 621 594 594 595 595 492 492 492 492 492 492 492 492 520 520 520 520 401 504 401 401 401 401 401 356 356 449 449 352 407 407 407 407 356 356 385 356 356 356 356 352 273 273 273 273 221 221 221 259 259 269 221 221 221 221 221 221 221 221 180 180 181 181 181 165 165 57 57 57 57 57 57 110 11 11 11 65 65 65 11 11 11 11 12 13 
926 926 926 926 926 949 949 949 856 904 904 904 904 769 769 769 769 769 769 769 769 859 769 769 769 814 814 814 758 797 775 775 775 681 681 681 681 681 681 736 688 688 688 688 688 688 681 618 618 650 650 621 621 601 601 601 558 558 558 558 558 558 567 567 492 492 492 492 520 520 520 521 401 401 401 401 401 401 401 450 450 450 450 352 407 407 352 352 352 352 352 352 352 364 352 352 273 273 273 318 318 221 221 259 259 269 269 269 259 239 239 221 221 221 180 180 181 181 152 152 152 152 57 143 57 57 98 98 11 11 11 11 11 11 56 11 11 12 12 13 
926 955 955 955 955 955 955 922 922 922 904 904 904 904 904 769 769 769 769 769 769 769 769 769 769 782 782 782 758 758 758 781 776 681 757 681 681 681 681 681 681 681 681 681 681 681 681 618 618 650 650 650 601 601 601 601 558 558 558 558 585 558 558 558 492 492 492 492 492 492 520 512 512 492 492 401 401 401 473 450 450 450 352 352 352 352 352 408 352 352 352 365 352 352 352 343 343 273 273 221 221 221 304 259 259 259 259 259 259 239 239 239 180 180 180 206 181 181 152 152 152 152 57 57 132 98 98 98 11 11 51 51 51 11 11 11 43 12 13 13 
926 955 984 926 926 955 955 922 922 922 922 922 904 904 905 769 769 769 769 769 769 769 805 769 782 782 819 782 782 782 758 758 776 681 757 757 681 681 706 706 681 681 681 681 681 681 618 618 670 650 650 601 601 637 601 575 575 558 558 558 558 558 574 558 558 558 492 492 492 492 520 492 492 492 492 401 401 401 401 464 450 450 352 352 352 352 352 408 352 352 352 365 368 343 343 343 344 273 273 273 319 260 260 259 259 259 260 260 260 180 180 180 180 222 206 206 133 133 133 152 152 152 152 57 57 98 98 98 98 98 51 51 51 66 51 51 43 12 13 13 
926 955 926 926 926 926 926 922 922 922 922 922 922 875 875 875 875 769 769 805 805 805 805 769 782 782 819 782 782 782 758 758 776 681 681 681 681 681 681 706 681 681 681 696 681 681 618 665 665 665 601 601 601 601 601 575 575 575 575 575 586 558 558 558 558 558 492 492 492 492 492 492 493 493 492 492 401 401 401 452 452 452 401 401 423 423 415 386 386 386 386 365 343 343 343 343 344 273 273 273 319 307 260 260 260 260 260 180 180 180 180 180 222 222 206 206 133 133 133 152 152 152 153 57 57 98 98 111 57 57 51 51 51 51 51 43 43 12 12 14 
926 926 926 971 926 926 926 926 926 922 922 923 923 875 875 875 875 875 875 805 805 805 769 769 836 782 782 782 782 782 758 758 758 681 681 681 681 681 681 706 681 681 681 696 696 618 618 665 665 665 601 601 601 601 601 609 609 609 601 575 575 575 575 558 558 493 493 493 493 493 493 493 493 493 493 493 401 401 452 452 401 401 401 401 401 401 415 386 386 386 365 365 343 343 343 343 344 273 325 325 307 307 260 260 273 273 273 180 180 180 180 180 222 190 190 206 133 133 182 152 152 152 153 57 57 57 120 57 57 57 57 57 57 51 51 43 43 34 12 14 
990 990 971 971 971 875 875 875 926 926 912 912 912 875 875 875 805 805 805 805 805 805 769 769 769 769 769 782 782 782 782 782 758 758 758 758 752 716 716 706 706 681 681 705 618 618 665 665 658 658 658 601 601 627 627 609 609 601 601 580 580 575 575 558 558 493 493 493 493 533 493 493 493 493 493 456 456 401 401 401 401 386 386 386 386 401 386 386 386 386 365 365 365 365 289 320 320 273 273 273 273 273 273 273 273 252 252 252 261 180 180 190 190 190 190 190 190 133 133 133 133 159 144 144 57 57 57 57 35 35 35 80 57 67 57 34 34 34 12 14 
990 990 971 971 971 875 875 875 875 875 912 912 912 912 875 875 805 805 805 805 805 805 805 805 805 815 769 769 769 798 782 782 758 758 764 752 752 716 716 716 706 705 705 705 618 665 665 658 658 658 658 601 601 601 601 601 601 601 559 580 580 580 493 493 493 493 493 543 493 493 493 522 493 493 497 456 456 456 456 456 456 386 424 424 424 401 386 386 386 386 387 289 289 289 289 320 320 320 273 273 281 280 280 280 252 252 252 252 261 252 190 190 196 196 212 207 160 160 133 133 133 159 144 144 57 57 57 57 35 35 35 35 57 57 57 34 34 34 12 14 
990 990 875 875 875 875 875 875 944 875 875 875 912 912 875 882 882 882 837 837 837 837 849 805 805 815 769 769 769 782 782 782 758 758 758 752 752 716 716 716 706 705 706 706 618 665 682 658 658 658 658 601 601 601 601 610 610 610 559 580 580 550 493 493 493 493 493 493 493 493 493 493 493 493 497 456 456 456 456 456 456 386 424 424 424 401 401 386 386 386 387 289 289 289 320 320 345 320 320 320 281 280 280 280 252 252 252 252 261 252 190 196 196 196 196 207 160 160 133 133 133 133 133 133 133 57 57 57 57 35 35 35 35 35 35 35 12 12 12 12 
990 990 875 875 875 875 875 875 875 889 889 875 875 875 875 882 882 882 837 837 837 837 849 805 805 815 769 769 769 782 782 782 758 758 758 752 752 716 716 716 706 706 706 707 618 665 665 665 658 658 658 601 601 601 601 559 559 611 559 580 580 550 550 562 562 493 493 493 493 493 493 493 493 493 497 456 456 477 456 456 456 386 424 424 424 424 401 401 401 386 387 289 320 320 320 332 332 332 332 320 281 280 280 280 252 252 270 252 261 252 190 196 196 196 196 196 196 160 160 174 133 133 99 99 99 99 57 57 57 35 35 81 35 35 58 35 12 12 12 12 
990 990 875 972 875 875 875 875 875 889 889 889 889 889 889 889 889 837 837 837 837 837 837 844 805 815 815 815 769 769 769 769 769 758 758 752 752 716 716 716 706 706 707 707 618 618 665 665 658 659 659 601 601 601 559 559 559 559 559 559 559 559 550 550 563 493 493 493 493 493 493 493 465 465 465 465 486 465 465 465 386 386 424 424 386 386 386 386 386 386 387 289 289 289 289 289 346 338 320 320 281 281 305 280 280 280 270 252 252 252 190 230 230 190 190 190 190 190 160 160 160 160 99 145 99 99 121 57 57 35 35 35 35 35 58 35 44 35 12 12 
875 875 875 972 972 875 956 945 945 850 850 850 850 889 889 889 889 837 837 837 850 850 837 837 805 805 805 805 805 769 769 765 769 769 765 752 752 716 716 716 706 706 707 707 697 618 665 665 658 659 618 644 559 559 559 559 559 559 559 559 559 559 550 550 550 550 550 493 527 527 527 465 465 434 434 465 465 465 453 453 386 386 386 386 386 386 386 396 396 396 377 377 289 289 357 289 289 338 320 320 320 281 281 281 281 281 270 262 262 190 190 230 190 190 191 191 134 134 134 160 160 99 99 145 99 99 121 57 57 57 90 35 35 35 58 35 35 35 15 15 
875 875 875 972 972 875 875 945 945 850 850 850 850 889 889 889 889 850 850 850 850 850 850 837 837 820 820 805 805 769 769 765 765 765 765 752 752 716 716 716 716 716 716 697 697 618 618 618 658 618 618 644 559 559 559 559 559 612 559 559 559 550 550 568 550 550 550 493 527 465 465 465 513 434 434 465 465 478 453 453 453 386 386 441 386 386 386 386 402 377 377 377 353 353 353 353 289 338 289 289 289 289 289 289 289 248 270 262 262 190 190 190 190 190 190 191 134 134 134 175 99 99 99 99 99 99 121 57 57 57 90 35 35 35 45 45 45 15 15 16 
875 875 875 973 973 875 875 850 850 850 850 850 850 889 889 850 850 850 876 850 850 860 820 820 820 820 821 805 805 769 769 783 744 744 744 744 744 737 737 737 716 716 716 697 697 618 618 618 618 618 644 644 559 559 559 559 559 559 559 559 559 550 550 550 550 550 550 493 527 465 513 513 513 434 434 434 434 434 453 453 386 386 386 386 386 386 386 386 386 377 377 377 353 354 354 354 289 289 289 289 289 290 290 248 248 248 270 270 248 248 248 190 190 190 190 191 134 134 134 175 99 99 99 99 99 99 99 112 99 99 68 68 45 45 45 15 15 15 16 16 
875 875 875 875 875 875 875 850 850 850 850 850 850 913 850 850 850 850 864 864 820 820 820 820 838 821 821 744 744 769 769 783 744 744 744 744 744 737 737 737 716 716 716 689 689 678 678 678 618 618 644 644 644 638 628 559 559 559 559 559 559 559 559 559 559 559 493 493 527 527 513 513 513 434 434 434 434 434 453 453 386 386 386 386 386 386 386 386 386 397 388 353 353 354 347 347 321 321 321 289 289 290 290 248 248 248 248 248 248 240 240 240 223 223 213 191 191 191 134 134 154 154 154 134 134 122 99 112 99 99 68 68 45 15 15 15 16 16 16 17 
875 875 875 875 875 875 875 850 850 850 850 850 850 850 850 900 850 850 864 864 864 820 851 820 820 821 822 744 744 744 744 744 744 744 744 744 744 744 737 737 716 716 717 689 689 678 678 678 671 638 638 638 638 638 628 559 559 613 559 559 559 559 576 498 498 498 493 513 513 513 513 513 513 434 434 434 434 434 453 453 453 453 425 425 425 425 388 388 388 388 388 353 347 347 347 347 321 321 321 321 321 290 290 297 248 248 274 240 240 240 213 213 223 223 213 166 166 166 166 134 154 154 134 134 135 122 99 99 106 99 68 68 45 15 15 15 16 16 16 17 
979 979 979 875 875 875 875 850 850 850 931 850 871 871 900 900 850 850 864 864 864 820 820 820 820 821 821 744 744 744 789 744 744 744 744 744 744 744 744 683 683 683 683 689 689 689 678 678 671 638 660 638 638 628 628 576 576 576 576 576 576 576 576 498 498 498 513 513 513 513 514 514 514 434 434 487 487 434 434 453 453 425 425 425 425 388 388 388 388 389 389 353 347 347 347 347 347 321 321 321 321 290 290 290 290 240 240 240 213 213 213 213 231 213 213 166 166 166 166 134 134 161 134 135 135 122 122 99 99 99 68 68 45 45 45 15 15 17 17 17 
979 979 979 875 875 875 875 850 850 850 850 850 871 871 871 871 871 817 817 817 683 683 683 683 821 821 821 744 806 744 744 777 777 744 744 744 744 744 744 683 683 683 683 683 683 683 683 671 671 638 638 638 638 628 629 576 576 576 576 576 576 576 576 498 498 498 513 513 513 513 514 514 514 487 487 487 479 479 434 457 457 425 425 425 425 388 416 388 388 353 353 353 369 347 347 347 347 298 298 298 298 298 306 290 290 240 275 213 213 241 241 213 213 213 214 166 166 166 176 176 134 134 134 113 113 123 123 113 91 91 91 68 68 68 45 45 15 15 17 17 
991 991 979 979 934 934 934 932 932 932 932 871 871 906 906 817 817 817 877 817 683 683 683 683 683 683 823 744 744 744 744 744 744 744 744 683 683 683 683 683 684 684 684 684 684 684 684 671 666 666 638 645 645 628 628 576 576 576 576 576 576 576 576 498 498 498 498 498 498 498 498 498 514 487 487 487 479 480 434 457 434 434 388 388 388 388 388 388 388 353 353 353 353 347 347 347 298 298 308 308 322 298 298 240 291 240 240 213 241 241 241 241 197 197 214 166 166 166 166 166 166 134 134 113 113 113 113 113 91 91 91 52 52 52 45 45 15 15 17 17 
940 940 980 980 934 934 934 932 932 871 871 871 871 906 907 817 817 817 817 817 683 683 683 683 683 683 823 744 744 770 770 770 744 744 744 683 684 684 684 684 684 718 718 661 661 661 661 671 666 666 638 638 646 628 628 576 576 576 596 539 539 539 539 569 498 498 498 498 498 498 498 498 498 498 498 479 479 480 434 434 434 434 442 442 388 388 388 388 388 378 378 378 353 347 347 347 298 298 308 308 308 308 298 240 240 240 240 213 241 241 241 197 197 197 166 166 166 183 183 146 167 146 146 113 113 92 92 114 91 91 91 52 75 52 45 45 15 36 17 17 
940 940 940 940 934 934 934 934 871 871 871 927 871 906 907 817 817 883 817 817 683 683 683 683 823 823 823 770 770 770 790 744 744 744 766 683 683 683 684 684 727 718 718 661 661 661 661 671 671 666 638 638 628 628 630 576 576 576 596 539 539 539 539 569 498 498 498 538 538 479 479 479 479 479 479 479 466 466 466 458 458 434 434 434 434 388 388 388 403 378 390 298 353 347 347 339 339 298 298 309 309 309 298 298 276 276 276 213 213 241 241 197 197 197 197 197 197 183 183 146 146 146 146 146 92 92 92 92 92 91 91 52 75 52 59 15 15 36 17 17 
940 940 940 940 934 963 934 934 871 939 871 871 871 906 871 871 817 817 817 817 817 683 683 683 823 823 770 770 790 790 790 744 778 744 683 683 683 683 745 723 723 723 690 690 661 661 661 661 661 666 638 651 630 630 630 596 596 596 596 596 539 539 538 538 498 498 498 538 538 479 479 479 515 479 479 479 466 466 466 458 458 443 443 443 435 388 417 388 403 378 390 298 353 353 353 339 339 339 298 309 309 310 276 276 276 213 213 213 213 241 241 197 197 197 197 192 192 192 177 177 147 147 147 147 76 76 92 92 92 92 92 52 75 52 52 15 15 15 27 18 
940 940 934 934 934 963 871 871 871 933 933 871 871 871 871 871 817 817 817 870 817 852 852 683 683 833 770 816 790 790 790 744 744 744 683 759 745 745 745 723 723 723 690 690 661 661 661 661 661 661 661 651 630 630 596 596 596 596 596 596 539 539 538 538 538 538 538 538 538 479 479 479 479 479 479 479 443 443 466 466 443 443 443 443 435 388 388 388 403 378 378 298 298 298 298 339 339 298 298 326 309 309 276 276 276 213 213 232 232 232 232 232 232 197 197 192 198 193 177 177 147 147 147 147 76 76 76 76 76 52 52 52 52 52 52 15 15 18 18 18 
940 940 934 934 934 934 871 871 933 933 871 871 871 871 908 871 817 817 817 870 817 817 817 845 683 683 770 770 799 799 770 770 770 770 683 745 745 723 723 723 723 723 690 690 690 661 661 672 672 667 651 651 622 622 596 596 596 596 596 596 539 538 538 570 538 538 538 544 539 479 479 479 479 488 488 494 443 443 443 443 443 443 443 435 435 370 370 370 370 370 378 378 358 358 298 298 339 298 309 309 309 309 276 276 276 213 213 232 232 232 232 232 232 192 192 192 193 193 76 76 155 147 147 147 76 127 76 76 76 52 52 52 52 69 28 28 28 18 18 18 
940 940 974 974 974 934 934 871 871 871 871 924 924 908 908 871 890 817 817 817 817 817 817 845 683 683 824 770 770 770 770 683 683 683 683 745 745 723 723 723 724 724 690 691 690 661 661 667 667 667 651 652 622 631 631 596 596 596 602 539 539 538 538 538 538 539 539 539 539 479 479 479 488 488 488 494 443 474 474 443 443 443 443 435 435 370 418 370 370 370 358 358 358 358 358 298 298 298 309 309 309 309 276 276 292 213 232 232 232 253 192 192 192 192 208 208 193 193 76 76 155 155 155 76 76 127 76 76 76 52 52 52 52 52 28 28 28 28 28 18 
940 940 940 940 940 964 934 934 934 934 934 884 884 908 908 871 871 817 817 817 817 861 839 839 683 683 824 683 683 683 791 683 745 745 745 745 745 723 723 723 690 690 690 691 690 690 667 667 668 668 651 651 622 622 622 622 596 596 602 539 539 539 539 539 564 539 539 539 479 479 488 488 488 505 488 488 443 443 443 443 444 444 444 444 435 370 370 370 370 370 358 358 358 358 333 333 333 340 333 327 192 192 276 276 292 213 213 213 192 192 192 242 224 224 208 193 193 193 76 76 76 155 155 76 115 115 115 115 76 76 76 76 76 52 52 52 37 37 18 18 
995 940 940 981 940 934 934 934 934 934 934 884 884 884 884 884 871 871 871 871 817 839 839 839 839 683 683 683 807 683 683 683 745 745 745 745 690 723 723 738 690 698 698 691 691 691 667 667 667 667 651 651 622 622 619 619 619 545 545 539 539 539 539 539 564 539 539 539 479 479 488 488 488 488 488 488 488 443 443 443 444 409 409 409 435 426 370 370 370 370 370 379 370 333 333 333 333 333 333 327 192 192 276 276 292 282 192 192 192 192 192 224 224 208 208 193 193 193 76 76 76 76 156 76 115 115 115 82 82 100 37 37 37 60 60 37 37 38 18 18 
985 985 985 940 940 934 934 934 934 940 884 884 884 884 884 884 891 871 871 817 817 839 839 839 839 825 825 793 793 784 792 784 745 745 745 745 690 690 690 690 690 698 698 691 691 667 667 667 667 667 651 651 647 619 619 545 545 545 545 539 539 577 577 539 539 539 539 539 539 479 506 488 488 488 488 488 488 443 443 444 444 409 451 409 409 426 370 370 391 391 370 370 370 333 333 333 333 333 327 327 192 192 192 282 282 282 192 192 208 208 208 224 208 208 215 76 76 76 76 76 168 76 76 76 76 76 76 82 82 82 82 82 37 37 37 37 38 38 18 18 
985 966 966 940 940 965 934 934 940 940 884 884 884 884 884 884 884 884 817 817 825 825 839 839 839 825 825 793 793 784 792 784 745 745 745 745 699 699 699 699 699 699 698 698 698 667 685 667 667 667 619 619 647 619 632 545 545 545 545 545 539 577 539 539 560 560 539 539 539 479 506 488 488 488 488 488 443 443 443 444 444 409 409 409 409 409 419 391 391 391 370 370 371 333 333 348 348 327 327 328 192 192 192 192 192 192 192 192 208 254 208 208 208 225 162 162 162 162 162 162 162 162 76 76 76 128 76 76 107 101 37 37 37 37 37 37 38 38 18 18 
985 966 966 966 940 940 940 940 940 884 884 884 884 884 884 884 884 885 817 825 825 825 825 825 825 834 825 793 793 784 784 784 745 745 699 699 699 739 739 739 728 699 699 699 699 667 667 667 667 667 619 647 647 619 632 545 545 545 545 545 539 539 539 545 545 545 545 545 479 479 506 506 506 506 488 488 443 443 443 404 404 404 404 404 404 409 409 391 391 391 391 327 327 327 327 327 327 327 328 328 192 192 283 283 293 263 263 263 208 208 208 208 162 162 162 162 162 162 162 162 169 76 76 148 124 124 124 76 107 101 37 37 37 37 37 39 39 39 18 18 
966 966 966 966 940 940 950 950 884 884 884 884 884 884 884 901 884 817 817 817 817 817 825 825 825 825 825 793 793 784 784 699 699 699 699 699 699 699 719 719 728 719 719 699 699 667 667 667 619 619 619 619 619 619 545 545 545 545 545 545 545 545 545 545 565 545 545 545 479 479 479 479 479 507 488 488 443 443 404 404 404 404 404 404 404 404 409 409 404 392 392 327 327 327 327 327 327 327 327 283 283 283 283 283 283 263 263 263 263 208 208 208 162 216 216 162 162 162 162 162 162 76 148 148 124 124 76 76 101 101 37 83 37 37 37 18 18 18 18 18 
966 966 966 966 966 966 950 950 884 884 884 884 914 914 884 884 884 817 817 817 865 817 817 817 817 817 817 817 793 793 793 699 699 699 699 699 699 699 719 719 719 719 720 699 699 667 667 667 619 619 619 619 619 619 545 545 545 545 545 545 565 565 565 565 565 545 545 545 479 479 479 479 479 507 488 488 489 443 404 404 404 404 404 404 404 404 404 404 404 392 392 327 327 327 327 327 327 327 327 283 283 283 283 283 283 283 263 263 263 208 208 208 162 162 162 162 162 162 162 162 162 76 76 76 76 76 76 116 101 101 37 37 37 37 37 18 18 18 18 18 
