991 991 986 954 954 954 954 890 890 890 890 890 890 890 903 714 714 714 714 714 856 714 714 816 816 816 714 714 714 714 714 714 714 714 714 714 714 627 627 627 698 691 655 655 655 655 655 655 649 521 521 521 521 521 599 599 561 561 561 573 561 561 539 539 539 519 519 480 480 480 480 480 480 426 426 451 451 373 373 373 373 373 373 373 373 373 382 373 333 333 333 333 333 333 305 305 305 305 239 239 239 274 239 239 239 239 246 239 172 172 172 172 172 172 172 183 144 144 144 104 104 104 104 55 55 55 55 55 55 55 55 55 55 55 40 40 1 1 1 1 
986 986 986 954 954 890 890 890 890 890 927 911 911 890 714 714 714 714 714 714 714 714 714 714 714 714 714 714 714 714 714 775 714 714 714 714 714 627 627 627 691 691 655 655 655 655 521 521 649 521 521 521 617 521 521 570 570 570 561 561 561 562 539 539 519 519 480 480 480 480 480 480 480 426 426 426 426 373 373 373 425 373 373 397 397 373 373 373 333 333 333 333 305 305 305 306 306 306 239 239 239 239 239 239 239 239 239 239 172 172 172 172 190 190 172 183 144 144 144 104 104 104 104 55 55 55 55 55 55 72 72 55 55 40 40 41 1 1 1 1 
986 986 986 978 890 890 941 941 890 890 890 911 911 890 714 714 714 714 714 714 714 838 838 838 817 817 808 798 798 776 776 714 714 763 714 714 714 627 627 627 691 692 655 655 674 667 521 521 521 521 521 521 612 612 570 570 591 570 570 570 570 546 546 519 519 532 480 504 504 480 480 426 426 426 426 459 426 373 373 397 397 397 412 397 386 386 305 305 305 305 305 305 305 327 327 306 306 307 239 239 275 275 239 239 239 214 214 172 172 172 172 172 172 190 172 172 144 144 144 144 104 104 104 104 55 55 55 55 72 72 72 59 59 40 40 1 1 1 1 1 
986 986 978 978 890 963 941 941 890 890 890 911 911 890 890 890 714 714 857 857 857 838 838 817 817 808 808 798 798 776 776 714 714 763 714 714 714 627 627 627 691 691 655 674 674 667 521 521 521 521 612 612 612 570 570 600 591 574 574 574 546 546 546 519 519 480 480 480 480 480 480 426 426 426 426 426 426 397 397 397 397 397 412 397 386 386 305 305 305 327 327 327 327 327 328 313 313 239 239 285 275 275 239 239 239 214 214 172 233 172 172 172 172 190 190 172 172 158 158 144 104 104 104 104 104 104 95 95 72 72 72 59 60 40 40 1 1 1 1 1 
992 992 978 979 890 890 955 941 941 890 890 911 911 911 890 890 879 879 803 803 803 803 817 817 826 808 768 768 768 768 776 776 714 714 714 714 714 714 714 627 627 691 655 655 655 667 521 521 521 521 612 612 618 570 591 591 591 574 574 546 546 554 546 546 519 480 480 480 480 480 480 426 426 426 426 426 426 397 397 397 397 397 397 397 305 305 305 368 368 286 286 286 286 286 313 313 239 239 239 239 239 239 239 262 214 214 214 172 172 172 214 214 173 173 173 173 158 158 144 144 104 104 104 104 104 104 95 95 72 72 59 59 40 40 45 1 1 1 1 1 
978 978 978 942 942 890 890 890 890 890 890 890 911 911 879 879 879 803 803 803 803 850 818 818 818 818 768 768 768 768 768 768 768 714 714 714 714 715 715 627 627 691 655 655 655 667 521 521 521 521 612 612 570 570 591 591 591 574 574 546 546 554 554 519 519 533 505 505 473 473 473 473 426 426 426 426 426 443 397 397 397 397 413 359 383 305 305 368 369 286 339 339 339 286 313 313 239 239 239 286 256 256 256 262 214 214 214 240 214 214 214 214 173 173 173 158 158 164 144 151 104 112 112 112 119 104 104 73 73 73 73 40 40 45 45 1 1 1 1 2 
978 978 978 942 942 942 948 948 890 890 928 890 912 912 879 879 879 803 803 803 803 803 818 818 827 768 768 768 768 782 782 700 700 700 700 714 714 715 715 627 627 627 655 655 655 667 521 521 626 521 521 619 570 570 570 570 592 574 574 546 546 519 519 519 533 533 505 505 473 489 489 473 426 426 426 426 452 397 397 397 397 413 413 359 383 383 383 368 369 286 286 286 286 286 286 286 314 286 286 286 256 256 256 262 256 214 214 214 214 214 214 214 174 174 173 158 158 164 144 144 144 112 112 112 112 112 96 96 73 73 40 40 42 42 42 1 34 28 1 2 
934 934 934 972 972 942 948 933 933 890 890 890 912 879 879 879 828 828 828 828 858 803 818 818 827 768 768 768 768 782 700 700 769 700 700 742 699 699 715 627 627 627 680 680 655 655 655 656 626 644 521 619 570 570 570 570 519 519 519 546 546 519 519 519 520 520 505 505 505 489 489 473 426 426 426 426 452 397 397 397 397 413 413 359 368 368 368 368 369 330 330 330 286 329 329 286 286 286 287 287 256 256 256 262 256 214 214 241 174 174 174 174 174 173 173 184 158 158 144 144 145 135 135 112 112 96 96 96 40 40 40 66 42 42 42 1 1 28 1 2 
934 993 934 972 972 942 948 933 933 933 912 912 912 879 879 879 828 828 828 828 858 803 803 827 827 768 768 782 782 782 700 700 769 700 750 699 699 699 699 699 699 627 680 655 655 655 655 656 626 521 521 619 619 570 570 570 519 585 519 519 546 519 519 519 520 520 520 505 505 453 453 473 473 473 465 426 426 426 426 426 426 413 413 359 368 369 369 369 369 330 330 330 286 286 286 286 286 286 263 263 256 256 256 256 256 214 214 241 174 174 174 174 174 173 173 173 173 158 135 135 135 135 40 40 120 96 96 96 40 40 40 66 42 42 42 42 1 1 1 2 
934 934 934 942 942 942 948 933 933 933 912 912 891 891 879 879 828 828 828 828 828 828 803 803 803 784 784 782 782 782 783 700 769 700 750 699 699 699 699 699 699 627 627 655 655 655 656 656 626 521 521 521 521 570 570 570 519 519 519 519 519 519 519 519 520 534 515 515 453 453 453 453 453 453 465 426 426 426 426 426 426 413 413 359 368 359 359 374 359 359 330 330 330 286 286 286 286 286 263 263 269 269 269 214 214 214 241 241 215 215 215 215 174 174 174 174 158 158 135 135 135 40 40 40 120 40 40 97 40 80 66 66 42 42 42 42 1 1 15 2 
934 934 934 942 942 942 942 942 942 934 871 871 891 891 879 879 828 828 828 828 828 828 828 803 803 784 784 782 782 782 700 700 769 700 700 743 699 699 699 699 627 627 627 655 668 668 656 656 626 636 636 626 521 570 570 519 519 519 519 519 519 519 547 547 520 534 515 515 453 495 453 453 453 453 453 453 453 348 348 422 422 422 359 359 368 359 359 374 359 360 330 330 330 334 264 264 264 286 263 263 269 269 269 214 214 214 241 215 215 196 196 196 196 196 191 174 158 158 135 135 135 40 40 40 40 40 40 40 40 80 66 66 15 15 15 15 15 15 15 2 
934 934 934 964 964 964 934 934 934 934 871 871 891 891 891 891 777 777 777 777 777 777 828 803 803 784 784 782 782 782 700 703 703 764 700 700 738 729 699 699 627 627 655 655 668 657 657 657 626 626 626 626 521 601 601 519 519 519 519 519 519 519 547 547 520 520 515 515 453 453 453 453 453 453 453 460 454 348 348 422 348 348 359 359 359 359 359 374 359 330 330 330 330 334 264 264 264 263 263 263 263 263 269 214 214 214 241 215 228 228 191 191 191 197 191 174 174 135 135 135 40 40 40 40 40 40 81 81 2 2 2 2 15 43 43 43 2 2 2 2 
934 934 934 964 964 964 934 949 871 871 871 871 871 871 891 891 777 777 777 777 777 777 828 828 803 803 784 784 784 700 700 703 703 751 751 700 700 729 700 700 700 627 655 655 655 657 627 627 637 637 626 626 521 601 601 601 519 519 520 520 520 520 520 520 540 520 520 481 481 496 453 453 453 453 466 454 454 348 348 348 348 348 348 401 359 359 359 359 359 330 330 334 334 334 264 264 264 263 263 263 263 263 269 214 214 250 215 215 165 165 191 207 191 191 191 174 174 135 135 135 40 140 40 40 121 40 40 81 2 2 74 2 15 2 2 2 2 3 2 2 
994 994 934 934 934 934 934 871 871 929 929 871 871 871 871 871 777 777 777 777 777 777 777 828 828 803 803 784 784 789 703 703 703 751 703 703 700 700 700 701 701 627 655 655 655 627 627 627 637 637 557 557 521 521 521 521 521 521 520 520 520 520 520 520 520 520 520 481 481 481 453 453 453 466 466 454 454 348 433 348 348 348 348 384 384 384 384 361 361 361 330 334 264 264 264 264 315 263 263 263 263 263 263 214 214 214 215 215 234 165 191 207 207 198 146 146 146 135 135 40 40 140 40 40 40 40 40 81 87 2 74 2 15 2 2 2 3 3 2 2 
994 994 973 973 973 956 956 871 929 929 871 871 871 871 904 871 871 871 871 859 859 777 777 777 777 777 803 784 784 784 784 703 703 703 703 703 700 700 716 701 702 627 627 627 627 627 627 627 637 637 557 557 557 557 557 557 593 521 521 521 520 520 520 520 520 520 520 481 506 481 490 453 453 466 454 454 454 348 433 348 348 348 348 384 384 384 384 361 361 361 330 264 264 264 264 264 315 263 263 276 276 276 263 214 214 214 221 221 165 165 191 191 198 198 146 146 146 146 40 40 40 40 40 40 113 40 40 81 81 2 2 2 2 2 2 2 3 3 3 3 
994 994 973 973 973 956 956 871 929 929 871 871 871 871 904 871 871 871 871 859 777 777 846 777 829 777 803 803 784 784 703 703 770 703 752 703 703 701 701 701 669 669 669 627 627 627 627 658 637 637 557 557 620 557 557 557 593 557 557 521 521 521 521 521 521 521 521 481 481 481 490 481 481 454 454 454 454 348 433 433 348 348 348 402 348 348 348 362 362 362 330 264 264 264 264 264 264 263 263 276 276 263 263 221 221 221 221 221 165 165 191 191 198 146 146 146 146 146 40 40 40 40 40 40 113 113 98 98 81 81 2 2 61 2 2 2 16 16 16 4 
995 995 952 952 952 956 956 871 929 929 871 880 880 880 880 880 887 880 859 859 777 777 777 777 829 777 777 777 777 777 703 703 703 703 744 744 703 730 701 701 669 669 669 627 627 627 627 658 637 637 637 557 557 557 557 557 557 557 555 555 555 555 555 522 522 522 468 468 481 481 481 481 481 454 454 454 455 348 434 434 348 348 348 348 348 348 348 330 330 330 330 330 330 335 330 320 264 264 264 276 276 263 263 221 221 221 221 221 221 165 165 216 198 146 146 146 146 146 146 146 146 122 122 98 98 98 98 99 75 75 75 2 46 46 46 2 2 29 4 4 
952 952 952 980 952 952 957 871 871 871 871 880 880 880 905 880 880 880 859 839 839 777 777 819 819 819 809 777 777 777 777 777 703 703 744 744 703 703 703 707 693 693 669 669 627 627 627 627 650 557 557 557 557 557 557 563 563 586 555 555 555 555 522 522 522 522 468 468 468 468 481 481 481 454 454 454 454 348 348 403 403 403 403 348 348 348 348 330 330 363 330 330 330 330 330 320 282 282 264 264 264 277 263 263 221 221 221 221 221 229 165 198 198 175 175 146 146 146 146 146 147 122 122 98 114 114 82 82 75 75 75 2 46 2 2 2 2 29 4 4 
1001 952 952 952 952 952 957 936 871 871 871 880 880 880 881 881 881 881 859 839 839 839 839 819 819 819 809 777 777 777 777 703 703 703 703 703 717 717 703 707 681 681 681 669 669 669 627 627 650 557 638 557 557 557 557 563 563 563 563 563 563 563 522 522 522 522 468 468 468 468 468 474 474 474 454 454 454 348 348 403 403 403 403 403 387 387 348 375 330 363 330 348 320 320 320 320 282 282 282 288 264 264 263 263 221 221 221 242 221 221 165 198 198 175 175 175 175 146 146 146 147 122 122 98 98 115 82 82 75 75 75 2 2 2 5 5 29 29 4 4 
1001 952 952 952 952 957 957 936 871 935 871 913 913 881 881 881 881 859 859 839 839 839 839 839 809 809 809 777 777 777 777 703 771 753 753 703 717 703 703 707 681 681 681 681 669 669 627 650 650 557 557 557 607 607 557 557 575 575 575 575 563 563 535 535 535 522 468 468 468 468 468 474 474 474 454 454 454 348 403 403 404 404 404 404 387 387 348 348 330 330 330 348 320 320 282 282 282 282 282 288 264 264 264 264 221 221 221 221 221 221 165 165 165 165 165 175 175 141 141 152 147 122 127 98 98 115 82 75 75 75 5 5 5 5 5 5 5 4 4 4 
1001 952 952 952 952 957 957 936 871 935 871 913 913 913 892 892 866 866 866 839 839 839 839 840 809 809 809 777 777 777 777 703 703 703 703 703 717 703 703 703 681 681 682 682 669 669 627 650 627 627 557 557 607 607 607 557 557 557 564 564 564 564 535 535 535 522 522 468 468 468 468 474 474 474 454 454 454 348 403 403 404 404 388 388 388 282 282 348 348 348 348 348 320 320 282 282 282 282 282 282 264 264 264 221 221 221 221 221 221 221 165 165 165 165 165 176 176 141 141 141 147 122 127 98 82 82 82 75 75 75 5 5 56 5 5 5 5 4 4 4 
1001 952 952 965 965 965 936 936 871 871 871 913 913 892 892 866 866 866 866 839 839 839 839 840 809 810 810 790 790 790 628 628 703 703 703 718 717 717 717 703 703 628 628 628 670 670 627 627 627 627 627 627 557 557 608 602 557 557 564 535 535 535 535 535 541 523 523 507 507 497 468 474 474 467 467 454 454 348 423 423 388 388 388 405 388 388 282 282 282 282 355 282 282 282 282 282 282 289 289 282 282 278 221 221 221 221 221 221 221 221 221 165 165 199 165 176 176 141 141 141 147 122 127 98 82 82 82 100 75 75 76 5 56 56 47 5 5 17 17 5 
1001 952 952 965 936 936 936 950 871 871 871 920 916 892 892 866 866 866 839 839 851 851 765 765 809 765 765 790 765 765 628 628 703 703 703 718 718 718 718 628 628 628 628 628 651 651 651 651 651 627 627 557 557 557 557 602 557 535 535 535 556 535 535 535 541 523 523 507 507 497 468 474 474 467 467 454 454 348 348 423 388 388 388 376 376 376 282 282 282 282 282 282 289 289 289 289 289 289 289 289 278 278 221 265 221 221 235 235 235 165 165 165 165 199 165 177 177 141 141 147 147 122 127 98 98 82 82 100 76 76 76 5 56 56 47 17 17 17 18 5 
1001 952 987 965 936 936 936 871 871 871 871 920 916 892 892 866 866 866 839 839 839 765 765 765 765 765 765 790 765 765 628 628 628 703 703 719 719 731 719 628 628 694 628 628 651 651 628 628 628 628 628 557 557 557 557 557 557 535 535 535 556 565 535 535 541 535 497 497 497 497 468 474 474 467 467 454 454 348 348 423 423 423 388 376 376 376 282 282 282 282 282 289 289 289 289 289 289 308 289 289 278 221 221 221 221 221 221 165 165 165 165 165 165 165 165 177 141 141 141 141 141 122 127 127 82 82 105 76 76 5 5 5 5 5 47 17 17 17 17 5 
952 952 987 981 951 951 936 871 871 871 866 866 916 892 892 866 882 866 866 866 839 765 765 765 765 765 765 790 765 765 628 628 628 703 703 719 719 719 719 628 628 628 628 628 628 628 628 645 645 645 628 628 557 557 557 557 576 535 535 535 556 565 535 535 535 535 497 497 497 468 468 474 474 475 468 454 454 348 348 348 290 290 388 376 376 376 376 376 278 278 289 289 340 289 289 321 278 278 278 278 278 221 221 221 221 221 221 165 165 165 165 165 165 200 177 177 141 141 141 141 141 122 122 128 82 82 82 76 88 5 5 5 5 5 5 17 17 17 17 5 
952 952 952 981 951 951 936 936 936 866 866 866 916 866 866 866 882 882 867 867 839 847 847 765 765 765 765 765 765 765 765 628 628 628 628 628 628 720 720 628 628 628 675 675 675 604 604 645 604 604 604 629 557 557 557 557 576 576 576 576 556 556 556 524 524 524 524 497 497 468 468 468 468 475 468 456 456 348 348 348 290 290 290 290 377 377 377 278 278 278 278 278 278 278 278 278 278 278 278 208 208 208 208 208 208 247 247 222 222 165 165 165 165 177 177 177 177 141 141 141 141 122 122 122 122 116 82 88 88 82 5 5 5 5 5 30 17 17 19 5 
958 958 952 952 952 951 951 951 936 866 866 866 866 866 893 893 882 882 867 867 839 839 839 839 765 765 791 791 799 765 765 628 628 628 745 745 628 628 628 628 622 695 675 675 675 604 604 604 604 630 604 604 604 604 557 557 557 557 557 557 556 556 524 524 524 524 525 482 482 482 482 482 468 468 468 456 456 348 348 348 290 414 414 290 377 389 377 278 278 290 290 290 290 290 290 278 278 278 278 208 208 279 208 208 208 208 222 222 222 222 222 165 165 177 177 177 178 141 159 122 122 122 122 122 116 116 82 82 82 82 5 5 5 5 5 30 30 30 19 5 
958 958 958 982 952 952 952 952 936 936 866 866 866 914 888 888 888 883 839 839 839 839 839 839 820 820 791 791 799 765 765 765 765 765 745 745 708 708 708 708 622 622 622 675 675 604 604 604 604 630 630 630 604 604 557 557 557 557 557 557 566 566 524 524 524 524 525 482 482 498 491 469 469 469 469 416 439 439 439 290 290 290 290 290 377 377 377 377 278 290 356 290 290 290 290 290 290 290 290 290 208 279 208 208 208 208 222 208 208 208 208 217 165 165 192 165 165 141 141 122 122 122 122 77 77 77 77 77 77 77 77 6 6 6 5 5 5 5 19 5 
958 988 958 982 958 958 958 917 917 937 866 866 866 914 888 888 883 883 839 839 839 839 839 839 820 820 791 791 791 791 754 754 754 754 754 746 708 708 709 709 622 622 622 604 604 604 604 652 604 604 631 631 603 603 603 603 594 557 557 557 566 566 557 548 536 536 482 482 482 498 491 469 469 469 469 416 439 439 439 290 290 290 415 290 290 377 290 290 290 290 356 290 290 290 223 223 223 296 296 208 208 279 208 208 208 208 222 208 208 208 208 208 208 165 165 165 165 165 141 141 141 141 77 77 89 89 89 89 89 6 6 6 62 6 6 35 35 5 19 5 
958 988 958 958 958 958 958 917 917 937 866 866 883 883 883 883 883 872 872 839 839 839 839 839 811 811 811 791 791 754 754 778 755 755 755 746 708 708 709 709 622 622 622 604 604 604 604 652 652 604 631 631 603 603 594 594 594 557 557 557 557 557 557 548 536 482 482 476 476 476 491 469 469 469 469 416 416 290 290 290 290 290 290 290 290 290 290 290 290 290 356 223 223 223 223 223 223 296 296 208 208 208 208 208 208 208 222 208 208 208 201 201 201 201 165 165 77 77 77 77 142 142 77 78 78 78 78 78 78 6 67 67 6 6 6 35 35 5 19 5 
958 988 988 958 958 966 917 917 917 917 917 917 883 883 906 872 872 872 755 755 860 755 755 755 811 811 755 755 800 755 755 755 755 732 732 746 732 732 709 709 622 622 622 676 676 604 604 604 604 604 594 594 594 594 594 604 526 526 526 526 526 526 526 548 536 482 482 476 476 499 476 476 476 476 416 416 416 290 290 435 290 290 406 406 290 290 290 290 290 290 356 223 223 223 223 223 223 297 297 208 208 208 208 201 201 208 208 208 208 208 201 218 202 202 185 185 77 148 148 77 77 77 77 78 78 78 78 78 78 6 67 67 6 6 48 35 35 5 5 5 
958 958 983 983 889 889 917 917 917 917 917 917 917 872 872 872 872 872 755 755 755 755 848 755 755 755 755 755 755 755 755 755 732 732 732 732 732 709 709 710 622 622 622 676 677 604 604 604 594 594 594 594 594 604 604 604 526 526 526 526 526 526 526 536 536 482 482 516 476 476 476 416 416 416 416 461 444 444 290 290 290 290 290 290 290 290 290 290 290 364 223 223 223 223 223 223 223 223 223 208 208 208 208 201 201 201 208 208 230 230 201 218 202 202 185 186 77 77 148 148 148 77 77 78 78 78 78 78 90 6 6 6 6 6 6 6 6 6 6 6 
958 958 983 983 889 889 917 917 917 917 917 872 872 872 872 872 872 872 868 868 755 755 848 785 785 785 785 785 785 785 785 732 732 732 732 709 709 709 721 710 622 622 622 676 671 671 662 604 594 594 594 632 604 604 595 595 595 558 558 558 526 526 526 536 536 482 482 482 508 416 416 416 416 416 461 461 444 416 416 416 416 416 416 349 349 349 349 349 223 223 223 223 223 223 223 223 223 223 223 291 270 270 270 201 201 251 201 201 230 230 201 179 179 179 185 179 179 77 160 77 77 77 77 77 77 106 106 78 90 6 6 6 6 49 49 6 6 6 20 7 
958 958 889 889 889 889 861 861 943 917 917 872 872 872 872 872 868 868 868 869 848 848 848 785 785 821 785 785 785 785 785 732 732 732 732 709 710 710 710 710 622 671 671 671 671 662 662 604 594 594 594 594 604 613 595 596 596 558 558 558 526 526 526 526 526 526 526 482 508 416 416 416 416 416 461 416 416 416 351 351 427 351 351 390 390 390 349 349 223 223 292 292 292 292 292 292 309 309 223 291 270 270 201 201 201 201 201 201 236 201 201 179 209 179 179 179 179 77 160 77 77 129 129 129 77 106 78 78 90 6 6 6 6 20 20 6 6 6 20 7 
996 958 889 889 889 889 861 861 943 861 861 872 872 872 872 872 868 868 861 861 848 785 785 785 785 821 785 785 785 785 785 732 732 709 709 709 710 710 710 622 622 622 622 678 678 662 662 604 604 604 594 594 604 595 595 596 558 558 558 558 558 558 558 526 526 526 526 482 482 482 482 482 482 416 416 416 416 416 351 351 351 351 407 390 390 391 349 349 349 223 223 223 341 223 223 292 309 310 223 223 223 270 201 201 257 201 201 201 201 201 223 179 203 203 179 179 179 77 77 77 77 77 130 130 77 106 78 21 21 21 20 20 20 20 20 6 6 31 20 7 
996 958 889 889 889 889 861 861 861 861 861 872 872 872 872 872 861 861 861 861 848 785 785 785 785 821 785 785 792 792 709 709 709 709 723 723 696 710 710 622 622 622 622 622 622 622 622 487 487 604 604 604 604 595 595 596 558 558 558 558 571 558 558 509 509 509 509 509 509 477 477 477 477 477 457 457 457 351 351 351 351 351 407 407 351 351 351 351 349 223 223 223 223 223 223 292 309 292 292 292 223 223 223 201 201 201 201 223 223 223 223 179 203 161 161 161 161 166 161 77 149 77 130 77 77 106 78 21 21 21 20 20 20 20 20 20 20 20 20 7 
996 958 958 958 889 889 861 861 861 938 861 872 872 894 894 894 861 861 861 861 848 848 785 785 785 785 812 709 709 709 709 772 772 766 723 723 696 696 696 696 704 696 622 622 622 622 622 487 487 487 487 487 487 595 595 572 572 582 582 571 571 509 509 509 509 509 477 477 510 477 477 477 477 477 457 457 457 351 351 351 351 351 417 351 351 392 351 351 349 349 349 349 223 223 223 292 292 292 204 204 204 204 223 223 223 223 223 223 224 223 223 179 179 161 162 162 161 166 161 77 149 77 77 77 106 106 78 21 21 21 20 20 20 20 7 7 7 7 7 7 
996 996 889 889 889 967 861 861 861 861 861 872 872 894 861 861 861 884 861 861 861 848 848 785 785 785 709 709 740 740 740 772 766 766 723 723 723 722 722 696 696 696 622 622 622 663 663 487 487 487 487 487 487 595 572 572 572 582 582 571 509 509 509 509 509 509 477 477 477 477 487 487 477 477 457 457 457 436 436 436 351 351 351 351 351 351 351 351 351 204 204 204 204 322 322 322 204 204 204 258 258 204 223 223 223 223 225 225 224 224 224 210 210 161 161 162 161 161 161 77 149 77 77 131 106 117 78 21 21 21 21 21 21 7 7 7 7 8 8 8 
1002 889 889 974 974 930 930 861 861 861 861 861 861 861 861 873 873 884 861 861 861 805 805 805 805 709 709 804 740 740 740 772 766 766 739 739 723 723 723 696 696 683 683 683 622 622 622 633 633 487 487 487 487 572 572 572 572 587 571 571 509 509 509 542 542 477 477 487 487 487 487 488 483 436 436 457 457 436 436 351 351 351 351 351 351 393 351 351 351 357 357 350 204 204 204 204 204 298 298 258 258 204 204 204 223 223 225 225 225 225 225 210 161 161 161 162 162 162 162 77 77 77 77 131 106 106 78 21 21 83 78 21 21 7 7 7 7 7 7 7 
1002 889 889 974 974 930 930 930 930 930 930 861 861 861 873 873 873 884 861 861 862 805 841 841 805 709 709 709 740 740 740 740 740 740 739 739 739 723 723 690 690 683 683 683 622 622 622 633 633 487 487 487 621 572 609 572 572 572 571 571 571 509 509 477 477 477 487 487 479 479 479 483 483 436 436 436 436 436 436 351 351 351 378 378 351 351 351 378 351 342 342 350 204 204 316 316 316 298 298 258 258 266 266 204 204 204 225 225 225 210 210 210 161 161 161 162 162 153 153 153 136 136 77 77 106 106 78 78 78 78 78 21 63 7 7 7 36 7 7 7 
997 997 889 974 974 889 889 889 944 889 889 861 861 861 873 873 873 884 861 861 805 805 841 841 805 805 805 740 740 740 786 740 740 740 747 747 740 690 690 690 690 683 683 683 672 672 622 622 633 487 487 487 487 572 572 572 572 572 572 571 571 477 477 477 543 487 487 479 479 479 479 483 483 436 462 462 428 428 428 428 428 378 378 378 378 378 378 378 351 342 342 342 342 311 311 311 311 311 258 258 258 266 266 204 204 204 225 225 237 210 210 210 161 161 161 153 153 153 153 153 136 136 136 77 77 77 77 101 84 84 10 21 63 7 7 7 7 7 7 7 
997 889 889 974 974 889 889 889 944 889 889 889 907 907 907 873 873 805 805 805 805 852 830 830 830 805 805 740 740 740 786 756 756 740 740 740 740 690 690 690 690 659 659 659 672 672 622 622 633 633 633 633 487 610 610 487 487 487 572 571 571 477 559 487 487 487 487 479 479 479 436 436 436 436 428 428 428 441 428 428 429 378 378 378 398 394 378 378 351 342 343 343 343 311 311 311 258 258 258 258 266 266 266 266 204 204 237 237 237 226 226 210 210 153 153 153 64 167 64 64 143 143 64 64 107 107 77 77 84 84 10 21 21 7 7 21 21 21 21 9 
997 889 889 889 889 968 889 889 889 889 889 889 907 907 873 873 873 805 805 805 830 830 830 831 831 805 805 805 756 756 756 756 756 756 756 711 711 711 724 690 690 659 659 659 672 672 622 639 639 639 639 487 487 610 610 487 487 487 572 572 572 477 477 487 487 487 487 479 479 479 436 484 428 428 428 441 441 441 440 429 429 378 378 394 394 394 351 351 351 342 342 342 344 311 311 311 258 258 258 258 283 280 204 204 204 252 204 204 204 226 226 210 210 153 193 64 64 64 64 64 143 64 64 64 64 107 107 77 91 10 10 68 21 21 21 21 21 21 9 9 
997 998 889 889 889 968 889 889 889 889 889 921 873 873 873 895 873 873 873 805 830 831 831 831 832 756 756 756 756 756 756 779 756 756 757 711 725 711 711 690 690 659 659 659 672 672 622 639 639 639 639 487 487 487 487 487 487 487 572 572 487 487 487 487 479 479 479 479 500 500 436 484 428 428 428 441 445 445 440 429 429 399 399 394 395 395 351 351 351 365 351 351 300 300 300 323 258 299 299 283 283 280 204 204 204 204 204 238 204 204 226 210 211 153 153 64 64 64 163 64 64 64 137 64 64 107 107 77 10 10 68 68 50 50 21 21 32 32 9 9 
997 889 889 889 889 889 889 889 889 889 889 921 873 873 889 889 889 806 806 806 830 831 806 806 832 756 756 756 756 793 756 756 756 757 757 711 725 733 711 711 690 659 659 659 672 672 622 639 639 646 639 577 577 614 487 487 487 487 487 487 487 487 549 549 479 479 517 517 436 436 436 484 428 428 428 441 441 441 441 429 429 399 399 394 394 394 379 379 351 351 351 352 300 336 300 300 258 258 258 283 280 280 204 204 204 248 248 238 238 204 204 210 211 204 153 153 153 153 153 64 64 137 137 64 77 77 77 77 10 10 10 10 50 50 50 32 32 32 9 9 
997 889 989 889 889 889 939 889 889 922 889 889 889 889 889 889 889 806 806 806 830 831 806 806 806 806 806 806 756 756 756 757 757 757 711 711 725 690 690 690 690 697 659 659 622 622 622 622 639 639 639 577 577 577 605 605 487 487 487 487 487 487 549 479 479 479 517 517 436 436 436 484 428 428 428 428 428 441 441 399 399 399 399 394 394 394 379 379 300 300 352 352 300 300 300 300 258 258 258 283 280 280 204 204 204 248 204 204 204 204 204 210 211 204 168 168 168 168 153 153 137 137 137 64 77 77 77 85 85 85 79 10 50 50 50 32 32 32 9 9 
997 889 889 889 975 889 939 939 939 922 922 922 918 915 806 806 806 806 806 870 830 830 806 806 806 773 773 807 756 756 757 757 757 711 711 725 725 690 690 705 697 697 659 684 622 622 622 622 622 622 640 577 577 577 487 487 487 487 567 567 567 567 549 479 479 537 527 436 436 436 436 484 428 428 418 418 428 399 399 399 430 399 399 408 399 300 300 300 300 300 300 300 300 300 300 300 300 300 258 258 258 258 204 204 204 248 204 204 204 204 204 210 211 204 168 168 168 169 153 153 137 137 137 64 77 77 108 69 69 69 79 10 10 10 10 10 10 10 22 10 
997 889 889 889 889 889 953 953 939 939 918 918 918 915 806 896 806 806 806 870 830 830 806 833 833 773 773 773 773 773 757 757 757 711 711 725 725 734 690 705 705 659 659 684 622 622 664 622 622 622 640 577 577 577 487 606 487 487 567 567 567 549 549 550 479 479 527 436 436 436 436 484 484 418 418 418 418 418 418 430 430 399 399 399 399 300 370 300 300 366 317 317 345 317 317 317 317 300 300 258 258 258 204 204 204 227 227 227 204 204 204 204 204 204 168 168 168 169 153 153 138 138 138 64 77 77 77 69 69 69 69 69 51 51 51 37 37 10 10 10 
997 997 822 822 822 822 953 953 822 822 822 822 822 915 806 806 806 806 806 870 830 806 806 833 833 773 773 773 773 773 757 757 711 711 711 748 725 690 690 705 705 659 659 659 659 622 622 622 653 622 622 622 622 577 487 487 487 577 577 549 549 549 479 479 479 479 527 436 436 479 479 479 418 418 470 418 418 446 418 418 418 418 418 300 300 300 370 370 370 317 317 317 317 317 318 318 318 300 300 258 258 258 271 258 258 227 227 227 227 227 227 204 204 205 168 168 168 102 102 102 138 138 138 64 77 77 77 69 69 70 70 70 51 51 37 37 23 23 11 11 
997 997 822 976 976 822 822 822 822 923 923 923 822 915 908 806 806 806 806 806 830 806 842 842 822 822 773 773 794 794 757 757 711 767 758 725 725 690 690 690 685 685 659 659 659 623 623 623 623 647 623 623 623 577 577 577 577 577 577 549 549 479 479 551 479 479 479 479 479 479 492 479 418 418 470 447 447 446 418 418 419 418 418 300 300 300 380 380 317 317 317 317 317 324 324 324 319 284 284 258 258 258 258 258 227 227 227 243 227 227 212 212 212 205 102 102 102 102 102 102 138 64 64 64 77 77 109 69 69 64 64 64 64 51 37 37 23 23 11 12 
1003 822 822 969 969 969 822 822 945 923 931 924 822 908 908 806 806 806 874 806 806 806 842 822 822 823 773 787 787 787 757 757 735 735 758 725 725 725 690 690 685 685 685 685 659 623 623 623 623 623 623 549 549 549 549 549 549 549 577 577 549 479 479 479 479 479 479 479 437 437 437 479 485 418 470 447 446 446 418 418 419 419 419 409 300 300 380 380 317 317 317 317 317 284 284 284 319 284 284 284 284 245 245 245 227 227 227 180 180 180 212 205 205 205 102 102 154 154 102 102 138 64 64 64 118 118 64 64 64 64 57 57 57 51 52 37 37 23 11 12 
822 822 969 969 977 970 945 945 945 923 923 924 822 822 822 822 822 822 822 822 822 822 822 822 773 773 773 787 801 787 787 735 735 735 735 741 741 725 690 690 690 690 690 686 659 659 659 659 624 624 641 549 578 578 578 588 588 549 549 549 549 479 479 479 544 479 479 479 437 437 437 479 485 418 470 447 446 420 420 420 420 420 420 409 300 300 380 380 317 317 284 284 346 284 293 284 284 284 284 284 245 245 245 245 227 227 244 180 180 180 212 205 205 205 102 102 154 154 154 102 138 64 64 64 118 118 64 102 57 57 57 57 57 51 51 37 37 23 11 11 
822 999 969 969 970 970 945 923 923 923 923 924 822 822 822 822 822 822 822 822 822 773 773 773 773 813 813 787 787 787 787 735 735 735 735 741 741 725 725 686 686 686 686 686 665 665 665 624 624 624 641 549 549 549 578 578 588 588 549 549 479 479 560 479 528 528 528 511 511 437 437 479 478 478 447 447 446 420 420 420 400 400 400 410 400 300 380 381 284 284 284 284 346 284 293 284 284 312 284 284 245 245 245 245 245 253 244 180 180 180 205 205 205 205 102 187 102 102 154 102 102 102 102 64 64 64 64 102 57 57 57 57 57 57 51 37 37 23 23 11 
822 822 984 984 970 970 945 923 923 923 923 923 897 897 897 897 822 822 822 822 822 773 773 773 834 795 795 795 787 787 787 735 735 735 735 735 735 726 726 665 665 665 665 665 665 624 624 624 624 624 624 624 624 549 578 578 578 578 578 578 479 479 479 479 528 528 528 511 511 437 437 479 478 478 447 463 446 420 400 400 400 400 400 400 400 300 380 284 284 284 284 284 284 284 293 284 284 312 284 284 245 245 245 245 245 244 244 180 180 231 205 205 205 205 102 102 102 102 154 154 102 102 102 102 64 64 102 102 92 51 57 57 51 51 51 24 24 24 11 11 
822 822 984 984 946 946 946 946 923 923 923 923 897 897 898 898 822 822 797 797 797 773 773 773 834 795 795 795 795 795 780 780 735 735 759 735 735 726 726 665 665 665 624 624 624 624 642 642 624 624 624 634 549 549 578 578 578 578 578 579 568 568 518 518 528 528 528 437 437 437 437 479 447 447 447 446 446 420 400 431 431 400 300 300 300 300 380 284 284 284 284 293 293 293 293 325 284 284 284 284 245 245 267 267 244 244 244 244 180 180 180 180 180 205 102 102 102 102 102 102 102 139 139 102 102 102 102 92 92 51 65 65 51 51 53 24 24 24 11 11 
822 822 822 822 946 959 959 946 946 940 885 925 897 897 898 898 885 885 797 797 797 843 843 773 773 824 780 780 780 780 780 735 735 735 735 735 735 735 726 665 665 665 624 580 679 580 580 642 642 642 642 634 549 549 549 578 578 578 568 568 568 569 518 518 528 528 528 437 437 437 493 479 447 471 471 446 446 420 400 400 400 400 300 300 337 337 337 337 371 284 284 293 293 293 293 301 301 301 301 245 245 245 267 267 244 244 244 245 195 195 195 180 180 205 102 102 102 102 102 102 102 139 123 123 123 92 92 92 92 51 65 65 65 51 11 11 11 24 24 11 
1004 822 822 822 946 940 940 940 940 940 885 885 897 885 885 899 885 875 875 797 797 843 843 843 773 824 780 780 780 780 788 735 735 735 735 735 735 726 726 665 665 665 624 580 580 580 580 648 648 648 549 634 549 549 549 578 578 578 568 568 518 518 518 518 518 518 518 437 437 437 437 479 447 471 471 446 446 420 420 400 400 400 300 300 337 385 385 337 337 337 337 337 337 337 293 301 301 301 302 245 245 272 272 245 245 245 245 245 195 195 195 180 180 180 180 180 180 102 102 124 124 124 123 92 92 92 92 92 92 51 65 65 65 51 11 11 11 11 11 11 
822 822 822 822 940 940 932 932 940 940 932 885 885 885 885 885 885 875 876 797 863 853 843 843 773 773 773 780 796 796 773 773 735 735 735 726 726 726 727 624 624 624 624 580 580 580 580 648 654 549 549 549 549 549 549 589 578 578 568 568 518 518 552 552 518 518 518 518 501 501 437 479 447 447 447 447 447 447 420 400 400 400 300 337 337 385 385 337 337 337 337 337 337 337 293 293 301 301 293 293 245 272 272 245 259 254 195 195 195 195 195 195 195 180 180 102 102 102 102 124 124 124 123 123 123 71 71 71 93 51 51 51 51 51 11 11 11 11 11 11 
822 822 822 822 940 932 932 932 932 932 932 909 909 909 909 875 875 875 797 797 853 853 843 843 835 773 773 780 773 773 773 773 773 726 726 726 726 726 726 624 624 624 624 624 624 580 648 648 654 549 549 549 611 611 611 589 578 578 568 568 518 518 552 501 501 501 501 501 501 502 437 479 479 479 437 437 420 420 420 420 400 400 300 337 337 337 337 337 337 337 358 337 294 294 331 293 293 293 293 294 245 272 272 245 259 254 195 195 195 195 195 195 195 180 180 102 102 102 102 155 124 124 124 124 124 71 71 71 93 71 71 71 51 51 11 11 11 11 11 11 
960 822 822 822 940 932 940 932 932 919 919 909 909 909 909 875 875 875 797 853 853 854 835 835 835 773 773 773 773 713 713 713 774 726 726 726 726 726 726 624 624 687 687 687 624 580 648 580 580 580 635 635 580 580 580 589 578 578 580 580 518 501 501 501 512 512 529 512 512 502 437 437 437 437 437 437 420 420 420 420 300 300 300 337 337 396 372 372 372 337 337 337 294 294 294 294 294 294 294 294 245 245 245 245 245 254 195 195 195 195 195 195 195 180 180 188 102 102 86 86 124 124 124 124 125 71 71 71 71 71 11 11 11 11 11 11 11 33 11 11 
960 822 822 985 940 940 940 919 919 919 919 919 909 909 909 900 875 875 797 835 835 854 835 835 835 773 773 802 802 713 713 713 713 760 760 736 736 736 728 624 624 687 687 687 624 580 580 580 580 580 635 635 580 580 580 589 589 589 580 580 518 501 518 518 512 512 512 512 513 502 486 486 486 458 458 437 437 437 437 437 300 372 372 372 372 372 372 372 372 337 353 353 294 303 303 303 303 303 303 249 249 281 245 245 245 195 195 195 195 195 195 188 188 188 188 188 170 170 86 86 86 86 132 132 86 86 86 86 86 86 11 11 11 11 11 11 11 11 11 13 
960 960 960 960 960 960 960 919 947 919 919 919 919 875 875 900 875 886 797 835 835 835 835 836 836 773 773 802 802 797 713 713 713 713 713 749 706 706 728 624 624 624 624 688 624 624 624 660 580 643 643 580 580 580 580 580 580 580 583 580 518 518 518 518 512 512 512 513 513 502 486 486 486 458 458 437 437 437 437 438 372 372 372 372 372 372 337 337 337 337 337 337 294 294 294 294 294 249 249 249 249 268 268 268 249 249 249 195 195 195 213 213 213 156 156 156 170 170 86 86 86 86 132 86 86 14 14 14 14 14 14 11 11 11 13 13 11 11 25 13 
926 926 926 960 960 960 961 919 947 919 919 875 875 875 875 875 875 886 797 797 855 855 797 797 797 797 797 797 797 797 713 713 713 713 713 713 706 706 706 712 706 624 624 624 673 673 624 624 580 643 643 580 615 615 580 580 597 580 580 580 530 530 530 530 530 530 530 513 502 502 486 486 486 458 458 458 458 448 421 421 372 372 372 372 372 372 337 337 337 337 337 337 326 326 294 294 294 249 249 249 249 268 249 249 249 195 195 195 195 195 213 213 213 156 194 189 156 156 156 156 86 86 86 86 14 14 14 14 94 11 11 11 11 11 13 13 13 13 25 13 
926 926 926 960 960 960 961 919 947 919 919 875 875 875 875 875 877 877 877 797 855 855 797 844 797 797 797 797 797 797 713 713 761 761 761 713 706 706 706 706 706 624 624 624 673 673 624 624 580 643 643 580 615 615 581 581 581 581 581 581 530 530 530 530 530 531 531 513 502 502 486 486 486 448 448 458 458 448 421 421 421 421 421 326 326 326 326 326 326 326 326 326 326 326 326 326 249 249 249 249 268 268 249 249 249 195 195 195 195 195 195 195 195 156 156 189 156 110 110 110 86 86 86 133 14 14 14 14 14 11 11 11 11 11 54 13 13 13 13 13 
926 926 926 926 960 960 961 919 919 919 849 849 849 849 875 875 877 877 878 797 797 797 797 797 797 797 797 797 713 713 713 713 761 761 761 713 713 706 706 706 706 624 624 624 673 673 624 624 580 580 580 580 615 615 581 581 581 590 581 581 530 530 530 530 530 513 513 513 514 494 494 442 442 448 448 448 448 448 421 421 421 421 421 326 326 326 326 304 304 304 304 338 338 338 304 304 249 249 249 249 249 249 249 249 249 195 195 195 232 232 195 219 195 195 156 156 156 110 110 110 150 86 86 14 14 14 103 103 14 11 11 11 11 11 11 44 26 26 14 14 
926 926 926 926 971 971 961 849 849 849 849 849 849 849 910 901 849 849 845 845 864 845 845 797 797 814 814 797 713 713 713 713 761 761 761 713 713 706 706 706 706 624 624 624 624 624 624 624 616 616 616 616 616 616 581 581 581 590 581 581 530 530 553 553 513 513 449 449 449 494 494 442 448 448 464 464 442 442 442 432 432 424 326 326 326 326 326 304 304 304 304 338 338 338 304 304 261 261 261 261 261 255 255 249 249 255 195 195 232 232 195 195 195 195 195 156 156 110 110 110 110 110 110 14 14 14 103 103 14 26 26 11 11 58 11 44 26 26 14 14 
926 926 990 926 926 926 961 849 849 849 849 849 849 849 849 901 849 849 845 845 845 845 845 845 797 814 814 797 781 781 781 781 761 761 761 713 706 706 706 706 706 624 624 624 624 624 666 661 616 616 616 616 616 530 530 581 581 530 530 530 530 530 553 553 513 538 449 449 449 494 494 442 448 448 464 464 442 432 432 432 424 424 326 411 326 326 304 304 304 304 347 347 347 304 304 304 261 261 295 295 261 255 255 255 260 255 195 195 195 195 195 195 195 195 195 181 181 110 110 110 110 110 110 134 110 110 110 14 14 26 26 26 11 11 11 26 26 26 26 14 
1000 1000 926 926 926 926 926 926 926 849 849 849 849 849 849 849 849 849 845 865 865 845 845 797 797 825 797 797 781 781 781 781 713 713 713 713 706 737 706 706 706 624 624 624 661 661 661 661 616 616 616 625 625 530 530 530 530 530 584 530 530 530 545 545 513 513 449 449 449 494 494 442 442 442 442 442 442 432 432 432 424 424 326 326 326 326 304 304 304 367 347 304 304 304 332 304 304 261 295 295 261 261 273 255 255 255 195 195 206 206 206 206 206 195 195 181 182 110 110 110 110 110 110 134 110 110 111 14 14 26 26 26 26 26 26 26 38 26 26 14 
1000 926 926 926 926 926 926 926 926 849 849 849 849 849 902 902 849 849 845 845 845 845 849 797 837 797 797 762 762 762 762 762 713 713 713 713 706 706 706 713 689 689 624 624 661 661 661 616 616 616 616 616 616 530 598 598 598 530 530 530 530 530 545 545 545 513 449 449 449 503 449 449 449 449 449 449 449 449 432 432 432 326 326 326 326 326 304 304 367 367 304 304 332 332 332 304 304 261 261 261 261 261 273 255 255 206 206 206 206 206 206 220 206 206 181 181 182 110 110 157 110 110 110 110 126 110 111 14 14 26 26 14 14 14 14 14 14 14 27 14 
1000 926 926 926 926 926 962 926 926 926 926 926 849 849 902 902 849 849 849 849 849 849 849 797 797 797 815 762 762 762 762 762 762 762 762 713 713 713 713 713 689 689 689 689 661 661 661 616 616 616 616 616 616 530 530 530 530 530 530 530 530 530 545 545 545 513 513 513 449 449 449 449 449 472 472 449 449 450 432 432 432 326 326 326 326 326 326 304 304 304 304 354 332 332 332 304 304 304 304 261 261 261 261 261 261 206 206 206 206 206 206 181 181 181 181 171 171 171 110 110 110 110 110 110 110 110 111 14 14 14 14 14 14 14 39 39 39 14 14 14 
