941 941 956 956 956 956 956 879 879 879 935 888 888 906 906 775 775 775 775 775 775 775 834 834 834 775 775 775 775 775 775 775 775 735 735 735 735 735 735 735 641 641 641 685 685 685 685 685 677 649 649 649 649 618 618 618 618 567 567 567 578 578 567 532 532 532 532 532 507 507 507 413 413 413 478 478 435 435 435 435 435 435 422 422 413 290 290 290 367 367 367 262 262 262 324 324 262 262 262 262 280 280 262 262 262 187 187 245 210 210 210 163 163 163 163 163 163 163 163 129 129 129 129 129 34 34 34 34 34 34 34 66 66 18 18 18 18 18 18 1 
941 941 941 941 941 956 956 879 879 879 935 888 888 888 888 775 775 775 775 775 775 775 834 775 775 775 817 775 775 789 789 735 735 735 735 735 735 735 735 735 641 641 641 685 685 685 693 686 677 649 649 649 649 618 618 567 567 567 567 567 567 567 567 532 532 532 532 532 507 507 507 413 498 413 478 435 435 435 435 435 435 435 422 413 413 290 394 290 367 354 354 262 262 262 262 325 262 262 262 262 262 262 262 269 187 187 187 187 210 210 210 163 163 163 186 186 34 34 129 129 129 129 129 34 34 115 79 79 79 87 34 66 66 18 18 18 18 18 18 1 
941 941 941 970 941 941 879 879 879 879 879 888 888 888 888 775 775 775 803 803 775 775 775 775 775 775 724 775 775 775 775 735 776 735 735 723 723 723 723 641 641 641 641 641 641 641 641 686 677 649 649 649 649 567 567 567 567 567 567 567 567 560 560 532 532 532 532 532 507 413 413 413 498 413 478 435 435 435 435 435 413 413 422 413 414 290 290 290 290 354 354 354 262 262 262 262 262 262 262 281 281 262 262 269 187 187 187 187 210 210 210 163 163 163 163 34 34 34 129 129 129 129 129 34 115 115 79 79 79 78 34 73 67 18 18 18 18 18 18 1 
941 941 941 970 970 941 879 950 879 879 879 888 888 888 888 888 888 888 803 803 803 803 845 845 827 827 724 775 775 775 775 735 735 735 723 723 723 723 723 641 641 641 641 711 641 641 641 641 677 649 567 567 567 567 567 567 567 567 604 567 560 560 560 532 532 533 533 533 507 413 413 413 498 413 413 413 413 413 459 413 413 413 413 413 402 402 290 290 290 354 354 354 354 262 262 262 262 262 262 281 281 281 269 269 187 187 187 187 187 231 210 210 163 201 163 34 176 34 129 129 147 129 129 34 34 34 34 79 79 78 34 34 67 18 18 41 18 1 1 1 
941 941 941 971 971 941 879 879 879 879 879 923 923 888 888 888 888 888 803 869 803 803 845 827 827 724 724 790 790 790 790 724 724 724 723 723 723 723 723 723 723 641 641 711 641 641 641 641 677 649 567 567 567 567 567 567 596 567 567 567 560 560 560 560 524 524 524 524 507 507 507 507 464 464 464 471 471 413 413 413 415 415 413 413 402 403 290 290 290 290 290 355 355 326 326 326 232 232 232 232 232 232 269 269 187 187 187 246 187 187 187 210 163 163 163 34 176 34 34 147 147 34 34 34 34 34 34 79 79 78 78 34 34 59 18 18 18 1 1 1 
988 988 980 971 971 941 957 951 879 879 879 923 923 888 888 888 893 888 803 803 803 803 827 827 835 724 724 724 724 724 724 724 724 724 723 723 753 723 723 723 723 641 711 711 641 641 641 677 677 649 649 567 567 567 567 596 596 596 596 596 524 524 524 524 524 524 534 524 524 524 499 499 464 464 464 464 464 464 415 415 415 415 402 402 402 403 290 290 290 290 290 290 290 326 326 232 232 310 232 232 289 232 232 232 232 232 251 232 232 187 187 210 210 202 34 34 34 34 34 147 147 34 34 34 34 34 105 79 79 79 79 34 34 59 33 33 33 1 1 1 
980 980 980 941 941 941 941 951 879 879 879 928 924 888 907 888 888 888 803 803 803 803 827 827 827 827 724 724 724 724 724 724 724 724 724 760 753 723 723 723 723 641 641 641 641 641 641 677 677 649 649 650 650 641 596 596 619 596 597 597 524 524 524 524 524 524 534 524 524 499 499 499 499 464 464 464 464 464 415 450 415 415 415 415 415 311 311 290 290 290 290 290 290 290 326 232 232 232 232 232 232 232 273 252 252 232 232 232 232 187 187 187 187 202 34 34 34 34 34 34 34 34 34 34 105 105 105 19 19 79 79 34 34 59 33 33 33 1 2 2 
980 980 980 941 941 941 941 951 879 888 888 888 924 888 888 888 803 803 803 870 803 837 837 836 836 803 803 813 724 724 724 724 768 768 724 724 753 723 723 723 723 723 641 641 641 641 641 641 649 649 664 641 641 641 596 596 596 596 524 524 524 524 524 540 524 524 534 534 499 499 484 484 484 493 464 464 415 415 415 415 415 415 415 404 404 311 311 374 374 374 290 290 290 290 326 290 290 290 290 232 232 232 273 252 252 252 252 232 232 187 187 216 187 202 187 187 177 34 148 148 34 34 34 34 34 19 19 19 19 19 19 19 34 34 34 34 34 1 2 2 
980 980 980 941 941 941 941 951 879 879 888 888 924 888 888 888 803 803 803 803 803 837 837 836 836 803 803 803 803 768 768 768 768 768 768 724 724 724 723 723 723 723 641 700 700 700 641 641 649 649 649 641 641 641 631 631 598 598 524 524 524 524 524 540 540 546 534 534 499 499 484 484 484 484 484 415 415 415 415 415 415 415 430 404 404 404 311 374 282 282 282 282 290 290 290 290 290 290 290 290 290 232 232 252 252 252 232 232 236 232 216 216 187 187 187 177 177 34 148 148 148 34 34 130 34 19 106 19 19 19 68 19 19 34 34 42 35 1 1 1 
993 980 980 941 941 962 941 941 941 879 888 888 888 888 888 888 894 803 803 803 837 837 837 836 836 803 803 803 768 768 695 695 695 695 695 695 695 724 724 724 724 724 641 641 641 701 641 687 649 649 649 649 641 641 631 598 598 579 579 579 524 524 442 442 540 540 540 442 442 499 484 484 484 484 415 415 465 415 415 441 441 404 404 404 404 404 311 311 282 282 282 282 282 342 282 282 290 290 291 291 291 282 232 232 232 232 232 232 232 232 177 177 177 203 177 177 178 34 148 148 148 34 34 34 34 19 19 19 68 68 68 19 19 34 34 35 35 1 1 1 
993 941 941 941 941 941 941 941 942 879 888 888 888 888 888 888 862 862 862 803 837 837 837 837 837 803 804 804 768 768 695 769 769 737 737 737 695 695 736 694 694 694 694 694 641 641 641 641 641 641 641 641 641 631 631 598 620 579 579 579 579 442 442 442 442 547 442 442 442 442 484 484 484 484 415 415 465 465 415 441 441 404 404 404 395 395 395 311 378 282 282 363 282 282 282 282 291 291 291 282 282 282 232 232 232 232 232 232 237 177 177 217 177 177 177 178 178 34 34 34 34 34 34 107 93 93 19 19 68 68 68 19 35 35 35 35 1 1 1 1 
941 941 977 977 941 941 942 942 942 879 888 888 888 888 888 888 862 862 862 803 803 803 803 803 838 803 804 804 804 768 695 769 769 737 737 737 695 695 736 694 694 694 712 694 694 641 641 641 641 641 641 641 641 631 631 598 598 598 598 598 579 442 541 541 442 547 442 479 479 442 484 484 484 484 485 415 465 465 415 442 442 395 395 395 395 311 311 311 378 282 356 356 356 336 336 282 282 282 282 282 283 283 232 270 232 232 237 237 237 177 177 177 177 177 178 178 179 34 34 34 34 34 34 107 119 93 93 93 68 68 68 19 19 19 50 19 19 19 19 3 
941 989 977 977 941 942 942 942 942 879 879 879 902 902 902 806 806 806 862 862 862 803 803 803 803 803 804 804 804 768 695 695 769 769 737 737 748 748 736 736 694 694 712 712 694 694 688 688 668 668 641 641 641 642 631 631 599 599 599 599 579 442 442 541 442 442 442 479 479 442 508 508 442 442 415 415 415 415 415 442 396 395 395 395 311 311 311 311 311 311 311 311 311 336 336 282 282 284 284 284 283 283 232 263 263 218 218 218 218 177 177 177 178 178 178 188 151 151 151 151 34 34 138 107 107 107 107 93 68 68 68 68 68 19 19 19 20 20 20 3 
941 941 941 941 941 942 942 942 942 929 929 879 879 879 902 806 895 806 852 852 852 852 852 803 803 805 804 804 804 768 791 695 695 769 769 737 737 737 737 737 694 694 694 694 704 694 694 668 668 605 605 605 605 642 631 631 599 599 568 568 579 579 442 541 541 442 442 479 479 442 442 442 442 442 415 415 415 415 415 442 396 436 395 395 311 311 387 387 311 375 311 311 311 311 311 282 282 284 302 284 284 284 232 263 263 218 218 218 218 177 177 178 178 204 151 151 151 170 151 151 34 34 138 74 74 107 107 93 68 68 68 68 43 43 43 43 3 3 3 3 
994 941 941 941 941 952 952 952 929 929 929 929 879 879 902 902 806 806 852 852 805 805 805 805 805 805 818 804 804 768 791 695 695 754 754 737 737 737 737 694 694 694 694 694 668 668 668 668 668 605 605 605 605 642 568 568 599 599 568 568 579 579 442 561 541 548 479 479 500 500 500 500 500 442 415 415 466 466 442 442 396 436 396 396 311 311 387 387 311 375 327 327 327 327 311 311 318 284 284 296 284 284 232 218 218 218 218 218 218 218 218 178 204 204 151 152 152 152 152 152 34 34 138 131 74 74 74 93 68 68 68 68 43 43 43 44 3 4 4 4 
929 981 981 929 929 929 929 929 929 940 930 930 879 915 879 879 806 806 806 806 805 805 805 805 805 805 805 805 805 768 768 695 695 754 754 754 754 694 694 694 695 695 694 694 668 702 668 668 668 605 605 605 605 642 568 568 568 568 568 568 568 568 442 442 541 548 479 479 479 500 500 500 442 442 466 466 466 442 442 396 396 396 396 396 311 405 311 311 311 375 327 343 327 327 337 311 311 311 284 296 284 284 232 218 218 218 218 218 233 233 218 218 204 151 151 152 152 152 152 153 34 34 131 131 74 74 74 93 93 74 74 74 43 43 43 3 3 4 4 4 
929 929 929 929 958 958 958 930 930 940 930 931 879 879 879 879 879 879 879 806 805 805 828 828 828 828 798 798 798 798 768 768 695 754 754 694 694 694 743 695 695 695 695 695 668 668 668 605 605 605 605 605 605 642 568 568 568 569 568 568 568 568 442 442 541 541 541 479 479 500 500 500 442 442 442 442 442 442 396 396 443 396 396 396 311 311 311 379 379 327 327 343 343 343 327 327 284 284 284 232 232 232 232 218 218 218 218 218 218 218 218 218 204 151 152 152 152 171 131 131 131 131 131 74 74 74 74 74 74 74 69 69 69 43 43 3 3 3 4 4 
995 929 929 958 958 930 930 930 930 930 930 931 889 889 889 880 880 880 880 806 806 828 828 839 839 798 798 798 798 768 768 768 695 754 754 694 695 695 695 695 725 725 695 695 705 695 695 605 669 669 605 605 605 642 639 568 568 569 568 568 568 568 442 442 525 525 525 479 479 479 479 479 479 479 479 479 396 396 396 443 443 396 396 396 311 311 380 379 379 327 364 364 343 343 327 327 284 284 284 232 232 232 232 232 218 218 218 218 218 218 225 218 204 151 152 152 171 171 131 131 131 131 139 74 120 74 74 74 74 69 69 70 70 43 43 3 3 3 4 4 
995 929 929 958 958 930 930 930 930 931 931 931 889 889 889 880 880 880 880 806 806 828 828 819 819 798 798 798 798 768 768 768 695 694 694 694 695 738 738 738 725 725 695 695 695 695 605 605 605 605 605 658 605 605 639 605 605 569 569 569 569 568 568 442 525 549 525 525 525 525 479 479 501 451 451 451 396 467 396 396 396 396 423 396 396 396 380 379 379 327 327 327 327 327 327 327 274 274 274 274 274 274 274 232 264 218 218 218 218 218 218 218 204 151 151 151 151 151 131 131 131 131 139 74 74 74 74 74 74 69 69 45 45 45 45 3 3 3 5 5 
930 930 930 930 930 930 930 930 930 931 931 889 889 889 889 889 889 889 880 806 863 828 828 819 819 819 819 798 798 762 762 762 695 695 695 761 695 695 695 730 730 706 706 713 706 605 605 605 605 605 605 605 605 605 639 605 605 569 569 588 569 569 569 442 525 525 525 442 442 442 442 509 501 451 451 451 396 396 396 406 406 406 423 423 396 396 380 380 380 327 327 327 327 327 327 274 274 274 274 274 274 232 232 232 264 218 218 218 218 218 218 204 204 193 193 151 151 151 151 121 121 144 108 108 108 74 74 74 74 69 69 45 46 46 45 45 27 27 5 5 
930 930 930 930 930 943 943 943 943 931 931 889 889 889 889 890 890 890 880 806 858 858 819 819 806 806 806 806 806 762 762 762 695 695 695 695 695 695 695 730 730 706 706 706 706 605 605 605 670 605 605 605 605 605 605 605 605 605 605 588 588 570 570 442 442 525 525 442 529 501 501 501 501 451 451 451 468 468 406 406 406 406 431 320 396 396 396 381 381 328 328 328 274 274 274 274 319 274 274 285 285 232 258 258 264 218 218 218 218 218 226 204 193 193 172 172 172 172 121 121 121 121 108 108 108 108 108 69 69 69 45 45 46 46 46 46 27 27 5 5 
930 930 930 930 930 943 943 943 943 931 889 889 889 889 889 880 880 880 880 806 858 819 819 846 806 807 806 806 762 762 762 762 770 770 770 695 695 695 695 695 730 706 706 706 706 678 678 678 670 670 570 570 570 570 570 570 570 570 570 600 570 570 571 442 442 442 442 442 529 501 501 501 501 451 451 451 468 468 406 406 406 416 416 320 320 320 397 381 381 328 328 328 274 274 274 274 274 303 303 285 285 232 232 258 264 218 218 218 218 218 204 204 193 172 172 173 173 173 121 121 121 121 132 132 121 109 109 69 69 69 45 45 46 51 46 46 36 6 6 6 
930 930 930 963 963 931 931 931 931 931 889 889 889 908 908 880 880 880 880 806 806 806 806 806 806 807 814 814 762 799 762 762 770 771 771 695 695 695 695 695 570 570 570 706 706 678 678 678 678 570 570 613 613 613 613 613 613 613 570 570 570 580 442 442 442 442 502 502 502 502 501 501 501 451 451 451 406 406 406 406 406 416 416 416 416 320 320 381 381 328 328 328 338 338 338 328 274 303 303 285 285 232 232 258 258 258 218 218 218 204 204 204 193 172 194 173 173 173 121 121 121 121 121 121 121 109 109 69 69 69 80 45 46 51 51 36 36 6 6 6 
930 930 963 963 963 931 931 931 931 936 936 896 896 896 896 896 880 880 880 806 806 806 820 820 820 807 814 814 762 762 792 770 770 771 771 762 695 744 744 695 570 570 707 707 707 678 678 678 678 570 659 613 613 613 613 621 621 554 554 554 554 554 442 442 442 502 502 502 502 502 501 501 501 451 451 451 406 406 406 406 406 416 416 416 406 406 320 320 320 328 328 328 328 328 328 328 274 312 285 285 285 232 275 232 232 218 218 218 218 204 204 204 193 172 173 173 173 173 121 121 121 121 133 133 97 97 69 69 45 45 80 45 46 52 52 36 37 6 6 6 
896 896 963 963 963 963 931 931 931 936 936 896 896 909 909 896 896 871 871 806 864 806 820 820 820 807 807 807 807 762 792 770 770 762 762 762 695 695 695 695 719 570 570 570 570 570 678 678 570 570 659 659 621 621 621 621 554 554 606 572 572 554 554 554 554 502 502 502 502 502 502 501 501 451 451 424 424 469 406 406 406 406 406 406 406 320 320 320 320 328 328 357 357 274 274 274 274 274 285 285 292 232 232 232 232 218 218 218 218 193 193 193 193 172 173 173 173 173 121 121 121 121 133 133 97 97 69 69 69 45 45 45 46 52 36 36 28 28 7 7 
896 896 896 963 963 896 896 944 944 936 936 896 896 793 793 793 871 871 871 806 806 806 820 820 829 829 820 762 762 762 792 783 762 762 762 762 695 695 695 731 719 719 719 570 570 570 570 570 570 570 570 570 621 632 632 632 554 614 572 572 572 572 572 502 502 502 502 502 502 502 502 510 502 451 451 424 424 424 424 424 424 424 424 424 320 320 320 320 382 344 344 344 344 274 274 274 274 274 274 285 285 285 232 232 193 193 218 218 238 193 219 193 193 172 172 172 172 172 121 121 121 121 97 97 97 97 97 97 69 69 69 69 46 46 36 36 28 28 7 7 
896 896 896 963 963 896 896 896 896 896 896 896 793 793 793 793 871 871 871 806 806 806 820 820 820 830 820 762 762 783 783 783 762 762 762 762 695 695 695 731 731 696 696 696 696 696 696 570 570 570 570 570 621 621 621 633 554 554 572 572 589 502 502 502 502 502 502 502 502 502 502 502 502 451 451 424 424 424 424 424 424 424 424 320 320 407 320 320 320 344 344 344 344 344 274 274 274 274 274 285 285 254 254 254 193 253 253 193 193 193 219 219 211 164 164 164 172 172 121 121 121 121 97 98 98 98 97 97 46 46 46 46 46 46 36 36 28 28 7 7 
896 896 896 896 896 896 953 953 793 793 793 793 793 916 793 793 793 871 871 806 806 806 806 820 820 820 820 762 762 783 783 762 762 762 762 762 695 695 732 732 732 696 696 671 671 671 671 671 671 671 460 460 460 621 621 554 554 554 572 572 589 502 502 502 502 502 535 535 502 526 517 502 502 451 451 424 424 470 424 444 444 424 424 320 320 320 320 388 320 344 320 320 345 345 274 274 320 297 297 297 254 254 254 254 193 193 193 193 211 211 211 211 211 164 164 164 172 172 121 121 121 121 97 88 88 98 98 46 46 81 81 75 38 38 38 38 29 29 7 7 
896 896 896 896 896 896 953 953 793 932 932 932 897 897 793 793 793 871 871 871 806 806 806 820 820 820 762 762 762 762 762 762 763 763 763 696 696 696 696 739 726 726 696 671 671 671 671 671 671 671 460 643 460 621 554 554 460 460 572 572 572 581 550 550 550 502 502 536 502 502 517 502 502 451 451 451 470 470 424 424 424 320 320 320 320 408 320 320 320 320 320 320 320 320 320 320 320 297 297 297 254 265 254 254 254 254 254 181 181 211 211 212 212 164 164 164 164 164 164 97 97 97 97 88 88 88 98 46 46 46 46 75 38 9 9 9 29 7 7 7 
896 896 982 972 972 953 953 953 793 793 897 897 897 897 897 897 897 871 871 871 806 806 793 793 820 820 762 762 762 800 772 772 763 763 763 696 696 696 696 739 726 726 696 671 671 671 671 671 671 671 460 643 460 460 554 460 460 460 460 572 572 581 550 550 550 550 502 502 502 502 503 503 486 486 486 451 470 451 451 451 424 320 320 320 320 408 320 320 320 320 358 358 358 346 320 320 321 297 297 298 254 265 254 254 254 254 181 181 181 181 227 164 164 164 164 164 164 165 165 97 97 88 88 88 122 88 98 98 46 46 46 38 38 9 9 29 29 7 7 7 
990 990 982 972 973 953 953 953 793 793 897 897 793 793 793 793 793 793 872 872 793 793 793 793 793 793 793 793 772 772 772 772 763 763 763 696 696 696 745 696 696 696 696 671 671 679 679 679 679 665 665 643 651 460 460 460 556 556 460 460 460 460 460 562 555 518 518 518 518 518 503 503 486 486 486 451 451 451 451 451 424 320 425 425 320 408 320 320 320 320 358 358 358 346 304 304 304 297 297 254 254 265 265 271 254 254 181 181 181 181 181 164 164 205 164 164 164 154 154 154 97 88 122 122 122 88 98 98 46 46 46 38 9 9 9 29 29 29 7 7 
925 925 982 972 925 925 925 925 793 793 793 793 793 898 898 898 898 793 793 793 793 821 821 821 831 831 793 793 772 777 777 772 772 772 763 696 696 696 745 696 696 696 696 671 671 679 679 679 679 665 665 643 643 643 460 460 556 556 556 460 460 582 460 460 555 518 518 530 530 518 518 503 503 486 486 424 424 424 424 424 424 320 320 320 320 383 383 383 383 359 359 359 346 346 304 304 304 313 254 254 254 254 265 265 254 254 181 181 181 228 181 181 164 164 195 164 164 154 154 154 97 88 88 88 123 88 88 99 94 46 46 38 9 9 47 29 29 29 7 7 
925 925 925 972 925 959 959 925 925 925 925 925 925 898 898 898 873 873 881 793 793 821 821 821 821 821 793 793 808 777 777 777 772 772 763 763 696 696 745 696 696 696 696 671 671 679 679 665 665 665 665 643 643 643 460 460 460 607 556 556 556 556 556 460 460 460 518 518 518 519 519 480 480 480 487 424 452 452 424 424 360 360 432 320 320 383 383 383 383 359 359 359 346 347 304 304 304 313 254 254 254 254 276 265 265 259 255 181 181 228 228 181 180 164 164 164 174 154 154 154 97 140 140 88 95 95 88 88 94 46 46 38 71 9 47 47 7 7 7 7 
925 925 925 925 925 925 925 925 925 925 873 873 873 873 873 873 873 873 873 873 853 853 821 821 821 821 821 793 793 793 793 777 777 652 652 696 696 696 696 696 696 696 720 671 671 652 652 665 665 665 643 643 643 643 460 460 460 607 607 556 556 573 556 556 556 460 518 518 518 519 519 480 504 480 480 480 452 452 452 452 360 360 360 360 360 360 383 383 376 376 359 359 359 304 304 304 304 304 304 276 276 276 276 259 259 259 255 181 181 181 181 181 180 189 189 189 174 174 154 154 97 140 88 88 95 95 110 88 88 88 82 38 71 9 9 9 7 7 7 7 
964 925 925 925 925 925 873 873 873 873 873 917 917 917 873 873 882 882 882 853 853 853 853 821 821 821 821 652 652 652 652 652 652 652 652 696 696 696 696 696 696 720 720 671 671 652 652 665 665 665 643 643 643 615 615 615 622 607 607 537 537 573 573 537 537 460 518 518 480 480 480 480 460 460 460 481 452 452 452 452 360 360 360 360 360 360 360 383 376 376 359 359 360 304 304 304 304 304 276 276 276 276 276 259 259 259 255 181 181 234 181 181 180 189 189 154 154 154 154 155 97 97 88 134 124 95 95 95 95 82 82 38 71 9 9 9 9 9 8 8 
964 964 925 925 925 925 873 873 873 873 873 917 917 917 815 815 815 853 853 853 847 847 847 821 821 821 821 652 652 801 784 784 652 652 652 749 696 696 696 696 696 720 720 652 652 652 652 652 680 660 660 660 615 615 623 615 615 615 537 537 537 537 537 537 537 460 460 460 460 460 511 511 460 460 460 481 452 452 460 445 445 360 360 426 389 389 360 360 360 360 360 360 360 314 314 314 314 314 276 276 276 286 259 259 259 259 255 181 181 181 181 180 180 180 180 180 180 154 154 155 97 97 88 88 124 95 95 96 96 82 82 38 53 53 53 38 38 9 8 9 
996 964 983 964 964 964 945 945 945 873 873 933 917 917 815 815 815 853 853 853 847 848 847 847 652 652 652 652 652 784 784 785 652 652 652 749 749 749 696 696 696 696 652 652 652 652 697 652 652 660 660 660 615 644 623 623 623 537 537 601 583 583 537 537 537 542 542 460 460 460 460 460 460 460 460 460 460 460 460 445 426 426 426 426 389 389 389 368 368 368 368 348 348 314 314 314 314 314 276 276 293 259 259 255 255 255 255 181 181 181 181 180 180 180 196 97 97 97 97 97 97 88 88 88 124 116 89 89 89 89 38 38 53 53 53 38 39 9 9 9 
996 964 983 964 964 964 945 873 873 873 933 933 918 918 815 815 815 815 874 874 847 848 848 848 652 822 822 652 652 784 794 652 652 652 652 652 749 749 696 696 696 696 652 652 652 672 672 672 652 652 652 652 615 615 624 624 624 537 537 537 583 583 537 537 537 542 537 537 494 494 494 512 460 460 460 460 460 460 445 445 426 437 433 389 389 389 389 368 368 368 348 348 348 348 293 293 293 293 293 293 293 259 259 255 255 255 247 247 181 181 181 181 181 196 196 97 97 156 156 88 88 88 141 124 124 116 89 89 54 54 38 38 38 38 38 38 21 21 21 10 
996 964 964 964 964 964 945 873 873 910 910 934 918 918 815 815 840 815 874 874 847 854 652 652 652 652 652 652 652 784 794 652 652 773 652 652 749 749 696 696 727 727 652 652 652 672 672 672 672 661 661 652 652 615 615 615 590 590 590 537 583 583 537 537 537 537 537 537 494 494 494 494 460 460 460 460 445 445 445 453 426 426 433 389 389 389 389 389 348 348 348 365 255 255 293 293 255 255 255 255 255 255 255 255 255 255 247 247 181 181 181 181 181 181 181 190 97 156 156 88 88 88 124 124 125 116 54 54 54 54 54 54 54 54 54 21 21 10 10 10 
945 945 945 945 945 945 945 873 873 910 910 910 910 910 910 840 840 815 847 847 847 854 652 652 652 652 652 652 652 652 652 652 652 773 652 764 652 652 696 696 652 652 652 652 652 673 672 672 672 661 661 661 615 615 615 615 590 590 590 537 537 537 537 537 537 537 537 537 494 494 520 494 494 494 426 426 445 445 445 445 445 426 348 348 348 409 348 348 348 369 369 365 255 255 293 293 255 287 287 294 294 287 247 247 266 247 247 247 181 181 220 220 206 206 181 181 181 156 156 156 124 124 124 125 125 116 54 54 54 54 54 54 54 54 21 21 40 10 11 11 
945 945 945 978 974 945 945 873 873 873 840 840 840 840 840 840 815 815 883 865 865 854 652 652 652 652 652 652 652 652 755 755 755 773 652 764 652 652 652 652 652 652 652 673 673 673 673 673 672 672 653 653 615 615 615 634 590 590 590 590 590 537 574 537 537 537 537 494 494 494 494 426 426 426 426 426 472 454 454 445 445 426 348 348 348 348 348 348 348 348 348 365 255 255 255 255 255 287 287 287 287 287 247 247 247 247 248 248 239 182 182 206 206 182 182 182 182 156 156 156 124 124 124 116 116 116 111 54 54 54 83 54 54 54 21 21 10 10 11 12 
945 945 945 945 974 873 873 873 873 873 840 926 926 840 840 903 815 815 815 865 865 854 854 809 809 809 809 809 809 755 755 755 755 773 652 652 652 652 652 733 733 652 652 673 673 673 673 673 673 673 653 653 653 634 634 634 590 590 575 575 591 537 537 537 557 537 537 494 494 494 494 426 426 426 426 426 426 454 454 454 426 426 307 307 307 307 398 348 348 348 348 365 255 349 329 329 287 287 287 287 287 287 247 247 247 247 248 239 239 182 182 182 182 182 84 84 84 84 84 84 124 124 111 111 111 111 111 21 21 54 83 54 54 54 21 21 10 10 11 12 
945 945 945 945 873 873 873 873 873 873 840 926 926 903 903 903 884 884 815 815 815 854 854 809 809 809 823 809 809 755 755 755 690 690 690 690 750 750 645 645 645 645 645 698 673 673 698 673 673 653 653 662 645 645 634 634 616 616 575 575 575 575 557 557 557 531 531 531 531 494 494 513 488 488 426 426 426 426 426 426 426 438 307 398 398 398 398 348 348 370 370 255 255 349 329 330 287 287 287 295 295 287 247 247 247 247 248 239 239 182 221 221 213 207 84 191 84 84 166 84 84 124 111 111 21 21 112 21 21 54 54 54 21 21 21 10 10 10 11 12 
945 945 945 945 975 873 873 873 873 873 840 840 926 903 903 903 884 884 884 875 815 859 815 815 832 832 815 815 810 795 795 755 690 755 755 690 690 690 645 645 645 645 645 698 698 698 698 673 673 653 653 645 645 616 616 616 616 617 575 575 575 575 557 563 531 531 531 531 527 527 488 488 488 488 488 426 426 426 455 455 438 438 307 398 398 398 398 390 361 361 255 255 329 329 329 191 191 191 287 287 287 287 247 247 247 191 191 239 239 182 182 182 213 207 84 191 84 84 157 157 84 111 111 111 21 21 21 21 21 21 21 21 21 21 21 10 11 11 11 12 
984 945 945 945 975 873 873 873 873 873 937 840 840 919 840 840 884 840 840 875 815 815 815 815 815 815 815 757 810 795 795 755 778 755 755 755 755 690 746 645 645 645 645 645 645 645 645 689 653 653 653 645 645 616 616 625 625 617 592 592 592 575 557 557 531 531 531 531 527 527 488 426 426 426 473 473 473 426 455 455 438 438 307 398 398 410 390 390 361 361 255 255 255 255 331 191 191 191 287 287 287 267 267 247 247 191 191 239 239 182 182 182 84 207 84 191 157 157 157 158 84 111 111 111 111 100 100 100 21 21 21 21 55 55 55 10 11 11 11 12 
984 984 984 899 899 899 899 840 840 840 840 840 840 840 840 840 840 840 840 840 840 840 840 840 840 815 815 757 757 757 795 755 755 755 756 756 756 690 690 645 645 708 708 708 708 645 645 689 653 653 645 645 645 616 616 625 625 617 592 592 592 575 575 557 557 531 543 531 488 488 488 505 505 426 473 473 426 426 417 417 417 438 307 307 307 410 390 390 361 255 255 255 255 255 331 331 191 191 287 287 287 267 267 267 267 191 191 239 239 182 182 182 84 84 84 191 157 158 158 158 84 145 111 111 111 100 100 100 21 21 21 21 55 55 55 10 22 11 11 12 
984 984 985 899 899 899 899 840 840 840 840 840 840 840 899 899 899 876 876 876 840 840 855 841 841 758 758 758 758 757 757 779 779 751 751 751 751 690 690 645 645 708 708 708 709 645 645 645 645 645 645 654 654 616 616 616 551 617 592 592 592 551 551 551 551 531 531 531 488 488 488 505 505 426 426 473 426 426 417 417 417 438 307 307 307 399 399 361 361 255 332 332 332 332 332 332 191 191 305 287 287 267 267 191 191 191 191 191 191 191 191 191 191 191 191 191 157 158 158 158 84 84 135 135 126 100 100 100 84 84 21 21 55 55 55 10 22 22 22 12 
991 991 985 899 899 899 899 899 899 899 899 899 899 899 899 876 876 876 885 841 841 841 841 841 842 758 758 758 758 757 757 779 779 751 751 751 751 690 690 690 690 708 708 708 709 645 645 645 645 645 645 645 645 646 616 616 551 551 551 551 551 551 551 551 551 551 531 531 488 488 488 495 495 495 426 426 426 426 461 417 417 438 307 307 307 399 399 361 255 255 332 332 332 332 332 332 322 191 191 191 191 191 191 191 240 240 240 191 191 197 197 197 197 197 197 157 157 158 158 158 84 84 84 84 126 100 100 100 84 84 84 76 55 55 55 10 10 12 12 12 
965 965 985 965 965 965 876 876 876 876 876 876 911 911 911 876 900 841 841 841 860 860 849 849 758 758 758 758 758 757 786 786 779 635 635 751 751 751 690 690 690 690 721 690 690 645 645 645 645 645 645 645 645 646 616 616 551 551 608 551 551 371 371 564 371 371 371 521 521 488 488 495 495 495 426 426 417 417 417 417 417 417 417 427 307 307 307 361 361 361 361 361 361 322 322 322 322 306 306 175 175 191 191 222 222 222 240 240 240 197 197 197 197 197 197 157 157 157 157 157 84 84 84 84 84 84 84 84 84 90 76 76 60 60 55 10 10 12 12 12 
965 965 985 965 965 965 876 876 876 876 876 876 876 876 876 876 900 841 886 766 766 766 849 758 758 758 758 758 758 757 786 786 779 635 635 635 635 635 740 740 690 690 721 690 690 690 690 690 635 635 635 645 645 646 616 616 371 371 371 371 371 371 371 564 371 371 371 521 521 521 521 371 371 371 426 426 417 417 417 417 417 439 417 427 307 307 307 307 307 307 307 307 307 322 322 322 323 306 306 175 175 175 175 222 222 222 222 222 222 222 222 222 197 197 149 149 149 157 157 157 142 142 142 136 17 17 17 17 17 17 76 76 60 61 55 10 10 12 12 12 
965 965 965 965 965 946 946 876 876 841 841 841 841 841 841 841 900 841 886 766 766 766 849 758 758 758 758 758 758 757 779 779 779 635 757 757 757 635 635 635 690 690 690 690 710 635 635 635 635 635 635 635 635 646 616 616 371 371 593 593 576 576 371 371 558 371 371 521 521 521 521 371 506 371 371 371 417 417 371 371 417 417 417 427 377 377 377 377 377 377 307 307 307 307 339 307 307 306 306 175 175 175 175 175 222 222 222 241 241 222 222 149 149 149 149 149 149 149 157 157 142 142 136 136 17 113 113 17 17 17 17 17 60 55 55 10 10 12 12 13 
965 965 965 965 965 946 946 876 876 841 841 912 912 912 912 841 841 841 766 766 766 766 766 843 843 758 758 758 758 757 779 779 757 757 757 758 758 635 635 635 635 635 714 714 635 635 699 635 681 635 635 635 635 635 371 371 626 371 593 593 576 576 576 371 371 371 371 371 521 371 371 371 489 489 489 371 371 371 371 371 446 417 417 427 377 377 377 371 371 371 371 316 316 307 307 307 307 315 307 175 175 288 175 175 256 256 256 241 242 149 149 149 208 149 149 149 183 149 149 149 142 142 136 17 17 101 101 101 17 17 17 17 55 55 10 10 10 10 10 10 
947 947 965 965 966 966 946 946 946 841 841 912 912 766 766 766 766 766 766 766 766 766 766 843 758 758 757 757 757 757 757 757 757 757 757 758 758 747 747 635 635 635 714 635 635 691 691 635 681 635 627 627 627 635 635 371 371 371 593 593 593 371 371 371 371 371 371 371 521 371 514 514 489 489 489 447 447 371 371 371 371 417 417 417 417 371 371 371 372 372 372 316 316 316 316 333 307 307 307 175 175 175 175 256 256 256 256 241 242 149 149 149 208 208 149 149 183 149 149 149 142 142 136 17 17 101 17 17 17 91 85 55 55 62 10 10 10 10 10 10 
947 947 947 947 966 966 947 947 947 841 841 766 766 766 766 766 816 766 766 866 866 766 766 843 758 758 757 757 757 802 757 758 758 758 758 758 758 747 747 635 635 635 635 635 691 691 691 635 681 635 627 663 627 627 635 635 627 559 559 559 594 371 371 371 371 371 371 371 371 371 514 514 489 489 474 447 447 447 447 447 371 371 417 417 418 371 371 391 351 351 351 316 316 350 316 333 307 307 175 175 175 175 277 241 241 241 241 241 241 149 149 149 150 150 150 192 149 149 149 149 136 136 136 17 17 101 17 17 17 17 85 55 55 14 14 10 10 30 10 10 
947 947 947 947 976 947 947 948 948 841 841 766 920 920 816 816 816 887 887 766 766 766 766 766 766 758 757 757 757 757 757 758 758 758 765 765 715 715 715 715 715 715 715 715 691 691 691 635 635 635 627 627 627 627 627 627 627 559 609 559 559 584 371 371 552 552 371 371 528 462 462 462 462 496 474 474 474 447 447 447 447 371 434 371 371 371 371 391 351 351 351 351 316 316 316 316 316 316 175 175 241 241 241 241 241 241 241 241 241 149 149 149 150 150 150 192 149 167 149 149 136 127 127 127 17 17 17 17 17 17 77 77 14 14 10 10 10 30 10 14 
947 947 947 947 947 947 913 913 913 913 913 766 766 921 816 816 816 867 867 766 766 766 766 766 766 758 780 780 811 757 757 758 758 758 765 765 715 715 715 715 715 728 715 715 691 691 691 691 635 635 666 627 627 559 559 628 628 559 559 602 559 559 538 538 538 538 371 371 528 462 462 462 462 462 490 474 474 447 447 447 447 371 371 371 391 391 391 391 351 351 351 351 351 351 340 316 316 316 175 175 241 241 241 241 241 241 243 243 243 149 149 149 150 150 192 192 149 167 167 136 136 127 127 127 17 17 17 102 17 17 77 14 14 63 10 10 10 30 10 14 
947 947 947 967 967 967 913 913 913 913 913 913 913 913 913 904 816 867 867 867 766 766 856 758 758 758 780 780 811 757 757 758 758 758 758 765 715 715 715 715 715 728 655 655 655 691 691 655 655 655 666 627 627 559 559 628 559 559 559 602 595 559 538 538 538 538 538 538 528 462 462 462 462 462 490 475 475 447 447 384 384 384 384 428 391 411 391 391 351 351 351 351 351 340 340 316 316 316 175 299 241 241 241 241 241 241 243 229 229 235 229 150 150 150 192 192 149 136 136 136 149 127 127 127 17 17 17 17 17 17 17 14 14 14 10 10 10 10 10 14 
947 947 947 967 967 967 913 913 913 913 913 913 913 922 904 904 816 868 868 867 867 766 856 758 780 780 780 780 811 757 757 758 758 758 758 765 715 715 734 734 715 728 655 655 655 655 655 655 682 655 655 655 655 559 559 559 559 559 559 559 595 559 559 538 538 476 476 476 528 528 462 462 462 475 475 475 462 462 462 384 448 384 384 428 391 391 391 384 384 351 351 334 334 340 340 334 316 316 175 299 175 175 241 241 260 260 229 229 229 229 229 150 150 150 198 149 149 149 149 149 149 127 127 127 92 92 92 17 17 92 17 14 14 14 14 14 14 14 14 14 
992 992 967 967 954 954 954 954 913 913 913 816 816 816 904 904 816 816 868 867 867 766 766 758 758 824 824 780 780 780 796 758 758 758 758 752 752 752 734 734 715 715 715 655 682 682 682 682 682 655 655 655 656 559 559 559 559 559 610 559 559 559 559 565 476 476 476 476 528 528 462 462 462 462 462 462 462 384 384 384 448 384 384 384 384 384 384 384 385 351 351 334 334 334 334 334 308 308 175 175 175 175 241 241 260 260 229 229 229 229 230 223 150 150 198 149 149 149 159 159 127 127 127 127 92 117 92 92 92 92 17 17 64 64 17 17 17 17 23 15 
992 992 967 979 954 954 954 954 938 938 938 816 927 816 816 816 816 816 868 868 868 766 766 825 758 758 758 758 812 780 796 758 758 758 758 752 752 752 734 734 715 715 715 655 655 655 683 683 683 655 655 655 636 636 636 636 610 610 610 559 559 559 559 565 476 476 476 476 476 462 462 462 462 462 491 476 476 384 456 456 384 384 384 384 384 400 400 392 385 334 334 334 352 334 334 335 308 308 308 175 175 175 175 175 175 175 249 249 223 223 223 223 150 150 150 150 150 150 150 160 127 127 127 127 92 92 92 92 49 49 86 17 64 17 17 48 17 17 15 15 
992 992 967 967 968 968 938 938 938 938 938 816 927 816 816 901 901 891 868 868 868 766 850 825 825 825 825 758 758 780 780 780 780 758 758 752 752 718 718 734 715 715 715 716 655 655 683 674 674 674 667 636 636 637 637 637 610 610 610 559 559 559 559 559 476 476 476 476 476 462 462 462 462 462 491 476 476 384 456 456 384 384 384 429 400 400 392 392 385 334 334 334 352 352 268 268 308 308 308 175 175 175 175 257 257 175 175 175 223 223 223 223 150 150 199 161 161 161 150 150 150 49 49 127 127 49 49 49 49 49 86 17 64 17 17 17 17 31 15 15 
986 986 986 967 968 968 938 938 938 938 938 816 816 901 901 901 901 891 868 877 868 766 850 850 825 825 766 766 758 758 758 758 758 758 758 718 718 718 718 734 734 715 715 655 655 703 674 674 636 636 667 636 637 637 640 610 610 610 610 559 559 577 577 559 476 476 476 476 476 522 522 462 462 482 482 482 476 384 457 457 384 384 384 400 400 412 392 392 385 334 362 362 362 353 268 268 257 257 257 300 175 175 257 257 257 244 244 175 175 175 175 175 175 175 199 161 161 161 161 49 49 49 49 49 49 49 114 49 49 49 86 17 17 17 17 17 17 31 24 15 
986 986 967 967 968 968 938 938 938 938 938 816 816 901 901 901 901 891 868 868 868 766 766 766 766 833 766 766 758 758 758 758 781 766 766 718 718 718 718 603 603 603 722 655 655 655 674 636 636 636 636 636 629 629 629 610 610 610 559 559 559 559 559 559 559 476 476 539 476 476 476 476 476 482 482 476 476 384 384 384 384 400 400 400 419 392 392 392 385 334 334 362 362 353 268 268 257 309 257 257 257 257 257 272 257 244 244 244 214 214 214 214 214 175 175 175 184 175 161 49 49 49 49 128 128 49 49 49 49 49 49 49 49 49 17 17 24 24 24 15 
967 967 967 969 969 969 960 938 938 938 938 816 816 905 905 905 891 891 878 878 766 766 766 766 766 766 766 766 758 758 758 758 766 766 766 766 718 718 718 603 603 603 722 655 655 655 636 636 684 636 636 629 629 629 629 610 610 610 559 559 559 585 559 566 544 544 476 476 476 523 523 515 476 482 482 476 476 386 386 386 449 400 400 400 419 392 392 392 385 334 334 268 268 353 268 268 257 309 309 272 272 278 278 272 257 244 244 244 214 214 214 214 168 168 200 175 175 175 161 161 49 49 49 49 49 49 49 49 49 49 49 49 49 49 49 17 17 32 15 15 
967 967 987 969 960 960 960 938 938 938 816 816 816 905 905 905 891 891 878 878 766 851 851 766 766 766 766 766 766 758 758 787 766 774 718 718 718 718 718 741 603 603 722 717 655 655 636 636 636 675 629 629 647 629 629 629 629 559 559 559 559 559 559 544 544 544 544 476 476 523 523 515 476 482 482 476 476 386 386 386 449 440 386 386 386 386 393 393 385 334 366 268 268 268 268 268 257 317 272 272 272 272 272 272 257 257 257 244 244 214 214 214 168 168 168 168 185 168 168 146 146 137 137 137 49 49 49 103 49 49 49 49 49 65 49 49 17 25 25 16 
997 967 969 969 960 960 938 938 938 938 816 816 816 816 905 905 816 816 816 816 766 766 851 851 766 826 826 816 766 766 766 766 766 774 718 718 718 718 718 741 603 603 603 717 655 655 636 636 636 629 629 657 647 647 603 603 630 559 559 559 586 586 544 544 477 477 477 477 515 515 515 515 476 497 476 476 477 386 386 386 386 440 386 420 420 386 386 386 386 334 366 268 268 268 268 268 257 257 272 272 272 272 268 268 268 257 257 244 244 214 214 214 168 168 168 168 185 168 169 146 146 137 137 49 49 49 49 103 49 49 49 49 56 56 56 17 17 25 16 16 
997 967 969 969 960 960 938 938 938 816 816 816 816 816 914 816 816 861 861 816 816 766 766 766 766 766 816 816 766 766 797 788 782 718 718 767 718 718 718 718 718 729 603 717 655 655 603 603 603 629 629 657 657 648 603 603 603 603 603 603 586 587 544 477 477 545 545 477 515 515 516 516 476 476 476 483 477 463 458 458 386 440 386 386 421 386 386 341 341 334 366 366 268 268 268 268 268 257 272 272 268 268 268 214 214 214 214 214 214 214 224 215 215 137 137 168 168 168 146 146 146 146 137 49 49 49 103 103 49 49 49 49 56 56 56 17 25 25 16 17 
967 967 955 955 955 955 938 938 949 816 939 816 816 914 914 816 861 861 861 861 816 857 857 766 766 766 816 816 782 782 782 788 782 718 718 718 718 718 742 742 718 718 603 603 603 603 603 603 603 676 629 629 629 648 603 603 611 603 603 586 586 544 544 477 477 477 477 477 477 477 516 477 477 477 477 477 477 463 458 458 386 386 386 386 421 401 401 341 341 334 334 334 334 334 334 268 268 257 268 268 268 214 214 214 214 214 214 214 214 214 224 215 215 137 137 137 137 137 146 146 146 146 137 49 49 49 49 104 49 49 49 72 56 56 56 17 17 17 26 17 
967 967 955 955 955 955 961 955 816 816 939 816 816 816 816 816 861 861 861 861 816 816 816 844 844 816 816 816 782 782 782 788 782 759 759 759 759 718 742 718 718 718 718 718 603 603 603 603 603 603 603 629 629 603 603 603 611 611 611 586 586 544 544 477 477 553 477 477 477 477 516 477 492 492 492 463 463 463 463 401 401 401 401 401 421 401 341 341 341 341 373 334 334 334 334 268 268 268 268 301 214 214 279 214 214 214 250 250 224 224 224 224 137 137 162 162 162 137 137 137 137 137 137 118 118 118 49 49 49 49 49 72 72 57 57 17 17 17 26 17 
967 967 955 955 955 955 955 955 816 816 816 816 816 816 892 892 892 892 861 861 861 861 816 816 816 816 782 782 782 782 782 782 782 759 759 759 759 718 718 718 718 718 718 718 603 603 603 692 603 603 603 603 603 603 638 638 611 611 612 544 544 544 544 553 553 553 477 477 477 477 477 477 492 492 492 463 463 463 463 401 401 401 401 401 401 401 341 341 341 341 341 341 341 341 341 268 268 268 268 301 214 214 214 214 261 261 250 250 224 224 224 224 137 209 162 162 162 162 162 162 137 137 143 118 118 118 49 49 57 57 57 57 57 57 58 17 17 17 17 17 
