960 960 889 889 889 889 911 911 911 911 911 860 860 860 860 860 860 860 826 826 826 826 782 782 782 782 782 782 782 775 722 722 722 722 736 722 722 709 709 670 670 670 670 670 632 632 632 632 632 615 615 552 552 552 552 552 560 560 560 470 470 470 470 470 453 453 453 453 453 456 456 456 456 456 424 424 424 424 424 357 357 357 357 357 357 357 357 357 357 348 301 301 301 301 301 301 301 277 277 277 210 210 260 210 210 216 216 189 189 189 189 189 189 124 124 124 124 124 124 124 134 134 117 117 14 14 14 14 14 79 49 49 49 49 14 14 14 14 14 1 
960 960 889 889 889 889 889 920 920 911 911 860 887 887 870 870 819 819 826 826 826 826 782 782 782 716 716 789 775 775 722 722 722 722 722 722 723 709 709 670 670 670 670 632 632 534 534 632 632 615 615 552 552 552 552 552 560 560 560 470 470 470 470 470 453 453 453 453 453 456 456 476 456 456 424 424 424 424 424 357 357 357 357 277 277 277 277 277 277 348 301 301 301 301 277 277 277 277 283 210 210 210 210 210 210 216 216 189 189 189 189 189 189 124 124 124 111 111 111 124 124 124 124 14 14 99 14 14 14 14 49 49 49 50 14 14 14 1 1 1 
960 960 960 889 889 926 889 889 889 860 860 860 887 887 870 870 819 819 819 826 826 826 826 819 782 782 716 716 775 775 716 716 722 722 722 729 670 670 670 670 670 677 677 632 632 534 534 534 534 534 534 591 591 591 552 552 552 552 552 470 470 470 470 470 453 453 491 491 491 468 468 424 424 424 424 424 424 424 424 277 277 277 277 277 277 277 277 277 277 277 301 301 277 277 277 277 277 283 283 210 270 210 210 210 210 216 189 189 189 189 189 189 189 189 124 124 111 111 111 124 124 118 118 14 14 99 99 94 14 14 49 49 49 14 14 14 14 2 2 2 
889 889 889 889 926 926 926 926 889 860 860 860 860 819 819 819 819 819 819 819 819 819 819 819 782 782 796 716 716 716 716 716 716 722 722 670 670 670 670 670 670 677 677 632 632 534 534 534 534 623 534 591 591 552 552 580 552 565 552 552 533 533 470 470 516 453 491 491 468 468 468 468 468 424 424 424 277 277 277 277 379 379 277 277 277 277 367 277 358 277 338 277 277 305 305 305 283 283 284 210 210 210 210 210 210 216 189 189 189 189 189 189 189 189 111 111 111 111 135 135 118 118 118 118 14 14 14 94 14 80 14 14 14 14 14 14 14 2 2 2 
889 927 927 927 926 926 926 926 889 912 860 860 860 819 819 819 866 819 819 819 833 833 819 819 782 782 782 782 761 761 761 761 716 722 722 670 670 670 702 702 670 670 677 616 616 534 534 639 623 623 534 534 534 552 552 552 552 552 533 533 533 533 470 516 516 453 502 468 468 453 453 453 469 424 424 424 277 277 277 418 379 378 378 277 277 277 277 277 358 277 338 277 305 305 306 306 283 294 235 235 235 235 210 210 210 216 216 216 216 216 170 170 198 111 111 111 111 111 135 135 118 118 118 81 81 81 14 14 14 14 14 60 14 14 14 33 33 2 2 2 
889 927 961 927 927 926 926 926 889 912 860 860 860 819 819 819 819 819 834 834 833 761 761 820 782 782 782 782 761 761 761 716 716 724 724 670 670 670 670 670 670 670 616 616 616 616 639 639 623 623 610 610 534 534 534 552 552 552 533 533 542 533 470 470 470 453 453 468 468 453 453 453 469 444 444 444 277 277 277 418 379 378 378 378 378 378 358 358 358 277 277 277 305 305 305 305 283 294 235 235 235 235 210 250 250 210 210 216 216 170 170 170 198 111 111 147 147 147 153 135 118 118 118 81 81 81 95 14 14 14 14 14 14 3 3 3 3 15 15 3 
889 927 889 889 927 927 927 889 889 912 912 860 860 819 819 819 819 819 834 834 833 761 761 761 761 805 782 782 761 761 761 716 716 724 724 724 724 670 670 670 670 670 616 616 616 616 616 616 623 623 610 610 534 534 534 534 566 566 533 533 533 533 470 470 470 508 453 453 453 453 453 453 444 444 444 444 379 379 379 379 379 379 379 379 379 379 358 358 358 307 307 307 283 305 305 305 283 294 235 235 235 235 210 210 210 210 210 210 210 170 170 170 170 170 111 147 147 147 153 135 135 135 111 111 111 81 95 95 81 81 3 3 3 3 39 39 3 15 3 3 
889 889 889 889 927 927 927 889 815 815 815 815 815 888 819 819 867 819 852 834 834 761 761 761 761 761 761 761 761 761 761 761 716 724 724 724 724 670 670 670 670 678 616 616 616 616 616 616 616 616 616 599 599 586 586 534 534 534 534 553 534 534 470 470 470 503 503 453 453 488 486 453 444 444 444 379 379 379 379 379 379 379 393 393 379 379 307 307 307 307 339 307 283 283 283 283 283 285 285 235 235 235 235 235 235 235 235 235 210 217 170 170 170 111 111 147 147 147 147 147 111 111 111 16 16 81 81 81 81 82 3 3 3 3 39 39 3 15 3 3 
969 969 889 889 889 889 927 889 815 815 815 815 815 815 880 819 867 819 834 834 834 761 761 761 761 761 797 761 761 761 761 761 716 724 724 724 724 716 670 670 670 678 678 654 654 654 616 617 617 617 617 599 599 586 586 534 534 534 534 534 534 534 470 470 470 503 470 470 486 486 486 453 453 453 453 379 379 379 379 379 379 379 364 364 379 379 307 340 340 340 307 307 328 307 307 285 285 285 286 235 235 235 235 235 235 235 241 236 210 217 210 170 170 111 111 111 111 147 147 111 111 125 125 16 16 16 16 81 81 68 68 3 3 3 39 39 3 3 3 3 
969 889 889 889 889 889 927 889 889 815 815 815 815 815 815 819 819 819 834 834 834 834 761 761 814 761 797 790 755 755 755 755 716 716 737 716 716 716 688 688 688 688 654 654 616 616 616 617 633 617 617 599 599 586 586 534 534 534 535 534 534 534 470 470 470 503 470 470 470 470 470 470 470 445 445 445 364 364 364 364 379 379 364 364 386 368 368 340 340 340 307 307 307 307 307 285 285 285 286 278 235 235 261 251 251 246 236 236 210 210 210 170 170 170 170 175 111 154 154 111 136 16 16 16 103 103 16 16 16 68 68 3 3 3 3 3 3 3 3 3 
969 889 889 889 889 889 927 927 889 899 899 899 815 815 815 815 815 815 815 815 834 834 761 814 814 761 790 790 755 755 755 755 755 716 737 716 716 716 688 688 688 654 654 654 616 646 646 617 633 617 617 599 599 586 586 581 574 535 535 543 543 535 470 470 470 470 470 496 470 470 477 477 445 445 446 446 364 364 364 364 364 364 364 364 386 368 368 340 340 340 340 307 307 319 307 307 242 242 242 278 261 261 261 251 251 246 237 237 222 190 190 190 190 190 170 175 111 111 155 111 136 16 103 103 103 85 85 85 16 16 25 25 42 42 42 3 3 25 4 4 
889 889 889 955 889 889 889 889 889 899 899 899 815 815 847 847 815 815 846 815 815 815 761 761 761 761 790 791 755 755 755 755 756 716 716 716 716 716 688 688 697 654 654 654 616 646 646 617 617 617 581 581 581 581 581 581 574 535 535 535 535 535 528 496 496 496 496 496 470 470 477 477 445 457 364 364 364 364 364 364 364 364 369 364 364 364 364 364 320 320 320 320 320 242 242 242 242 242 242 242 271 242 242 242 242 246 237 237 222 190 190 190 190 190 170 170 170 111 111 111 136 16 16 103 103 85 85 85 85 16 25 25 25 25 25 25 25 25 4 4 
889 889 889 955 889 889 914 889 889 914 899 899 889 889 847 847 846 846 846 846 815 815 790 790 761 761 790 791 755 755 756 756 756 716 716 689 689 689 689 689 689 689 654 654 616 616 616 634 634 581 581 592 529 529 529 529 574 535 535 554 445 445 528 496 496 496 445 445 445 445 445 445 445 457 364 447 364 364 364 364 364 364 369 369 364 364 369 320 320 341 341 335 320 242 242 242 242 242 287 242 242 242 242 242 242 246 237 237 222 190 190 190 190 190 170 170 171 111 111 148 136 136 16 16 104 85 85 85 85 16 25 25 25 25 25 4 4 4 4 4 
955 955 955 955 889 889 914 914 914 914 889 889 889 847 847 847 846 846 846 846 815 815 790 790 790 790 790 756 756 756 756 756 756 745 689 689 725 698 698 698 616 616 616 616 616 616 616 634 634 581 618 592 529 529 529 529 529 529 445 445 445 445 445 496 496 445 445 457 457 457 457 457 457 457 364 364 364 406 406 406 364 364 387 369 369 369 369 320 341 341 342 335 320 320 242 242 242 295 272 272 272 242 242 255 252 242 242 191 191 191 191 191 191 191 170 170 156 156 16 16 16 16 16 16 104 104 85 85 86 16 16 25 25 4 4 4 34 4 4 4 
955 955 955 955 889 889 889 889 889 889 889 895 895 847 847 847 847 847 853 847 815 815 769 769 769 769 769 756 756 756 756 745 745 745 689 725 725 698 698 698 616 616 671 671 616 616 616 581 581 581 618 592 529 529 529 561 561 529 445 445 445 536 445 517 517 445 445 457 457 457 432 432 471 432 432 364 364 406 406 406 364 364 387 387 387 320 320 320 341 335 335 335 314 314 314 242 242 295 272 272 272 242 242 242 252 242 191 191 199 199 199 206 172 172 172 172 156 156 16 16 16 16 16 16 112 16 16 86 86 16 16 25 25 4 4 4 4 4 4 4 
970 970 950 950 950 889 889 921 921 889 889 895 895 847 847 854 854 847 847 847 815 815 769 769 769 769 769 769 756 776 756 745 745 689 689 725 710 710 710 698 698 616 616 616 616 616 616 581 592 592 592 592 529 529 529 561 561 529 445 445 536 536 445 445 445 445 445 457 457 457 432 432 432 432 432 432 432 432 406 406 364 364 387 387 388 320 320 320 341 335 335 335 314 296 296 296 279 279 279 272 272 242 242 242 242 242 191 191 191 191 199 199 172 172 172 172 156 156 156 16 16 16 16 16 16 16 16 16 87 16 54 54 54 16 16 16 4 4 4 5 
950 950 950 950 950 921 921 921 921 900 900 900 854 854 854 854 854 861 854 815 815 815 827 769 769 769 769 769 756 756 756 738 738 738 738 710 710 710 710 679 679 679 679 616 616 616 616 581 592 624 592 592 529 529 561 561 561 529 529 529 536 536 445 445 518 504 504 457 457 457 432 454 454 454 454 314 314 314 425 406 406 406 387 387 320 320 370 320 320 349 335 335 314 296 296 296 279 279 279 265 265 265 256 256 242 242 191 191 191 191 211 199 199 172 172 172 172 162 96 96 96 96 96 119 100 100 100 16 87 16 16 16 16 16 16 16 16 16 16 5 
950 950 950 951 951 921 921 921 921 900 913 854 854 854 854 854 854 854 854 815 815 835 663 663 663 663 769 769 769 769 769 738 738 663 663 710 710 710 710 679 679 679 647 647 616 616 616 581 592 592 592 592 592 592 561 561 561 567 561 529 536 536 518 518 518 504 492 492 492 432 432 454 454 438 438 438 438 314 413 413 413 387 387 387 320 380 320 320 349 349 343 314 314 296 296 296 279 279 279 265 265 256 256 207 207 207 207 207 191 191 211 207 163 163 163 120 120 162 96 96 96 96 96 100 100 105 16 16 87 43 43 43 43 43 16 16 16 17 17 5 
950 950 962 943 943 943 900 900 900 900 913 854 854 854 854 854 854 854 843 843 815 663 663 821 815 663 769 769 769 769 663 663 663 663 663 711 711 711 711 679 679 679 647 647 647 647 647 587 587 587 587 587 600 561 561 561 561 561 561 529 529 529 518 518 518 504 492 492 432 432 438 438 438 438 448 448 314 314 413 413 413 387 387 387 320 320 320 314 314 314 343 314 321 321 296 296 279 279 279 279 265 256 256 207 207 207 207 207 207 207 207 207 163 163 163 163 120 120 96 96 96 96 100 100 105 105 16 16 16 43 43 43 43 43 43 35 35 17 17 5 
971 950 950 943 943 900 900 928 862 862 862 862 862 862 871 871 862 862 843 843 815 828 828 821 815 663 663 663 663 663 663 762 663 663 663 663 663 663 663 663 663 679 647 647 647 647 647 587 619 619 619 587 587 561 561 561 544 544 544 544 544 529 529 504 504 504 432 432 432 432 438 438 438 448 448 448 314 413 413 419 401 401 371 371 371 371 371 314 359 314 314 314 314 322 296 296 296 296 279 279 265 256 256 207 207 207 207 223 223 207 207 163 163 163 163 163 163 120 120 140 96 96 96 96 105 105 96 96 16 69 69 55 55 35 35 35 36 26 5 5 
971 950 950 900 900 900 936 928 862 862 862 862 896 862 862 862 862 843 843 843 815 828 821 821 815 663 663 783 783 770 770 692 692 692 692 692 663 663 663 663 663 679 679 663 663 640 640 587 587 625 544 544 587 561 561 544 544 544 544 555 537 537 530 504 504 509 432 432 432 432 432 478 438 448 448 448 314 413 413 419 401 401 371 371 381 372 372 314 314 314 314 314 314 296 296 296 296 296 265 265 265 256 256 223 223 223 223 223 224 207 207 163 163 163 163 164 163 163 120 140 96 96 96 96 96 96 96 16 16 69 69 55 56 35 35 35 26 26 5 5 
971 950 963 900 900 900 900 928 862 862 862 862 771 771 881 843 843 843 843 843 815 815 821 815 815 783 783 783 784 770 692 692 739 739 739 692 692 680 680 680 663 663 663 663 664 640 640 640 587 544 544 601 587 587 587 544 544 555 555 555 537 537 530 509 509 509 432 432 432 432 432 478 438 458 448 448 314 413 413 401 401 401 401 371 381 372 372 314 314 314 314 314 329 296 296 296 296 296 265 265 265 256 256 223 163 163 163 163 163 212 212 163 163 163 181 164 164 164 120 140 140 106 106 106 106 96 96 16 61 61 61 55 55 35 35 35 26 18 18 5 
971 950 950 950 900 900 900 901 901 901 901 901 771 771 881 843 843 843 843 843 843 815 815 815 783 783 770 770 770 770 730 730 730 730 730 730 692 680 680 680 680 680 680 640 640 640 587 587 587 544 620 601 601 575 575 575 544 555 555 555 545 530 530 509 509 509 432 432 432 489 438 438 438 458 449 449 314 401 401 401 407 407 371 371 381 381 314 314 336 336 314 314 329 296 296 302 302 280 280 280 256 256 223 223 163 163 225 225 163 163 163 163 200 163 120 120 120 120 120 140 140 106 106 106 106 106 16 16 61 61 61 61 55 35 35 26 26 18 18 5 
971 900 900 900 900 900 900 901 901 901 901 771 771 771 771 843 843 822 822 822 822 822 822 806 806 806 770 770 730 730 730 757 757 730 730 692 692 680 680 680 680 680 680 640 640 587 587 611 611 544 544 544 544 575 575 575 544 544 555 555 545 530 530 519 519 432 432 497 432 489 438 458 458 458 449 314 314 401 414 414 407 407 371 394 381 381 314 336 336 336 336 336 308 308 315 302 302 280 281 281 256 256 223 223 223 163 163 225 225 213 213 163 163 163 120 120 120 120 120 120 120 120 120 120 107 107 16 83 83 55 55 55 55 51 26 26 27 27 5 5 
971 900 900 900 900 900 937 901 901 771 771 771 771 771 771 843 843 822 822 822 822 822 822 806 806 770 770 770 730 730 730 730 730 730 730 692 692 680 680 680 680 690 665 665 587 587 611 611 611 611 611 611 544 593 575 575 575 544 555 556 545 530 530 519 519 432 432 432 432 438 438 458 449 449 449 314 314 401 401 414 414 371 371 394 381 381 314 314 314 314 344 308 308 308 308 308 280 280 281 223 223 223 223 223 223 223 163 163 163 213 213 163 163 163 165 165 165 165 120 120 120 120 120 120 107 107 16 83 83 55 55 51 51 51 26 27 27 28 5 5 
971 971 944 944 944 944 929 929 771 771 771 771 771 843 843 843 771 771 771 806 806 806 822 822 806 770 770 730 730 730 730 730 730 730 692 692 692 703 703 703 635 635 665 665 587 655 611 641 611 544 544 544 544 593 575 575 544 544 555 545 545 530 530 519 519 432 432 432 432 438 449 449 449 455 433 433 314 401 401 414 414 371 402 394 314 314 314 314 314 314 314 308 308 308 309 309 280 280 223 223 223 223 262 223 223 223 238 238 163 213 213 163 163 163 165 165 165 165 120 149 120 120 120 120 16 16 16 83 83 83 55 51 51 26 26 27 27 19 19 5 
971 971 944 952 952 929 929 771 771 915 771 771 771 843 843 843 771 863 771 806 806 806 806 806 806 807 770 730 730 777 730 730 692 692 692 717 717 703 703 703 635 635 635 665 587 587 611 611 611 544 544 602 602 544 544 544 544 555 555 557 519 519 519 519 520 432 432 432 432 438 449 449 472 455 433 433 314 314 314 415 415 371 402 394 314 373 373 314 314 314 314 308 308 308 280 280 280 280 223 223 223 223 223 223 223 223 223 223 163 163 163 163 163 163 182 165 120 120 120 120 120 16 16 16 16 55 55 55 55 55 55 62 51 26 40 40 19 19 6 6 
973 944 944 952 952 929 771 771 873 873 771 771 771 771 771 872 771 771 771 806 806 806 806 770 770 770 770 792 730 730 730 732 692 717 717 717 717 717 635 635 635 691 635 665 665 587 648 611 611 626 544 544 544 544 576 576 576 555 555 519 519 519 519 520 520 493 493 493 493 472 472 472 472 455 433 433 314 314 314 415 394 394 394 394 314 314 314 314 314 314 330 330 330 280 280 280 280 288 288 263 263 263 263 223 223 223 223 223 226 201 201 201 201 165 165 165 120 120 120 120 141 16 16 16 113 55 55 55 55 55 51 51 51 26 26 26 19 19 6 6 
944 944 956 956 929 929 771 771 873 873 873 873 873 873 771 771 771 771 771 836 836 836 771 771 771 771 792 792 730 730 771 732 692 717 717 717 726 691 691 691 691 691 635 665 665 587 587 587 587 587 587 576 576 576 576 555 555 555 555 519 519 519 519 493 493 493 493 472 472 472 479 479 455 455 433 433 433 433 314 314 394 394 394 389 389 314 314 365 314 314 280 280 280 280 280 280 280 263 263 263 263 263 263 223 223 223 226 226 226 201 202 202 202 165 165 165 173 120 120 120 120 120 126 16 16 55 55 55 55 55 51 57 57 26 26 26 19 19 20 6 
944 945 945 945 945 945 771 771 873 873 873 902 873 873 873 873 837 837 771 836 771 771 771 771 771 771 771 771 771 771 771 732 692 692 692 731 691 691 692 692 692 692 635 635 635 587 587 587 587 587 587 576 603 576 576 555 555 562 562 519 519 519 519 525 493 493 493 472 472 472 472 480 455 455 455 426 426 426 426 314 394 394 394 389 389 314 314 314 314 350 280 331 331 280 280 280 280 263 263 263 263 263 263 223 223 223 226 226 201 201 202 202 165 165 165 165 173 120 120 142 142 120 126 16 16 55 55 55 55 84 51 57 57 26 26 26 26 6 6 6 
944 771 771 771 771 771 771 771 771 771 902 902 873 873 873 837 837 837 771 771 771 837 808 808 808 808 771 771 747 747 747 732 732 746 692 692 691 718 692 692 627 627 627 627 635 635 635 635 635 587 587 576 594 594 555 555 555 562 563 519 519 519 531 494 494 494 494 494 472 472 472 426 426 426 426 426 439 426 426 314 394 394 394 395 314 314 314 314 314 350 280 280 280 280 280 280 280 297 263 263 273 263 263 165 165 165 165 165 201 165 165 165 165 192 120 120 120 120 120 142 142 120 16 16 51 51 51 51 51 51 51 57 57 26 26 26 26 6 7 7 
944 771 771 771 771 771 771 771 771 771 882 882 882 882 882 837 868 837 837 837 837 837 808 808 808 809 798 747 747 747 747 763 732 732 732 692 691 692 692 692 627 627 627 627 650 576 576 576 636 576 576 576 594 594 555 555 555 562 506 506 519 519 494 494 494 494 494 494 494 472 472 426 426 426 426 426 426 426 426 314 394 394 394 395 314 314 314 314 314 350 280 280 323 323 280 280 280 297 263 263 273 263 263 165 165 165 165 165 165 165 214 165 165 165 120 120 174 120 120 120 142 120 16 51 51 51 51 57 57 57 57 57 26 26 26 26 6 6 7 7 
944 944 771 771 771 771 771 771 771 882 882 903 882 882 882 837 868 837 816 816 816 838 747 747 747 747 798 747 747 747 747 747 747 747 732 692 692 692 692 692 627 627 681 627 650 576 649 576 576 576 576 576 604 558 558 555 555 506 506 506 519 519 494 494 494 494 494 416 416 416 416 416 416 426 426 426 426 426 426 314 394 394 394 395 314 382 374 350 350 350 280 280 323 289 289 289 289 289 263 263 165 165 165 165 165 165 165 165 165 214 214 165 165 165 165 120 120 120 120 120 120 120 16 16 16 16 16 57 57 57 57 63 26 26 26 26 6 29 7 7 
944 944 944 957 771 771 771 771 771 882 882 882 882 882 882 837 837 837 816 848 816 816 816 816 816 747 747 747 747 747 747 748 748 732 732 732 627 627 627 627 627 627 627 627 650 576 576 576 576 576 576 576 604 558 558 558 506 506 564 506 506 519 532 519 519 505 505 416 416 416 416 416 416 426 426 427 427 427 427 314 314 314 314 314 314 374 374 350 351 351 280 280 289 289 316 303 303 289 289 165 165 165 165 165 165 165 239 239 214 214 109 109 165 165 165 166 166 166 120 120 120 137 127 58 58 58 16 16 88 16 16 16 26 26 16 6 6 7 7 7 
944 944 944 957 771 771 771 771 916 916 882 882 883 883 883 837 837 816 816 816 816 816 829 785 785 785 785 785 748 748 748 748 748 732 740 732 627 712 712 693 693 693 627 627 650 650 650 576 576 576 576 576 604 558 506 506 506 506 506 506 506 519 532 519 505 505 505 416 416 416 416 416 473 426 426 427 427 427 427 420 314 314 314 314 314 375 375 350 351 324 324 324 289 289 289 303 303 289 289 165 165 165 165 165 239 239 239 214 214 109 109 109 65 65 183 65 65 65 128 128 127 127 127 58 58 58 58 16 16 16 70 16 16 16 16 6 8 7 7 7 
957 957 957 957 771 771 938 771 771 883 883 883 883 890 884 816 816 816 816 816 816 816 829 785 785 785 799 748 748 748 748 764 748 732 732 732 627 712 712 693 693 693 682 627 656 650 650 576 576 576 576 576 604 558 506 506 506 506 506 506 546 519 519 519 505 505 505 416 416 416 416 416 416 416 416 416 416 434 420 420 314 314 314 253 253 253 350 350 324 324 324 324 324 324 289 289 303 282 282 165 165 266 247 239 239 239 239 214 227 214 214 109 203 65 65 65 65 65 128 128 127 127 127 121 58 58 58 58 58 58 58 58 58 21 21 6 8 8 8 8 
957 957 957 957 771 771 922 922 922 883 904 816 816 816 884 816 816 816 816 816 816 839 829 785 785 785 785 785 785 627 627 627 748 748 732 732 627 712 712 693 693 693 682 627 656 656 651 606 606 606 558 558 558 558 588 506 506 506 506 506 506 506 506 506 506 506 506 416 416 459 459 459 459 459 450 450 416 420 420 416 416 408 253 253 253 253 350 350 324 324 324 324 324 289 289 289 303 282 282 282 266 266 247 239 239 239 239 214 214 214 214 109 203 109 109 176 65 65 128 128 127 127 121 121 58 58 58 58 71 71 71 21 21 21 21 6 6 6 8 8 
958 958 957 957 771 771 922 922 922 883 904 816 816 816 816 816 816 816 816 816 816 839 829 785 785 627 627 627 627 627 772 627 627 627 627 627 627 719 682 682 682 682 682 627 627 627 651 606 606 606 558 558 605 595 558 558 558 506 506 507 507 507 507 521 521 506 506 435 435 459 459 459 460 460 450 416 416 420 428 416 408 408 253 396 253 253 253 350 350 253 253 324 324 289 289 266 266 266 266 266 266 247 247 247 247 247 228 228 214 214 214 109 109 109 109 65 65 65 128 150 128 128 121 121 58 58 58 58 71 71 21 21 21 21 21 6 6 6 6 6 
958 958 964 922 922 922 922 923 923 883 904 904 816 816 874 874 816 855 855 816 816 829 829 627 627 627 627 627 627 627 627 627 627 749 741 727 727 682 682 704 694 694 666 666 666 627 627 627 637 606 606 558 558 595 558 582 558 506 506 507 507 507 510 510 510 510 435 435 435 459 459 459 460 450 450 416 420 420 428 416 408 408 253 253 366 366 253 253 253 253 253 253 332 289 289 266 266 266 266 266 274 247 247 247 228 228 228 228 228 214 214 109 109 109 109 65 65 129 128 128 128 128 128 58 58 58 58 58 89 21 21 44 44 44 44 6 6 6 6 6 
958 958 964 922 922 922 922 923 923 883 841 841 841 816 816 816 816 816 856 829 829 829 830 627 627 627 627 627 627 778 627 627 627 627 741 727 727 682 694 694 694 666 666 667 667 642 642 627 627 606 606 612 558 558 558 582 558 506 506 507 507 507 510 510 510 510 435 435 435 435 435 435 435 450 416 416 420 416 416 416 397 397 397 253 366 366 366 366 360 253 253 253 243 243 243 266 266 266 266 266 267 267 247 247 228 228 228 109 109 214 109 109 193 193 184 65 65 129 138 138 138 128 128 58 58 58 58 89 89 21 72 44 44 6 6 6 6 6 6 6 
958 958 964 939 939 922 922 883 883 883 841 841 841 841 885 816 816 816 856 829 829 840 773 773 773 773 773 773 773 778 773 627 627 627 741 727 727 682 694 694 666 666 683 667 642 642 627 627 627 606 606 606 606 558 558 582 558 568 558 558 507 507 507 507 522 507 507 435 435 435 435 435 435 450 416 416 416 416 409 409 397 397 397 253 366 366 366 360 360 253 253 253 243 243 243 266 266 266 266 266 267 243 243 243 228 228 228 109 109 214 109 109 184 184 184 65 65 129 129 129 138 138 129 58 58 89 89 89 89 21 21 21 44 6 6 6 6 6 6 6 
958 958 964 939 939 939 939 883 906 906 841 841 841 841 885 816 816 856 856 829 829 840 773 773 773 773 793 793 773 773 773 765 627 627 741 727 728 682 682 694 666 667 667 667 642 642 627 627 627 627 606 606 606 582 582 582 558 568 558 559 507 507 507 507 507 507 440 440 435 435 435 435 435 450 450 416 416 435 409 409 409 409 397 253 366 366 366 360 360 253 298 298 243 243 310 266 266 266 266 267 267 243 257 243 243 243 243 109 109 214 109 109 184 177 177 177 65 65 151 129 129 129 129 58 58 89 89 89 89 21 21 21 44 9 9 6 6 6 6 9 
958 964 964 939 939 946 883 883 906 906 841 905 841 841 841 816 816 856 856 829 829 823 823 773 773 773 773 773 727 727 727 765 727 727 727 727 728 682 682 694 666 667 667 667 668 642 642 642 638 628 606 606 606 582 582 582 558 558 558 559 511 511 511 511 511 511 440 440 440 481 435 435 435 435 450 416 416 435 409 421 409 409 397 253 253 253 253 360 360 253 298 243 243 243 310 310 266 266 266 266 243 243 257 257 248 248 109 109 109 109 109 184 184 177 178 178 65 65 151 151 129 129 129 58 58 89 89 89 21 21 21 21 44 9 9 9 9 9 9 9 
958 964 964 939 939 946 883 883 906 906 841 841 841 891 841 841 841 841 841 829 829 823 823 823 800 800 800 773 727 779 727 727 727 720 720 728 728 682 682 682 666 666 684 638 638 638 638 638 638 628 596 596 596 596 559 559 559 559 559 559 511 511 511 511 511 512 440 498 440 481 481 481 435 435 450 435 435 435 409 409 409 410 397 397 253 253 253 253 253 253 298 243 243 243 243 243 243 243 243 266 243 257 257 257 248 248 109 109 177 177 177 184 177 177 178 178 65 65 65 65 129 129 129 58 114 89 89 89 21 21 64 64 44 9 9 9 9 9 9 9 
958 958 965 958 883 883 883 883 906 906 906 906 858 858 858 864 864 864 841 841 841 841 773 773 800 800 800 773 727 727 727 727 720 720 720 720 720 720 682 682 666 666 684 638 638 638 652 638 638 628 596 559 559 559 559 559 559 569 559 559 440 440 440 440 440 440 440 440 440 481 481 482 435 435 450 435 435 435 352 352 352 352 383 383 383 383 253 253 253 253 298 298 298 298 298 298 298 298 243 243 243 257 257 257 253 109 109 109 177 218 177 177 177 194 178 178 65 65 65 65 129 129 129 58 114 108 89 89 89 21 21 21 44 9 9 9 9 9 9 9 
883 958 958 958 883 883 883 924 924 917 906 906 858 858 858 858 858 773 773 842 842 842 773 773 773 773 773 773 727 727 727 727 720 720 733 733 682 682 682 666 666 695 638 638 657 657 638 638 638 628 596 559 559 559 559 559 559 559 559 440 440 440 440 440 440 440 440 440 440 440 440 440 461 435 435 435 435 435 352 352 352 352 383 383 383 253 253 253 253 253 253 253 253 253 253 253 253 253 253 253 253 253 258 258 253 109 229 229 177 177 177 109 109 109 109 109 65 65 65 65 129 129 129 58 58 108 89 89 89 65 65 21 21 21 21 21 21 21 21 10 
883 883 883 883 883 947 940 917 917 917 858 858 858 858 875 875 858 773 773 773 773 773 773 773 773 810 727 727 727 727 727 727 758 720 733 733 682 685 685 666 666 695 638 672 638 638 638 638 638 628 596 559 559 559 559 559 559 559 559 440 547 499 499 499 499 440 440 440 440 440 440 440 461 461 435 435 440 429 429 352 352 352 352 352 352 253 253 253 361 290 290 337 253 253 290 290 290 290 290 253 253 253 253 253 253 109 109 229 177 177 109 109 195 195 185 109 109 109 157 65 65 65 58 58 58 58 65 65 65 65 65 65 41 41 22 22 22 22 22 10 
953 953 953 953 930 930 940 917 917 917 858 897 897 875 875 858 858 773 773 773 773 773 794 794 794 794 727 727 727 727 727 727 758 720 720 720 682 685 666 666 666 666 638 638 638 638 638 638 628 628 596 559 559 589 589 559 559 559 559 440 440 499 499 499 499 440 440 462 462 462 462 440 440 440 440 440 440 429 429 352 403 352 352 352 352 253 253 361 361 290 290 290 253 253 290 291 291 253 253 253 253 253 253 254 254 109 109 229 229 219 109 195 195 185 185 159 159 109 109 109 143 65 58 58 58 58 65 65 65 73 73 66 41 22 22 22 22 22 22 10 
953 966 966 953 930 930 930 930 858 858 858 858 858 875 875 858 773 773 857 773 773 780 780 780 780 794 727 727 727 727 727 727 720 720 720 720 682 685 666 666 666 666 658 658 658 638 638 638 628 628 596 613 559 589 589 559 559 570 440 440 440 538 499 499 523 440 440 462 462 462 462 462 440 440 441 441 441 352 352 352 403 403 403 352 352 376 376 352 352 290 290 290 290 290 290 291 253 253 253 253 253 253 253 254 254 109 109 109 109 219 109 195 196 196 159 159 158 167 158 109 109 65 58 58 58 65 65 65 65 73 73 66 41 22 22 22 22 10 10 10 
953 953 967 953 930 930 930 930 858 918 858 858 858 858 886 858 773 773 773 849 773 773 780 780 780 794 794 794 727 727 766 766 720 750 720 720 682 685 685 705 685 685 658 658 658 643 643 643 628 628 596 559 559 559 559 559 559 559 440 440 440 499 499 499 523 440 440 499 483 483 483 462 440 440 441 352 352 352 398 398 398 411 398 398 352 352 352 352 352 352 290 290 290 325 291 291 253 299 253 253 253 195 195 195 244 244 109 109 109 109 109 195 196 159 159 179 158 158 158 109 109 65 65 65 65 65 97 97 90 66 66 66 41 52 22 22 22 10 11 11 
953 953 967 953 953 930 930 930 858 858 858 832 832 858 858 858 858 858 773 773 773 773 780 780 780 795 795 795 780 780 766 766 720 720 720 720 682 721 685 685 685 685 685 658 658 643 643 628 628 596 596 559 559 559 583 583 559 559 440 440 499 499 524 499 499 499 499 499 483 490 462 462 474 462 352 352 442 398 398 422 398 398 398 345 345 345 345 345 345 345 290 290 290 290 291 291 253 253 253 275 275 195 244 244 244 244 244 195 195 195 215 195 159 159 179 179 168 168 159 109 109 109 65 65 65 65 65 65 90 66 74 41 41 52 10 10 10 10 11 11 
953 908 908 908 908 941 941 907 907 832 832 832 832 876 858 858 858 858 858 850 824 824 824 824 780 780 780 780 780 743 743 742 742 720 720 720 682 713 713 685 685 658 658 658 658 658 643 628 628 596 559 559 559 559 583 583 559 559 559 440 440 539 524 524 524 499 499 483 483 490 462 462 462 462 352 442 442 398 430 398 398 398 398 345 345 345 345 353 353 345 345 290 290 290 317 291 300 300 291 268 268 195 244 244 244 244 244 195 195 195 195 195 159 159 159 180 168 168 159 109 109 109 65 65 65 65 65 65 66 66 74 41 59 10 10 37 37 11 11 11 
908 908 908 908 908 941 941 907 907 907 907 907 832 876 858 858 858 858 858 850 824 824 824 786 786 786 780 780 743 743 743 742 742 751 742 682 682 713 699 699 699 658 658 658 658 658 643 596 596 596 559 559 559 559 584 584 559 559 559 559 440 440 440 440 440 499 499 483 483 490 483 483 352 352 352 442 442 398 430 398 398 398 398 345 345 345 345 353 353 345 345 290 317 317 317 291 291 291 291 268 268 195 195 195 195 195 195 240 195 220 186 186 186 186 159 159 159 159 159 109 109 109 65 65 109 109 66 66 66 74 74 41 10 10 45 37 38 11 11 11 
908 908 908 908 908 908 908 931 908 908 908 832 832 876 876 876 786 786 786 850 824 824 831 786 802 786 786 786 743 743 743 743 742 742 742 682 699 699 699 699 686 686 658 658 643 643 643 596 596 596 596 596 559 559 584 584 559 559 466 466 466 466 440 440 440 440 440 483 483 483 483 352 352 352 352 442 442 398 430 417 417 404 404 345 345 345 345 353 353 353 290 290 317 311 311 311 292 292 292 268 268 268 195 195 230 230 195 195 195 220 186 186 186 186 160 160 160 160 160 109 109 130 130 109 109 110 66 66 66 66 41 41 10 45 45 37 37 11 11 12 
933 933 908 908 908 908 908 908 908 908 908 832 832 892 786 786 786 786 786 850 786 786 831 786 802 786 786 786 786 743 743 743 752 752 743 682 699 699 699 699 686 686 686 673 643 659 644 644 629 629 596 596 597 597 466 466 577 571 466 548 548 466 440 440 440 440 440 483 483 483 352 352 463 463 442 442 398 398 430 417 417 404 404 345 345 384 355 355 353 353 290 311 311 311 311 311 292 292 292 220 220 220 230 230 230 230 230 230 230 220 186 186 186 186 160 160 115 115 115 115 109 109 109 109 110 110 76 76 91 66 41 41 10 10 10 10 37 10 10 12 
933 933 908 908 908 908 908 908 925 908 908 908 832 786 786 786 786 786 786 786 786 786 831 786 802 786 786 787 787 743 743 743 743 743 743 682 682 682 700 700 700 696 669 673 643 643 644 629 629 466 466 466 466 598 466 466 466 571 466 548 548 466 440 440 440 440 440 483 483 484 484 484 463 463 442 442 398 398 398 417 417 384 384 390 390 384 355 355 353 353 290 311 311 326 292 292 292 292 292 220 231 220 220 220 220 220 220 220 220 220 186 186 186 186 186 160 115 131 131 115 122 122 122 122 110 110 76 76 66 66 75 41 46 46 46 10 10 10 10 10 
933 933 908 908 932 932 932 932 925 832 832 832 832 786 786 786 786 786 786 786 786 786 786 786 802 786 786 786 786 743 743 767 743 753 706 706 706 682 682 682 682 696 669 669 669 643 644 629 629 466 466 466 466 466 466 466 466 571 466 548 548 466 440 526 440 440 487 487 487 484 451 451 451 451 451 442 442 398 398 417 384 384 384 384 384 384 355 355 354 354 290 311 311 326 292 292 292 220 220 220 231 231 231 231 231 231 231 231 231 186 186 208 186 115 115 160 115 115 131 115 122 115 115 115 115 76 76 76 66 66 41 41 23 23 23 23 23 23 23 10 
933 933 932 932 932 942 942 925 925 832 909 832 832 893 786 786 786 786 786 802 802 802 802 802 802 786 801 786 786 781 743 743 743 706 706 734 706 706 706 706 682 696 669 669 643 643 644 629 629 466 466 466 607 466 466 466 466 466 466 540 540 466 440 440 440 440 487 487 487 484 451 451 451 451 451 442 442 398 417 417 384 405 405 384 384 384 355 354 354 354 290 311 312 312 292 292 292 220 220 220 249 231 231 249 249 249 221 221 232 186 186 186 186 115 115 115 115 115 131 115 115 115 115 115 76 76 66 66 66 66 41 23 23 23 47 10 10 10 10 10 
933 933 932 932 932 942 925 925 832 832 909 909 832 832 832 832 832 786 786 802 802 817 817 817 817 786 786 786 774 781 774 706 706 706 744 734 706 706 707 707 682 682 682 674 644 644 644 629 629 540 540 540 540 585 585 585 540 540 540 540 540 466 466 440 440 513 500 500 487 484 487 451 451 451 451 451 417 417 417 384 384 405 405 384 384 384 355 354 354 354 290 311 311 312 312 312 220 220 293 220 249 249 249 249 249 249 221 221 221 221 132 132 132 132 132 132 131 131 131 115 115 139 116 116 76 76 76 76 76 76 41 23 23 23 47 10 10 10 10 10 
933 948 948 954 954 942 925 925 832 832 910 910 832 832 832 877 832 786 786 851 802 817 817 817 788 788 788 788 774 774 774 706 714 714 714 714 714 714 707 707 674 674 682 674 644 644 629 629 629 540 540 540 540 540 540 540 540 572 541 541 540 540 466 527 466 466 500 501 487 487 487 451 451 417 417 417 417 431 431 384 399 399 399 399 355 355 355 354 354 355 290 311 311 304 304 304 220 220 220 220 249 249 220 220 249 249 221 221 197 197 132 132 132 132 132 132 131 131 131 131 131 116 116 116 116 76 76 76 76 76 41 41 41 41 47 10 10 10 10 10 
933 948 948 954 954 942 942 925 925 832 832 832 832 877 877 877 832 832 832 851 802 818 818 825 788 811 802 788 788 774 774 706 706 706 706 706 714 714 714 708 674 674 674 674 644 644 629 629 629 540 621 608 608 540 540 540 540 572 541 541 541 541 466 466 466 466 500 417 417 417 417 417 417 417 452 452 443 384 384 384 399 399 355 355 355 355 362 362 362 355 290 311 311 304 304 304 220 220 220 276 276 269 220 220 220 197 197 197 197 197 132 132 132 132 152 152 152 152 152 152 131 131 131 92 92 76 76 76 76 76 76 41 41 41 41 41 30 30 10 10 
933 948 948 948 948 948 933 933 845 845 845 845 845 877 877 877 832 832 832 851 802 818 818 825 788 788 802 706 706 706 706 706 706 706 706 706 714 714 714 708 674 674 674 674 644 644 653 540 540 540 540 608 608 578 578 495 495 495 495 541 541 466 466 466 466 466 500 417 417 464 464 464 464 464 417 417 443 384 384 384 399 399 355 355 355 355 355 355 355 355 290 290 333 304 304 304 220 220 220 220 220 269 220 220 220 197 197 197 197 197 197 204 204 132 152 152 152 161 161 144 144 131 131 92 92 92 92 92 92 13 13 13 13 53 30 30 30 31 24 13 
933 933 933 933 933 933 933 934 845 845 845 845 845 894 877 877 865 865 832 851 802 802 818 825 818 802 802 706 754 754 754 759 759 754 715 715 715 715 715 708 674 674 675 675 644 644 614 614 540 540 540 608 608 578 578 495 495 495 495 549 549 466 466 466 466 466 500 417 417 464 417 417 465 465 417 417 417 417 384 384 399 355 355 391 391 355 355 355 355 346 346 290 304 304 304 304 220 220 220 220 220 220 220 220 220 197 197 197 197 197 197 204 204 132 187 152 152 132 132 144 132 132 92 92 92 92 101 92 92 13 13 13 13 53 30 30 30 24 24 13 
935 933 933 934 933 933 934 934 845 845 845 845 845 845 878 878 865 865 832 851 844 802 818 818 818 802 803 706 754 754 754 754 754 754 715 715 715 708 708 708 674 674 614 614 614 614 614 614 630 630 608 608 609 578 578 495 495 495 495 495 495 466 466 466 514 514 500 417 417 417 417 417 417 417 417 436 436 384 384 399 399 355 355 391 391 355 356 356 356 346 290 290 304 304 313 313 220 220 220 220 220 264 264 197 197 197 245 197 197 197 197 197 197 132 132 132 132 132 132 132 132 132 92 92 98 98 98 98 93 13 13 13 13 13 30 30 30 24 24 13 
935 935 935 934 934 934 934 845 845 845 845 898 898 845 845 845 845 865 832 844 844 802 802 802 802 802 803 706 754 754 754 754 661 661 661 715 715 708 708 701 701 614 614 660 660 660 614 614 630 630 608 608 578 578 590 578 578 550 550 550 495 466 466 466 514 514 500 500 417 417 466 466 475 437 437 436 423 423 423 318 318 385 355 355 355 355 356 356 356 356 290 290 334 304 304 220 220 220 220 220 220 264 264 197 197 197 197 197 233 197 197 197 197 197 132 132 132 132 145 145 145 132 132 92 92 98 98 93 93 77 77 67 13 13 48 13 13 13 24 13 
935 935 935 935 935 935 845 845 845 845 898 898 869 869 869 879 845 865 832 844 832 832 802 802 812 812 706 706 754 754 754 754 661 661 661 715 715 708 708 701 701 614 687 660 660 614 614 645 614 614 608 608 578 590 590 578 578 550 550 550 495 495 515 466 514 514 500 500 466 466 466 466 466 437 437 436 423 423 318 318 318 385 385 385 385 385 290 290 290 290 290 290 304 304 304 220 220 220 259 259 259 259 264 197 197 209 197 197 197 197 197 197 197 197 92 92 132 132 92 92 146 92 92 123 92 92 92 93 77 77 78 67 13 48 48 13 13 13 13 13 
959 959 959 959 935 935 845 845 845 919 869 869 869 869 869 879 845 865 832 832 832 832 813 813 812 812 706 706 661 661 661 661 661 661 661 661 715 701 701 701 701 614 614 614 614 614 614 614 614 614 614 614 578 578 578 578 578 550 550 550 550 495 515 466 466 466 500 466 466 485 485 485 466 466 437 436 436 423 318 423 318 318 318 392 392 318 318 318 318 290 290 290 304 304 304 304 304 259 259 259 259 259 259 259 209 209 197 197 197 197 197 209 205 92 92 92 92 92 92 92 92 92 92 92 102 102 92 93 77 77 67 67 13 48 13 13 13 13 13 13 
959 959 968 935 935 949 845 845 869 869 869 869 869 869 879 879 845 845 859 832 832 832 813 813 813 813 706 706 661 661 768 768 760 661 661 661 661 701 701 701 701 614 614 676 614 614 614 614 614 631 622 579 579 579 579 579 579 573 550 550 550 495 515 515 515 466 466 466 495 485 485 485 467 467 437 437 436 423 423 423 412 412 318 318 318 318 377 318 318 290 290 290 327 304 304 304 304 259 259 259 259 259 259 259 209 234 234 197 197 209 209 209 205 92 92 169 169 169 92 92 92 92 92 92 102 102 92 92 77 77 67 67 13 13 13 13 13 32 13 13 
959 959 935 935 949 949 845 845 869 869 869 869 869 869 869 869 869 845 859 832 832 832 832 804 804 804 706 706 706 661 661 661 760 661 661 735 661 661 661 661 661 661 661 661 661 661 614 614 614 614 622 579 579 579 579 579 551 573 550 550 550 495 515 515 515 515 495 495 495 467 467 467 467 437 437 437 436 436 412 412 412 400 400 400 318 318 318 318 363 318 318 318 327 327 318 304 304 259 259 259 259 259 259 259 209 234 234 234 234 209 209 205 205 188 188 169 169 92 92 92 92 133 133 92 92 102 102 92 77 77 77 13 13 13 13 13 13 32 13 13 
972 972 935 935 935 935 935 935 869 869 869 869 869 869 869 869 869 845 845 845 845 832 832 804 804 804 804 706 706 661 661 661 661 661 735 735 661 661 662 662 662 662 662 662 662 662 614 614 614 614 622 579 579 579 579 579 551 551 551 551 551 495 495 495 495 495 495 495 495 467 467 467 467 437 437 437 437 437 412 412 412 400 400 400 318 318 318 318 318 318 347 318 318 318 318 304 304 259 259 259 259 259 259 259 209 209 209 209 209 209 209 205 205 188 188 169 169 92 92 92 92 92 92 92 92 92 92 92 77 77 77 13 13 13 13 13 13 13 13 13 
