1009 1009 962 962 948 948 932 932 932 932 940 895 895 895 895 846 846 846 846 846 861 861 861 846 846 819 819 819 819 732 732 732 732 756 756 756 756 756 682 682 682 720 720 715 667 667 667 667 667 667 667 572 572 572 572 572 572 572 595 595 579 579 547 547 547 547 441 441 441 441 504 504 441 441 441 441 470 441 441 449 400 400 400 400 400 400 400 367 367 367 367 308 308 308 308 308 308 308 308 274 274 274 274 274 266 266 249 249 238 188 188 188 188 188 188 188 71 71 71 71 71 71 71 71 103 103 103 103 71 71 71 71 71 39 39 39 39 1 1 1 
1009 1009 962 948 948 948 932 932 932 932 940 895 895 895 895 846 846 846 846 846 861 861 861 846 819 819 819 819 819 732 732 732 732 756 732 732 756 756 682 682 682 682 715 715 667 667 667 667 667 668 668 572 572 572 572 572 572 572 572 596 579 579 547 547 441 441 441 441 441 441 504 504 441 441 441 441 441 441 441 441 400 400 330 330 330 330 330 367 367 367 368 308 308 308 308 330 274 274 274 274 274 274 266 266 266 249 249 238 238 188 188 188 188 188 189 189 71 71 71 71 71 71 71 71 103 71 71 71 71 71 71 55 55 39 39 39 39 1 1 1 
962 962 962 948 948 948 948 948 948 932 940 932 895 895 895 895 895 895 846 846 846 846 846 846 819 819 819 802 802 732 732 732 732 732 732 732 732 732 732 732 732 682 667 667 701 701 667 681 642 642 642 572 572 572 572 572 572 608 572 572 572 572 572 547 441 526 526 526 526 441 504 504 441 441 441 450 450 456 456 441 441 400 400 330 330 408 330 367 367 368 368 308 308 308 308 330 274 274 274 301 274 274 266 266 266 249 249 238 238 223 223 188 188 188 189 189 71 71 166 71 71 71 71 71 71 71 106 17 17 17 55 55 55 39 39 17 17 17 17 2 
962 962 962 948 948 978 948 948 948 932 932 932 895 895 896 896 896 896 846 846 875 846 846 847 847 839 802 802 802 809 802 732 786 732 732 741 741 741 741 741 733 682 682 667 667 667 667 681 642 642 642 642 642 642 634 547 547 547 547 580 580 580 547 547 441 526 526 526 526 441 441 441 441 441 441 450 450 456 456 409 409 409 400 400 400 400 330 394 330 330 330 330 330 330 330 330 274 274 274 274 274 274 266 266 266 266 223 223 238 223 223 188 188 199 199 71 71 71 166 125 125 125 125 125 71 71 17 17 17 17 55 55 55 55 55 17 17 17 2 2 
962 962 962 962 962 962 962 962 948 948 933 933 925 895 896 896 846 846 846 846 862 862 862 847 847 839 802 802 802 802 802 732 786 786 732 732 757 757 741 741 733 682 682 716 667 667 698 681 681 634 634 634 634 643 634 547 547 547 547 547 547 547 547 441 441 548 479 479 479 479 479 479 450 450 450 450 450 450 450 409 409 409 409 409 414 400 330 394 330 377 330 330 353 315 315 315 315 315 274 274 274 274 266 266 266 266 223 223 223 233 223 188 188 199 199 71 71 71 166 125 125 125 125 125 125 17 17 17 17 17 17 55 55 55 55 40 40 17 2 2 
962 962 962 962 962 962 972 911 911 911 933 933 925 895 896 896 846 846 846 846 862 862 862 833 833 839 833 802 802 802 802 732 732 732 732 732 757 757 733 733 733 682 682 682 682 682 682 634 634 634 634 634 634 643 634 547 547 547 547 547 547 547 441 441 558 479 479 527 479 479 479 479 450 450 450 450 463 463 450 450 409 409 409 409 414 400 330 330 330 377 353 353 353 315 274 274 274 274 274 274 274 288 266 223 223 223 223 224 223 223 223 188 188 71 71 71 71 71 71 125 125 145 125 125 125 17 107 17 17 17 17 17 17 17 17 40 40 17 2 2 
962 962 979 979 979 979 911 911 911 911 911 911 925 895 910 910 897 897 846 846 867 867 833 833 833 833 833 802 802 802 802 732 732 773 773 732 758 758 733 742 682 682 682 682 682 682 682 634 674 674 634 634 634 643 634 547 547 547 547 547 547 547 558 558 558 479 536 527 527 479 479 479 479 479 450 450 457 457 457 378 378 409 409 409 409 400 400 369 369 353 353 359 274 274 274 324 324 274 274 302 266 266 266 223 223 223 223 224 224 224 213 213 213 71 190 190 71 71 71 161 125 145 125 135 17 17 107 17 17 90 17 17 56 56 17 45 17 17 2 2 
1017 979 979 979 979 979 911 963 911 911 941 911 925 895 895 895 897 867 867 867 867 833 833 854 810 810 810 802 802 802 803 773 773 773 732 732 733 733 733 682 682 682 682 682 682 682 682 634 674 674 634 634 634 634 634 604 604 604 547 547 547 547 558 558 559 479 479 479 479 479 505 505 479 479 450 450 457 378 378 378 378 378 378 423 409 409 400 369 369 353 353 353 274 274 324 324 276 276 276 302 266 266 266 223 223 223 223 224 224 224 213 213 213 71 71 71 71 71 17 17 125 125 125 135 17 118 17 17 17 17 17 17 56 56 17 17 17 29 2 2 
1017 979 979 979 979 979 911 911 911 911 911 911 925 895 895 895 895 867 867 867 833 833 854 854 810 810 810 826 810 810 773 773 748 748 748 748 733 733 733 682 682 682 713 713 713 682 682 634 634 634 635 635 635 644 635 604 617 604 547 547 547 547 550 550 549 549 532 532 506 506 505 505 479 479 479 457 457 378 378 378 378 378 378 378 400 400 400 369 369 369 369 353 353 274 324 276 276 316 276 303 223 223 223 223 258 258 258 224 224 224 224 213 213 71 71 71 71 71 17 17 17 17 17 17 17 118 17 84 84 17 84 56 56 56 56 18 18 18 2 2 
980 980 980 980 980 980 964 964 911 925 925 925 925 911 911 911 895 895 877 877 833 833 854 855 810 810 810 810 810 773 773 798 748 748 748 748 764 733 733 682 682 713 713 702 702 682 682 682 682 634 635 659 635 644 635 604 604 604 604 597 550 550 550 550 549 549 532 533 506 506 506 506 480 480 480 457 457 378 451 451 429 429 429 378 400 400 400 369 369 369 360 360 274 274 324 276 276 276 276 276 223 223 250 250 250 258 258 224 224 224 224 219 208 208 17 17 17 17 17 108 108 108 108 108 108 108 17 84 84 84 84 56 57 57 57 18 41 18 18 3 
980 951 951 951 951 951 964 911 911 925 911 911 911 911 911 911 877 877 877 878 833 833 854 833 833 834 834 773 773 773 774 774 774 774 748 748 748 733 733 733 733 702 702 702 702 702 682 682 634 634 635 635 635 635 635 508 604 604 597 597 550 550 550 550 549 549 532 533 480 480 480 480 480 494 481 378 378 378 451 451 429 429 429 378 400 400 400 378 378 378 360 360 274 274 324 276 276 276 276 276 289 223 223 223 250 250 250 250 208 208 208 219 208 17 17 191 167 167 167 108 108 17 17 136 126 108 17 17 84 84 56 56 57 57 57 18 18 19 19 3 
980 951 951 951 951 951 964 911 911 925 911 934 911 911 912 912 877 877 889 833 833 868 833 833 833 834 834 773 773 774 774 774 774 774 748 748 748 748 702 702 702 702 702 703 703 703 618 618 634 634 635 635 645 645 508 508 597 597 597 598 550 550 550 550 550 550 532 480 480 480 480 480 480 481 481 378 378 464 430 430 430 430 430 378 378 378 378 378 360 360 360 360 274 274 324 276 325 276 276 304 289 289 275 275 250 250 259 208 208 234 208 208 208 17 191 191 167 167 162 162 17 17 17 17 126 108 108 17 56 56 56 18 18 18 18 18 18 19 19 3 
980 951 951 951 951 964 964 965 911 911 911 877 877 877 912 912 877 877 889 833 833 833 833 833 833 776 776 776 773 774 774 774 774 774 774 748 765 748 702 702 702 702 702 702 702 704 618 618 634 634 645 645 645 646 508 597 597 597 597 598 550 550 573 508 508 508 532 480 528 480 480 507 480 481 482 452 452 430 430 430 430 360 360 360 410 410 378 378 360 370 370 324 324 324 324 276 276 304 304 304 275 275 275 251 251 267 208 208 214 214 214 214 214 17 191 191 162 162 162 17 17 119 119 17 17 17 17 17 56 56 56 18 72 18 18 18 18 30 3 3 
980 980 951 951 964 964 965 965 911 911 911 877 877 877 913 913 877 898 879 879 820 820 820 820 848 776 776 776 773 773 790 790 790 648 648 748 748 748 748 702 721 702 702 702 702 618 618 618 618 675 645 645 646 646 508 597 508 508 508 508 508 508 508 508 537 508 508 480 480 480 480 480 480 481 481 452 452 430 430 360 360 360 360 360 410 410 378 378 360 360 360 324 354 276 276 276 276 304 304 305 275 290 252 252 251 251 251 251 214 235 214 214 214 17 192 192 162 162 162 17 17 119 119 119 119 119 17 17 56 56 56 18 18 3 3 3 30 30 3 4 
980 980 951 951 964 964 965 965 911 911 911 877 877 877 913 913 877 898 879 820 820 820 820 820 776 776 776 811 811 811 776 776 776 648 648 648 748 748 748 702 721 721 721 618 618 618 618 618 618 618 618 646 646 647 508 508 508 574 574 591 591 581 560 560 537 537 508 508 508 508 508 508 481 481 481 452 452 430 430 360 360 360 360 360 410 410 360 360 379 379 360 324 354 276 276 317 317 317 304 252 275 252 252 252 252 252 252 252 214 214 214 220 214 17 192 17 17 17 17 17 17 119 119 119 119 74 74 85 85 56 56 73 18 3 3 3 3 3 3 4 
1010 1010 951 995 973 973 973 958 958 877 877 877 877 877 877 877 877 898 879 820 820 820 820 820 776 840 776 776 776 776 776 776 776 648 648 648 748 748 748 702 721 721 721 618 618 618 618 618 618 618 618 646 646 618 618 618 618 574 574 574 581 581 574 560 560 537 537 465 465 518 508 508 481 481 481 452 452 452 360 360 360 360 360 360 410 410 360 360 379 360 360 324 324 276 276 291 291 291 304 252 252 252 239 239 239 252 252 239 239 214 214 220 214 17 192 17 17 17 17 17 156 119 119 119 119 74 74 85 85 85 85 73 18 18 3 3 3 20 20 4 
1010 1010 951 995 973 973 973 958 958 877 935 935 877 877 877 877 877 898 879 880 820 820 820 820 776 776 776 776 776 776 776 776 648 648 648 648 648 648 702 702 721 721 721 699 699 699 699 618 660 660 618 618 618 618 619 619 619 574 574 574 581 574 574 465 465 465 465 465 465 518 465 465 481 481 481 452 452 452 360 360 434 434 360 360 360 360 360 360 360 360 276 276 324 276 291 291 326 291 291 291 291 291 239 239 239 239 239 239 214 214 214 214 214 17 192 192 17 17 17 17 127 127 127 119 119 74 74 85 85 85 73 73 73 3 3 3 3 3 3 4 
1010 1010 951 995 973 973 973 958 958 877 877 877 877 877 877 877 877 898 879 880 820 820 820 820 776 776 827 827 776 791 791 791 648 648 648 717 717 648 702 702 699 699 699 699 609 609 618 618 660 660 660 660 609 609 619 625 609 609 574 574 574 574 465 465 551 551 465 465 465 465 465 465 465 465 465 465 452 452 458 360 434 434 360 360 360 401 401 341 341 276 276 276 276 276 276 276 326 276 276 276 291 291 239 239 270 147 147 147 214 214 214 215 215 17 17 17 17 168 168 127 127 127 127 127 127 74 74 74 85 85 73 73 73 3 3 3 3 3 3 4 
1010 1010 951 951 951 981 926 926 926 949 926 926 926 877 877 898 898 898 879 820 820 820 820 820 820 820 827 776 776 791 791 791 791 648 648 717 717 648 648 648 699 699 699 699 609 609 618 609 609 609 609 609 609 609 619 609 609 610 574 574 574 574 465 465 551 465 465 466 466 466 466 466 483 483 483 465 452 452 452 360 434 434 360 415 415 401 341 341 341 276 276 276 355 276 276 276 276 276 309 276 276 276 276 276 147 147 260 147 147 147 214 193 193 193 169 169 169 168 168 127 157 127 127 127 128 74 74 74 85 74 74 74 74 21 21 21 21 21 21 4 
1011 1011 951 951 951 951 926 966 926 926 926 879 879 879 918 898 898 879 879 820 820 856 856 820 820 820 827 776 776 776 776 792 792 775 775 717 717 717 717 648 699 699 699 699 609 705 609 609 655 655 655 655 655 609 609 609 611 592 592 592 592 574 574 465 551 465 465 465 466 466 515 466 483 483 483 465 452 452 452 360 360 360 360 415 401 401 341 341 341 276 276 276 355 276 336 309 309 309 309 277 277 277 277 277 147 147 147 147 147 147 147 193 193 193 169 169 169 169 169 127 127 127 127 127 74 74 74 74 74 74 74 74 21 21 58 31 31 31 4 4 
1011 1011 996 996 951 951 926 926 926 926 942 879 879 879 918 879 879 879 890 881 820 856 856 856 820 820 827 776 776 776 776 776 776 775 775 759 759 759 717 648 648 648 722 609 609 609 609 692 655 655 655 655 655 609 609 611 611 592 592 565 565 565 565 465 465 465 538 465 466 466 466 466 483 483 483 465 471 452 452 360 360 401 401 401 401 395 395 395 341 276 276 276 355 276 336 309 310 310 277 277 277 277 278 278 147 147 147 147 147 147 147 209 193 193 193 169 169 169 169 143 143 143 127 127 74 74 74 91 91 21 21 21 21 21 21 31 21 21 4 4 
1011 1011 996 996 951 951 951 926 926 879 879 879 879 879 879 879 899 899 881 881 820 856 820 820 820 820 820 820 820 776 776 776 776 776 775 759 766 717 717 734 734 648 722 609 609 609 692 692 648 648 655 655 655 648 611 611 620 592 592 565 582 582 565 565 538 538 538 465 519 519 466 466 466 483 483 465 465 465 452 401 401 401 401 424 416 395 395 395 341 276 276 276 276 276 309 309 310 310 277 277 292 292 278 278 147 147 147 147 147 147 147 209 193 193 193 193 181 147 147 143 143 143 143 91 91 91 91 91 91 21 21 21 21 21 21 21 21 21 4 4 
983 983 982 982 982 982 951 951 926 879 879 879 879 879 879 881 881 881 881 882 820 820 820 799 799 799 799 799 799 799 799 799 776 776 776 759 766 717 749 734 734 648 648 648 648 648 648 648 648 648 648 655 655 648 611 620 620 592 592 565 565 583 565 565 538 538 538 465 519 509 509 509 466 466 466 466 472 466 452 401 401 401 401 424 416 371 371 371 341 341 276 276 356 341 309 331 310 310 310 277 292 292 277 277 253 253 147 147 147 147 147 209 209 209 181 181 181 147 147 146 146 91 91 91 129 91 91 91 91 91 42 42 42 21 21 21 21 21 22 5 
983 983 982 987 987 951 951 951 926 950 879 879 879 879 879 879 882 882 882 882 820 820 799 799 799 799 799 799 804 804 799 799 776 776 776 759 766 717 717 717 717 723 723 565 565 565 565 565 565 676 648 648 648 648 611 611 611 611 565 565 565 583 552 552 552 552 484 484 484 509 509 509 466 466 484 466 472 466 452 452 416 416 416 416 416 371 402 371 371 341 341 341 356 341 309 310 310 310 277 277 292 292 277 277 253 253 217 217 217 147 147 147 216 181 181 181 181 147 147 146 146 91 91 129 129 91 75 75 75 92 42 42 42 42 21 21 21 21 22 5 
983 983 982 982 982 951 951 967 926 926 926 927 927 879 879 879 799 799 799 883 799 799 799 835 835 835 835 804 804 804 804 777 777 777 777 759 759 759 717 717 717 565 565 565 565 565 693 693 565 565 565 565 565 565 565 565 565 565 565 565 565 583 552 552 552 484 484 534 484 484 484 484 484 484 484 466 466 466 416 416 416 417 417 417 417 371 371 371 371 371 371 341 341 341 309 310 310 310 277 277 277 277 277 253 253 253 217 217 217 217 217 147 216 181 181 181 181 147 147 146 146 146 91 129 129 91 75 104 75 92 42 42 75 42 42 42 42 32 5 5 
983 983 982 982 982 982 951 951 926 926 926 927 928 879 879 914 799 799 799 799 799 869 835 835 835 835 835 804 804 804 804 777 793 777 777 759 759 759 717 717 735 565 565 565 565 565 693 565 565 565 661 661 649 649 626 626 561 561 561 575 575 575 575 561 561 484 529 529 529 484 484 499 499 473 473 473 473 416 416 435 435 417 417 342 342 342 342 388 388 357 357 361 341 341 309 309 309 309 309 279 279 277 277 253 253 253 217 217 217 217 217 147 147 147 147 147 147 147 147 147 147 147 91 91 91 91 104 104 75 75 75 80 75 32 32 46 32 32 5 6 
983 983 1002 997 951 951 951 951 926 926 926 927 904 904 904 904 799 799 799 799 869 869 835 835 835 777 777 777 777 777 777 777 759 759 759 759 717 717 717 717 717 694 694 694 694 565 565 565 683 565 565 662 649 649 626 627 561 561 561 561 561 561 561 561 562 484 484 484 484 484 499 499 473 473 485 416 416 416 435 435 435 435 417 342 342 342 342 342 357 357 357 361 341 341 309 309 309 309 309 279 279 279 279 253 253 253 217 217 217 217 217 217 217 182 182 194 182 147 147 147 120 120 120 120 120 120 104 104 93 93 75 75 75 32 32 32 32 33 5 6 
983 997 997 997 951 951 951 968 926 926 926 927 904 904 904 904 799 884 884 884 799 799 799 857 777 777 836 777 777 778 778 778 759 759 759 759 717 717 717 717 717 694 694 694 694 694 694 565 565 565 565 626 626 626 626 627 561 561 599 599 561 561 562 562 562 539 539 484 484 484 499 499 473 473 416 416 416 416 417 417 417 417 417 342 403 403 403 342 357 357 357 357 357 309 309 309 309 309 309 279 279 279 279 253 253 253 261 217 217 217 200 200 200 200 182 182 182 147 170 147 120 144 144 93 93 93 104 104 93 93 65 65 65 65 33 33 33 33 5 5 
983 983 997 997 983 983 951 951 951 923 923 923 923 923 904 904 799 799 799 799 799 858 799 857 777 777 777 777 777 777 777 778 778 778 778 759 759 717 717 717 736 694 694 694 694 694 694 565 565 650 650 626 626 626 626 561 561 599 599 584 584 584 562 539 539 539 484 484 484 484 484 484 484 416 416 417 417 417 417 431 431 431 342 342 403 403 403 342 342 342 358 358 358 309 309 309 309 309 309 279 279 293 279 279 253 253 261 253 217 217 200 200 200 200 200 147 147 147 170 147 120 93 93 93 130 93 93 93 93 93 65 65 65 65 33 33 33 23 23 5 
1003 983 983 983 983 983 951 951 951 923 923 923 923 904 904 904 904 799 799 885 876 858 799 799 799 799 777 777 777 777 777 768 768 768 779 759 759 760 717 717 736 694 694 694 694 694 694 694 684 650 650 650 650 650 626 561 585 585 585 584 584 584 562 539 553 553 484 484 484 484 484 484 484 495 486 342 342 417 417 431 431 431 342 403 403 403 403 342 342 342 358 362 342 342 309 327 327 293 293 293 293 293 279 279 253 253 253 253 240 200 200 200 200 94 94 147 175 175 147 147 93 93 130 130 130 94 94 94 94 81 81 65 65 65 33 33 43 23 5 5 
1003 983 983 983 983 983 951 951 951 951 923 923 923 904 904 904 904 863 863 863 876 858 858 858 799 799 777 777 777 805 805 768 794 768 768 759 767 717 717 736 736 694 694 694 694 669 669 669 684 650 650 650 650 650 626 561 585 585 585 585 584 584 562 562 553 553 484 484 516 516 516 484 484 486 486 342 342 342 442 442 442 431 342 403 403 403 342 342 358 358 358 342 342 309 309 327 327 293 293 293 293 279 279 279 240 240 240 254 240 200 200 200 200 94 94 147 147 147 147 163 93 130 130 130 131 94 94 94 94 94 81 65 65 65 23 23 23 23 5 5 
1003 1012 988 988 988 886 886 886 886 886 923 923 923 904 904 915 904 863 891 863 863 863 863 859 799 799 805 777 777 805 805 794 794 768 768 759 759 717 717 717 717 694 694 694 694 669 669 669 669 650 650 650 656 626 626 561 561 612 605 585 585 585 562 562 563 516 516 516 516 520 486 486 486 486 487 342 342 342 442 442 442 431 342 342 411 342 342 358 358 358 358 342 342 309 332 332 318 318 271 271 293 279 284 279 240 240 240 240 240 200 200 200 200 94 94 94 176 176 163 163 93 130 130 130 131 94 94 94 98 81 81 81 23 23 23 23 23 5 5 5 
1003 1003 988 988 988 886 887 886 886 886 886 886 886 886 904 904 904 863 863 863 863 859 859 859 799 799 805 805 805 805 805 794 794 768 768 768 759 759 717 717 717 694 694 714 714 669 669 685 669 650 650 650 656 626 561 561 561 561 605 585 585 586 540 540 540 516 516 516 516 486 486 486 486 487 487 342 342 342 342 342 342 431 431 342 411 342 342 342 342 380 342 342 342 309 280 280 318 318 271 271 293 279 279 279 271 225 225 225 241 200 200 200 200 200 201 94 176 176 163 163 93 93 131 131 131 94 98 98 98 81 81 81 23 23 23 23 23 5 5 5 
1003 1003 988 988 988 886 887 887 887 886 886 886 886 886 886 886 886 886 886 886 863 859 859 859 799 841 812 812 812 812 806 794 794 780 780 768 768 717 717 717 717 695 695 714 695 695 695 685 669 669 669 663 626 626 561 561 561 561 605 585 585 586 540 540 540 516 516 516 516 486 487 487 487 487 488 342 453 453 453 453 342 431 431 342 411 411 342 342 342 342 342 342 342 309 280 280 280 280 271 271 271 271 271 271 271 225 225 225 225 200 200 200 200 200 201 94 94 93 93 93 93 93 131 131 131 94 98 98 47 47 47 47 47 47 47 47 5 5 5 7 
1003 1003 988 988 988 886 887 887 887 887 887 887 887 887 886 886 900 900 849 849 863 859 859 859 799 841 812 812 812 806 806 794 794 780 780 768 768 717 717 717 717 695 695 695 695 706 695 685 685 651 651 663 626 626 626 561 561 606 605 566 566 566 566 540 540 516 516 516 516 486 486 486 500 342 342 342 453 453 453 454 342 342 342 342 411 411 342 342 343 343 343 343 343 343 280 280 280 280 311 271 271 294 271 271 225 225 225 225 225 225 225 202 202 202 94 94 94 93 93 93 93 93 131 131 131 94 94 94 47 47 48 48 47 47 47 47 5 5 5 7 
1018 1003 988 988 988 886 886 886 886 886 886 887 887 887 887 887 887 849 849 849 849 849 849 849 799 799 812 812 812 806 806 794 794 771 771 771 717 717 717 717 717 695 695 695 587 587 695 695 651 651 651 651 651 651 621 621 621 606 606 566 566 587 566 540 540 516 516 486 486 486 486 486 342 342 342 342 453 443 443 454 342 342 342 342 418 381 381 381 343 343 343 343 319 319 337 226 226 280 280 271 271 280 280 280 225 225 225 225 242 226 226 202 202 202 94 94 94 93 93 148 148 148 94 94 94 94 94 94 47 47 48 48 76 48 48 48 5 5 7 7 
1018 1003 1003 988 988 886 886 886 886 952 886 905 905 905 887 887 887 849 849 849 849 849 849 849 849 799 799 812 812 812 771 771 771 771 717 717 717 717 717 717 717 587 587 587 587 587 651 651 651 621 621 621 621 621 621 621 621 587 587 566 566 587 566 566 540 540 540 486 486 486 342 342 342 496 342 342 453 443 443 443 342 342 418 418 418 381 382 381 381 381 319 319 319 319 319 226 328 280 280 280 280 280 285 226 226 225 225 242 242 226 226 202 202 210 94 94 177 177 94 94 94 149 94 137 94 94 66 66 48 48 48 48 48 48 49 49 7 7 7 8 
989 989 989 989 989 886 886 969 886 886 886 905 905 905 905 905 887 887 849 849 849 849 849 850 850 799 799 812 812 812 771 787 771 771 717 717 717 717 743 743 587 587 587 587 587 587 651 621 621 621 621 621 587 587 587 587 587 587 587 587 587 587 566 566 541 541 541 486 486 486 342 342 342 496 453 453 453 443 443 443 342 342 418 418 418 381 382 382 389 382 319 319 319 344 319 226 328 280 280 280 285 285 285 226 226 225 225 242 226 226 226 202 202 202 202 94 177 177 94 164 94 94 94 137 94 94 109 66 48 48 48 77 77 66 49 49 7 7 7 8 
989 989 989 998 984 984 886 886 886 886 886 905 905 886 886 905 905 887 892 887 799 799 799 799 799 799 799 799 799 799 771 787 787 787 717 717 769 717 737 737 587 587 587 587 587 587 587 587 621 621 670 587 587 636 636 567 567 567 567 567 567 567 567 567 541 554 521 521 521 342 342 342 342 342 453 453 453 453 443 443 443 313 313 313 419 381 381 382 382 382 319 319 319 319 319 226 226 226 312 306 285 285 226 226 226 226 242 242 226 226 226 202 202 202 202 94 94 178 94 158 158 94 94 94 94 94 94 66 66 66 66 66 66 66 59 7 7 7 7 7 
989 989 1004 998 984 984 936 936 936 936 886 886 886 886 886 886 886 887 887 887 799 799 799 799 799 799 799 799 799 799 771 771 781 781 781 744 744 717 737 737 737 587 587 678 678 587 587 587 587 670 670 587 657 567 567 567 567 567 567 568 568 568 568 568 541 554 521 521 521 342 342 342 501 342 453 453 474 453 453 453 313 313 313 313 381 381 381 382 382 298 298 298 298 319 319 319 319 226 226 306 295 295 226 226 226 226 226 226 226 202 202 202 202 202 183 183 94 94 94 158 158 94 94 138 94 94 94 94 94 95 66 66 67 67 59 7 9 7 24 7 
1013 1013 998 998 984 984 936 936 936 936 943 886 886 919 886 886 886 901 821 821 821 799 799 799 799 799 799 828 813 813 771 771 781 781 782 744 744 717 717 717 717 717 678 678 678 707 587 587 587 670 587 587 657 567 628 628 567 567 567 600 541 541 541 541 541 554 521 521 521 521 342 342 501 342 459 459 459 459 459 453 313 436 313 313 381 381 381 390 390 298 298 363 298 298 298 333 319 319 226 306 295 295 226 226 226 227 227 227 243 202 202 202 202 202 183 183 183 179 171 132 132 132 94 94 94 94 94 94 94 95 66 66 67 67 59 7 9 7 24 7 
1013 1013 998 953 953 953 974 953 953 936 936 936 919 919 886 886 886 886 821 821 821 821 821 821 851 799 799 828 813 813 771 771 771 781 782 744 744 744 744 744 717 717 678 717 678 707 587 587 670 670 587 657 657 567 567 567 567 567 567 541 541 541 541 569 554 554 542 342 342 342 342 342 342 342 459 459 453 453 453 453 313 313 313 313 381 381 381 381 381 381 298 345 345 345 298 298 298 320 226 226 226 226 226 226 226 227 227 227 227 227 227 179 179 179 179 179 179 179 171 132 132 132 139 139 99 99 110 94 94 7 7 7 7 7 59 7 9 7 7 7 
1013 1013 998 953 975 953 953 953 953 936 936 919 919 924 919 886 886 886 821 821 821 821 864 821 821 821 821 821 821 771 771 771 771 781 782 744 744 744 744 745 717 717 678 717 678 696 696 587 587 677 587 657 637 637 637 567 567 613 541 541 554 554 554 554 554 555 542 342 530 342 342 510 437 437 459 459 453 453 453 444 444 313 313 313 313 313 313 313 313 298 298 345 338 338 338 298 298 245 245 245 245 226 226 262 262 262 262 227 227 227 227 179 179 179 100 100 171 171 171 132 132 132 132 140 99 99 99 99 99 7 7 60 60 7 7 7 9 9 9 9 
953 953 998 953 975 953 953 953 953 953 919 919 919 919 919 886 886 814 814 814 814 814 814 821 821 822 822 822 822 771 771 771 771 781 782 744 744 744 744 724 724 717 717 717 678 696 696 696 587 587 587 657 637 637 637 613 613 613 541 541 541 541 522 522 522 522 542 342 342 342 510 510 437 437 437 475 475 437 437 437 437 437 425 425 420 365 365 313 313 298 338 338 338 346 298 298 329 245 245 245 245 286 286 221 221 262 262 227 227 228 228 179 179 100 100 100 171 171 171 132 132 132 132 140 99 99 7 7 7 7 7 60 60 7 7 25 25 25 25 10 
953 953 953 953 975 975 975 953 954 954 919 919 919 920 920 870 870 814 893 814 814 814 814 821 821 822 822 822 771 771 771 771 771 781 746 746 746 746 746 724 724 724 724 718 678 678 678 678 678 678 637 637 637 652 638 613 613 541 541 541 541 541 522 522 522 522 522 522 522 522 437 437 437 489 437 437 437 437 437 437 437 437 425 425 420 365 365 313 313 338 338 364 346 346 298 298 298 298 298 298 245 286 286 221 221 221 221 244 244 228 228 179 179 100 100 100 171 171 171 132 132 132 132 140 99 99 7 7 7 7 60 60 60 60 60 25 25 25 25 10 
953 1014 953 953 975 975 976 953 919 919 919 919 919 870 870 870 870 814 893 814 814 814 814 842 842 842 814 814 771 771 771 771 781 781 746 746 746 746 746 746 729 729 718 718 679 679 679 679 679 679 637 637 638 638 638 541 541 541 541 541 564 564 522 522 522 522 522 522 522 522 437 437 489 489 489 467 467 437 437 437 445 420 420 420 420 365 365 391 313 313 347 347 346 347 298 298 313 313 313 298 245 245 286 221 221 221 221 244 244 221 221 221 218 100 100 100 171 171 171 132 132 132 132 140 132 7 7 7 7 7 60 60 60 60 10 10 25 25 25 10 
953 953 953 953 953 953 953 953 919 919 944 919 919 870 870 870 870 814 814 814 814 814 814 814 814 814 814 814 771 771 807 771 781 783 783 746 746 746 746 729 729 730 718 719 679 686 679 679 679 679 637 637 629 629 629 541 541 614 541 593 564 564 564 522 522 522 535 522 522 523 437 437 489 489 489 467 467 437 437 437 420 420 396 396 396 412 365 391 391 313 347 347 347 347 313 313 313 313 195 298 298 245 286 221 221 221 221 221 221 221 203 203 218 100 100 100 171 171 171 100 100 150 132 132 132 7 7 7 7 96 10 10 10 10 10 10 25 25 10 10 
1015 1015 953 953 985 985 919 919 959 919 944 919 919 870 870 870 870 870 870 870 870 870 837 837 852 837 837 814 814 814 771 771 781 781 781 761 761 761 729 729 730 730 718 679 679 686 686 637 637 637 637 664 629 629 629 629 541 614 541 593 564 564 564 522 522 522 535 535 522 437 437 511 490 490 490 467 467 467 420 420 420 420 396 426 396 396 365 365 365 313 313 313 313 313 313 313 313 313 195 298 298 245 245 245 245 245 245 245 245 203 203 203 203 203 203 100 171 171 171 100 100 100 132 132 86 86 86 7 7 86 86 82 61 61 61 10 10 34 10 11 
985 985 985 985 985 985 919 919 919 919 944 937 919 870 870 894 894 894 771 771 771 771 837 837 852 837 771 771 771 815 771 800 781 781 781 761 718 718 729 747 718 718 718 679 679 687 686 637 637 637 630 630 629 629 630 630 541 541 541 593 593 564 564 564 564 522 522 522 522 437 490 490 490 490 490 467 467 468 420 420 420 420 396 396 396 396 396 396 365 372 313 313 313 313 195 195 195 195 195 195 195 195 195 195 195 255 255 236 236 203 203 203 203 204 204 100 100 172 172 100 159 100 100 86 86 121 86 86 86 86 82 82 61 61 50 50 10 10 10 11 
985 1005 1005 985 985 985 919 919 937 937 937 937 919 870 870 894 894 894 771 771 771 771 837 837 837 837 771 771 771 771 771 781 781 781 781 761 718 718 729 718 718 679 679 679 679 687 686 686 686 637 637 630 630 630 630 437 437 437 437 593 593 564 564 564 437 437 437 437 437 437 437 490 490 497 476 476 420 420 420 420 420 421 421 421 349 349 365 365 365 372 372 365 195 195 195 195 195 195 195 195 195 195 195 263 195 195 255 236 236 203 203 203 203 204 204 195 100 100 100 100 159 151 100 86 86 86 86 82 82 82 82 50 50 50 50 10 10 10 11 11 
985 985 985 985 990 985 919 919 919 919 919 919 919 919 906 906 894 894 771 771 771 771 771 771 771 771 771 771 781 781 781 781 795 784 784 761 718 718 718 718 738 679 679 679 679 687 687 687 687 637 637 630 630 630 630 437 437 437 437 437 437 564 564 437 437 556 498 498 437 437 437 490 490 476 476 477 420 420 420 421 421 421 432 421 421 349 365 365 365 365 373 365 195 348 195 195 195 195 195 195 195 195 195 263 263 195 255 236 236 236 203 203 195 195 195 195 100 100 165 165 151 151 100 100 100 111 111 82 82 82 87 50 68 10 10 10 44 10 11 12 
955 955 955 985 985 985 919 919 919 945 945 919 919 919 906 906 906 894 894 771 771 871 823 823 843 843 771 771 771 795 781 781 795 784 784 761 718 718 718 738 738 679 679 679 679 671 671 697 671 671 671 437 437 437 437 437 437 437 601 601 437 437 437 437 556 556 498 498 498 498 498 498 502 476 476 476 420 421 421 421 421 438 413 413 413 349 349 392 392 365 365 365 195 348 195 334 281 281 281 281 195 195 263 263 263 195 255 255 229 229 229 195 195 196 196 196 115 115 115 115 151 151 100 100 100 100 100 100 100 82 50 50 68 10 10 10 10 10 11 11 
955 955 955 999 960 960 960 970 960 945 946 919 919 919 907 907 907 894 894 771 771 871 823 823 823 823 771 771 771 795 808 795 795 761 761 761 718 762 738 738 739 679 679 679 679 708 671 671 671 672 672 437 622 622 437 437 437 437 437 437 437 437 524 524 556 556 524 524 531 498 498 498 498 498 476 476 420 421 421 421 421 438 413 427 413 413 349 349 349 349 349 195 195 348 195 334 281 281 281 281 296 296 263 263 263 195 195 195 229 229 195 195 197 196 196 115 115 101 101 115 101 101 133 133 133 122 100 100 82 82 50 69 68 68 51 51 11 11 26 11 
955 955 955 999 960 960 960 960 960 945 945 919 929 919 907 907 907 871 871 871 871 871 823 823 823 823 823 823 823 795 795 795 761 761 761 718 718 762 738 738 437 437 679 679 679 437 437 437 437 672 437 437 622 622 639 631 437 437 437 437 437 437 524 524 524 524 524 524 531 498 498 512 491 491 476 478 420 421 421 421 421 421 413 413 413 413 374 374 383 383 349 195 195 195 195 321 321 281 281 281 296 281 281 281 263 268 263 195 195 195 195 195 197 205 205 115 115 115 101 101 101 101 133 133 122 122 101 101 82 82 50 69 69 69 51 11 11 11 26 11 
955 1006 955 955 991 960 960 955 955 955 945 919 919 919 907 907 871 871 718 718 872 872 718 718 823 823 829 829 824 795 795 796 761 761 761 718 750 750 750 437 437 437 679 679 679 437 632 632 437 437 437 665 622 622 622 631 545 545 545 545 545 588 524 524 543 543 543 524 524 513 513 491 491 491 476 476 420 421 421 421 421 421 428 428 413 413 374 374 383 383 349 349 349 349 321 321 321 321 281 281 281 281 282 282 263 263 263 195 195 195 195 195 197 197 197 197 115 115 152 152 152 101 101 101 122 101 101 101 101 50 50 69 69 62 62 11 11 11 11 11 
955 1006 1006 955 955 955 955 955 945 945 945 930 930 871 871 871 871 902 718 718 872 718 718 718 718 823 829 829 824 795 795 796 796 718 718 718 750 763 751 437 437 437 679 679 679 437 632 632 632 632 673 622 622 622 622 631 545 615 545 545 545 544 544 524 524 524 524 524 524 513 513 491 491 491 491 476 420 421 421 421 421 421 397 397 413 374 374 374 374 374 374 349 349 321 321 321 321 321 281 281 281 282 282 263 263 263 222 222 222 222 222 222 206 206 206 115 115 153 152 152 152 101 101 101 101 101 112 101 101 50 50 50 78 62 11 11 11 35 11 11 
955 955 1007 955 955 955 955 955 945 945 930 930 871 871 921 908 908 718 718 718 718 718 860 860 718 823 718 718 824 795 795 718 718 718 750 750 750 751 751 437 437 437 437 437 437 437 632 632 632 632 673 622 658 622 622 622 622 545 545 602 594 544 544 544 544 544 544 524 524 524 513 513 491 476 476 476 420 421 421 421 421 439 397 397 397 374 374 374 374 384 350 350 350 321 321 321 321 321 264 264 222 222 222 263 263 263 222 222 222 222 206 206 206 211 115 115 184 153 153 153 152 101 101 101 101 105 28 28 28 88 88 50 27 27 11 52 11 11 11 11 
955 955 1007 955 986 986 955 955 945 945 930 930 871 921 921 908 908 718 718 718 718 873 860 860 718 718 718 718 718 795 795 718 718 750 750 751 751 751 752 632 632 437 437 437 437 709 632 632 632 632 632 622 622 622 623 623 623 545 576 576 594 544 544 544 544 544 544 524 524 491 491 491 491 476 420 420 420 460 460 397 397 397 397 397 397 374 374 384 384 384 350 350 350 350 321 321 321 321 264 264 222 222 222 222 222 222 222 222 222 222 206 206 207 115 115 198 153 153 153 153 152 152 141 141 105 105 28 28 28 50 50 50 27 27 11 11 11 11 11 11 
955 955 955 955 955 955 955 955 945 945 945 930 871 871 922 871 871 871 718 718 718 718 718 718 838 838 838 830 718 795 795 718 718 750 750 750 750 632 632 632 632 731 632 632 632 632 632 688 688 680 632 632 632 653 623 623 623 545 545 576 576 576 576 570 544 544 544 491 491 491 491 491 476 476 420 420 420 420 420 397 397 397 397 397 404 404 404 300 300 385 350 350 351 351 321 321 321 321 264 264 222 222 264 264 264 264 230 230 230 230 230 206 207 115 115 115 153 153 153 153 153 153 141 141 105 113 113 28 28 50 83 83 27 27 27 53 36 36 11 11 
1016 1016 955 955 955 955 971 947 947 945 945 930 930 871 871 871 871 871 718 718 718 718 718 718 838 816 816 830 718 718 718 718 788 750 750 750 750 632 632 632 632 632 632 689 689 632 632 680 680 680 632 632 632 632 632 577 577 577 545 545 545 576 576 570 545 545 545 491 491 476 476 476 476 420 420 420 420 420 420 455 397 397 397 397 404 404 404 300 300 300 300 351 351 300 300 300 300 300 264 264 264 264 264 230 230 230 230 230 230 230 230 206 207 207 207 115 115 115 154 154 153 153 141 141 105 105 105 28 28 50 83 50 50 50 27 27 36 13 13 13 
1000 1000 955 955 992 955 971 947 947 947 947 930 930 916 916 916 871 871 865 865 865 718 718 816 816 816 816 816 816 816 718 718 788 788 785 750 632 632 632 632 725 725 725 689 689 689 700 680 680 680 632 632 632 632 632 577 577 577 577 577 545 589 570 570 545 557 546 476 476 476 517 476 476 420 420 420 420 420 461 300 300 300 397 397 397 397 397 300 300 386 300 300 300 300 300 300 300 300 264 264 264 264 264 230 230 230 230 230 230 237 206 206 174 174 174 174 174 115 115 154 154 141 141 141 123 123 105 105 28 50 50 50 50 50 27 27 36 13 13 13 
1000 1000 955 955 992 955 971 971 931 931 931 931 931 916 903 903 903 903 865 865 865 718 718 816 816 816 831 831 817 817 772 772 772 772 785 750 632 753 753 725 725 725 725 689 689 689 689 689 689 680 632 632 632 632 632 577 577 616 577 577 545 589 570 545 545 476 546 476 476 476 476 503 503 420 420 420 420 461 461 300 300 300 300 405 405 405 397 397 300 300 375 366 300 300 300 300 300 307 307 307 264 264 264 230 230 230 230 256 237 237 206 206 174 212 174 174 160 160 115 115 154 141 141 141 123 123 28 28 28 28 63 63 63 63 27 27 36 27 27 13 
1000 1000 955 955 955 955 971 971 931 931 931 916 916 916 903 903 903 903 865 865 865 865 865 816 853 844 831 832 817 817 772 772 772 772 785 750 750 754 725 725 710 710 726 689 689 690 690 689 689 680 632 640 640 640 640 577 577 577 577 577 545 545 570 545 545 476 476 476 476 476 476 476 476 420 492 420 420 461 461 300 300 300 300 300 300 405 405 300 300 300 366 366 300 300 300 300 300 307 307 264 264 264 264 272 272 230 230 230 237 237 174 174 174 212 160 160 160 160 173 115 154 154 114 114 123 123 28 28 28 28 63 63 63 63 63 27 27 27 14 14 
1000 1000 1000 1000 956 916 916 916 916 916 916 916 917 917 917 917 903 903 865 865 865 865 865 816 844 844 831 832 711 711 711 711 711 772 785 772 750 754 725 725 710 710 710 710 710 690 690 690 690 680 632 640 640 640 641 571 571 571 607 577 590 545 545 545 545 476 476 476 476 476 476 476 476 420 420 420 446 446 462 300 300 300 433 300 300 406 406 300 366 366 366 366 300 300 300 300 300 287 287 264 264 264 264 264 273 230 230 230 237 237 174 212 212 212 160 160 185 160 160 115 115 115 114 114 114 124 28 28 97 97 28 28 28 28 28 37 37 37 14 14 
993 993 993 1001 956 956 956 956 956 956 938 938 917 866 866 866 903 903 865 888 865 865 865 816 844 844 831 832 711 801 801 801 711 772 772 772 750 754 754 725 710 710 710 710 710 690 690 654 654 680 632 640 640 640 641 571 571 571 571 577 590 590 577 545 545 476 476 476 476 476 476 446 446 493 493 446 446 446 446 446 300 300 433 300 300 300 300 300 366 366 366 366 300 300 300 335 300 300 287 287 299 264 264 264 264 264 264 246 246 174 174 212 212 174 174 160 160 180 160 115 115 115 114 114 114 114 114 28 28 28 28 54 54 70 28 28 28 28 28 14 
993 993 993 1001 993 938 938 938 938 938 938 939 917 866 866 866 903 903 865 888 865 865 865 816 844 844 831 711 711 801 797 797 711 789 750 750 750 755 755 725 710 710 727 710 710 710 654 654 654 680 632 640 640 632 632 632 571 571 571 577 577 577 577 571 525 525 525 525 525 446 446 446 446 446 446 446 447 447 447 446 446 300 300 300 376 376 376 376 393 387 366 366 300 300 300 300 300 300 314 287 287 287 287 283 246 246 265 246 247 174 231 174 174 174 174 174 160 180 160 160 160 115 114 114 134 115 115 28 28 28 28 54 54 54 28 28 38 38 14 14 
993 993 1008 993 993 938 957 957 957 957 938 939 917 866 866 866 865 865 865 888 865 816 816 816 844 831 831 711 825 797 797 797 711 711 750 750 750 750 725 725 740 711 711 711 711 711 654 654 654 654 632 632 632 632 633 633 571 571 571 603 577 577 571 571 525 525 525 525 525 446 446 514 447 447 447 447 447 469 447 447 447 300 300 300 376 376 407 376 376 387 339 339 339 339 339 322 322 300 300 300 300 287 287 283 246 246 246 246 247 174 174 174 174 174 174 174 160 160 160 115 115 115 142 142 115 115 116 89 89 89 89 54 79 54 64 54 14 14 14 15 
993 993 993 993 994 938 938 957 957 938 938 939 917 917 866 866 865 865 865 865 865 816 816 816 816 831 831 711 711 797 797 797 797 711 711 711 750 750 725 725 740 711 711 711 711 712 654 654 691 654 654 654 654 654 578 578 624 571 571 603 571 571 571 525 525 525 525 525 525 525 446 446 447 447 447 447 447 422 422 448 448 300 300 300 376 376 407 398 376 387 339 339 339 322 340 322 322 322 297 297 297 297 248 283 246 246 246 257 232 232 174 174 174 174 174 186 186 115 115 115 115 115 142 142 115 102 116 89 89 89 89 54 79 54 54 54 14 14 14 14 
993 993 993 993 977 977 938 938 961 938 938 939 917 917 866 909 909 865 865 865 865 874 816 816 816 845 831 831 711 818 711 711 711 711 711 711 711 711 725 725 740 711 711 711 711 712 654 654 578 578 578 666 654 654 578 578 624 571 571 571 571 571 571 525 525 525 525 525 525 446 446 446 446 447 447 447 422 422 422 422 422 440 422 422 422 398 398 398 376 387 339 339 339 322 322 322 322 323 297 297 297 297 248 248 248 248 248 257 232 232 174 174 186 186 186 186 187 115 115 115 155 155 115 115 115 102 102 102 102 89 89 54 54 54 54 14 14 14 14 14 
993 993 993 993 977 977 977 938 938 938 938 939 917 917 866 866 866 866 866 866 866 866 866 816 816 845 831 831 711 711 711 711 711 711 711 770 770 711 711 711 711 711 728 711 711 712 654 654 578 578 578 578 578 578 578 578 578 578 578 578 578 578 578 525 525 525 525 525 525 446 446 446 446 447 447 447 422 422 422 422 422 422 422 422 422 398 399 399 376 376 376 339 339 352 322 322 322 323 297 297 297 297 248 248 269 269 248 248 248 232 232 174 174 174 174 174 174 174 174 115 115 115 115 117 117 117 117 102 102 89 89 54 54 54 54 14 14 14 14 16 
