976 976 976 976 842 842 842 842 842 905 905 922 922 905 905 842 842 842 842 842 863 645 645 645 645 645 645 797 797 744 744 744 744 744 744 744 744 736 645 645 645 631 631 631 631 631 631 631 631 631 631 631 631 523 523 523 523 548 548 579 579 548 548 548 548 489 489 489 489 489 489 489 489 489 479 479 377 377 438 438 376 376 376 376 376 376 376 376 376 360 360 360 336 336 336 336 270 270 270 270 270 270 270 270 270 228 228 228 228 228 228 170 170 170 170 170 170 72 72 72 72 72 72 126 17 17 17 17 17 38 38 38 38 38 47 47 1 1 1 1 
976 976 976 976 842 969 842 842 842 842 905 905 905 905 842 842 876 876 876 842 863 645 645 645 645 645 645 645 798 744 744 744 744 744 758 645 645 736 645 645 645 631 631 631 631 631 631 631 631 631 631 632 632 523 610 610 523 548 548 548 548 548 561 548 548 489 489 489 501 501 501 501 489 489 479 377 377 377 438 438 376 376 376 376 376 376 376 376 376 360 360 336 336 347 336 336 270 270 270 265 265 265 265 265 265 228 228 228 215 215 215 170 170 201 170 170 170 72 72 72 72 72 72 72 17 17 17 17 17 38 78 38 38 38 38 38 1 1 1 1 
976 976 976 976 842 842 842 842 842 842 936 842 842 842 842 876 876 877 877 842 842 854 645 645 800 800 800 645 798 744 744 744 744 758 758 645 645 645 645 645 645 645 678 678 678 678 678 631 631 656 645 523 523 523 610 610 523 548 548 548 548 554 554 554 489 489 489 489 501 501 501 501 377 377 479 377 470 377 438 438 438 376 376 376 376 376 376 376 376 376 360 336 336 336 336 331 331 270 270 265 298 265 265 278 265 265 228 228 215 215 215 215 170 201 170 170 170 72 72 72 72 72 134 72 17 17 104 17 17 38 17 17 17 17 56 38 38 1 1 1 
976 976 977 976 976 842 842 842 842 936 936 842 899 899 876 876 877 877 877 842 842 842 842 842 800 800 800 645 645 645 645 744 744 744 645 645 737 737 730 691 691 645 645 645 645 645 645 645 645 645 645 523 523 610 610 610 523 548 548 548 548 554 554 489 489 540 489 489 377 377 377 377 377 377 377 377 470 377 438 438 438 438 377 377 377 384 384 384 376 376 360 360 336 336 336 331 332 270 270 265 265 271 271 271 271 207 207 215 215 215 216 216 170 170 170 170 170 170 134 134 134 134 134 72 104 104 104 17 17 17 17 72 17 17 56 1 1 1 1 1 
978 978 977 977 977 842 842 951 951 936 936 842 842 899 876 876 877 877 877 842 842 842 800 800 800 776 776 806 645 645 645 744 744 744 645 730 730 730 730 691 691 691 691 691 691 601 601 601 601 601 607 607 523 610 610 610 523 548 523 523 523 554 554 489 489 540 489 489 377 377 377 502 377 377 377 377 470 377 438 438 439 439 377 377 377 384 384 384 384 377 360 360 336 336 336 331 331 270 270 265 265 271 271 271 271 207 207 215 215 215 216 207 207 170 170 170 170 134 134 134 134 134 72 72 104 72 72 72 94 72 72 72 17 56 56 1 1 1 1 1 
978 978 978 978 978 842 842 951 842 842 842 842 842 899 899 876 878 877 877 800 800 800 800 834 834 776 776 776 788 788 645 645 645 645 645 730 730 730 730 691 691 691 709 691 691 601 601 601 601 601 607 523 523 610 610 523 523 523 523 588 523 554 523 523 489 489 489 489 489 377 377 502 377 377 484 377 470 377 439 439 439 440 377 377 377 396 384 384 385 377 360 360 336 336 331 331 331 270 270 265 265 271 271 279 272 207 207 207 207 207 207 207 177 177 177 177 177 134 134 134 134 134 72 72 72 72 105 72 72 72 17 17 17 56 56 48 1 1 2 2 
978 978 978 842 842 842 842 842 842 842 842 911 911 911 899 876 878 878 878 800 800 816 816 816 816 816 816 776 776 776 776 776 645 645 645 645 730 709 709 709 709 713 709 601 601 601 601 601 601 607 607 523 633 610 610 523 523 523 588 588 523 523 523 523 523 523 528 528 377 377 471 471 471 377 377 377 377 377 439 377 377 377 377 425 377 396 396 396 377 377 360 360 336 336 331 310 310 310 310 265 265 265 265 279 272 207 207 207 217 217 229 177 177 177 177 112 112 112 112 112 142 142 127 127 85 85 85 85 85 85 17 17 17 17 17 48 17 17 2 2 
978 978 978 842 842 842 842 842 842 911 911 911 899 899 899 876 876 800 800 800 800 816 816 816 816 816 817 645 645 645 645 645 645 645 645 645 709 709 724 724 709 709 709 601 601 601 601 601 601 607 607 607 607 610 610 588 588 588 588 588 568 568 549 549 549 523 523 523 377 377 471 503 471 490 377 377 377 377 439 377 377 377 425 425 377 410 396 396 377 378 331 331 331 331 331 310 310 310 310 265 265 265 265 279 272 207 207 246 217 217 177 177 195 195 195 112 153 112 112 112 112 143 127 128 85 85 85 67 67 67 67 17 17 17 17 17 17 17 17 3 
911 911 911 981 842 842 842 842 842 911 937 899 899 912 899 899 876 800 879 800 800 816 816 843 816 816 817 645 799 645 645 645 645 645 709 709 709 724 724 724 701 701 701 692 692 601 601 601 601 601 607 607 607 568 568 588 588 588 588 588 568 549 549 505 505 505 535 523 377 377 471 471 471 471 471 377 377 377 439 377 377 377 425 425 377 410 377 377 377 378 331 331 304 304 310 310 310 310 310 303 286 286 286 272 272 246 246 246 217 217 177 177 112 112 112 112 153 153 153 153 112 143 127 128 85 85 85 67 67 67 67 67 67 17 17 17 39 17 17 3 
911 911 911 911 911 911 911 911 911 911 937 899 899 899 899 876 876 800 800 800 800 855 816 816 816 827 817 645 645 645 759 759 701 701 709 709 745 724 724 724 701 701 701 692 692 601 663 663 663 601 607 607 627 627 568 568 588 588 568 568 568 549 562 505 550 505 523 523 377 461 461 471 471 471 471 471 471 377 377 377 426 426 426 426 377 377 377 363 363 363 363 304 304 304 310 337 310 299 299 303 286 286 286 272 272 246 246 237 237 217 177 177 112 112 112 112 112 154 153 153 112 143 127 127 85 85 85 67 67 67 79 39 39 39 39 39 39 3 3 3 
911 911 911 911 937 937 937 937 937 937 937 899 899 876 876 876 876 888 849 849 800 800 800 800 800 800 817 759 759 759 759 759 701 701 701 701 701 701 724 724 701 701 701 701 601 601 663 621 621 601 646 607 607 607 620 568 568 568 568 568 568 549 549 505 550 505 523 523 377 377 461 461 461 461 461 461 461 461 449 449 426 426 426 427 365 365 397 363 363 364 364 304 348 304 310 310 310 299 299 266 286 286 266 266 266 246 246 237 237 217 184 184 184 184 184 184 112 154 154 154 112 127 127 127 85 106 106 67 67 67 79 39 39 39 39 39 40 3 3 3 
911 911 911 911 911 911 911 937 937 876 876 876 923 876 876 876 876 876 849 849 849 856 849 801 801 800 800 800 800 759 759 759 701 701 701 701 746 701 701 701 701 601 601 601 601 621 621 621 621 601 601 601 601 607 607 607 607 595 595 569 569 569 549 505 550 505 505 523 523 377 377 461 461 485 485 449 449 449 449 441 441 441 426 365 365 365 397 397 363 304 304 304 348 304 304 304 304 299 299 266 266 266 266 266 266 246 246 217 217 217 184 217 184 184 185 185 112 155 155 112 112 127 127 127 85 85 85 86 86 67 79 39 39 39 39 39 18 18 3 3 
1002 911 911 911 911 911 911 946 946 876 876 876 876 876 894 876 876 876 849 871 849 849 849 801 801 818 818 800 800 759 759 759 769 701 701 701 701 701 701 701 601 601 702 702 621 621 621 621 621 621 621 640 601 601 601 601 608 595 595 569 569 549 549 505 505 505 505 377 377 377 377 480 480 480 480 449 449 426 426 441 441 426 426 365 365 365 386 386 386 304 304 304 348 348 333 333 304 323 299 299 299 266 266 266 266 266 217 217 234 234 217 217 202 202 112 112 112 155 155 112 112 112 112 112 112 112 85 86 86 67 67 39 39 39 18 18 18 18 18 4 
1002 911 992 911 911 911 911 946 946 946 876 876 876 913 894 894 894 849 849 844 844 844 844 844 801 818 818 800 800 783 783 759 769 701 701 701 701 701 701 701 601 714 702 702 621 621 621 621 621 621 621 621 621 601 601 601 608 549 549 549 549 549 505 505 505 505 505 377 504 504 504 480 480 480 480 480 426 426 426 441 441 426 426 365 365 386 386 387 387 304 304 304 304 304 333 333 304 323 311 287 287 266 266 280 266 266 217 217 217 217 217 218 202 202 112 178 178 155 161 112 112 112 112 120 120 85 85 86 86 86 67 67 39 39 18 19 19 19 19 4 
1002 911 992 911 911 911 911 946 946 946 876 906 906 906 906 895 895 849 880 844 844 844 844 844 801 801 801 801 801 783 783 759 759 759 701 701 701 701 601 601 601 714 647 647 647 647 647 647 647 647 647 621 621 601 601 601 601 601 549 549 570 570 505 555 505 505 505 377 504 504 504 480 480 480 486 462 462 462 426 426 426 426 426 428 365 386 386 365 365 365 304 304 304 304 333 333 304 304 311 287 287 287 287 230 230 230 230 230 230 230 230 202 202 202 112 178 178 155 155 155 85 85 85 85 85 85 18 18 80 80 80 18 18 18 18 19 19 19 20 4 
1002 911 911 911 911 911 911 946 946 876 876 906 906 864 864 895 895 849 880 872 844 844 790 790 819 819 819 789 789 789 770 770 759 759 701 701 701 738 601 647 647 647 647 693 693 647 647 647 664 647 647 621 628 601 601 571 571 571 571 571 570 570 505 555 505 505 505 377 377 516 377 377 377 486 486 462 462 462 426 426 428 428 428 428 365 365 365 365 379 365 365 304 304 340 340 333 333 304 287 287 300 287 287 230 230 230 219 219 219 219 219 219 208 112 112 85 85 171 85 85 85 85 85 18 18 18 18 18 80 80 18 18 18 18 20 20 20 20 20 4 
993 993 911 911 876 876 876 876 876 876 864 864 864 864 864 864 864 849 849 872 790 790 790 790 790 790 820 789 789 764 764 770 759 759 701 701 701 738 601 647 647 601 601 667 667 647 647 647 621 621 621 621 628 628 621 571 571 571 571 571 571 571 505 505 505 505 505 529 377 377 377 377 377 486 486 462 462 402 402 402 402 402 402 402 417 379 379 379 379 350 350 304 304 340 304 304 304 304 287 287 287 273 273 273 273 219 219 219 219 219 220 220 208 112 85 85 85 85 85 107 107 107 135 18 18 18 18 18 18 18 18 4 4 20 20 20 20 21 21 4 
993 993 993 876 876 970 952 952 876 876 864 864 924 864 864 864 864 849 849 872 790 790 835 835 835 790 790 790 764 764 764 770 770 759 609 609 609 609 601 601 601 601 601 667 667 667 647 647 621 634 634 634 634 621 621 505 505 572 572 572 571 571 505 505 505 505 505 505 505 505 505 463 463 463 463 463 463 402 402 429 429 402 402 402 402 379 379 379 379 350 350 350 350 340 304 304 312 312 312 304 287 273 273 256 256 219 219 219 231 208 208 208 208 112 85 186 179 162 162 107 107 107 107 107 18 18 18 99 81 81 81 4 4 20 20 20 20 4 4 4 
994 994 994 876 914 914 952 952 952 914 914 864 864 864 864 864 864 872 872 872 748 790 790 790 790 828 790 790 790 790 764 764 764 759 609 609 609 609 601 601 601 601 601 667 667 667 667 667 621 621 621 621 621 621 505 505 505 505 505 572 572 572 505 541 536 536 536 524 524 505 505 463 463 491 463 463 463 463 402 429 429 429 418 418 402 402 402 398 379 350 350 350 350 340 340 304 304 304 304 304 287 273 273 256 256 238 238 238 231 208 208 208 208 112 85 85 179 162 162 136 136 107 107 107 107 107 107 81 81 4 4 4 4 20 20 20 20 4 4 5 
994 997 876 876 914 914 914 958 914 914 914 914 914 914 864 864 864 864 873 873 748 748 845 845 790 790 790 790 790 740 740 740 764 759 759 609 609 731 601 601 720 601 710 703 667 667 667 668 621 621 621 622 622 629 505 505 505 505 505 505 505 505 505 541 536 536 536 524 524 361 402 402 463 463 463 472 402 402 402 429 429 429 418 418 418 402 402 398 379 379 340 340 340 340 340 313 313 304 304 287 287 293 256 256 256 238 238 238 231 231 208 208 208 112 187 85 85 172 136 136 113 113 113 107 107 107 107 81 4 4 73 73 4 4 4 4 4 30 4 5 
994 994 876 982 914 914 914 958 914 947 925 925 925 915 881 881 881 864 864 864 864 748 748 846 784 784 784 784 784 784 784 740 764 764 609 609 739 731 731 601 601 601 710 703 667 683 667 667 621 621 621 622 622 622 622 505 505 505 505 505 573 505 505 541 541 541 361 361 361 361 402 402 402 402 472 472 402 402 429 429 429 429 418 418 418 398 398 398 340 340 340 340 340 340 340 313 313 313 313 287 287 256 256 267 256 256 238 238 238 231 112 112 112 112 187 187 85 136 136 136 136 144 113 113 113 113 81 81 4 4 4 4 68 4 4 4 4 30 4 5 
994 994 876 914 914 914 914 914 914 947 925 925 915 915 881 881 881 881 881 865 865 748 748 846 784 829 784 784 784 791 785 740 609 609 609 754 739 609 609 609 601 601 703 703 667 667 667 667 622 622 622 622 537 537 537 505 505 602 505 573 573 573 361 361 361 361 361 530 361 361 361 402 402 402 472 472 472 402 429 429 429 429 429 418 418 398 340 340 340 340 340 340 340 314 314 314 314 314 314 256 256 256 288 267 255 255 255 239 239 231 112 209 209 85 85 85 85 136 136 136 136 136 136 113 113 113 81 81 4 4 4 4 4 4 4 30 30 30 4 5 
994 876 876 914 914 914 914 914 925 925 925 925 915 916 881 881 881 881 882 865 866 748 850 784 784 829 784 784 784 785 785 740 609 609 609 754 739 609 732 609 609 609 703 622 622 622 622 622 622 657 635 635 537 537 537 505 505 505 505 573 573 573 361 361 361 361 361 361 361 361 361 450 450 402 473 473 473 402 429 429 442 442 429 429 398 398 340 340 340 366 366 315 351 314 314 256 256 256 256 256 288 288 288 267 255 255 255 239 239 231 112 112 210 85 85 85 180 136 136 137 137 136 136 113 113 113 95 95 95 87 4 4 4 64 4 30 30 31 4 5 
994 876 983 983 914 914 914 914 925 925 925 925 915 916 865 865 882 882 882 865 748 748 850 784 784 784 802 802 802 785 740 740 609 754 754 754 739 609 609 725 609 609 703 622 622 622 635 635 635 635 635 635 635 537 537 505 505 505 537 537 537 537 537 537 537 537 537 361 361 361 450 450 450 402 402 402 402 402 456 442 442 442 398 398 398 398 340 340 340 366 367 315 351 314 314 256 324 324 256 256 288 288 267 267 239 239 239 239 239 231 231 112 210 85 85 85 85 85 163 137 137 137 137 95 95 95 95 100 87 87 49 49 64 64 4 4 4 4 4 5 
876 876 983 983 914 914 938 938 938 938 938 915 915 916 865 865 865 865 883 865 748 850 850 784 784 784 784 785 785 785 740 777 609 609 609 609 739 739 609 609 609 703 703 622 622 622 635 635 635 635 635 635 635 537 537 611 537 537 537 580 580 542 542 542 537 537 361 361 361 361 450 450 450 492 402 402 456 456 456 442 442 442 398 398 398 398 361 361 366 366 315 315 351 314 314 256 256 256 256 256 256 288 267 239 239 239 239 239 239 112 112 112 85 85 85 85 85 85 85 137 138 138 138 95 95 95 108 87 87 49 49 49 64 64 49 49 41 5 5 5 
876 876 876 876 876 876 938 938 938 915 915 915 926 865 865 865 865 865 883 865 748 850 850 748 748 785 785 785 785 785 740 740 771 609 609 609 609 609 609 609 609 609 669 669 669 622 622 622 622 622 622 537 537 537 537 537 537 603 543 543 543 542 563 542 542 542 361 361 361 450 450 450 450 402 402 402 456 456 433 433 433 433 433 398 398 361 361 361 361 361 315 351 351 314 314 314 305 305 256 256 256 288 267 239 239 239 239 112 112 112 112 85 85 85 85 85 85 85 85 137 137 138 138 95 95 95 87 87 96 49 49 49 49 49 49 41 41 5 22 6 
876 876 939 939 876 876 876 876 876 948 926 926 926 865 865 865 865 865 883 865 748 850 850 748 748 785 785 785 785 785 785 740 740 740 755 755 609 609 726 726 609 609 669 669 669 669 669 669 622 622 622 537 537 537 537 537 537 543 543 589 543 542 542 542 542 542 361 517 517 450 506 450 450 402 402 402 450 450 450 433 433 361 361 361 361 361 388 388 388 361 315 305 305 314 314 314 305 305 256 288 288 288 267 267 267 267 239 112 112 112 112 85 85 85 188 188 85 85 137 137 137 138 138 95 95 95 87 87 96 49 49 49 49 41 41 41 5 5 5 6 
1003 939 939 939 876 876 876 876 876 948 926 926 926 865 865 865 865 865 865 865 748 748 851 748 748 748 748 807 778 778 785 778 740 740 755 755 747 726 726 727 609 694 669 669 669 669 669 669 622 622 622 537 537 537 537 537 537 543 543 589 543 543 542 542 542 542 361 361 517 450 450 450 450 450 450 450 450 464 450 450 361 361 388 388 411 411 388 389 389 361 315 305 305 305 341 305 305 305 256 256 256 289 289 239 239 239 239 112 112 112 173 173 85 85 173 173 173 137 137 137 137 95 95 95 121 114 69 69 69 69 69 69 69 41 57 50 5 5 5 6 
1003 939 971 939 939 939 876 876 876 939 939 889 889 889 907 865 865 865 867 867 867 748 748 748 808 808 748 748 778 778 778 778 740 740 747 747 747 726 726 727 609 694 669 669 669 669 669 669 622 622 622 537 537 537 537 537 537 537 543 543 581 543 543 543 543 543 361 361 517 517 361 361 361 361 361 361 361 361 361 361 361 361 388 388 388 388 388 388 361 361 315 305 352 305 305 305 325 325 305 305 256 256 256 239 239 239 239 112 112 112 173 173 173 173 173 173 173 137 137 137 137 95 95 95 95 114 69 69 69 88 69 69 41 41 57 50 42 6 6 6 
939 939 971 971 971 939 876 876 876 939 900 900 889 889 907 865 865 865 867 867 836 836 847 847 808 808 821 748 748 792 740 740 772 740 747 740 740 740 726 726 609 694 694 694 694 609 609 609 622 622 537 537 537 537 537 537 537 537 575 543 543 551 551 551 551 544 361 361 525 361 361 496 496 361 361 361 361 361 361 361 361 361 388 390 390 388 388 388 361 380 315 305 305 305 305 305 305 305 305 294 294 294 256 256 256 239 239 112 112 112 173 173 173 173 196 173 173 173 137 137 137 137 95 95 95 95 82 82 69 69 69 41 41 41 41 50 42 6 23 7 
939 939 971 971 971 939 939 939 939 939 900 900 889 889 889 889 889 889 867 867 836 836 836 848 808 808 808 808 748 748 740 740 740 740 747 740 740 740 726 726 609 704 694 694 695 609 609 609 622 622 537 537 537 537 537 612 537 537 575 575 543 574 564 544 544 544 538 361 525 361 487 487 487 487 487 361 361 361 361 361 361 388 388 390 390 390 390 390 361 361 315 342 342 342 342 305 305 305 305 294 294 281 281 281 256 256 256 112 174 174 174 174 174 174 174 174 174 174 129 129 129 129 95 95 95 95 82 82 82 82 82 41 41 41 41 50 6 6 7 7 
939 939 971 971 971 971 959 959 939 939 900 900 900 900 900 900 889 889 874 874 836 857 836 836 836 809 809 809 748 748 740 740 740 740 747 740 740 740 726 726 609 704 694 694 695 609 609 609 609 623 623 623 537 537 537 537 537 537 596 575 543 543 564 544 544 544 538 361 361 361 487 487 487 445 445 361 361 361 361 451 445 388 388 388 412 412 390 390 390 361 315 315 315 315 315 305 305 326 294 294 294 281 281 281 112 112 112 112 174 235 101 101 174 174 189 189 174 174 129 129 129 129 129 129 95 95 95 95 89 89 41 41 41 41 41 6 6 7 7 7 
939 939 939 984 972 972 959 959 940 940 900 900 900 917 900 900 874 874 874 874 836 809 809 809 809 809 809 809 748 748 773 773 773 740 747 747 747 740 726 726 609 704 704 704 609 609 609 609 609 623 648 623 623 537 537 537 537 537 537 575 575 543 543 544 544 544 538 361 361 507 487 487 487 445 445 361 361 361 361 445 445 388 388 430 412 390 390 399 390 361 368 315 315 315 315 305 305 294 294 112 112 112 112 112 112 268 174 174 174 235 101 101 211 101 101 174 174 174 129 129 75 75 75 75 75 75 95 95 89 89 41 74 41 41 41 6 43 7 7 7 
939 939 939 984 972 973 959 959 940 940 940 836 836 836 901 901 874 874 874 874 836 809 809 809 809 809 809 793 793 748 748 773 773 740 740 740 740 740 726 726 609 609 609 705 609 684 609 665 665 623 623 623 623 537 537 537 537 537 537 590 575 575 543 544 544 544 538 361 361 507 507 445 445 445 445 445 445 445 445 445 446 388 388 430 412 390 390 390 390 361 361 315 315 315 315 315 315 315 315 112 112 112 112 112 112 174 174 101 101 101 101 101 101 101 101 174 174 174 164 129 75 75 122 122 122 75 95 95 75 75 41 41 41 41 41 6 6 8 8 8 
939 984 984 984 972 890 890 890 890 890 890 836 927 836 901 901 836 836 836 836 836 809 809 809 809 809 809 793 793 793 748 748 748 740 740 756 715 715 715 715 715 715 609 609 609 684 609 609 609 609 649 623 623 623 623 604 604 604 543 543 575 575 543 538 538 538 538 508 508 508 508 445 445 445 445 445 457 457 445 445 446 403 403 403 403 403 403 343 343 343 361 361 315 315 315 315 315 249 249 249 249 249 249 249 112 174 174 101 101 101 101 101 101 203 101 164 164 164 164 129 145 145 122 122 75 75 75 75 75 75 41 41 58 41 41 6 6 8 8 8 
939 939 985 985 972 890 963 890 890 890 890 836 927 836 836 836 836 836 836 868 868 809 809 809 809 793 793 793 793 779 779 779 748 756 756 756 715 721 721 721 721 711 711 609 609 679 679 609 609 609 609 609 609 604 604 604 543 543 543 543 576 576 543 538 538 531 531 508 508 508 445 445 445 445 481 457 457 457 457 403 403 403 403 403 419 403 403 343 343 343 361 361 315 315 315 315 315 249 249 295 295 295 249 249 112 112 174 247 101 101 101 101 101 101 101 164 164 129 129 129 145 145 122 122 75 75 75 75 75 75 75 75 58 58 58 6 6 6 24 9 
1004 939 939 939 972 890 963 890 890 890 941 836 836 836 836 836 836 868 868 868 852 852 852 830 830 793 810 810 793 779 779 779 748 756 748 748 715 721 721 679 679 711 711 679 679 679 650 650 650 650 650 609 609 604 604 613 543 543 597 543 543 543 543 545 531 531 531 531 509 509 445 445 445 445 481 457 474 457 458 403 403 403 403 403 419 403 403 343 343 343 343 343 343 343 343 249 249 249 249 295 295 249 249 257 257 112 174 174 101 101 101 101 101 101 101 101 101 129 101 101 101 101 122 122 75 75 75 75 90 90 32 32 32 32 59 6 6 6 24 9 
1004 939 939 939 972 890 890 890 890 890 890 890 836 836 836 836 836 822 822 822 852 852 852 830 830 793 793 811 793 794 748 748 748 748 748 748 741 741 679 679 679 679 679 679 685 685 650 670 650 650 650 609 609 609 609 609 609 543 597 582 582 556 556 545 531 531 531 531 509 509 509 445 445 445 481 457 474 457 354 354 403 403 403 403 403 404 404 343 391 343 343 353 353 343 343 249 334 316 316 249 249 249 290 257 257 257 174 174 240 101 101 101 101 190 190 190 101 101 101 130 130 101 101 101 75 75 109 75 90 90 32 51 51 32 32 6 6 6 6 9 
1005 939 986 986 942 942 890 890 890 890 890 890 890 890 890 836 836 822 884 822 822 822 822 822 830 830 793 793 793 748 748 748 748 748 748 748 741 741 679 679 716 716 679 679 685 685 650 650 650 658 543 543 543 543 543 543 543 543 597 582 582 556 556 545 545 545 493 493 510 510 510 445 445 445 481 457 457 457 354 354 354 354 403 403 403 404 405 343 343 343 369 353 353 344 344 249 249 316 316 249 249 249 249 257 257 257 174 248 240 174 174 174 174 174 191 191 130 130 130 130 130 130 139 101 101 75 75 75 32 32 32 51 51 51 32 32 32 32 6 9 
1005 939 986 942 942 942 942 942 942 942 890 890 890 890 890 836 836 822 822 822 822 822 853 822 822 822 822 748 748 748 748 748 748 748 748 748 748 679 679 679 716 651 651 651 651 651 666 666 666 543 543 641 543 543 614 614 543 543 583 583 557 557 556 556 493 493 493 493 493 493 445 445 445 445 481 481 475 465 354 354 354 354 354 354 420 404 405 344 344 344 344 344 344 344 338 338 249 249 249 249 296 296 249 249 257 257 174 174 240 174 221 221 174 174 130 130 130 140 130 130 146 130 130 130 101 101 75 75 32 32 32 51 51 51 51 51 32 32 6 9 
1005 939 939 942 942 942 942 960 942 942 890 928 928 890 890 890 890 890 822 822 858 858 749 749 749 749 749 748 748 748 748 765 765 765 760 749 749 679 679 679 716 651 712 651 651 651 651 651 651 543 543 641 615 615 614 614 543 543 583 583 557 557 557 557 493 493 493 493 493 493 445 445 445 445 354 354 475 465 354 354 354 354 354 354 344 344 344 344 344 381 370 344 344 349 338 338 249 249 249 249 296 282 282 249 257 257 257 174 240 174 221 221 174 174 130 130 130 140 140 140 146 146 140 110 110 101 101 101 32 32 32 51 51 11 11 11 33 33 6 6 
995 995 939 939 942 942 942 942 942 949 890 890 890 890 890 890 891 891 822 858 858 859 749 831 831 749 749 812 748 748 748 749 749 766 760 749 716 716 716 716 716 651 651 651 651 651 671 671 651 651 543 543 615 615 624 615 565 565 565 583 583 493 493 493 493 493 493 493 493 493 497 497 497 354 354 354 354 465 354 354 354 354 354 354 354 413 344 344 344 370 370 344 344 338 345 338 226 226 226 306 296 282 282 249 274 258 258 174 174 174 212 212 212 130 130 130 130 175 165 140 147 147 140 110 110 110 110 32 32 32 32 76 11 11 60 11 11 11 11 10 
995 995 995 939 979 942 942 953 953 942 942 890 890 918 749 749 749 749 822 858 858 858 749 831 831 749 749 812 748 748 748 749 749 760 760 749 716 742 716 716 717 717 680 680 696 651 651 651 651 651 543 543 615 615 615 615 565 565 565 565 584 493 493 493 493 493 493 526 526 493 497 497 498 354 482 482 354 354 354 354 354 354 354 421 354 354 344 344 392 370 371 344 344 338 338 338 226 226 226 306 296 282 282 249 274 258 241 241 174 174 212 212 130 130 192 192 165 165 165 140 140 140 140 110 110 110 32 32 83 83 83 76 11 34 34 34 34 34 10 10 
995 995 995 939 939 974 942 953 953 942 918 918 918 918 749 749 749 749 822 858 858 858 749 831 831 831 749 749 749 749 749 749 749 760 749 749 716 716 716 716 680 680 680 680 696 651 651 672 651 651 543 543 543 543 565 565 565 565 598 565 565 565 565 493 493 493 493 493 493 493 493 493 498 354 354 354 354 354 354 354 421 421 434 421 354 354 370 370 370 370 354 354 354 338 338 307 317 226 226 226 296 282 282 249 249 258 241 241 241 236 212 212 130 130 157 157 165 165 65 65 65 141 141 123 123 110 32 32 32 32 32 76 11 11 52 52 25 25 10 10 
995 995 995 987 939 974 942 942 942 942 918 932 918 918 749 749 749 749 822 749 749 858 749 837 837 832 716 716 716 716 749 749 749 749 749 757 716 716 716 716 680 680 680 680 651 651 651 651 651 651 543 543 543 543 565 565 565 565 598 565 565 552 552 493 493 493 493 493 493 493 493 493 488 488 488 354 466 466 354 354 421 421 421 421 354 414 370 370 370 370 354 354 354 327 327 307 317 317 317 226 296 282 282 282 249 258 258 249 236 236 212 222 157 157 157 157 181 65 65 65 65 65 110 123 110 110 91 91 91 76 76 76 11 11 11 11 25 25 10 10 
995 995 987 987 939 950 950 950 942 942 918 918 918 749 749 749 749 749 822 749 749 749 749 813 813 832 716 716 803 716 716 716 716 716 716 716 716 716 716 716 680 680 680 680 651 686 652 652 652 651 651 543 543 543 543 565 565 565 565 565 552 552 552 552 552 532 532 493 493 518 493 493 488 488 488 354 354 354 354 354 421 421 421 431 354 414 370 370 393 370 372 354 354 327 327 307 307 307 307 226 296 296 282 282 249 249 249 249 236 236 212 212 157 157 157 157 181 65 65 65 65 65 110 110 110 115 91 91 91 76 76 11 11 11 11 11 25 25 10 10 
995 995 987 988 939 950 950 950 950 950 918 918 919 749 749 749 749 749 749 749 813 813 813 813 813 813 813 716 716 728 728 728 728 761 761 716 716 716 716 716 680 680 680 680 651 651 652 652 652 652 652 543 543 543 543 565 565 565 565 552 552 552 552 546 546 532 532 532 493 493 493 493 493 493 476 476 476 354 354 354 421 421 421 431 354 354 406 370 370 370 354 354 355 327 327 307 307 327 307 226 226 296 283 283 249 249 242 242 242 212 212 212 157 157 157 157 157 157 65 156 65 65 65 65 91 91 91 91 91 76 76 11 11 11 61 11 25 25 25 11 
933 933 987 933 939 939 939 961 950 950 918 918 919 749 749 749 749 749 749 875 813 813 813 813 813 813 813 813 716 728 728 728 728 761 761 728 728 728 728 728 680 680 680 697 697 651 680 652 652 652 652 543 543 625 625 565 565 565 565 552 585 552 552 546 546 532 532 532 493 493 407 407 407 407 476 476 476 443 443 354 435 435 421 421 421 354 354 354 354 354 354 319 319 327 327 327 327 327 307 307 226 226 283 283 249 249 242 250 212 212 212 212 157 157 157 157 157 157 65 65 65 65 65 65 91 91 91 91 91 91 26 26 11 11 61 11 11 11 11 11 
933 933 933 933 964 964 964 929 929 929 943 919 919 749 749 749 749 749 749 875 813 813 813 813 838 823 823 716 716 716 716 716 728 728 728 728 728 728 733 722 722 680 680 697 680 680 680 630 630 659 616 616 616 616 616 565 565 565 565 552 552 552 552 546 546 546 519 519 519 519 407 407 407 407 476 476 476 443 443 452 435 435 394 394 394 394 394 394 394 354 354 319 319 346 346 318 318 318 284 284 226 226 226 226 242 242 242 250 212 212 212 212 213 157 157 157 157 157 166 65 65 148 65 65 91 91 91 91 26 26 26 26 26 61 61 11 11 11 11 12 
933 933 933 989 964 929 929 929 929 929 943 919 919 919 902 902 875 875 875 875 813 813 813 813 838 823 823 716 804 716 786 716 728 728 750 750 750 733 733 722 723 680 680 697 680 680 680 630 630 630 616 616 616 616 616 565 565 591 591 591 552 552 552 546 546 546 519 477 477 477 477 407 407 407 476 476 476 443 443 443 435 435 394 394 394 394 394 394 395 354 354 319 319 346 346 318 335 318 284 284 226 226 226 226 242 242 250 250 243 223 223 223 197 197 197 157 157 157 157 157 65 65 65 65 91 91 91 91 26 26 26 26 26 61 26 26 26 26 26 12 
998 998 933 933 964 964 929 929 929 929 929 929 919 919 902 902 875 875 875 875 813 813 813 813 716 716 716 716 716 716 786 716 728 728 750 750 750 733 722 722 723 680 680 697 680 673 673 630 630 636 636 636 636 616 616 565 565 591 591 586 586 558 558 546 546 519 519 477 477 477 477 407 407 476 476 476 476 443 443 443 447 435 435 394 394 415 394 394 319 319 319 319 319 319 319 319 335 318 318 284 284 284 284 226 226 242 157 157 243 223 224 224 197 204 193 193 157 157 157 158 65 65 65 65 116 116 111 35 35 35 35 26 26 61 26 26 26 26 26 12 
998 980 980 933 964 964 965 929 929 944 944 929 929 920 795 795 875 875 813 813 813 813 813 813 716 716 716 716 716 716 716 716 728 728 728 699 699 733 722 722 723 680 680 680 680 673 673 673 630 636 636 605 605 605 616 616 586 586 586 586 558 558 558 558 519 519 533 533 477 477 477 477 407 407 407 407 407 407 443 443 443 443 407 407 394 394 394 394 319 319 356 356 356 319 319 319 328 328 308 308 275 275 284 284 226 242 157 157 157 223 197 197 197 193 193 193 157 157 151 151 65 65 65 131 65 65 111 35 35 35 35 26 26 26 26 27 27 27 27 12 
980 980 980 933 954 954 954 954 954 944 944 908 908 920 908 795 795 795 813 813 813 813 716 716 716 716 716 805 805 716 728 728 728 728 728 699 699 699 699 722 687 687 680 680 698 673 681 630 630 636 636 605 605 605 616 616 586 592 586 586 558 558 558 558 519 533 533 533 477 520 511 477 499 477 477 477 477 407 407 407 407 407 407 407 416 416 407 319 319 319 356 356 319 319 319 319 328 328 308 308 275 275 285 285 226 157 157 251 157 223 157 157 157 193 193 193 157 157 151 151 65 65 65 65 65 65 111 35 97 35 35 77 70 26 26 27 28 28 28 12 
980 999 980 933 954 954 954 944 944 944 944 908 908 908 908 896 896 795 795 840 813 813 716 716 839 716 716 716 716 716 728 774 774 728 762 699 699 699 699 699 687 680 680 680 698 673 673 630 642 642 653 642 605 605 605 617 586 592 599 519 519 519 558 558 519 533 533 533 477 477 511 477 477 477 477 477 477 408 408 408 408 407 407 407 407 407 407 319 319 356 356 356 319 319 319 319 319 319 319 275 275 275 285 285 226 157 157 157 157 157 157 176 157 157 157 157 157 176 151 159 65 65 65 65 117 65 65 35 97 35 35 35 70 35 35 35 28 28 12 12 
980 980 980 933 954 954 954 944 944 944 944 908 908 908 908 896 896 795 795 840 840 840 840 716 716 716 824 716 716 795 728 728 775 728 762 699 699 699 699 699 687 680 680 680 673 673 673 630 630 642 642 642 605 605 605 617 586 592 592 519 519 519 519 519 519 539 512 512 527 477 477 477 467 467 477 477 477 408 408 453 408 408 432 432 408 408 319 319 319 356 356 356 339 339 339 339 319 319 275 275 301 275 226 226 226 259 259 157 244 225 225 176 176 205 157 157 176 176 151 124 124 124 118 118 117 117 65 65 65 65 65 35 35 35 62 35 44 12 12 13 
980 980 990 933 933 966 966 944 944 933 933 933 892 892 892 896 896 795 795 840 840 860 840 716 716 795 795 795 795 795 728 728 775 728 762 699 699 743 699 699 687 680 680 706 673 673 674 674 630 630 643 643 559 559 605 605 605 605 592 592 519 519 519 519 519 539 512 512 512 477 477 467 467 467 467 483 467 467 408 408 444 408 408 408 408 408 408 319 319 319 339 339 339 275 275 275 275 275 275 291 291 275 226 226 226 226 260 157 157 225 225 225 176 205 157 157 176 151 151 124 124 124 118 118 118 118 65 65 65 92 65 65 71 35 35 35 44 12 12 13 
980 980 990 990 933 933 933 955 955 933 933 933 892 892 892 903 892 892 795 795 795 795 840 840 840 795 795 795 795 795 728 728 728 728 762 743 743 743 699 699 687 706 706 706 673 673 630 630 630 630 559 559 559 559 559 559 559 559 559 593 519 519 519 559 539 539 512 512 512 512 512 467 494 494 467 467 467 468 408 408 444 444 408 408 382 382 409 319 319 319 339 362 357 275 275 275 275 275 320 291 291 275 275 226 226 226 226 157 157 225 194 194 176 205 198 176 176 151 151 124 124 124 118 118 118 118 65 102 65 65 84 65 71 35 63 35 35 35 12 13 
980 980 990 990 962 962 933 933 933 933 933 933 892 892 892 892 892 795 795 795 795 795 841 841 841 795 825 796 796 796 728 728 728 728 762 743 676 676 734 699 687 687 687 687 687 687 630 630 630 654 559 644 559 559 559 594 594 594 559 559 559 559 559 559 539 539 539 512 513 513 513 467 467 467 467 467 459 459 408 408 408 408 408 408 382 382 382 382 382 382 339 339 357 275 275 275 275 275 275 291 291 275 275 269 269 269 226 157 157 194 194 194 176 176 198 176 182 151 151 124 124 124 132 132 118 118 65 65 65 65 84 65 71 35 35 35 13 13 13 13 
980 980 990 990 962 962 962 962 893 893 934 934 893 893 893 893 897 795 795 795 795 795 795 795 795 795 825 796 796 796 780 780 676 676 676 743 676 676 734 699 699 699 707 707 688 688 630 630 630 654 559 559 559 559 559 559 559 594 594 594 560 560 560 560 539 539 512 512 513 467 467 467 467 467 467 467 459 459 408 408 448 408 408 408 382 400 400 400 321 321 373 339 339 339 275 275 329 329 275 275 291 291 291 269 269 226 226 252 157 194 194 194 194 176 198 176 182 151 151 151 151 124 124 124 124 15 15 66 66 66 66 65 65 65 35 35 13 13 13 14 
980 980 980 980 980 967 967 893 893 893 934 934 893 893 909 893 893 893 885 795 795 833 833 833 833 833 825 780 780 780 780 781 676 767 676 676 676 676 734 699 699 699 699 708 688 688 630 630 655 654 654 559 559 559 559 618 559 560 560 560 560 577 512 512 512 547 512 513 513 467 467 467 467 467 467 459 459 459 408 408 448 408 408 408 382 382 382 321 321 321 358 358 339 339 329 329 329 330 275 275 291 291 291 269 269 226 261 157 157 157 157 157 194 176 176 176 167 167 167 133 133 133 133 133 15 15 15 15 15 15 66 65 65 66 35 35 13 13 13 14 
980 980 980 980 967 967 893 893 956 893 945 893 893 893 885 885 885 885 885 861 861 833 833 833 780 780 825 780 781 781 781 781 676 767 676 676 751 676 676 718 718 718 699 708 688 688 630 630 655 654 654 637 637 559 559 618 559 560 566 566 577 577 512 512 512 512 512 513 513 521 467 467 455 455 478 459 459 459 459 401 401 401 401 408 408 408 382 382 382 321 358 358 339 339 329 329 275 275 275 309 291 291 291 269 269 226 157 157 157 157 232 157 194 199 199 194 167 167 167 133 133 133 15 15 15 98 98 98 98 15 66 66 66 66 53 53 36 36 13 13 
1000 1000 980 980 967 967 893 893 893 893 945 893 893 921 885 885 885 885 886 861 861 833 833 780 780 780 780 780 781 781 781 782 676 735 735 735 735 735 676 700 700 700 699 699 699 630 630 675 655 655 655 637 559 559 626 618 559 560 566 566 577 577 566 512 521 521 521 534 521 521 514 455 455 455 478 459 459 401 401 401 436 436 401 401 422 401 401 382 382 321 321 358 358 329 329 329 275 309 309 309 291 291 292 269 269 226 157 253 157 226 226 226 194 199 199 194 167 167 167 133 133 133 15 15 15 15 98 98 53 53 53 53 53 53 53 54 36 36 13 13 
980 980 980 991 967 967 957 957 893 893 893 893 893 921 898 885 885 885 814 814 861 861 780 780 752 752 752 752 781 781 781 782 676 735 676 676 676 735 676 700 700 700 700 700 700 630 682 630 630 660 637 637 559 559 559 618 559 560 560 566 566 566 566 512 512 512 521 521 521 514 514 455 455 455 478 478 478 401 401 401 401 436 436 401 401 401 401 382 382 321 321 329 329 329 329 329 275 309 275 275 275 275 269 269 269 226 157 157 157 226 206 206 194 194 194 194 167 167 168 133 149 149 125 125 15 15 103 103 53 53 54 54 54 54 54 54 36 36 13 13 
1001 1001 968 968 967 967 957 957 957 930 930 930 930 898 898 898 898 814 814 814 861 861 780 780 752 752 826 752 781 781 781 782 676 735 676 676 676 735 676 676 700 676 676 700 700 630 630 630 630 630 637 637 560 560 559 559 559 606 560 567 567 567 567 553 553 512 514 514 514 514 515 455 455 455 455 401 401 454 454 454 401 401 401 401 401 401 401 401 321 321 374 329 329 329 329 329 275 275 275 275 275 275 269 269 269 226 226 245 245 226 206 206 206 206 200 133 168 168 168 133 149 150 125 125 15 15 15 53 53 53 46 46 54 54 13 55 13 13 13 13 
968 968 968 968 975 975 968 930 930 930 910 910 931 898 898 898 814 814 814 814 869 752 752 752 752 752 826 752 752 752 752 782 676 676 676 676 676 735 735 676 676 676 676 689 689 689 630 630 630 630 630 637 560 560 560 560 560 560 560 567 567 567 553 553 512 512 500 500 455 455 455 455 455 455 455 401 401 401 401 401 401 401 401 401 401 401 321 321 321 383 329 329 329 329 321 321 321 321 321 302 302 275 275 275 275 226 226 226 226 226 206 206 206 206 200 133 168 168 133 133 149 150 125 125 125 15 15 53 93 93 46 46 54 54 13 13 13 37 13 13 
968 996 996 968 968 968 968 930 930 930 910 910 910 910 910 904 814 814 752 752 752 752 752 752 826 826 826 752 752 787 752 752 676 676 676 676 752 719 719 719 676 676 676 689 689 630 630 630 630 661 630 630 630 630 560 560 560 567 567 567 567 567 553 512 512 500 500 500 455 455 455 455 495 495 455 455 401 401 401 401 401 423 423 423 401 401 321 321 321 321 329 329 329 329 321 276 276 276 276 302 276 276 276 276 276 226 262 226 233 233 200 200 200 200 200 133 133 133 133 150 150 150 125 125 125 15 53 53 93 93 46 46 54 54 13 13 45 15 15 15 
968 996 968 968 968 968 930 930 930 930 910 910 910 904 904 904 814 814 752 752 870 826 826 826 826 826 752 752 752 787 787 752 752 768 752 752 752 719 719 677 677 677 676 676 676 630 630 630 638 638 638 638 560 560 560 619 560 567 567 567 567 567 553 512 500 500 500 500 522 522 455 455 495 455 455 455 401 401 401 455 423 423 437 423 423 321 321 321 321 321 321 321 321 321 321 276 276 276 276 276 276 263 263 277 277 226 226 226 233 233 200 200 214 200 200 150 150 150 169 150 152 15 15 15 15 15 15 15 93 93 46 46 46 46 46 15 15 15 15 15 
968 968 968 968 968 930 930 910 910 910 910 910 910 904 904 904 814 814 814 862 862 826 826 826 826 826 752 752 752 752 752 752 752 752 752 753 753 719 719 719 719 677 677 677 676 676 676 676 638 662 638 638 560 560 560 560 560 512 600 512 512 512 553 512 500 500 500 500 522 522 455 495 495 455 455 455 460 460 460 455 423 359 359 359 424 321 321 321 321 375 375 359 359 263 263 276 263 263 263 263 263 263 263 263 263 226 226 254 233 233 233 200 200 200 200 150 183 150 150 150 152 15 15 119 119 119 15 15 15 15 46 46 46 46 46 15 15 15 29 16 
968 968 968 968 930 930 930 910 910 910 935 935 910 910 904 904 887 887 814 814 862 862 826 826 826 826 814 814 752 752 752 752 752 752 763 753 753 719 719 719 719 719 677 677 690 690 676 676 638 638 638 638 638 578 578 578 578 512 512 512 587 512 512 512 500 500 500 500 522 522 455 455 455 455 455 455 455 455 455 455 423 359 359 359 359 321 321 359 359 375 375 359 263 263 263 263 263 322 322 297 297 297 264 264 263 263 263 150 150 150 150 150 150 200 200 150 160 160 150 150 15 15 15 119 119 119 15 15 15 15 46 46 46 46 46 46 46 15 16 16 
968 968 968 968 930 930 930 910 910 910 910 910 910 910 904 904 887 887 887 814 814 814 814 814 814 814 814 815 752 752 752 752 752 763 763 753 753 719 719 729 719 719 677 677 677 677 677 677 638 638 639 639 639 578 578 578 578 578 578 578 578 578 512 512 500 500 500 500 500 500 500 500 500 455 455 469 469 469 455 455 423 423 359 359 359 359 359 359 359 359 359 359 263 297 297 297 297 297 297 297 297 297 264 264 264 264 264 150 150 150 150 227 150 150 150 150 160 160 160 160 15 15 15 15 15 15 15 15 15 15 15 15 15 15 15 15 15 15 16 16 
