975 975 907 907 907 928 928 928 928 915 915 907 850 850 859 859 859 859 859 750 750 821 821 821 804 804 750 750 750 750 750 760 721 721 721 721 721 630 630 630 687 687 602 602 602 602 602 602 602 602 602 602 602 602 602 537 537 575 575 537 537 537 537 537 537 414 414 414 414 414 414 414 414 414 414 414 462 414 414 391 391 391 376 376 376 395 376 376 376 345 345 345 291 291 291 291 291 291 291 291 283 235 235 235 235 235 235 235 235 185 185 185 185 185 185 185 185 93 93 93 93 93 93 136 125 26 26 26 26 26 26 57 57 57 57 1 1 1 1 1 
964 964 907 907 907 928 944 915 915 915 907 907 850 850 859 859 867 867 750 750 750 821 821 821 804 804 750 792 750 750 750 760 721 721 721 630 630 630 707 630 687 687 602 602 602 602 602 602 602 602 628 537 537 612 537 537 537 537 537 537 537 537 554 529 529 414 414 485 485 414 414 414 414 414 414 414 414 414 414 391 391 391 391 391 376 376 376 376 376 345 345 345 291 291 291 235 235 235 235 235 283 235 235 235 235 235 246 235 235 185 194 194 194 194 194 185 185 93 93 93 93 93 93 93 125 26 26 26 26 26 26 57 57 57 58 1 1 1 1 1 
964 964 964 907 907 928 944 907 907 907 907 850 850 850 850 868 867 867 750 828 750 750 750 750 805 805 750 750 750 750 750 708 708 708 708 630 630 630 630 630 681 681 602 602 602 602 602 602 647 537 537 537 537 537 537 537 537 537 537 529 529 529 529 529 529 529 414 414 485 414 414 414 414 414 414 454 454 414 414 414 414 414 414 391 402 345 345 345 345 345 345 345 291 291 291 235 235 235 235 235 235 235 235 235 235 235 235 185 185 185 190 190 190 194 194 190 93 93 161 161 161 150 142 93 125 120 26 26 26 26 26 65 65 65 58 1 1 1 1 2 
964 964 964 907 907 928 907 907 916 916 916 850 850 850 850 868 868 868 750 828 828 828 828 750 750 750 750 750 750 750 750 708 708 708 708 708 703 703 630 630 681 681 681 673 639 639 629 629 629 537 537 538 538 603 603 537 537 537 537 529 555 555 555 414 414 414 414 414 485 485 485 478 478 414 414 454 454 414 414 414 414 391 391 391 402 345 345 345 345 345 358 345 291 291 291 235 235 292 292 292 235 235 235 235 235 235 235 185 190 190 190 190 190 190 190 190 93 150 150 150 150 150 142 93 125 120 26 26 92 87 26 65 58 58 58 2 2 2 2 2 
850 850 964 964 907 907 907 850 850 922 850 850 850 850 850 850 850 850 750 750 750 750 750 750 812 750 750 750 750 750 750 708 733 733 733 708 703 703 630 630 630 630 630 673 639 639 629 629 629 629 537 537 538 603 603 537 537 576 576 529 529 529 529 414 414 414 414 414 414 414 485 478 478 478 454 454 454 454 414 414 414 391 391 406 391 391 345 345 345 345 358 345 345 291 291 291 260 260 302 260 260 260 260 263 235 235 235 185 190 190 190 190 190 190 195 93 93 150 150 150 102 102 142 93 120 120 26 26 87 87 26 26 26 58 58 2 32 32 2 2 
850 850 850 945 945 950 945 850 850 850 850 908 861 861 861 861 861 850 860 750 750 772 772 750 750 750 750 750 750 750 750 708 733 733 733 708 722 703 630 630 668 668 630 639 639 639 639 629 629 629 629 537 538 538 596 596 560 560 560 560 529 529 529 529 414 414 414 414 414 414 485 485 485 408 408 408 408 408 408 408 423 423 391 391 391 391 391 365 365 365 291 291 291 291 330 291 260 260 302 260 260 260 260 263 235 235 235 185 185 185 201 201 201 201 195 93 166 150 150 150 102 102 142 93 120 87 87 87 87 41 41 75 26 26 26 2 32 32 2 2 
850 850 850 945 945 945 945 850 929 850 850 861 861 893 861 861 861 850 860 850 772 772 772 813 813 750 750 750 750 750 750 708 739 739 727 708 708 703 703 703 668 668 630 639 639 639 639 639 639 639 537 537 613 538 596 560 560 544 544 560 560 560 529 529 414 518 518 414 414 455 455 486 486 408 408 408 408 408 408 408 407 407 407 391 391 391 391 365 365 365 291 353 291 291 291 291 260 260 260 260 249 249 249 249 249 249 214 214 214 185 195 195 195 195 195 93 166 177 102 102 102 102 102 93 93 93 93 93 93 41 41 41 26 26 26 2 40 2 2 2 
850 850 850 850 850 850 850 850 929 894 894 861 861 893 861 880 873 850 850 850 772 813 813 813 806 806 750 750 750 750 771 708 708 708 727 727 708 703 703 668 668 668 630 666 666 630 630 639 639 640 537 537 613 538 538 560 544 544 544 544 544 544 544 543 414 414 414 414 414 414 455 486 486 455 455 455 408 408 408 408 407 407 407 407 396 396 365 365 365 365 291 291 291 294 260 260 260 260 260 293 249 249 249 163 163 163 214 214 214 185 195 195 195 195 195 93 166 102 102 102 102 151 102 102 102 102 102 102 41 41 81 41 26 26 26 2 2 2 3 3 
850 850 850 850 850 850 937 937 894 894 894 909 861 893 861 861 873 772 772 772 772 813 806 806 806 806 750 771 771 771 771 708 708 708 708 708 708 708 708 668 668 668 630 630 667 630 630 630 630 630 630 537 613 613 538 560 544 544 544 544 544 544 544 543 414 414 414 414 414 414 455 455 455 455 463 455 455 455 408 408 408 408 407 407 386 386 365 385 365 366 291 291 346 294 260 260 260 260 260 260 260 260 249 250 250 163 163 163 214 214 214 214 93 93 93 93 166 102 102 102 102 102 126 126 41 41 102 102 41 41 41 41 26 66 26 26 26 26 3 3 
850 850 960 960 960 850 937 937 894 894 894 894 861 861 861 861 861 772 772 772 772 813 806 806 806 806 750 771 750 750 750 708 740 740 708 708 708 713 668 668 668 668 668 630 630 630 630 630 630 641 631 537 537 537 538 538 538 538 544 544 544 544 543 543 414 414 414 513 409 409 409 409 455 455 463 463 463 397 397 408 408 408 408 408 386 386 365 365 365 366 291 291 346 294 294 294 294 294 294 294 260 260 249 250 250 250 163 163 214 214 215 93 93 162 162 162 166 166 166 166 162 102 126 126 41 41 41 41 41 76 76 76 26 26 26 26 26 26 3 3 
850 850 960 850 850 850 917 917 894 894 894 894 861 861 861 874 874 861 861 851 772 813 813 813 807 807 750 750 750 750 750 708 708 741 708 708 708 668 668 668 668 668 668 674 630 630 630 630 630 630 631 537 537 537 537 538 538 538 577 544 543 543 543 544 414 414 507 507 409 409 409 409 409 409 409 409 397 397 397 397 386 386 386 386 386 386 386 386 377 291 291 291 291 294 294 294 294 294 294 295 260 249 249 250 250 250 163 241 214 214 215 93 206 93 93 162 162 178 162 162 162 102 126 126 41 121 41 41 94 76 41 41 46 46 46 46 41 26 26 4 
850 850 960 850 850 850 917 917 894 894 894 894 861 861 861 874 874 861 851 851 772 772 772 813 807 772 772 772 772 750 750 750 708 708 708 708 708 668 668 668 668 668 668 668 668 630 630 630 630 630 537 537 537 537 537 538 538 538 538 544 543 544 544 544 507 507 507 507 507 409 409 464 464 464 464 409 409 409 409 397 397 397 397 397 397 397 392 377 377 291 291 291 291 294 294 294 294 303 303 295 260 249 249 249 163 163 163 241 214 214 215 93 93 93 93 93 162 162 162 162 162 102 102 126 41 41 109 41 41 76 41 41 41 41 41 41 41 26 26 4 
850 850 850 850 850 850 917 917 917 894 894 894 894 894 861 861 861 861 851 851 835 835 772 807 807 772 772 772 772 772 772 750 750 708 708 682 682 698 668 668 698 668 668 668 668 630 630 630 630 642 537 537 537 537 537 538 538 581 538 544 544 544 556 538 538 464 464 508 508 464 464 464 456 456 464 464 464 409 409 442 397 397 409 409 397 397 392 377 291 291 291 291 297 297 294 294 318 303 303 295 260 249 249 249 163 163 241 241 214 214 215 215 93 93 93 93 186 162 162 167 163 102 102 126 126 41 41 41 41 76 41 27 27 27 27 41 41 27 27 4 
939 939 939 939 951 951 829 829 917 917 894 894 829 829 869 869 869 869 851 851 835 772 772 807 807 772 787 787 787 761 761 761 751 708 708 682 682 698 698 698 698 682 682 668 668 630 630 648 648 632 632 597 597 597 597 597 538 538 538 544 544 556 556 538 464 464 464 464 464 464 464 464 456 456 456 465 465 409 448 409 409 424 409 409 397 397 392 377 291 291 291 291 297 297 251 251 251 251 251 295 260 260 260 260 260 163 163 163 163 163 186 186 186 186 186 186 186 163 163 163 163 102 95 95 127 41 41 103 41 41 41 27 27 27 27 27 27 27 4 4 
939 939 939 939 951 951 829 829 829 917 917 910 829 829 869 869 869 869 851 851 835 772 772 772 772 772 787 787 762 762 762 762 751 708 708 682 682 682 682 682 682 682 682 649 649 632 632 632 632 632 597 597 597 597 597 597 538 538 538 538 538 556 556 538 464 464 464 464 502 502 464 464 456 479 456 456 456 409 409 409 409 409 415 409 392 392 392 377 377 297 297 297 297 297 251 313 251 251 251 251 251 251 272 251 251 251 223 223 163 163 186 163 163 186 186 163 163 163 163 102 102 102 95 95 95 95 95 95 95 41 41 77 27 27 59 5 5 5 4 4 
969 969 969 939 951 951 829 938 829 829 829 910 829 829 829 829 829 829 829 829 835 814 814 814 762 762 762 762 762 751 751 751 751 708 708 682 675 675 675 675 682 682 682 649 649 632 632 632 632 597 597 491 491 491 491 491 491 582 545 545 538 538 538 538 539 464 464 502 502 456 456 456 456 456 456 470 456 456 409 409 435 409 409 409 392 367 367 377 377 297 297 297 297 297 251 313 313 313 251 251 284 251 251 251 223 223 223 223 163 163 163 163 163 163 163 163 163 163 163 102 152 152 95 95 95 95 95 96 96 47 47 47 59 59 59 5 5 5 4 4 
969 969 969 939 939 952 829 938 923 923 829 829 829 829 829 852 852 862 862 829 829 814 814 814 814 762 762 751 751 751 752 752 752 682 682 682 675 675 675 675 683 683 683 649 649 597 597 597 597 597 633 491 491 491 598 598 491 491 545 545 545 545 539 539 539 530 464 456 456 456 456 456 456 456 456 456 456 435 435 435 435 392 392 392 392 367 367 367 378 297 297 297 297 338 251 251 251 251 251 251 251 264 264 264 223 223 223 223 223 223 163 163 202 202 102 102 102 102 102 102 152 152 95 95 95 95 95 96 96 47 47 47 47 47 47 47 5 5 4 4 
953 953 953 961 939 939 829 829 923 829 829 843 843 829 829 852 852 852 852 852 829 836 814 814 815 762 762 751 682 682 752 752 753 682 723 723 723 675 675 675 675 675 675 675 649 597 597 597 597 597 633 491 614 614 491 491 491 491 545 545 545 545 539 539 539 530 464 456 456 456 456 456 456 456 456 456 456 435 436 436 436 392 416 367 367 367 367 367 367 367 297 297 297 297 251 251 319 251 251 296 251 264 265 265 223 223 223 223 223 223 223 216 102 102 102 102 102 102 102 102 152 152 95 95 95 95 95 96 96 47 47 78 47 47 48 48 5 5 5 5 
953 953 953 961 961 939 939 829 829 829 829 843 843 829 829 852 853 853 853 853 829 836 829 815 815 751 751 751 682 682 682 682 682 682 709 709 709 709 709 675 675 684 684 649 649 658 658 649 649 597 633 604 604 604 491 491 491 583 491 491 545 545 545 545 530 530 464 514 456 456 456 456 487 456 435 435 435 435 436 436 436 392 392 367 367 367 367 367 367 368 297 297 297 297 251 251 319 251 251 251 251 264 252 252 223 223 227 227 227 227 97 216 102 102 102 102 102 102 102 102 143 153 95 95 128 95 95 48 48 82 82 78 48 48 48 49 5 5 5 5 
940 940 953 953 953 953 939 939 829 829 829 843 843 843 843 852 751 751 837 837 829 829 829 815 816 751 773 773 781 781 773 682 682 709 709 709 699 699 699 688 688 684 684 649 649 649 649 649 597 597 633 604 604 604 491 491 491 491 491 491 545 545 546 546 530 530 464 464 509 456 456 487 487 456 435 435 392 392 436 436 392 392 392 410 367 367 354 354 354 368 297 297 297 297 297 319 319 251 251 251 252 252 252 252 252 252 227 227 217 217 97 97 97 203 102 102 102 102 168 168 143 143 143 110 110 110 110 48 48 71 71 78 48 48 49 49 5 5 5 6 
940 940 954 954 954 954 829 829 829 829 829 843 843 843 843 852 751 751 837 837 837 837 751 751 751 751 773 773 773 773 773 682 682 709 709 709 699 699 699 688 688 688 659 659 597 597 597 597 597 633 633 604 604 604 491 491 491 491 491 491 530 530 530 530 530 530 464 464 509 456 456 456 456 456 392 392 392 392 392 392 392 410 410 410 367 367 354 387 354 354 354 354 339 339 297 319 297 297 297 297 252 252 252 253 253 253 227 227 217 217 97 97 97 203 102 102 102 102 154 154 154 154 144 110 48 48 48 48 48 71 71 71 71 48 49 49 5 5 5 5 
940 940 940 955 955 955 829 829 829 829 829 843 843 843 852 852 751 751 837 837 837 837 751 751 751 808 773 773 773 773 773 754 754 709 709 709 709 699 699 699 699 689 659 659 597 659 659 633 633 633 633 604 604 604 604 584 584 584 491 530 530 547 547 547 464 464 464 491 491 456 456 491 456 456 392 392 437 437 437 437 437 410 410 354 354 354 354 387 359 359 359 339 339 339 297 297 297 314 242 242 252 252 252 242 242 242 242 242 217 217 217 217 97 203 102 102 102 102 154 154 154 154 144 110 48 48 48 48 48 71 71 71 48 48 49 49 5 5 5 5 
940 940 940 955 955 955 829 829 829 829 829 876 876 843 843 843 875 751 751 751 751 838 751 808 808 808 773 773 773 773 774 754 754 709 709 728 709 714 699 699 689 689 659 659 659 659 659 633 633 633 633 584 584 584 605 584 491 491 491 530 530 547 547 547 464 464 464 491 491 491 491 491 392 392 392 392 437 437 437 354 354 354 354 354 393 393 393 359 359 359 359 339 339 339 307 307 304 304 242 242 242 242 242 242 242 242 218 218 218 207 207 207 97 97 174 174 174 174 174 144 144 154 144 110 122 122 111 48 48 71 71 71 48 49 49 50 5 5 5 7 
981 940 940 955 955 940 940 940 829 829 911 876 876 843 843 843 843 843 854 854 751 751 751 808 797 797 773 773 773 773 742 742 742 742 709 728 709 709 709 689 689 690 659 659 659 659 659 633 633 584 584 584 618 584 584 584 491 491 491 530 530 530 530 530 530 531 464 491 497 497 497 392 392 392 392 437 437 437 437 354 354 425 393 393 393 359 359 359 359 359 359 339 339 307 307 307 304 304 242 242 242 242 242 254 254 254 218 207 207 207 207 207 207 97 97 144 144 144 144 144 144 144 144 110 111 111 111 48 48 48 48 48 48 49 49 7 7 7 28 7 
940 940 940 955 955 940 940 940 924 924 911 911 876 885 885 876 876 843 854 854 808 808 808 808 797 797 773 773 773 782 742 742 742 742 709 709 709 709 709 689 669 669 669 669 669 659 659 584 584 584 624 624 594 594 584 584 585 585 491 530 530 530 530 530 530 531 464 491 497 392 392 392 354 354 354 437 437 457 354 354 354 425 393 359 359 359 359 359 359 369 347 347 347 307 307 307 304 304 242 242 242 242 242 254 254 218 218 207 207 207 207 218 97 97 97 144 144 144 144 144 144 144 110 110 111 123 48 48 88 88 48 48 48 48 49 7 8 7 7 7 
940 940 940 940 940 940 946 940 924 925 911 911 876 885 885 876 877 843 854 854 808 808 808 797 797 797 773 793 773 782 775 742 742 742 734 709 709 689 689 689 669 669 669 584 584 584 584 584 584 584 624 624 594 594 594 594 585 585 491 491 491 491 491 491 491 491 491 491 392 392 492 492 354 480 354 354 354 354 354 354 354 359 359 359 359 359 359 359 359 347 347 347 347 307 298 298 298 304 304 242 242 242 254 254 254 218 218 243 218 218 218 218 97 97 97 144 144 144 144 144 144 144 110 111 111 123 48 48 48 89 48 48 48 48 49 7 8 8 8 8 
940 940 940 940 962 940 940 940 924 903 903 903 876 876 876 876 843 843 854 854 808 808 808 797 797 797 773 773 773 782 775 734 734 734 734 689 689 689 704 704 669 669 669 584 652 652 652 652 584 584 634 594 594 599 599 594 594 548 548 548 548 548 548 548 519 519 519 515 392 392 354 354 354 480 354 354 354 354 354 438 359 359 411 411 359 307 307 307 379 347 347 347 347 307 298 298 298 304 304 242 242 242 254 254 254 255 218 243 218 97 97 97 97 97 97 97 144 144 169 169 155 155 110 110 110 110 48 48 48 48 83 48 48 7 7 7 8 8 9 9 
940 940 940 962 962 940 940 924 924 903 903 903 903 809 809 809 843 843 843 843 843 798 798 798 798 797 797 788 788 775 775 734 734 734 689 689 689 689 704 669 669 669 584 584 652 650 650 643 643 643 594 594 619 599 599 594 594 548 548 548 548 548 548 548 519 520 520 515 392 392 354 354 354 480 354 354 354 354 354 438 359 359 359 359 359 307 307 307 307 307 307 307 307 307 331 298 298 298 298 298 267 267 267 224 224 218 218 243 218 97 97 97 97 97 97 97 144 144 169 169 155 155 110 110 110 110 48 48 48 48 83 48 48 7 7 7 7 9 9 10 
940 940 970 962 962 947 947 924 924 924 903 903 904 809 809 809 843 843 839 839 839 798 798 822 798 798 798 788 788 734 734 734 743 743 689 689 689 689 704 669 669 669 584 650 650 650 650 643 643 594 594 619 619 615 599 599 519 519 519 519 561 561 519 519 519 510 510 515 392 498 354 354 354 449 449 449 354 354 438 438 438 412 412 412 355 355 307 307 307 307 340 340 340 340 274 274 305 305 305 299 267 281 224 224 224 218 218 218 218 97 97 97 97 191 191 191 187 169 169 169 145 145 145 110 110 112 48 48 48 83 83 48 48 7 7 7 7 7 29 10 
903 903 903 903 903 947 903 903 903 903 903 903 809 809 809 839 839 839 839 844 839 839 798 798 798 783 783 783 783 734 763 763 734 734 734 689 689 691 691 691 691 691 584 650 650 650 650 653 650 594 615 615 615 615 599 599 519 578 578 519 519 519 519 519 519 510 510 510 510 498 354 354 488 449 473 449 458 458 438 438 438 412 412 412 355 355 355 307 307 307 307 307 307 307 274 274 274 274 274 299 267 224 224 266 224 224 224 218 218 97 97 97 208 164 164 164 187 169 169 169 145 145 110 110 113 112 112 104 51 51 51 51 51 51 60 7 7 7 29 10 
903 903 965 965 903 903 903 887 887 809 809 809 809 886 809 809 809 844 844 844 844 823 823 798 798 783 783 783 783 734 763 763 734 734 734 689 689 691 691 584 584 584 584 584 584 584 650 650 650 594 594 594 594 594 594 519 519 578 493 493 557 557 557 519 519 510 510 510 498 498 354 354 488 449 473 449 449 449 449 438 438 412 412 355 355 398 355 388 355 355 355 355 307 307 274 274 320 315 274 299 267 224 224 224 256 256 224 224 224 224 224 97 97 164 164 164 164 164 164 169 145 145 110 137 113 113 104 104 51 51 51 51 51 51 60 7 7 10 10 10 
903 903 956 956 956 956 887 887 887 809 809 809 809 886 886 809 809 844 844 844 844 823 823 823 783 783 783 783 783 734 734 734 734 729 729 729 715 715 710 584 584 584 584 584 584 584 660 650 650 620 620 594 594 594 594 519 519 519 493 493 493 549 549 549 493 493 511 511 498 498 498 493 449 449 473 466 466 426 426 426 426 426 355 355 355 355 355 355 355 370 348 348 307 307 332 274 274 315 274 274 267 224 224 224 224 224 224 209 209 209 209 209 97 204 97 97 179 179 164 164 145 145 110 110 110 113 104 104 51 51 51 51 51 51 60 51 10 10 11 11 
903 903 956 966 956 956 887 809 809 809 809 809 809 809 809 809 870 870 824 824 824 824 824 824 783 784 784 784 783 783 776 715 715 729 715 715 715 710 710 685 685 685 685 584 584 620 620 620 620 620 620 594 594 594 519 519 519 519 493 569 493 549 549 493 493 493 493 511 511 503 493 493 449 481 466 466 467 426 443 443 427 427 355 355 355 355 355 355 380 348 348 348 348 307 307 307 274 274 306 274 267 267 273 224 224 224 224 209 236 209 209 209 97 97 97 97 97 97 175 164 164 145 145 110 110 113 104 104 51 51 51 51 72 51 51 51 10 33 11 12 
903 903 956 956 887 887 887 809 809 809 809 809 809 809 809 809 809 809 824 824 824 817 817 817 783 783 794 784 784 784 776 715 715 715 715 710 710 710 710 685 700 584 584 584 584 584 625 625 625 625 620 620 620 519 519 493 493 493 493 569 493 493 493 493 532 532 493 493 493 503 493 449 449 466 466 426 426 426 443 443 427 427 355 355 403 355 355 355 380 348 348 348 348 321 321 307 307 274 274 274 285 267 267 267 224 224 237 209 209 209 209 209 209 97 97 97 97 97 97 113 113 113 113 129 129 113 104 104 51 51 10 10 10 10 52 52 10 11 11 12 
956 956 956 956 887 887 887 930 930 809 809 809 809 878 878 809 809 809 824 824 824 817 817 817 817 783 794 794 776 776 776 715 715 715 735 710 710 710 710 685 700 584 584 584 584 584 625 635 635 625 625 625 519 519 606 493 493 493 493 569 532 532 532 532 532 459 459 459 493 493 493 449 449 466 466 426 426 427 427 427 427 427 355 355 355 355 380 380 380 348 348 356 321 321 321 324 307 307 307 274 267 267 267 224 224 257 237 237 237 209 209 209 209 180 180 180 180 180 97 113 156 156 113 113 113 113 104 104 10 10 10 10 10 10 10 10 10 11 30 12 
956 976 956 956 887 887 887 887 931 809 809 905 905 878 878 881 878 809 824 824 824 817 817 825 789 789 789 795 776 776 776 715 715 715 716 716 716 716 685 685 700 584 584 584 584 661 625 625 635 635 625 625 519 519 519 586 586 586 493 493 532 532 532 532 532 459 521 459 459 449 449 449 449 426 426 426 426 427 427 427 427 428 355 355 355 355 356 356 356 356 356 356 321 321 321 321 321 308 308 274 267 267 267 224 247 247 247 219 219 228 219 219 180 180 192 192 97 97 97 113 113 113 113 113 130 105 105 105 10 10 10 10 10 10 10 10 11 11 12 12 
956 956 956 956 956 941 941 887 887 809 809 895 895 895 878 878 878 809 840 840 840 840 830 789 789 789 789 789 789 776 776 715 715 724 716 716 716 685 685 686 686 686 584 584 584 584 636 636 636 635 635 519 519 519 519 493 493 493 493 493 532 532 532 532 532 459 459 459 459 449 449 449 449 426 355 355 355 355 427 355 355 355 355 355 355 355 356 356 308 308 308 308 321 321 333 321 321 308 274 274 274 274 274 224 247 219 219 219 219 219 219 180 180 205 192 192 97 97 97 170 114 114 114 113 113 113 113 10 10 10 10 10 10 10 11 11 11 12 12 12 
971 971 941 941 941 941 941 941 887 887 887 895 895 895 887 878 878 809 809 809 845 841 830 789 789 789 789 789 755 755 755 755 755 724 724 730 685 685 711 686 686 686 584 584 584 584 636 636 636 636 636 519 519 519 519 493 493 587 493 493 566 532 532 459 459 459 459 459 459 459 449 449 449 426 355 355 468 355 355 355 355 355 417 355 355 356 356 356 308 308 360 308 308 308 308 308 308 308 274 274 274 274 274 224 247 219 219 229 229 180 180 180 196 196 192 192 97 97 97 170 114 114 114 114 114 114 114 10 10 10 10 10 67 67 11 42 42 12 12 12 
971 971 941 941 941 941 941 941 887 887 887 895 895 887 887 810 810 810 810 809 809 841 830 789 789 809 755 755 755 785 777 744 756 724 724 730 685 685 705 705 686 686 584 584 584 584 644 644 493 493 493 493 493 493 493 493 493 493 493 493 562 562 459 459 533 533 459 459 459 459 355 355 355 426 474 355 355 224 224 224 224 404 404 404 404 334 334 334 334 334 334 334 334 334 334 325 224 224 224 224 224 224 275 224 224 244 219 219 229 180 180 196 196 196 192 192 97 97 97 157 157 114 114 114 114 115 115 11 11 11 11 11 67 67 11 11 34 34 12 12 
971 971 971 941 941 941 941 941 932 786 887 887 887 887 888 810 810 810 810 855 809 809 830 809 809 809 755 755 755 785 777 744 756 724 724 724 724 685 705 705 686 686 584 584 670 662 644 644 493 493 493 493 493 493 493 493 493 493 493 493 562 459 459 459 459 459 459 459 459 459 355 355 355 426 426 426 355 224 224 224 224 404 404 405 405 334 371 371 334 334 224 224 224 224 325 325 224 224 224 224 224 224 224 224 224 244 244 219 229 229 180 180 180 196 196 97 97 115 115 157 157 157 115 115 115 115 11 11 84 84 84 11 11 11 11 11 34 13 13 13 
971 971 941 941 918 918 941 941 932 786 887 887 887 887 810 810 810 871 846 846 846 809 809 809 818 755 755 796 777 777 777 744 756 724 724 724 724 685 705 705 686 686 662 662 662 662 644 644 493 493 493 493 616 616 493 493 493 588 562 562 562 459 459 459 522 459 459 459 504 504 355 355 355 355 355 355 355 450 450 224 224 224 418 334 334 334 371 371 381 224 224 224 224 224 325 325 224 224 224 300 238 238 238 238 238 238 244 244 229 229 220 220 180 180 180 97 115 115 115 115 115 115 115 138 11 11 11 11 11 90 11 11 11 11 11 11 34 13 13 14 
977 977 941 941 918 918 918 918 932 786 786 786 786 896 810 810 810 871 846 846 810 810 810 818 818 755 755 755 777 777 777 744 756 744 724 724 724 685 705 686 686 692 662 676 654 654 654 644 493 493 493 493 616 493 493 493 493 588 562 562 451 451 522 522 522 459 459 459 504 482 482 482 482 482 355 355 444 444 444 444 224 224 418 334 371 371 371 371 371 224 224 224 341 341 325 325 224 268 268 268 238 238 238 238 261 238 238 220 220 220 220 97 97 180 180 97 115 181 97 97 138 138 138 138 11 11 11 11 11 11 11 79 11 11 34 34 34 35 13 13 
941 941 941 941 918 918 918 918 918 918 918 786 786 896 810 810 810 810 846 846 810 810 810 818 818 790 790 755 777 777 744 744 756 744 724 724 724 685 705 686 692 692 662 676 654 654 654 644 493 493 493 493 493 493 607 451 451 451 451 451 451 451 522 522 522 522 522 459 504 482 482 482 482 482 355 355 355 459 444 444 224 224 418 334 334 382 382 382 371 371 224 224 224 224 325 325 224 224 224 268 268 238 238 238 261 238 238 220 220 220 220 97 97 97 97 97 115 115 97 97 97 97 97 97 97 116 116 85 85 85 85 34 34 34 34 53 15 15 15 13 
941 941 941 941 918 918 918 918 918 919 919 786 889 889 889 810 810 810 810 810 810 810 810 810 810 790 790 755 755 755 744 764 744 744 685 685 685 685 705 686 686 686 686 671 671 654 654 644 644 644 607 607 607 607 607 451 579 579 579 451 451 451 540 540 540 459 459 459 504 482 482 494 459 459 355 355 355 459 439 439 439 224 224 334 334 382 382 382 382 224 224 224 224 224 224 224 224 224 224 301 268 238 238 238 261 238 238 238 171 171 171 97 97 97 97 115 115 115 97 171 158 158 139 139 97 116 97 97 97 85 85 34 34 34 53 53 15 15 15 15 
941 941 941 941 941 941 948 933 933 919 919 786 786 786 890 786 786 786 810 810 826 826 826 826 810 810 790 790 790 755 744 744 744 685 685 731 685 685 705 677 677 686 686 671 671 654 654 654 645 645 607 607 607 607 608 451 579 589 451 451 451 451 540 534 534 459 459 459 459 459 459 459 459 459 459 459 459 459 439 430 429 429 224 334 334 382 382 224 224 224 361 349 349 286 286 326 224 224 301 301 268 268 268 238 261 238 238 238 171 171 171 171 97 97 97 97 97 97 97 171 158 158 139 139 97 97 97 36 36 36 36 34 34 34 53 43 43 16 16 16 
941 941 941 941 941 941 933 933 912 912 912 912 786 786 890 786 786 786 810 810 826 826 826 826 786 786 786 786 786 786 744 744 685 685 736 717 717 717 677 677 677 677 677 677 663 663 654 654 645 626 626 607 451 451 451 451 579 589 451 451 451 534 534 534 534 534 459 459 499 499 499 483 483 483 469 469 469 439 439 430 429 430 224 224 224 224 224 224 224 224 361 349 286 286 286 286 286 286 286 286 286 268 268 238 261 238 238 238 238 171 171 171 171 171 171 171 171 171 171 171 139 139 139 139 124 124 36 36 91 91 36 34 34 43 43 43 16 16 17 17 
972 941 941 941 941 957 933 942 912 912 912 912 786 786 786 786 786 786 786 847 847 786 786 826 786 786 799 786 786 745 745 685 685 736 736 717 725 677 677 693 693 693 663 663 663 664 645 645 645 626 610 610 451 451 579 579 579 524 524 523 523 523 550 550 523 523 523 516 499 499 499 483 469 469 469 439 439 439 439 430 430 430 372 372 372 372 372 372 372 372 349 349 286 286 286 287 287 287 286 286 287 268 276 238 238 238 238 238 239 139 139 139 210 182 182 182 182 139 139 139 139 146 146 124 124 36 36 36 36 36 36 34 34 43 43 43 16 16 16 18 
972 972 972 926 926 926 933 942 912 912 920 912 863 863 863 863 863 863 786 786 786 786 786 786 786 786 799 791 791 745 745 685 757 736 736 717 677 677 693 693 693 693 663 663 663 664 645 651 651 626 610 610 610 451 524 524 524 524 524 523 523 523 523 523 523 523 516 516 499 499 500 483 469 475 475 439 439 439 439 445 431 431 372 372 372 372 372 372 349 349 349 286 286 286 286 287 322 287 287 287 287 268 268 268 238 238 239 239 239 139 139 139 139 182 182 182 182 139 139 146 146 146 147 124 131 36 117 36 36 36 36 36 36 36 43 43 16 16 16 18 
978 978 973 926 926 926 933 912 912 912 912 912 863 897 767 767 767 767 786 786 786 786 831 791 791 791 791 791 745 745 745 745 745 745 736 717 677 677 693 693 678 678 663 664 664 664 645 651 651 626 626 626 610 451 524 524 595 590 524 524 523 523 523 523 541 523 516 512 512 483 483 483 469 475 431 431 431 431 445 445 431 342 342 342 342 342 342 342 349 349 349 286 316 316 335 287 287 287 287 287 288 277 277 245 245 230 239 239 239 139 139 221 139 182 182 182 182 182 139 146 146 146 147 124 124 36 36 106 36 36 36 36 73 36 36 16 16 16 16 18 
967 967 973 926 926 926 926 912 912 912 913 913 863 897 767 856 856 767 767 767 786 786 831 791 791 791 791 791 745 766 765 765 746 746 736 717 717 677 693 693 678 678 663 663 663 645 645 645 645 646 626 626 610 451 609 590 590 590 524 524 523 523 535 523 523 523 516 512 512 483 469 469 469 475 431 431 431 431 431 431 431 342 342 394 394 394 394 342 342 362 362 286 286 316 335 316 316 316 287 287 277 277 278 245 245 230 239 239 230 230 225 221 139 139 139 139 139 139 139 146 146 147 147 140 124 124 36 36 36 36 68 68 68 68 36 36 36 36 18 18 
967 967 967 967 926 926 926 912 912 912 863 863 863 767 767 856 856 856 856 767 767 767 831 791 791 791 800 791 745 766 766 766 746 747 736 677 677 677 693 693 678 678 678 663 663 645 645 645 645 617 617 617 610 451 451 590 451 451 524 524 563 563 535 535 535 535 516 516 483 483 469 495 431 475 431 431 431 431 432 432 432 432 342 342 363 363 363 389 342 350 350 350 350 316 316 316 323 277 277 277 277 245 245 245 245 230 230 230 230 231 225 146 146 146 146 146 146 146 146 146 146 55 55 140 132 55 55 36 36 36 68 68 68 68 36 36 18 18 18 19 
967 967 967 968 926 926 926 926 934 926 863 898 898 767 767 856 856 856 856 856 767 767 831 791 791 791 800 791 745 745 778 746 746 736 736 677 718 718 678 678 678 678 678 663 663 617 617 617 617 617 617 617 610 610 451 451 451 451 524 524 563 524 524 535 535 524 524 483 483 469 469 495 431 431 431 431 431 431 432 432 342 342 342 342 363 399 363 342 342 350 350 342 342 342 277 277 323 277 309 277 277 245 245 245 245 230 230 245 231 231 146 146 176 176 176 146 146 55 55 55 55 55 55 55 132 55 55 55 37 37 37 37 37 37 37 37 18 18 19 19 
974 974 974 921 921 921 921 926 926 926 863 898 898 898 767 856 856 767 767 767 767 767 767 767 767 791 791 791 745 745 778 746 746 736 736 677 677 719 678 678 678 678 678 678 663 617 617 617 617 617 617 621 621 610 610 451 451 451 524 570 524 524 524 524 524 524 525 483 505 469 501 469 469 431 431 471 342 342 342 342 342 363 363 363 363 363 363 342 342 342 342 342 342 342 277 277 277 277 277 277 277 245 245 245 245 245 245 245 231 146 146 189 176 176 176 188 188 55 55 55 55 55 55 55 132 55 118 55 37 37 37 37 37 37 37 37 37 18 18 20 
974 974 921 921 921 921 921 943 926 926 863 863 863 863 767 767 767 767 863 767 767 767 767 767 767 745 745 745 745 778 778 767 736 736 736 677 677 719 678 678 678 678 678 663 663 617 617 617 617 617 573 573 622 573 573 591 591 451 524 524 524 564 525 525 525 525 525 483 505 469 469 469 342 342 471 471 342 342 342 342 440 363 363 363 363 363 363 342 342 363 363 277 277 343 277 277 277 310 310 277 277 279 279 258 258 258 231 231 231 146 146 189 211 176 176 176 176 55 55 55 55 55 55 55 55 55 118 55 37 37 37 37 37 37 37 54 37 37 18 18 
974 974 921 921 921 921 921 921 921 921 921 863 863 863 767 767 863 863 863 767 767 767 767 767 767 767 745 745 778 778 779 767 736 677 677 677 726 694 694 694 694 694 678 663 663 663 617 617 617 617 573 573 573 573 573 591 591 451 571 571 525 525 525 526 525 525 526 483 505 505 342 342 342 342 342 472 342 342 342 342 440 363 413 413 363 363 363 363 363 363 277 277 277 343 277 277 277 277 277 277 280 279 279 258 258 258 231 231 231 232 146 189 211 176 176 176 176 176 55 55 55 159 148 55 107 107 118 55 55 55 37 37 37 61 61 54 18 18 31 18 
974 974 958 958 958 921 921 891 891 899 899 899 906 863 882 882 863 864 864 848 848 767 767 767 767 767 767 767 767 767 767 767 736 677 677 677 677 694 694 694 694 678 678 663 663 663 617 617 627 627 573 573 573 573 573 573 591 451 451 525 525 558 558 526 526 526 526 483 483 483 342 484 484 484 342 460 460 460 342 440 440 363 413 363 363 363 277 277 373 373 277 351 277 277 277 327 289 289 289 289 280 280 280 258 258 231 231 231 231 146 146 189 189 189 189 189 189 176 176 172 55 159 148 55 107 107 107 107 98 55 86 55 55 55 55 55 18 18 18 18 
958 958 958 958 958 958 921 891 891 899 899 899 906 863 863 863 863 864 864 803 803 803 677 677 677 677 677 677 677 677 677 768 736 736 677 677 677 712 694 678 678 678 655 655 665 617 617 617 627 627 627 573 573 573 573 573 591 591 451 525 525 525 525 542 542 483 483 483 483 483 342 484 484 484 342 460 460 460 342 342 441 363 413 363 363 363 277 277 277 277 277 351 277 277 277 277 289 289 289 289 289 231 231 231 231 231 231 231 240 146 146 222 189 189 189 119 119 119 119 172 55 55 148 55 107 107 98 108 98 55 55 55 55 55 62 56 18 21 21 21 
958 958 958 958 958 958 921 921 891 891 899 899 899 899 883 883 865 865 865 803 677 677 677 819 819 677 677 677 677 677 677 768 677 677 677 677 677 712 712 678 678 678 678 655 665 617 617 627 627 637 627 627 573 573 573 573 551 551 451 451 451 525 525 542 483 483 506 506 506 506 342 342 484 484 342 460 460 342 342 342 441 363 413 363 363 363 277 277 277 277 277 351 277 277 336 277 277 290 290 290 231 231 262 262 262 146 146 146 146 146 146 189 189 189 189 119 119 119 119 99 99 55 148 55 55 107 98 108 98 18 18 18 18 56 56 56 18 18 21 21 
958 958 958 958 958 921 921 921 921 891 891 865 865 865 883 865 865 803 803 803 677 677 677 677 677 811 801 780 780 677 768 768 677 737 737 695 695 695 695 695 701 695 655 655 665 665 617 617 617 637 637 617 617 617 573 573 551 551 572 572 451 451 451 451 483 506 506 342 342 342 342 342 489 342 342 342 342 342 419 419 441 363 363 363 363 363 390 390 374 374 277 351 351 277 277 277 277 290 311 290 231 231 231 269 146 146 146 146 146 146 146 189 212 189 197 119 119 119 119 99 99 55 55 55 55 107 98 98 98 18 18 18 18 56 56 56 18 18 21 21 
958 958 958 958 958 921 921 921 921 891 891 865 900 865 865 865 803 803 803 803 677 677 827 677 677 801 801 780 780 677 677 677 677 737 737 695 702 695 695 695 695 695 655 655 672 655 655 655 617 637 637 617 573 573 573 600 551 592 572 572 451 451 559 451 483 342 342 342 489 489 489 489 489 342 342 342 461 461 419 419 419 419 419 363 363 363 363 383 374 374 277 328 328 328 328 328 290 290 311 290 290 231 231 226 146 146 146 146 146 146 146 189 189 189 197 119 119 99 99 99 99 99 99 55 55 107 99 99 99 18 18 18 18 69 18 18 18 22 21 21 
958 979 958 921 921 921 935 935 891 891 849 849 900 900 884 884 803 872 803 803 803 803 827 827 801 801 802 780 780 780 780 677 677 748 695 695 702 702 702 702 702 679 679 655 655 655 655 655 617 617 617 617 573 573 573 600 551 551 551 551 567 559 559 451 483 342 342 342 342 342 342 342 342 476 476 419 419 419 419 446 420 420 420 363 363 400 363 383 383 277 277 328 328 290 290 290 290 311 311 231 231 231 231 226 226 226 226 226 226 226 226 189 189 197 197 119 119 99 99 99 160 160 99 99 99 99 99 99 99 18 18 18 18 18 18 44 44 22 21 21 
958 958 958 921 921 921 935 935 891 891 849 849 849 849 884 884 803 803 803 857 849 803 832 801 801 780 780 780 748 748 748 748 748 748 695 697 697 720 702 702 679 679 679 655 655 656 656 656 573 573 573 573 573 573 573 573 573 573 573 551 551 559 559 451 483 483 483 342 342 342 342 342 342 476 419 419 419 419 451 420 420 421 421 363 363 400 363 364 364 277 277 328 328 290 290 290 311 311 312 231 231 231 231 226 226 226 226 233 233 233 197 197 197 197 119 119 183 183 99 99 160 160 99 100 100 100 100 100 100 18 18 23 18 18 63 44 44 22 22 22 
982 921 921 921 921 935 935 935 935 891 849 849 849 849 849 849 849 849 849 849 849 803 832 801 801 780 780 780 748 748 748 748 748 695 695 697 697 720 696 696 696 696 679 679 573 573 573 573 573 573 573 623 623 573 573 573 580 580 573 573 551 551 551 451 451 451 451 342 342 342 451 451 476 476 451 451 451 451 451 420 364 364 364 363 363 363 363 364 364 375 277 328 328 290 290 290 311 317 312 231 231 248 248 248 248 226 226 233 198 198 197 197 197 119 119 193 183 183 99 99 99 99 99 100 100 100 100 64 64 64 18 23 23 23 23 23 23 23 23 23 
921 921 921 921 921 935 935 935 935 891 849 849 849 849 849 849 879 849 849 849 849 803 803 803 803 803 803 780 780 748 748 758 758 695 738 697 697 720 696 696 696 696 573 573 573 657 657 657 638 638 638 573 573 573 611 580 580 580 527 527 527 527 551 451 451 536 451 451 451 451 451 451 451 451 451 420 420 420 420 420 364 433 364 364 364 364 364 364 364 375 277 328 328 290 290 290 311 312 312 282 282 248 248 270 248 248 233 233 198 198 198 197 197 119 193 193 149 149 149 149 149 99 99 141 100 100 100 64 18 18 18 64 64 64 64 23 23 38 23 23 
921 921 921 963 963 949 949 891 891 891 849 901 901 901 849 849 879 833 833 858 820 820 820 820 820 803 803 780 780 748 748 695 695 695 738 697 697 697 697 697 696 696 573 573 573 573 573 573 638 573 573 573 593 593 611 580 580 580 527 527 568 527 551 551 536 536 517 517 490 490 451 451 451 451 477 420 420 420 420 447 364 364 401 401 364 364 384 384 364 375 277 328 328 344 311 311 311 312 312 282 282 282 248 248 248 248 233 233 198 198 198 197 197 119 119 119 149 149 173 173 149 149 149 133 133 100 100 64 64 64 64 64 74 70 45 45 45 38 24 24 
983 980 921 963 949 949 891 891 936 849 849 849 849 849 849 833 833 833 833 833 833 833 833 695 695 695 695 695 695 695 695 695 759 749 680 680 680 680 680 697 696 696 573 573 573 573 573 573 638 573 573 573 593 593 593 580 580 580 580 527 527 527 552 552 536 536 517 517 490 490 451 451 451 451 451 451 364 364 364 364 364 364 401 401 401 401 384 384 364 364 277 277 277 277 311 311 311 312 312 282 282 282 234 234 234 248 248 233 233 198 198 213 213 198 198 119 184 149 149 133 133 133 133 133 134 119 119 80 80 80 80 80 70 70 45 45 38 38 24 24 
983 980 921 921 949 891 891 927 927 849 849 849 849 849 849 833 866 866 866 695 695 842 695 695 680 680 680 680 680 680 680 680 680 749 680 680 680 680 680 697 697 697 573 573 573 573 573 573 573 573 601 601 593 593 593 580 580 527 527 527 527 565 552 527 527 527 527 490 490 490 451 451 451 451 451 451 364 364 364 422 364 364 357 357 357 357 357 384 384 364 364 357 352 277 329 329 311 282 282 282 259 259 234 234 234 234 234 233 233 198 198 198 198 198 199 119 184 149 149 133 133 133 119 119 134 119 119 80 101 80 80 70 70 38 38 38 38 39 24 24 
980 980 921 921 949 891 891 891 927 927 849 849 849 902 891 833 866 866 866 695 695 695 695 680 680 680 680 680 769 769 769 769 680 680 680 680 680 680 680 680 680 601 601 601 601 601 601 601 601 601 601 601 593 593 593 593 593 527 527 574 527 527 552 527 528 528 528 490 490 490 490 490 490 452 451 451 364 364 364 422 434 434 357 357 357 357 357 384 384 357 357 357 352 277 277 277 311 282 282 259 259 259 271 234 234 234 234 233 233 198 198 198 198 200 119 119 184 149 149 133 133 119 119 119 119 119 119 80 80 80 80 70 70 38 39 39 39 39 24 24 
914 914 921 914 914 914 914 891 891 891 891 891 891 891 891 833 866 866 866 695 695 695 834 680 680 680 680 680 769 769 769 769 732 732 732 732 706 680 680 706 680 601 601 601 601 601 601 601 601 601 601 601 601 601 593 593 593 593 527 553 553 527 527 527 528 528 528 490 490 490 496 496 452 452 451 451 452 452 452 422 434 434 422 357 357 357 357 357 357 357 277 277 352 277 277 277 311 282 282 259 259 259 271 271 234 234 234 233 233 234 198 198 198 200 119 119 184 184 119 119 165 119 119 135 135 80 80 80 80 80 70 70 70 38 39 39 38 38 24 24 
914 914 914 914 959 959 914 914 914 914 914 914 891 891 892 833 833 833 833 833 833 695 695 695 680 680 680 680 770 770 770 770 732 732 732 732 706 706 706 706 680 680 680 680 601 601 601 601 601 601 601 601 601 601 601 601 527 527 527 553 553 553 553 553 528 528 528 490 490 490 496 496 452 452 452 452 452 453 453 422 422 422 422 357 357 357 357 357 357 357 277 277 277 277 337 259 259 259 259 259 259 259 259 259 259 259 234 234 234 234 198 198 198 200 200 119 119 119 119 119 119 119 119 135 135 80 80 80 80 80 70 70 70 38 38 38 38 38 25 25 
