929 929 956 956 956 888 888 888 888 888 888 888 888 888 859 859 869 812 812 812 812 820 820 801 801 759 759 759 759 780 759 759 759 629 629 629 712 712 712 712 629 629 629 642 642 642 642 642 642 577 577 613 613 577 577 587 587 577 540 540 540 540 540 540 529 418 418 418 418 418 418 418 472 472 418 418 448 448 418 418 348 348 377 377 377 377 377 377 335 335 335 335 335 335 335 310 310 310 310 263 263 263 263 263 263 241 241 241 221 221 166 166 166 166 166 166 166 166 123 123 123 123 123 123 123 84 84 100 92 63 63 63 63 57 22 22 22 22 22 1 
929 929 929 929 957 888 888 888 888 913 913 859 859 859 859 859 812 812 841 841 812 820 820 801 801 759 759 759 759 780 759 759 759 629 629 629 629 629 629 629 629 695 629 629 674 642 642 577 577 577 577 577 577 577 577 587 577 577 540 540 540 544 544 529 529 418 418 418 418 418 418 418 472 418 418 418 448 448 418 418 348 348 348 348 351 351 378 378 335 335 335 335 335 335 335 310 310 310 263 263 291 241 241 241 241 241 241 241 221 221 166 166 166 166 172 172 172 123 123 123 123 123 123 123 123 84 84 100 92 69 69 69 57 57 22 2 2 2 1 1 
929 929 929 929 929 888 888 888 888 913 913 859 859 859 859 859 812 812 812 812 812 820 820 820 801 801 759 759 759 759 759 759 759 752 629 629 629 629 629 629 629 629 688 629 674 642 642 577 614 614 614 614 614 577 577 577 577 578 540 540 540 544 529 529 501 501 418 418 418 418 418 418 418 418 418 418 449 449 418 418 348 348 348 348 351 351 351 335 335 335 335 335 335 336 336 320 320 310 263 263 241 241 272 272 241 241 241 241 221 221 166 166 166 166 172 172 172 123 123 123 123 123 123 123 84 84 84 84 92 84 70 70 57 22 22 2 2 2 1 1 
929 929 929 929 929 929 929 929 929 859 859 859 859 859 859 859 812 812 812 837 837 820 820 812 812 801 801 777 777 777 752 752 752 752 629 629 631 631 631 629 707 629 688 629 629 661 661 577 614 614 614 622 577 577 577 577 544 544 540 540 540 544 529 529 501 501 418 418 418 474 474 473 473 473 418 463 418 418 418 418 418 418 348 348 351 351 351 335 335 335 335 348 348 336 320 320 321 310 241 241 241 282 272 272 241 241 241 241 221 221 166 200 200 200 84 84 173 84 84 84 123 123 123 123 84 84 107 84 84 84 70 70 57 22 22 2 1 1 1 1 
877 877 929 929 950 950 919 919 919 859 859 849 849 849 849 859 859 859 812 812 838 820 820 812 813 801 801 777 777 777 752 752 629 629 629 629 631 631 631 629 629 629 629 629 629 629 629 577 577 577 629 577 577 577 577 556 556 544 544 544 544 544 523 523 501 501 501 501 501 474 474 473 474 474 418 418 418 352 352 418 418 419 348 348 398 351 351 351 351 351 351 348 348 336 320 320 310 310 241 241 241 241 241 241 241 241 241 241 221 221 166 166 84 84 84 84 84 84 161 84 84 84 84 84 84 84 107 101 84 84 70 70 57 22 22 2 1 1 1 1 
877 877 877 877 877 877 919 919 919 919 849 849 849 849 849 849 849 860 849 812 812 812 812 812 813 781 781 781 777 777 777 629 629 629 629 631 631 631 631 631 631 631 629 629 629 629 629 577 577 629 629 577 577 577 556 556 556 555 555 544 544 523 523 523 501 501 501 474 474 474 474 473 474 352 352 352 352 352 352 352 420 348 348 348 348 348 348 348 351 351 351 351 348 336 320 320 310 310 241 241 221 221 221 273 221 221 221 242 221 166 166 166 84 84 84 84 84 167 161 124 124 124 124 130 124 70 70 101 70 70 70 57 57 24 24 2 2 2 2 2 
877 877 958 958 877 877 919 919 919 919 849 849 849 849 849 849 849 860 849 812 812 812 812 813 813 781 781 781 790 781 629 629 629 629 629 631 631 631 631 631 631 631 629 629 629 629 629 643 643 629 630 577 577 602 556 588 588 555 555 555 555 523 523 523 514 514 514 474 474 497 474 474 474 352 443 352 352 450 352 352 420 348 348 348 348 387 387 348 348 348 348 348 348 336 327 327 310 310 241 241 221 221 221 221 221 253 221 221 221 166 166 166 84 84 84 161 161 161 161 124 124 124 124 124 124 116 70 70 70 85 57 57 64 24 24 24 24 2 2 2 
877 877 958 958 877 877 877 877 877 877 877 849 849 849 849 860 860 860 849 812 812 812 812 813 813 781 781 781 781 781 629 629 629 631 631 631 631 724 631 631 631 631 629 629 629 629 629 643 643 629 594 594 594 602 556 556 556 556 556 556 556 523 523 514 514 508 508 474 474 497 352 352 352 352 443 352 352 352 352 352 420 348 348 405 362 362 348 348 348 366 302 302 336 336 327 328 311 311 311 221 221 221 221 221 221 221 221 230 230 161 161 161 161 161 161 161 168 168 149 149 124 124 124 124 116 116 102 102 57 57 57 71 24 24 24 24 24 2 2 2 
877 877 958 958 958 930 930 930 877 877 877 877 877 889 849 849 849 849 849 781 781 781 781 781 781 781 802 782 782 715 715 715 715 631 631 631 631 724 631 631 631 631 631 631 631 667 629 629 629 629 594 623 594 594 594 594 556 556 545 545 545 545 523 514 514 508 508 474 474 497 352 352 352 352 443 352 352 352 352 352 420 420 412 405 362 362 348 348 348 302 302 302 336 336 327 327 311 311 221 221 221 221 221 221 221 221 221 230 230 161 216 161 161 161 161 184 168 168 149 149 102 102 102 131 116 102 102 103 57 71 71 71 24 52 52 42 23 23 3 3 
877 877 877 877 959 930 930 930 930 877 877 877 877 877 882 849 849 781 781 781 781 781 782 782 782 782 782 782 782 715 715 715 715 631 631 715 715 715 715 696 696 631 631 675 631 631 637 637 637 637 594 594 594 594 594 545 545 545 545 557 557 545 523 514 514 508 508 508 474 474 492 352 352 352 443 443 352 352 352 352 352 352 412 405 362 362 369 369 369 302 361 302 302 302 327 327 221 221 221 221 221 221 221 221 221 221 230 230 230 161 161 161 161 161 174 174 174 139 139 149 102 102 102 102 116 102 108 71 71 71 71 72 24 24 24 42 23 23 3 3 
877 877 877 877 877 937 937 937 877 877 877 877 899 877 882 843 781 781 850 782 782 782 782 782 782 782 782 782 782 782 715 715 715 715 746 715 715 715 696 696 696 631 631 675 675 631 637 637 637 594 594 594 594 594 594 545 545 545 557 557 557 545 523 523 523 523 502 502 502 474 431 431 459 459 459 443 443 352 352 352 352 352 405 405 362 362 369 369 370 302 302 302 302 302 327 327 221 221 221 221 254 254 221 221 221 221 230 230 231 201 201 208 208 201 174 185 175 139 139 149 102 102 135 102 116 102 102 71 71 71 71 72 43 43 24 24 36 23 23 3 
982 877 877 966 877 877 877 877 877 877 877 877 899 877 843 843 781 781 781 782 782 782 782 782 782 782 782 782 782 782 715 715 715 715 715 715 715 715 696 696 696 668 668 668 668 631 631 631 631 594 594 594 615 594 594 545 545 545 557 557 557 545 523 523 530 474 502 474 474 474 431 431 459 459 459 459 443 443 443 431 352 352 405 405 362 362 388 369 369 302 302 302 302 302 302 302 221 254 254 254 254 254 254 264 264 254 230 230 201 201 201 201 201 201 174 185 175 139 139 139 139 139 102 102 102 102 102 71 71 72 72 72 43 43 43 24 24 24 24 3 
982 944 944 944 960 944 944 877 931 877 907 907 877 877 843 843 861 861 781 781 821 821 821 821 782 782 782 782 782 782 770 770 715 715 715 715 715 696 696 696 696 668 668 668 668 668 631 631 631 631 631 594 594 594 596 545 545 545 545 557 557 545 545 530 530 474 474 474 487 487 431 431 431 431 431 459 443 443 431 431 352 421 405 405 399 362 369 369 369 302 302 302 302 292 337 302 221 221 221 283 283 283 254 254 254 254 230 230 201 201 201 201 209 174 174 175 175 139 139 139 139 140 102 102 102 102 102 71 71 72 72 43 43 43 43 43 3 3 3 3 
982 944 944 944 960 944 945 877 877 877 907 907 877 870 870 843 843 843 851 781 821 821 821 806 806 715 715 715 782 782 770 770 715 715 747 715 715 696 696 696 696 632 632 632 632 632 632 653 632 632 571 571 571 596 596 545 545 545 545 558 558 530 530 530 509 509 509 509 487 487 431 431 431 431 431 459 459 431 431 432 352 399 399 399 399 362 369 369 362 362 362 352 302 292 302 302 221 221 221 283 283 221 221 265 265 230 230 230 201 201 212 212 174 174 175 175 176 139 139 146 146 78 78 78 78 78 78 71 71 72 72 43 43 43 43 43 3 3 3 3 
979 979 944 944 944 944 877 877 877 920 877 877 877 870 870 870 870 843 843 781 821 821 821 806 806 806 715 715 782 782 770 770 715 715 715 715 725 725 696 696 696 632 689 632 632 669 632 632 632 632 571 571 571 571 571 589 589 545 545 558 558 530 530 530 509 509 509 476 476 487 487 487 431 431 431 431 431 431 444 432 352 399 394 394 362 362 362 362 362 367 352 352 302 292 302 302 314 314 221 221 221 221 221 265 265 230 230 230 232 212 212 213 174 139 139 139 139 139 146 146 78 78 78 78 78 104 78 86 86 86 6 6 6 6 6 6 3 3 3 3 
979 979 944 967 944 951 877 877 877 920 877 890 890 890 862 862 862 862 843 781 781 781 821 806 806 715 715 797 782 782 715 715 715 738 738 738 725 725 696 696 696 632 632 632 632 669 632 632 644 632 632 571 603 603 571 571 571 571 571 530 530 530 530 530 509 476 476 476 476 498 488 488 431 431 431 464 431 431 432 432 352 399 394 394 362 362 362 371 371 352 352 353 302 292 338 302 302 302 302 302 292 221 221 255 255 255 243 243 232 212 212 212 174 139 177 177 139 139 139 150 78 78 78 132 78 104 78 78 78 78 78 53 53 58 53 6 3 3 3 3 
979 979 944 967 944 944 877 877 900 900 877 877 877 891 862 862 862 862 843 842 781 781 753 753 753 715 791 791 791 715 715 771 760 716 716 716 716 725 696 696 696 696 632 632 632 632 632 632 632 638 572 572 572 572 572 579 579 579 572 530 530 530 530 509 509 476 476 476 476 488 488 431 431 475 431 464 451 451 432 433 352 399 394 394 394 394 352 352 352 352 302 302 302 292 292 292 292 292 292 303 292 221 221 255 255 255 243 243 232 212 212 212 174 139 139 177 139 139 139 150 78 78 78 78 78 104 104 104 78 78 79 53 53 53 53 6 3 3 3 3 
979 979 944 944 944 944 900 900 900 900 877 877 877 891 862 862 863 863 843 842 781 781 753 753 753 715 715 715 715 715 760 760 760 716 716 716 716 725 716 697 697 697 632 632 632 632 632 632 632 638 572 580 572 572 572 579 572 572 572 524 524 530 530 509 509 509 476 476 476 488 488 431 431 431 431 431 451 451 432 432 352 352 352 406 352 352 352 379 352 352 302 302 302 302 292 292 315 315 292 292 292 284 221 255 255 255 232 232 232 212 212 212 174 174 139 177 139 139 150 150 78 78 78 78 109 109 109 78 78 78 53 53 65 6 6 6 6 4 4 4 
974 974 974 900 900 900 900 938 932 900 877 877 877 877 877 877 863 863 843 843 781 781 753 753 814 715 715 783 783 783 753 753 761 753 716 716 716 716 716 697 697 632 632 632 632 670 572 572 572 572 572 580 572 572 572 579 572 572 572 524 524 524 524 524 509 509 476 510 476 476 476 431 431 431 431 431 451 451 432 432 428 352 352 406 352 389 389 352 352 352 302 302 302 302 322 322 315 315 292 292 284 284 221 221 222 222 232 232 232 212 212 212 174 174 139 177 177 139 78 78 78 78 78 78 109 109 109 78 78 78 53 53 65 6 6 6 6 4 5 5 
974 900 900 900 900 900 938 938 932 900 900 900 900 883 883 781 781 863 781 781 781 753 753 753 814 753 753 753 753 753 753 753 753 753 716 716 717 717 717 697 697 632 632 632 662 572 572 645 645 572 572 580 580 580 572 572 572 572 572 524 524 524 524 524 509 509 476 510 476 476 476 476 476 476 431 431 451 451 432 432 428 352 406 406 352 352 352 352 352 352 354 354 302 322 322 322 322 304 304 304 284 221 279 221 222 222 232 232 232 212 212 212 202 202 139 178 178 139 78 78 78 78 78 78 78 78 78 78 78 78 78 53 65 6 54 44 4 4 5 5 
900 900 900 900 900 900 900 900 932 901 901 908 901 883 807 781 781 781 781 781 781 753 753 753 753 753 753 753 753 753 753 734 734 734 734 734 698 698 698 697 697 698 662 662 662 572 572 572 624 624 624 624 580 580 573 573 572 572 572 524 524 524 524 524 524 524 476 476 476 476 476 476 476 422 422 422 422 422 422 422 428 352 406 406 352 352 352 293 293 293 354 354 302 302 302 302 302 304 305 305 284 221 221 221 222 222 222 222 222 203 203 203 203 203 139 139 139 139 78 78 88 78 78 78 78 78 78 78 78 78 78 53 53 6 6 44 4 4 5 5 
900 900 900 900 900 900 946 900 901 901 901 901 901 883 807 781 781 781 844 844 753 753 753 753 753 753 753 792 753 753 734 734 734 734 734 734 698 698 698 698 698 698 662 680 662 662 662 572 624 624 624 624 580 580 573 573 572 572 572 524 524 524 524 524 524 525 422 476 476 476 476 422 422 422 466 445 445 445 445 422 428 352 352 352 352 395 352 293 293 293 293 293 293 293 302 302 304 304 305 305 284 284 221 221 222 222 222 222 222 203 203 203 203 151 151 151 139 139 78 78 88 78 78 78 125 78 78 93 93 6 6 53 53 6 6 37 37 4 4 6 
961 939 939 939 939 900 900 900 901 901 901 909 883 883 807 807 844 844 844 845 753 753 753 753 803 803 803 792 792 753 734 772 734 754 734 734 698 698 713 713 681 681 662 662 662 572 572 572 624 624 597 597 597 580 580 573 573 573 573 524 524 524 524 524 524 525 422 422 422 422 422 422 466 466 466 445 445 445 445 422 422 422 352 352 352 352 352 380 293 293 329 329 329 293 293 293 293 293 293 293 293 284 274 274 222 222 222 222 222 222 203 203 203 151 151 151 139 139 151 151 88 110 110 110 125 110 110 6 6 6 6 53 6 6 37 37 38 4 4 6 
961 939 939 968 939 939 939 939 901 901 901 883 883 807 807 807 844 844 844 832 832 832 753 753 803 753 753 753 753 753 734 772 734 734 734 734 734 726 708 708 708 681 676 676 676 572 639 639 639 639 597 597 597 597 580 580 580 580 559 559 559 546 546 525 525 525 422 422 422 422 422 422 434 434 434 434 434 446 446 422 422 423 352 352 381 352 352 380 293 293 329 329 329 329 329 329 293 293 293 293 294 284 274 274 222 222 247 222 222 222 151 151 151 151 151 186 169 169 151 152 88 88 88 110 110 110 111 6 87 87 6 6 6 6 6 45 25 25 25 6 
961 980 939 939 939 939 939 939 901 901 901 883 883 807 807 807 844 844 844 832 832 832 753 753 753 753 753 753 753 753 734 734 734 734 734 726 726 726 708 708 708 681 676 676 676 572 572 572 646 604 604 625 597 597 597 559 559 559 559 567 546 546 546 525 531 526 422 422 422 422 489 489 434 434 465 465 434 434 434 434 423 423 381 381 381 390 390 293 293 293 293 293 293 294 294 294 294 294 294 294 294 266 266 266 266 222 222 222 222 222 151 151 151 151 151 151 169 169 151 88 88 88 88 110 110 110 110 6 6 6 6 6 6 6 6 6 25 6 6 6 
961 961 961 939 939 939 939 939 901 901 901 901 883 807 807 844 844 844 844 832 832 832 807 807 807 726 726 726 726 726 726 726 726 726 726 726 735 714 708 708 681 681 676 676 676 572 572 572 604 604 604 625 597 597 597 533 533 574 574 567 546 546 546 525 525 526 434 434 434 434 489 489 434 434 465 465 434 434 423 423 423 381 381 390 390 390 391 293 293 293 363 355 293 294 294 294 294 294 294 294 294 266 267 248 248 248 222 222 222 222 217 151 151 151 179 151 169 169 151 88 136 136 136 110 110 110 110 55 55 55 55 7 7 7 7 6 25 6 7 7 
961 961 961 939 939 939 892 892 892 892 901 901 883 883 807 844 844 844 844 846 807 807 807 822 807 726 726 726 726 726 778 700 700 726 726 726 735 714 714 681 681 681 681 681 640 640 640 572 604 604 604 604 616 604 533 533 533 533 567 567 560 512 512 525 525 434 434 434 434 434 434 434 434 452 452 452 423 423 423 423 423 381 413 390 390 286 286 372 372 355 355 355 293 316 316 316 316 316 294 294 266 266 267 248 248 248 222 233 233 222 217 151 151 151 179 151 151 151 151 88 136 88 88 88 126 110 110 55 55 55 55 7 66 7 7 6 6 6 7 8 
981 981 961 961 961 892 892 892 892 892 910 910 883 883 807 844 844 844 844 846 807 807 822 822 807 807 726 726 784 784 700 700 700 726 726 726 727 727 714 681 681 681 690 682 640 640 640 572 572 572 572 604 604 604 533 533 533 533 567 560 560 512 512 512 434 434 515 434 434 434 434 452 452 452 452 452 423 423 423 423 423 381 390 390 390 286 286 286 286 355 317 317 293 293 330 330 316 316 266 266 266 285 267 267 267 248 222 222 222 222 217 151 151 151 179 179 179 153 153 88 88 88 88 88 126 117 55 55 55 55 55 7 66 7 7 7 7 7 7 8 
962 962 962 962 962 892 947 892 892 892 892 892 892 892 807 807 844 844 852 807 807 807 822 822 726 726 726 726 726 726 700 762 700 700 739 739 727 727 714 714 681 681 690 682 572 572 640 640 640 640 572 572 572 533 533 533 533 567 567 560 512 512 512 512 434 434 434 434 434 434 452 452 452 452 452 452 452 423 423 381 381 381 390 390 390 286 286 286 286 286 317 317 317 293 330 330 317 317 266 266 266 266 268 268 268 248 248 234 234 217 217 151 151 190 190 180 180 153 153 153 88 88 88 88 117 117 55 55 55 73 73 7 66 7 7 7 7 7 7 8 
962 963 963 962 962 892 947 892 892 921 892 892 893 893 884 807 807 807 807 807 833 833 822 822 726 726 726 726 793 726 700 762 762 700 739 739 727 727 718 690 690 690 690 682 572 572 572 572 633 633 633 572 572 533 595 595 533 567 560 560 512 512 512 512 512 511 511 511 452 452 452 477 452 452 453 453 452 452 381 381 381 381 390 390 381 381 381 381 286 286 317 317 317 293 293 330 317 266 266 266 266 266 268 256 256 256 249 234 234 217 217 210 210 190 191 180 180 141 141 141 141 141 88 88 117 117 55 55 55 73 73 7 7 31 31 7 7 7 26 9 
962 963 963 963 963 892 947 933 933 884 884 884 884 884 884 807 807 864 807 807 833 726 726 726 726 773 773 726 726 726 700 700 763 700 740 740 718 718 718 690 690 690 690 682 572 671 572 572 633 572 572 572 533 533 595 595 533 567 560 560 512 512 547 512 512 511 511 511 452 452 452 477 477 477 453 453 453 453 381 435 381 381 390 390 381 381 381 381 286 317 317 317 317 317 293 330 317 266 266 266 244 244 244 256 256 249 249 217 217 217 217 210 210 190 190 180 180 141 141 154 141 141 88 88 88 117 55 55 55 73 73 73 7 31 31 31 39 7 7 9 
962 962 962 963 963 892 947 933 933 884 914 894 894 894 726 726 726 726 726 726 726 726 726 726 815 773 773 773 773 773 773 700 700 700 740 740 718 718 654 654 654 572 572 682 572 572 572 572 572 572 626 626 533 533 595 595 533 533 533 560 512 547 547 512 512 512 512 512 452 467 467 477 477 453 453 453 453 453 381 435 381 381 381 381 381 381 381 381 286 317 317 317 349 317 317 317 317 266 266 244 244 280 280 256 256 249 249 217 217 223 217 141 141 190 190 141 141 141 141 127 127 127 94 94 88 88 88 105 55 55 55 7 7 46 46 31 31 31 7 9 
962 962 962 962 962 892 947 940 884 884 914 894 894 726 726 726 726 865 834 834 834 834 700 700 700 700 700 700 773 773 773 700 700 700 740 740 718 718 654 699 699 572 572 572 572 572 605 605 605 605 605 617 617 533 595 595 581 581 533 533 512 512 512 532 532 512 512 452 452 467 467 477 477 453 453 453 453 453 381 381 381 381 381 400 400 382 382 382 286 317 317 317 317 286 286 286 286 312 312 244 244 244 244 244 244 244 249 244 217 217 217 141 141 141 141 141 141 127 127 127 127 127 94 94 94 94 88 88 55 55 55 7 7 46 46 46 7 7 7 9 
962 962 962 962 962 892 940 940 884 726 726 894 894 726 726 834 834 834 834 834 700 700 700 816 816 700 700 700 773 773 773 700 700 700 700 741 718 718 654 699 699 572 572 572 663 663 605 605 605 605 605 617 617 533 598 581 581 533 533 533 512 512 548 532 532 452 452 452 503 467 467 467 467 467 467 436 436 436 436 436 382 382 400 400 382 382 382 382 286 317 317 317 317 286 286 331 286 312 312 286 286 244 244 244 269 244 244 244 235 217 217 141 204 204 141 141 141 127 127 127 127 127 94 94 127 94 112 88 88 88 55 7 7 46 46 7 7 9 9 9 
962 969 969 969 892 892 940 884 884 726 726 726 726 895 726 834 834 834 834 834 700 700 816 816 785 785 785 785 785 785 773 773 700 729 700 700 718 718 654 699 699 572 572 572 663 663 605 605 605 605 605 617 617 533 533 581 533 533 550 550 550 550 533 533 533 452 493 493 493 493 493 467 467 436 436 436 436 436 436 436 382 382 382 382 382 382 382 286 286 286 286 317 317 286 286 331 286 286 286 286 286 244 244 244 257 257 224 224 235 224 141 141 204 205 141 141 181 127 127 127 127 127 127 127 127 94 94 94 94 55 55 7 7 7 7 7 32 9 9 9 
969 969 975 892 892 940 940 884 884 726 726 726 726 726 726 878 866 866 835 835 835 700 816 816 785 785 785 798 700 700 700 700 700 729 729 700 700 728 654 699 699 572 572 572 663 663 663 654 605 641 605 618 618 605 533 533 533 533 533 533 533 533 533 534 534 452 452 452 452 494 494 483 483 436 436 436 436 436 436 436 382 382 382 382 382 382 382 286 286 286 286 286 286 286 331 331 276 276 276 276 286 286 244 244 257 257 224 224 224 224 141 141 204 192 192 142 142 142 127 127 127 127 113 113 113 94 94 94 94 55 55 55 55 55 55 47 32 9 9 9 
969 969 969 892 940 940 884 884 884 726 726 726 726 866 866 878 866 835 835 835 835 700 700 785 785 798 798 798 700 742 742 742 742 742 729 729 700 728 654 699 709 572 572 572 572 654 654 654 605 605 605 605 605 605 561 561 561 533 533 561 561 533 533 534 535 452 452 452 452 483 483 483 484 429 429 436 436 436 436 437 382 382 382 382 382 382 383 383 286 286 331 331 331 331 331 332 276 276 276 276 275 275 275 275 224 224 224 224 224 218 218 141 141 193 193 142 182 142 142 147 147 113 113 113 113 113 113 94 94 89 47 47 47 47 47 47 32 9 9 9 
969 969 969 892 940 884 884 884 884 726 726 726 726 866 866 866 866 835 853 835 835 835 700 785 700 700 700 700 700 742 742 742 742 742 742 729 700 700 654 699 699 699 654 654 654 654 664 647 647 605 605 605 605 606 561 561 561 575 575 561 562 452 452 534 452 452 452 452 483 483 429 429 429 429 429 436 436 436 436 414 414 414 414 382 382 382 356 356 331 331 331 324 324 289 289 332 276 276 276 276 275 275 275 218 218 218 218 218 218 218 141 141 141 193 142 142 142 142 142 142 142 113 113 113 118 118 89 89 89 89 47 56 56 56 56 32 32 32 10 10 
892 892 976 892 940 884 884 884 867 867 867 867 867 866 866 866 871 835 853 835 835 700 700 785 700 700 700 799 764 764 779 742 742 743 742 729 729 700 654 654 654 654 654 683 647 647 647 647 648 605 605 605 605 606 561 582 582 575 575 561 562 452 452 452 452 527 452 452 452 452 429 485 485 429 429 436 436 414 414 414 424 424 407 407 356 356 356 356 331 331 331 324 324 289 289 276 276 276 276 276 287 287 218 218 218 218 218 225 225 225 141 142 142 142 142 187 142 142 142 142 142 113 113 118 118 119 89 89 95 40 47 56 56 32 32 32 32 32 10 10 
983 892 892 892 940 940 940 941 867 867 867 867 867 867 866 866 871 835 835 835 835 700 785 785 700 808 764 764 764 764 764 764 764 743 742 742 729 700 719 654 654 700 647 647 647 655 647 647 607 607 605 605 606 606 561 582 582 575 575 561 562 452 452 452 452 452 452 452 452 452 429 429 486 429 429 414 414 414 414 414 424 424 407 408 356 357 357 356 356 356 364 324 324 289 289 276 276 276 276 306 287 287 218 218 218 218 218 225 225 225 141 142 142 142 142 142 143 143 143 155 142 142 89 89 89 89 89 89 40 40 47 47 47 32 32 32 32 33 10 10 
892 892 892 915 915 915 940 915 915 915 915 867 867 867 867 867 867 867 700 700 700 700 785 785 700 700 764 764 764 764 764 764 765 743 743 743 729 700 700 710 710 700 647 647 677 655 655 655 607 607 607 607 607 607 561 561 582 582 561 561 516 516 516 541 452 452 516 429 429 429 429 429 486 429 429 414 414 414 414 414 407 407 407 356 356 357 357 357 357 356 356 356 324 339 289 289 276 295 295 295 295 276 276 258 258 258 245 245 141 226 141 141 141 194 194 142 143 143 143 143 143 143 89 133 89 89 89 89 40 80 80 74 47 47 40 40 40 33 10 10 
892 892 892 915 915 915 915 915 922 922 867 867 867 867 867 879 700 700 700 700 700 700 828 700 700 700 794 794 794 764 764 765 765 743 743 743 729 729 700 700 700 700 691 647 647 656 656 656 607 607 607 607 607 599 599 561 561 561 561 568 516 516 516 516 536 516 516 429 504 429 429 429 429 468 468 414 414 414 414 407 407 356 356 356 356 356 358 358 357 357 357 357 324 339 339 289 276 276 276 276 276 276 276 258 258 258 245 245 141 141 141 214 141 141 142 142 143 143 143 143 143 143 89 89 89 89 89 40 40 80 74 74 47 47 40 27 27 33 10 10 
923 892 892 915 915 952 915 922 922 867 867 867 867 867 867 700 700 700 700 700 700 700 700 700 795 795 794 764 764 764 764 765 766 743 743 743 720 720 720 691 691 691 691 647 647 583 583 583 583 583 619 619 619 599 590 590 590 542 542 542 563 516 516 516 536 516 429 429 504 429 429 429 429 468 468 414 414 414 414 407 407 356 409 409 356 356 356 358 357 357 357 357 324 344 289 289 323 288 288 288 288 288 276 250 250 227 227 227 227 227 141 141 141 141 142 188 143 156 156 143 143 143 40 40 40 40 40 40 74 74 74 40 40 40 40 27 27 11 11 11 
923 923 923 915 915 952 915 922 922 867 867 867 902 867 867 700 700 700 700 700 700 700 700 823 795 795 794 764 764 764 765 765 720 720 720 720 720 730 721 691 691 691 692 647 647 583 583 583 583 583 619 619 599 599 590 590 590 583 542 542 563 516 516 516 536 516 429 429 429 429 429 468 468 468 468 414 414 414 414 407 407 356 409 409 356 356 356 358 358 358 358 358 324 324 289 289 323 288 288 288 288 276 276 250 250 250 250 227 227 227 141 141 142 142 142 143 143 156 156 143 143 143 40 40 40 40 114 74 74 74 74 40 49 49 27 27 27 11 11 11 
923 923 923 942 915 915 915 922 922 867 867 885 885 867 867 700 700 795 795 795 795 795 795 795 795 795 794 794 794 764 764 764 720 748 720 720 720 720 721 691 691 691 583 583 583 583 583 583 583 583 583 599 599 583 583 583 583 583 542 563 563 516 516 516 516 516 517 478 478 490 429 429 429 468 468 429 429 429 447 425 425 356 356 356 356 356 356 356 356 356 356 142 142 324 324 289 323 288 288 296 296 276 276 250 250 250 250 227 236 227 141 141 142 142 142 143 143 156 156 143 143 143 40 40 40 40 40 74 74 40 40 40 49 49 27 48 27 27 27 12 
984 923 923 942 915 915 915 915 915 867 867 885 885 885 885 700 700 795 795 847 795 795 804 804 804 795 794 794 750 750 764 764 720 748 748 720 720 720 693 693 701 701 583 672 672 672 583 583 583 583 583 599 583 583 584 584 584 584 542 542 564 549 549 518 518 478 478 478 478 490 490 490 429 468 468 429 454 429 429 425 425 425 401 401 401 308 308 308 308 356 356 142 142 142 324 289 289 289 289 289 289 289 276 276 237 237 237 227 227 227 206 206 206 206 142 189 143 143 156 143 143 143 40 40 40 120 40 40 40 40 75 75 49 49 27 27 27 12 12 12 
923 923 977 942 915 915 915 915 915 872 872 872 872 872 886 872 872 795 795 795 795 795 804 804 804 795 795 750 750 750 750 750 720 720 749 720 693 693 693 693 701 702 583 583 583 583 583 583 583 583 599 599 583 569 569 569 569 569 569 542 564 549 518 518 518 478 478 478 478 478 478 478 429 429 429 429 454 454 429 410 410 410 401 401 401 308 308 308 308 356 356 142 142 142 324 324 324 142 142 142 142 142 237 237 237 259 237 237 228 228 206 206 206 206 142 142 143 143 156 156 137 137 137 40 40 40 82 82 40 40 40 40 49 49 49 49 12 12 13 13 
923 923 923 942 942 948 948 904 904 872 872 872 903 872 872 872 873 795 839 839 839 795 795 804 804 809 795 750 750 750 750 750 750 720 720 720 693 693 693 693 701 702 693 665 665 583 583 583 583 583 599 599 583 569 591 591 569 569 569 542 564 549 518 518 518 478 478 478 478 478 478 478 478 478 455 455 455 455 429 410 410 410 342 342 342 308 308 384 308 308 356 142 142 142 142 142 142 142 297 297 297 142 237 237 237 237 237 237 228 228 142 142 142 142 142 142 143 143 162 137 137 137 137 40 40 40 82 82 40 40 40 40 50 50 49 49 12 12 12 12 
923 923 923 923 942 942 942 942 904 872 872 872 872 896 880 880 873 795 795 795 795 795 795 804 804 804 795 795 795 774 774 774 750 750 750 693 693 693 693 701 701 702 693 665 665 665 665 583 583 583 583 583 583 569 569 591 569 569 576 542 542 549 518 518 518 518 518 499 499 499 478 478 478 455 455 455 455 429 429 438 410 410 342 342 342 308 308 384 308 308 298 298 298 298 340 298 298 298 297 297 297 142 142 142 142 142 237 237 237 142 142 195 195 195 195 157 157 157 162 137 137 82 82 40 40 82 82 82 96 40 40 50 50 50 50 50 12 12 12 12 
923 923 923 923 942 942 942 942 904 872 872 872 872 872 880 880 873 795 795 795 796 796 796 824 804 804 804 795 795 774 774 693 693 693 693 693 693 693 693 693 693 693 693 665 678 609 609 609 609 609 583 583 608 608 569 591 591 569 569 569 542 542 542 542 397 397 519 499 499 499 469 469 469 455 455 455 455 429 429 410 410 410 410 342 342 308 308 308 308 368 298 298 298 298 340 298 325 298 313 298 298 142 142 142 142 142 237 237 237 142 219 195 195 195 157 157 158 157 157 157 82 82 82 82 82 82 82 82 96 76 76 50 50 50 50 12 12 14 14 14 
985 923 923 970 942 942 942 942 904 904 904 872 872 872 887 873 873 795 795 795 796 796 796 796 804 804 804 795 795 774 774 693 693 693 693 693 693 693 693 693 693 694 665 665 678 609 666 609 609 609 583 583 608 608 569 569 569 569 569 569 397 397 397 397 397 397 397 499 499 499 469 469 469 455 455 455 455 456 429 410 410 410 342 342 342 308 308 308 308 308 298 298 298 298 298 298 325 298 298 298 299 142 142 142 142 142 142 142 142 142 219 195 195 157 157 183 158 158 158 158 82 82 82 82 82 82 82 82 76 76 76 76 12 12 12 12 41 14 14 15 
985 923 970 970 923 923 923 923 923 923 904 911 904 873 873 873 829 829 795 795 796 796 829 796 796 796 796 800 786 786 693 693 693 693 751 693 693 693 693 711 711 694 665 665 665 609 609 649 649 609 609 627 609 609 565 565 569 569 569 569 397 397 397 397 397 397 397 513 397 397 397 469 469 455 455 455 455 456 429 429 429 410 342 342 342 308 308 308 308 308 308 298 298 341 341 307 307 307 307 307 251 251 277 277 270 142 142 142 142 229 195 195 195 157 196 183 159 159 158 158 98 98 82 82 82 82 82 82 76 76 76 76 12 12 12 12 12 12 28 15 
923 923 970 970 923 924 924 924 934 924 904 904 904 873 873 829 829 829 829 829 829 829 829 810 810 810 796 800 786 786 693 693 693 693 693 693 693 693 684 711 711 694 665 665 665 673 609 609 609 609 609 609 609 610 565 565 565 569 569 565 565 397 397 397 397 397 397 397 397 500 397 469 469 479 455 455 460 415 415 430 430 410 410 410 342 342 342 342 342 342 308 359 341 341 341 307 307 307 251 251 251 251 277 270 270 238 238 238 238 195 195 157 157 157 183 183 159 159 159 159 98 98 128 82 82 82 82 97 97 12 12 12 12 12 12 12 12 12 15 15 
923 923 923 923 923 924 924 924 924 924 904 904 904 873 873 829 874 829 829 848 810 810 810 810 810 811 796 693 693 693 693 693 693 693 693 693 693 731 684 684 684 694 694 665 665 673 650 650 650 609 634 610 610 610 565 565 565 565 565 565 397 397 520 520 520 520 520 500 500 500 397 469 469 469 469 415 415 415 415 415 415 415 415 342 342 342 342 342 342 342 308 359 341 341 341 307 307 251 251 251 251 251 270 270 271 238 195 195 195 195 134 157 157 157 183 183 183 157 160 160 98 98 128 128 128 82 115 97 97 12 81 12 12 12 12 12 16 16 15 15 
916 916 916 916 964 924 924 925 925 925 904 904 904 810 810 829 829 829 810 810 810 830 810 810 810 796 796 693 693 693 722 722 755 755 693 693 731 731 684 684 684 684 684 684 609 609 650 650 650 609 610 610 592 592 592 565 565 565 565 397 397 520 520 528 528 528 500 500 500 397 397 469 469 469 469 415 415 415 439 439 373 373 373 342 402 342 342 342 342 308 308 359 308 308 308 326 326 251 300 300 300 270 270 195 195 238 195 195 211 211 134 134 134 157 157 183 183 157 160 160 98 98 98 128 128 82 82 82 82 12 12 12 12 12 12 12 16 16 15 15 
916 916 916 916 949 949 949 925 925 916 916 904 904 810 810 810 810 810 810 840 840 830 830 810 810 796 796 796 796 693 722 722 722 722 722 722 722 732 679 679 703 703 684 684 609 609 609 650 650 609 610 592 592 611 592 592 565 565 397 397 528 520 520 528 537 500 500 500 500 397 397 397 469 469 469 415 415 415 439 373 373 373 373 342 342 342 342 342 342 308 308 359 308 308 308 251 251 251 300 300 300 270 270 195 195 195 195 195 211 211 211 215 134 134 157 157 157 157 160 160 98 98 98 98 98 98 98 98 82 82 12 12 12 12 12 16 16 16 16 16 
916 916 916 916 949 953 916 916 916 916 917 905 905 810 810 810 875 817 817 840 840 817 817 810 810 767 767 767 767 767 722 722 722 756 722 722 722 732 679 679 679 679 679 609 609 609 609 609 609 609 610 592 592 592 592 592 592 585 397 570 528 528 528 528 537 500 521 500 397 397 397 397 397 397 397 397 397 397 439 373 373 373 373 373 342 342 385 385 342 342 308 308 308 308 308 251 251 251 251 251 301 195 195 195 195 195 211 211 211 211 211 215 211 134 197 157 157 170 160 160 134 134 98 98 129 98 98 98 98 82 12 12 12 12 12 12 17 17 16 16 
916 916 916 916 949 916 916 897 897 897 897 905 881 881 810 810 686 868 817 817 817 817 817 817 817 767 767 767 767 767 767 775 767 722 722 732 732 732 679 679 679 679 679 609 609 609 609 609 651 592 592 612 612 612 592 592 585 585 397 397 397 551 397 397 537 500 500 500 397 397 397 457 397 397 470 397 397 397 397 397 397 416 416 373 373 396 373 373 373 342 308 308 308 308 308 251 251 251 251 251 301 195 195 195 195 195 211 211 211 211 211 211 211 134 197 134 134 134 134 134 134 134 134 134 129 98 98 98 98 82 82 59 59 12 12 12 17 17 16 16 
916 916 971 971 916 916 897 897 926 926 897 897 881 881 810 810 686 868 817 817 805 805 805 805 805 805 767 767 767 767 767 767 767 722 722 722 722 722 722 679 679 679 679 609 609 609 609 657 651 592 592 612 612 612 592 592 585 586 538 538 397 397 397 397 397 397 397 505 505 397 397 457 457 480 457 457 457 457 392 392 397 397 397 397 373 396 373 374 374 342 350 350 308 308 308 308 308 308 308 251 251 195 251 251 251 251 251 211 211 207 207 211 211 134 134 134 171 171 134 134 148 144 129 129 129 98 98 98 98 82 82 59 59 59 12 12 17 17 16 16 
916 916 916 916 916 897 897 927 926 926 897 897 881 881 881 881 686 686 854 805 805 686 686 686 686 805 805 733 733 733 733 704 704 704 704 722 722 723 723 704 704 704 679 679 609 609 609 651 651 592 635 592 592 592 592 585 585 586 538 538 397 397 397 397 397 397 397 505 505 397 397 397 457 457 457 457 457 458 392 392 397 397 397 397 373 373 373 374 374 342 342 350 350 318 318 318 318 318 308 251 251 251 251 251 251 251 251 198 198 207 207 207 207 207 134 134 163 163 163 148 148 144 129 121 121 121 18 18 18 18 18 18 18 18 18 18 17 34 16 16 
916 916 916 916 916 897 897 927 927 927 897 897 897 897 826 826 826 686 805 805 805 686 686 686 686 733 733 733 768 768 733 704 757 757 704 704 704 704 704 704 704 704 651 679 609 609 609 651 651 592 592 592 620 600 600 585 585 586 538 538 397 397 397 397 397 397 397 506 506 397 495 397 481 481 457 457 457 458 392 392 426 426 397 397 403 373 373 386 365 365 342 342 342 342 342 333 318 318 308 251 251 251 251 198 198 198 198 198 198 198 198 207 207 198 198 163 163 148 148 148 144 144 129 121 121 121 18 18 18 18 18 18 18 18 18 18 17 17 17 17 
916 916 916 972 897 897 897 943 927 927 897 897 898 898 826 826 826 686 805 805 805 686 686 686 686 733 733 733 768 768 733 704 704 704 704 704 704 704 704 704 705 705 651 679 679 609 609 651 651 592 592 600 600 600 585 585 585 586 538 538 566 538 538 538 397 397 397 506 507 397 397 397 481 481 457 457 457 392 392 392 392 392 392 397 397 397 375 375 365 365 365 345 345 345 333 333 198 198 308 308 251 251 251 198 252 252 252 239 239 198 198 207 207 198 163 163 163 148 148 148 144 145 129 121 121 121 18 18 18 18 83 77 18 60 18 18 17 17 17 17 
897 897 897 897 897 935 935 935 935 898 898 898 898 826 826 826 826 686 855 686 686 686 825 825 686 733 733 733 768 768 733 776 704 704 736 736 736 704 704 704 685 685 651 651 651 651 651 651 652 592 592 600 553 553 585 553 553 586 538 538 566 538 538 538 538 441 441 506 441 441 397 397 481 481 457 457 461 392 392 440 392 392 392 411 392 392 392 375 375 345 345 345 346 346 333 333 198 198 198 198 198 198 198 198 252 252 252 239 239 198 198 198 198 198 163 163 163 144 144 144 144 129 129 61 61 99 99 99 99 77 77 77 18 60 18 18 18 18 18 18 
897 897 897 897 897 935 935 935 898 898 906 906 906 826 826 826 826 686 686 686 836 836 825 825 686 686 733 733 768 787 733 733 733 758 736 736 736 704 704 685 685 685 685 685 600 600 600 658 600 600 600 600 553 553 553 553 553 538 538 538 538 552 538 538 538 441 441 506 441 441 441 441 441 482 441 441 461 392 392 392 392 392 392 411 392 392 392 333 333 345 345 345 333 333 343 333 198 198 198 198 261 261 261 261 260 260 199 199 199 199 198 198 198 198 198 144 144 144 129 129 129 129 61 61 61 99 61 61 61 77 77 77 18 18 18 18 18 18 18 19 
897 897 897 973 954 954 898 898 898 928 906 906 876 876 826 826 826 826 826 826 826 826 825 825 818 686 733 733 768 768 768 768 733 733 737 737 737 704 704 685 685 685 685 600 600 659 600 658 600 600 600 600 553 553 553 553 553 538 538 538 538 552 538 543 539 441 441 441 441 496 496 491 441 441 441 441 461 392 392 392 392 392 411 411 392 333 333 333 333 333 333 333 333 333 333 333 198 198 198 198 261 290 281 261 260 260 199 199 199 199 199 199 198 198 198 144 144 144 129 129 129 61 61 61 61 99 61 90 61 77 77 77 18 18 51 51 29 29 29 19 
954 897 897 954 954 955 898 936 936 876 876 876 876 876 876 876 876 856 856 826 826 826 826 826 818 686 733 733 733 733 733 768 768 733 733 744 733 733 685 685 685 685 685 600 600 659 600 600 600 628 628 600 553 553 601 553 553 538 538 538 538 538 538 543 539 441 441 441 496 496 491 491 471 471 471 441 441 441 441 392 392 392 392 392 392 333 333 333 319 319 198 198 347 347 198 198 198 198 261 261 261 281 281 261 260 260 199 199 220 199 199 199 198 198 61 61 61 61 61 61 61 61 138 61 99 99 61 90 61 61 61 61 61 61 51 29 29 35 19 19 
954 978 978 954 965 898 898 856 856 876 876 876 876 876 856 856 856 856 857 826 826 831 831 818 818 686 733 733 733 788 733 733 733 733 733 733 733 685 685 706 706 706 686 686 600 659 600 600 600 628 628 600 600 601 601 553 553 553 553 553 553 553 539 539 539 441 491 491 491 491 491 417 417 417 417 462 462 441 441 392 392 427 392 404 404 319 319 319 319 319 198 198 198 198 198 198 198 198 261 261 261 281 261 261 261 246 246 246 220 220 199 199 198 198 61 61 61 164 164 61 61 61 61 61 99 99 61 90 90 61 61 61 67 51 51 29 29 19 19 20 
954 978 978 954 965 898 898 856 856 918 918 912 856 856 856 856 856 819 819 826 826 818 818 818 819 686 686 686 686 686 686 733 733 733 733 733 733 685 686 686 686 686 686 687 600 659 659 659 600 600 628 628 600 601 553 553 553 553 553 553 554 554 539 539 441 441 491 491 491 491 491 417 417 417 417 417 417 441 441 441 392 427 392 404 404 319 393 319 319 319 334 334 334 334 334 334 198 198 261 261 278 278 261 261 261 261 240 240 220 220 199 199 199 199 199 61 61 164 164 61 61 61 61 61 99 99 61 106 90 61 61 61 51 51 19 19 19 19 30 20 
954 954 954 954 898 898 898 856 856 856 856 912 856 819 819 819 819 819 819 819 819 819 827 827 819 686 686 686 789 789 686 686 686 686 745 745 685 685 686 600 600 600 687 687 600 600 659 659 600 600 636 600 600 553 553 593 593 553 441 441 441 441 441 539 441 522 491 491 491 491 491 417 417 417 417 417 417 441 441 442 392 392 392 404 404 319 376 376 376 319 319 360 319 319 319 319 198 198 309 261 261 278 278 278 261 261 240 240 220 220 220 199 199 61 61 61 165 165 165 61 61 61 61 61 122 122 61 61 90 90 51 51 51 62 19 20 20 20 20 20 
954 954 954 954 898 898 898 856 856 856 856 856 856 819 819 819 819 858 858 819 819 819 819 819 819 686 686 686 789 789 686 686 769 686 686 686 686 686 686 600 600 600 600 600 600 600 660 660 600 600 600 600 621 553 553 553 553 553 441 441 441 441 441 441 441 522 522 491 491 491 491 417 417 417 417 417 417 417 417 417 417 417 417 404 404 319 319 319 319 319 319 319 319 319 319 319 319 319 309 309 261 261 261 261 261 262 240 240 240 220 220 199 199 61 61 61 61 61 61 61 61 61 61 61 61 61 61 61 91 91 51 68 68 19 19 20 20 20 20 21 
