960 960 984 959 959 856 856 856 940 940 856 856 856 856 856 856 856 856 856 856 856 740 740 819 819 819 819 764 764 764 764 764 764 764 764 754 754 629 629 629 629 717 717 691 691 697 691 619 619 619 619 619 647 561 561 561 561 561 561 561 561 561 561 522 522 522 522 522 522 522 443 443 469 469 469 469 469 469 443 443 443 443 439 346 346 346 346 346 377 377 377 325 325 325 325 325 325 325 259 259 259 259 259 259 259 259 259 192 192 192 192 192 192 192 192 192 108 108 108 108 108 108 108 108 108 108 108 77 77 77 77 30 30 30 30 30 30 30 1 1 
960 960 984 959 959 856 856 856 856 856 856 856 856 856 856 856 888 857 857 857 740 740 740 819 819 819 819 764 764 764 764 764 764 740 740 754 754 629 629 629 629 629 629 691 691 691 691 619 619 619 654 619 619 561 561 561 561 561 561 595 561 561 561 522 522 522 522 522 443 443 443 443 443 500 443 443 443 443 443 456 439 439 439 346 346 346 346 346 377 377 378 325 325 325 325 340 259 259 259 259 259 259 259 279 259 259 259 192 192 192 228 209 209 209 193 193 108 108 108 108 108 108 108 126 126 77 77 77 77 78 78 30 30 30 52 30 30 1 1 1 
960 960 960 959 959 959 856 856 898 898 898 856 856 856 898 898 857 857 872 857 740 740 740 740 740 819 819 740 740 764 764 764 764 740 740 740 740 740 740 629 629 629 629 691 691 619 619 619 619 619 654 654 619 561 561 627 561 561 561 561 561 561 574 574 522 522 548 522 522 522 504 504 443 443 443 443 443 456 456 456 439 439 389 389 346 346 346 346 346 346 378 325 325 325 325 340 259 259 317 259 259 259 259 279 259 259 259 192 192 209 209 209 210 210 193 108 108 108 108 155 155 149 108 126 127 77 77 77 77 78 31 31 31 30 30 30 30 1 1 1 
960 960 960 959 959 959 959 856 898 898 898 898 908 908 898 898 857 857 857 857 740 740 740 803 740 740 740 740 740 740 740 740 777 740 740 704 704 741 741 629 691 691 691 691 691 619 619 619 619 619 619 619 619 561 627 627 561 561 561 561 590 561 561 561 561 548 548 522 522 522 504 504 487 487 487 389 389 389 389 389 439 439 389 389 389 389 346 346 388 346 346 325 325 325 325 333 333 259 259 259 246 246 284 246 246 246 246 246 246 209 209 209 210 193 193 108 188 108 108 108 108 149 108 126 126 77 77 77 77 31 31 31 31 53 53 1 1 1 1 1 
960 960 960 981 959 960 960 856 898 898 930 898 908 908 898 898 857 857 857 857 740 740 740 803 803 803 803 809 803 787 787 740 777 740 740 704 704 704 742 629 691 691 629 629 629 619 619 619 619 619 619 619 619 561 627 627 561 561 561 590 590 548 548 548 562 548 522 522 530 523 504 504 487 487 389 389 470 470 464 389 389 389 389 426 426 389 389 346 346 346 346 356 356 356 325 333 333 246 246 246 246 246 284 246 254 254 229 229 229 209 209 209 210 193 193 108 108 108 108 108 108 108 108 126 126 116 109 77 77 31 31 31 31 31 31 1 1 1 1 1 
960 960 960 959 959 960 856 856 898 898 898 898 898 898 898 898 857 857 857 857 857 834 834 834 834 824 803 803 803 787 787 740 777 740 765 704 704 704 704 629 629 629 629 710 629 629 629 683 629 629 629 619 619 561 561 561 561 607 607 590 590 548 548 548 548 548 522 522 522 523 504 504 504 487 389 389 389 389 464 389 389 415 415 415 415 415 389 346 346 346 346 356 356 356 325 325 333 246 246 246 246 246 284 246 254 254 229 229 229 229 229 210 210 193 193 194 108 108 108 108 108 108 140 109 109 116 109 68 68 86 31 31 31 31 31 31 31 31 1 1 
990 990 960 960 972 960 856 951 898 898 898 898 898 898 898 898 857 857 834 834 834 834 824 824 824 824 778 778 778 787 787 740 740 740 740 740 704 749 704 704 704 704 704 704 629 629 629 629 629 670 629 619 648 619 619 561 561 596 596 596 548 548 548 548 563 522 522 522 522 487 487 516 487 487 488 389 389 389 464 389 389 415 415 415 415 415 389 346 346 346 346 346 346 346 346 325 318 318 318 246 246 246 246 246 254 254 254 200 200 200 200 210 210 193 193 110 110 110 110 110 110 150 109 109 109 109 109 68 68 68 68 68 68 31 2 2 2 2 2 2 
985 985 985 960 960 960 856 945 945 923 923 923 883 883 883 883 849 849 834 849 849 849 824 824 824 824 778 810 778 778 778 778 740 740 740 740 704 743 743 704 704 705 705 704 629 629 629 629 620 670 629 619 619 619 619 628 619 596 596 596 548 548 548 548 563 522 487 487 487 487 487 487 487 488 488 457 457 457 457 457 447 415 415 430 390 390 389 389 389 318 318 318 365 357 325 325 318 318 319 246 246 291 246 246 254 254 254 200 200 200 200 210 210 193 193 110 110 110 170 161 110 109 109 110 110 110 110 68 3 3 3 2 2 31 2 37 37 2 2 2 
985 985 973 973 973 856 856 945 923 923 923 923 883 883 883 883 849 849 873 849 824 824 824 824 824 824 704 704 788 778 778 778 778 740 740 704 704 743 735 735 729 705 705 704 629 629 629 629 620 670 629 619 619 641 619 619 619 596 608 578 578 578 578 487 487 522 487 487 531 457 457 457 457 457 457 457 447 447 447 447 447 415 415 430 390 390 407 389 389 318 370 318 318 357 325 325 318 318 319 246 246 255 255 255 254 254 254 254 200 200 200 219 200 200 200 110 110 161 161 161 110 110 110 110 117 117 68 68 3 3 3 2 2 2 2 37 37 2 2 2 
973 973 973 856 856 856 923 923 923 941 883 883 883 883 883 883 889 849 849 849 824 824 824 824 824 824 704 704 788 778 778 704 704 704 704 704 705 705 735 735 729 705 705 704 704 684 684 684 620 670 629 629 629 629 629 629 620 596 608 578 578 578 578 487 487 487 487 487 531 457 457 457 457 457 457 457 447 447 447 415 415 415 430 430 390 390 390 390 390 318 370 370 318 318 325 325 318 246 246 246 303 255 255 255 264 264 238 238 200 200 200 219 200 200 200 110 110 161 161 135 135 135 135 135 117 117 68 68 3 3 2 2 2 2 3 3 3 3 2 2 
973 973 973 856 856 856 856 941 941 941 883 883 883 883 883 883 883 883 849 849 824 850 842 824 704 704 704 704 788 788 788 704 704 704 704 705 705 705 705 705 729 705 705 705 705 684 684 684 620 670 629 629 629 629 620 620 620 596 596 596 578 578 578 487 487 487 487 487 487 487 457 457 457 457 457 457 447 447 415 415 415 391 391 390 390 390 390 318 318 318 326 326 326 318 318 318 318 246 246 255 255 255 255 255 255 265 238 238 238 238 200 200 200 200 200 110 110 110 110 135 135 141 141 111 111 111 3 3 3 87 2 2 2 3 3 24 3 3 23 3 
973 973 973 856 856 856 856 856 856 942 883 883 883 883 883 843 843 843 843 824 824 850 842 824 704 820 820 704 704 704 704 704 704 704 704 705 705 718 718 705 705 705 718 585 698 698 684 684 620 620 629 629 649 620 620 621 621 596 596 564 564 579 579 564 564 487 487 457 457 457 457 505 505 391 391 391 447 447 415 415 415 391 391 390 408 408 408 318 318 318 326 326 326 318 318 318 318 320 246 255 255 285 285 255 255 238 238 255 220 220 230 220 201 201 201 110 110 110 110 162 135 141 141 111 118 118 3 3 3 3 3 3 3 3 54 24 3 3 3 3 
973 973 982 982 856 856 856 856 856 942 843 843 843 843 843 843 843 843 843 824 824 850 842 824 704 704 704 704 704 704 704 704 704 704 704 718 718 718 718 718 705 705 718 585 698 698 655 655 655 620 620 649 649 620 585 585 585 585 585 564 564 564 564 564 565 487 487 457 457 457 505 505 391 391 489 391 391 391 391 391 391 391 391 431 391 391 391 371 371 318 318 318 326 318 318 320 320 320 246 246 255 255 255 255 270 238 238 255 220 220 220 220 201 162 162 162 162 162 162 162 135 114 114 111 118 118 3 3 3 3 3 3 54 54 54 24 24 24 24 4 
973 973 982 982 856 856 856 856 856 942 843 843 843 874 874 874 868 868 843 867 824 824 842 824 704 704 704 704 704 704 704 704 704 704 704 718 718 718 718 718 730 718 718 585 585 698 655 685 655 671 620 620 620 620 585 585 585 585 585 564 564 564 564 564 524 524 457 457 457 457 505 505 391 489 489 391 391 471 391 391 391 391 391 431 391 416 391 371 371 371 318 318 326 326 326 320 320 320 320 246 255 255 255 255 255 255 255 255 220 220 220 201 201 162 162 178 178 178 162 162 135 114 114 111 111 119 111 4 4 4 54 54 54 62 4 4 4 4 4 4 
982 982 982 982 952 952 952 952 918 918 843 843 843 874 874 874 868 868 843 843 843 824 824 824 704 704 704 704 704 704 704 704 758 758 758 758 718 718 718 718 718 718 711 711 585 655 655 685 655 655 655 655 620 620 585 598 598 585 585 564 564 564 524 575 524 524 524 524 457 457 457 457 391 489 480 480 480 448 448 448 448 391 391 391 391 416 391 371 371 371 318 318 318 347 326 320 320 320 320 255 255 255 255 280 271 202 202 202 247 231 231 201 162 162 162 178 178 178 135 135 135 114 114 114 111 111 111 4 76 4 4 4 4 4 4 5 5 5 25 5 
982 982 982 982 952 952 952 918 918 918 917 917 917 899 899 874 874 868 868 868 843 843 824 824 824 824 704 704 798 798 758 758 758 756 756 711 711 711 711 711 711 711 711 585 585 655 655 685 655 655 655 655 585 585 585 585 598 598 585 597 564 564 524 524 524 519 519 524 457 457 457 457 506 480 480 480 449 449 449 449 449 391 391 391 416 416 391 391 391 371 371 371 318 347 326 326 326 326 255 255 255 255 280 280 271 202 260 202 202 231 201 201 162 162 162 162 179 179 135 135 135 114 114 114 128 4 4 4 76 4 4 76 4 4 55 5 5 5 5 5 
999 982 982 982 952 952 918 918 918 918 917 917 917 899 899 899 874 874 874 858 858 843 824 824 824 824 704 704 798 798 758 783 756 756 756 711 750 750 711 711 711 706 706 585 585 585 655 655 655 655 655 585 585 585 585 585 585 598 585 585 585 585 519 519 519 519 519 524 524 524 519 480 480 480 480 480 449 449 449 449 449 400 400 432 416 416 409 379 379 379 379 318 318 347 292 292 327 327 255 255 255 280 280 248 271 202 202 202 202 202 202 202 202 162 162 162 179 179 135 135 114 114 114 114 128 4 76 76 76 88 76 76 44 44 44 5 5 5 5 6 
999 946 946 946 946 967 918 918 918 918 931 917 917 899 899 875 875 875 875 858 859 843 825 825 825 825 704 704 758 758 758 783 756 756 756 711 711 711 711 711 711 706 706 706 706 585 585 585 678 585 585 585 642 642 585 585 585 598 598 598 585 585 519 532 532 532 519 519 519 519 519 480 480 480 480 484 449 449 449 449 449 400 400 400 400 409 409 379 379 379 379 318 366 347 292 292 292 292 308 308 304 280 280 248 261 261 261 202 202 202 221 221 202 202 202 163 163 179 114 114 114 128 128 128 128 4 76 76 76 76 76 44 44 63 44 44 38 32 6 6 
946 946 946 946 946 918 918 918 918 918 918 918 918 899 899 875 875 875 875 858 843 843 825 825 825 825 704 758 758 773 773 773 756 756 756 711 711 711 711 711 731 706 706 706 599 599 599 585 585 585 666 642 642 642 585 585 622 599 599 599 519 519 519 532 532 532 532 532 532 519 519 507 507 480 480 480 465 465 465 400 400 400 400 400 400 409 400 400 318 318 318 318 318 347 292 334 334 292 292 292 304 292 248 248 266 266 248 248 248 4 4 4 4 4 203 163 163 163 114 114 114 128 128 128 4 4 112 101 70 70 70 44 69 44 44 38 38 32 6 6 
946 946 946 946 946 918 918 918 918 890 918 918 899 899 900 890 890 884 825 858 843 843 843 825 704 704 704 758 804 773 773 773 773 773 756 711 755 711 711 711 711 711 711 711 599 599 599 599 599 599 599 642 642 642 599 599 599 599 609 519 519 519 519 532 532 519 519 532 532 519 519 507 507 480 480 480 465 465 465 400 400 400 400 400 400 400 400 401 318 318 318 318 318 347 347 334 156 156 156 292 292 292 248 248 266 248 248 248 248 4 232 4 4 4 4 163 163 163 163 163 114 128 128 128 4 101 101 101 70 70 70 44 44 44 38 38 39 32 6 6 
946 946 946 946 946 968 953 953 946 890 890 890 899 890 890 890 884 884 825 825 843 843 825 825 704 704 821 758 758 758 758 758 758 758 756 711 755 711 711 667 667 667 667 711 599 599 599 599 672 672 599 656 599 599 599 539 539 539 539 519 519 519 519 519 519 519 519 519 519 519 519 507 507 480 480 485 465 465 433 433 450 433 433 433 417 417 318 318 392 318 318 318 367 348 348 334 156 156 156 292 292 281 281 248 248 248 249 249 249 4 232 4 4 4 4 4 4 180 4 4 114 114 114 114 4 4 101 101 70 70 70 70 70 64 38 32 32 32 6 6 
946 946 946 946 953 953 953 954 946 924 924 890 890 890 901 884 884 876 876 825 825 825 825 704 704 704 821 758 758 784 784 784 758 758 756 711 711 711 711 667 667 667 667 711 599 599 599 599 667 667 599 656 599 637 637 539 539 600 539 539 539 539 519 519 519 557 519 519 519 519 519 490 490 490 490 433 433 433 433 433 450 433 433 433 417 318 318 318 318 318 318 318 318 348 334 334 156 156 156 156 156 281 281 281 248 248 249 249 249 4 4 4 4 4 195 195 4 4 4 4 4 4 142 114 129 4 4 4 70 70 70 64 64 64 38 38 7 7 7 7 
1000 956 956 946 946 946 946 946 946 924 924 924 919 891 891 884 884 876 822 822 860 825 825 704 704 704 821 758 758 784 784 784 758 758 756 756 756 711 711 667 667 667 667 667 667 692 599 599 667 667 599 599 599 637 630 630 539 600 600 600 539 539 519 519 519 519 519 533 533 519 519 490 490 490 491 433 433 433 433 433 433 433 433 433 417 318 334 334 383 383 318 318 318 348 334 334 334 305 305 309 156 156 156 156 249 249 249 249 249 233 233 4 4 171 171 171 171 171 171 4 4 4 142 114 114 113 113 4 4 70 70 64 64 64 7 7 7 8 8 8 
956 956 956 956 956 946 946 955 919 919 919 919 919 891 891 876 876 876 822 822 822 825 825 704 704 826 821 805 805 784 784 784 679 679 679 712 712 712 712 712 712 667 667 667 667 692 692 667 667 667 667 599 599 637 630 631 539 539 539 539 539 519 519 519 519 519 549 519 519 519 519 490 508 501 491 417 417 472 433 433 433 433 433 434 417 318 334 334 383 372 372 372 334 334 334 334 334 305 305 305 305 156 156 156 156 250 250 250 250 233 233 4 4 171 171 172 172 172 172 4 4 4 4 4 114 114 114 4 4 40 40 40 40 40 7 7 7 8 8 8 
956 956 956 956 956 969 961 919 919 932 932 891 891 891 891 876 876 876 822 822 822 822 837 837 704 704 821 805 805 679 679 679 679 774 679 712 712 712 712 712 712 667 667 712 667 667 667 667 673 673 599 599 599 599 630 539 539 539 610 539 519 519 519 519 519 519 549 519 519 519 519 490 490 501 491 417 417 417 417 417 417 417 433 417 417 318 334 334 383 372 372 372 334 334 334 305 305 305 305 305 156 156 156 156 156 233 233 233 233 233 233 156 156 156 156 172 172 156 156 164 156 4 4 4 4 4 4 4 4 40 40 33 33 40 7 45 40 8 8 8 
956 956 956 956 961 961 961 919 919 932 932 891 891 891 891 876 876 876 822 822 822 822 822 822 822 704 821 679 679 679 789 679 679 774 679 679 679 699 699 736 712 712 719 712 568 568 568 568 673 673 599 599 599 599 630 539 539 539 539 539 519 566 566 566 566 519 549 490 490 490 490 490 490 491 491 417 417 417 417 451 451 417 417 417 318 318 334 334 383 372 372 334 334 349 349 305 305 305 305 305 156 156 156 156 272 233 233 233 156 156 156 156 211 211 156 172 172 156 156 156 156 130 130 130 130 4 4 102 4 89 40 33 71 40 7 7 40 8 8 8 
956 956 986 956 956 956 956 956 919 919 919 919 891 891 891 891 891 876 822 822 822 822 822 704 704 704 821 679 679 679 679 679 774 774 679 679 679 751 699 736 712 712 719 712 568 568 568 568 568 568 568 568 568 568 630 591 591 591 539 601 519 519 519 519 519 519 539 539 490 490 490 490 490 491 491 417 417 473 417 417 417 427 427 435 318 418 318 334 334 334 334 334 322 322 350 305 305 196 196 305 305 273 273 156 156 156 233 233 156 156 156 156 204 204 156 156 156 156 165 165 130 130 143 58 58 4 4 4 4 40 40 33 71 40 40 40 40 8 8 8 
956 956 909 909 909 909 909 876 876 876 876 876 876 876 876 876 876 876 877 822 822 822 704 704 704 704 704 704 806 790 790 679 679 679 679 751 751 751 699 699 712 719 719 712 568 568 568 568 568 674 643 643 643 568 568 591 591 591 539 539 539 539 580 539 539 539 539 540 490 490 490 490 490 491 491 417 417 473 452 452 417 427 427 435 318 318 318 318 318 318 322 322 322 322 322 335 335 196 196 305 305 273 273 273 273 156 233 156 156 156 156 156 204 204 204 156 156 157 157 157 130 130 58 58 58 103 103 103 92 40 40 33 33 46 46 46 8 8 8 8 
991 991 909 909 909 909 909 876 876 876 933 920 920 876 876 876 876 876 877 811 811 822 704 704 704 827 704 704 790 790 679 679 679 679 679 679 737 737 737 699 712 712 712 712 568 568 686 686 674 674 643 657 643 643 568 586 586 591 591 591 591 539 539 539 539 539 534 534 534 419 520 474 474 474 492 417 417 452 452 452 417 427 427 427 427 318 318 318 318 318 322 322 322 322 322 196 196 196 196 196 196 273 273 274 274 156 156 156 239 239 212 212 212 212 173 173 173 157 157 157 157 130 58 58 58 58 92 92 92 40 40 40 33 33 33 33 8 8 8 9 
991 991 909 909 909 909 909 876 876 933 933 920 920 876 902 876 811 811 811 811 811 822 822 822 835 827 704 790 790 791 679 679 679 679 766 679 737 737 737 699 699 723 699 699 568 568 686 686 674 674 643 643 643 643 568 586 586 586 586 586 586 586 576 576 550 550 550 534 534 419 520 474 474 474 474 474 452 452 452 452 417 427 427 419 419 419 402 402 318 318 380 322 322 322 196 196 321 321 321 196 196 239 239 239 239 239 262 239 239 212 212 196 196 213 173 173 173 157 157 158 158 130 130 58 58 58 92 92 92 40 40 40 33 33 56 33 33 33 26 9 
974 974 974 983 909 909 909 909 909 909 909 909 909 876 876 876 811 811 811 811 811 838 838 822 822 827 704 790 807 791 791 679 679 679 679 679 737 737 737 737 699 699 699 699 568 568 568 568 568 674 658 658 643 643 568 568 586 586 586 586 581 581 576 576 550 550 550 534 534 419 419 517 474 493 493 452 452 452 452 458 417 419 419 419 402 402 402 322 322 322 322 322 368 358 196 310 310 310 310 196 306 239 286 239 239 239 239 239 251 212 196 196 196 205 205 173 173 173 173 158 130 130 130 58 58 58 58 58 58 58 57 57 33 33 56 9 9 9 26 9 
974 974 974 983 910 910 962 910 910 909 909 925 909 909 811 811 811 885 811 811 861 838 838 838 822 827 790 790 785 785 792 679 679 679 759 759 738 738 737 737 732 699 699 699 707 693 693 568 568 674 658 632 632 632 632 568 568 568 568 568 581 581 581 550 550 550 551 521 521 525 419 419 474 474 494 452 452 452 452 452 452 419 440 402 402 402 322 322 393 358 358 358 358 358 196 196 336 328 310 196 196 239 286 239 239 267 239 239 212 212 196 196 196 205 205 173 173 173 174 158 130 130 130 58 58 115 115 93 93 58 57 57 57 9 9 9 41 9 9 9 
974 974 974 974 974 910 962 910 910 910 910 910 910 910 811 811 811 811 811 811 861 838 838 838 822 822 790 811 785 785 785 785 779 679 759 759 738 738 738 738 732 699 707 707 707 693 693 568 568 674 658 632 632 632 632 632 568 568 592 568 568 582 582 550 567 550 550 521 521 521 521 419 419 474 474 474 474 474 419 419 419 419 440 402 402 402 322 322 322 358 358 358 358 359 196 196 328 328 310 310 196 239 239 239 239 212 212 212 212 196 196 196 196 196 196 173 173 158 158 158 130 130 130 58 58 115 115 93 94 58 58 57 57 9 9 9 41 10 10 10 
974 992 974 974 974 910 910 910 910 910 911 911 911 911 811 811 811 811 878 811 844 844 844 811 811 822 822 811 785 785 785 779 779 679 679 679 679 679 679 732 732 699 699 699 699 699 568 568 568 674 658 659 650 632 633 633 593 593 592 602 568 568 583 550 550 550 550 526 526 526 518 518 419 419 419 419 419 419 419 419 419 440 440 403 403 403 403 403 322 384 358 358 358 359 196 328 328 329 311 311 196 293 239 239 239 212 212 212 212 196 196 158 158 158 196 196 158 158 166 166 130 130 130 58 120 120 93 93 72 72 58 57 57 57 57 9 9 10 11 11 
974 992 974 974 974 970 947 947 947 800 800 800 800 800 811 811 811 811 878 811 844 851 811 811 811 811 811 811 785 785 785 779 780 775 679 679 744 744 679 732 679 679 700 700 700 700 568 568 568 674 658 650 650 632 633 593 593 593 592 592 592 568 552 552 552 550 550 526 526 526 518 518 419 419 419 419 459 459 459 459 440 440 440 403 420 420 403 403 322 322 358 358 358 359 196 196 196 329 311 196 196 293 239 239 239 268 196 196 196 196 196 158 158 158 158 158 158 130 130 130 130 130 144 58 120 120 93 93 72 72 72 72 72 57 57 9 9 10 9 9 
974 974 974 947 947 970 947 800 800 800 926 926 800 800 811 811 892 811 811 811 844 811 811 836 836 828 785 785 785 779 779 779 767 775 744 744 744 744 679 679 679 679 700 700 700 568 568 568 674 674 658 650 650 632 633 593 593 593 593 603 568 568 552 552 552 552 552 526 526 342 518 518 403 403 403 459 459 459 459 460 440 440 440 403 420 394 394 394 394 322 358 358 358 351 351 196 196 329 311 196 287 287 239 239 239 196 196 256 197 197 234 158 158 158 158 189 189 130 130 130 130 130 144 58 58 93 93 93 72 72 72 72 65 65 58 9 10 10 9 9 
974 974 987 947 947 947 947 947 929 929 926 926 800 912 811 811 892 811 811 811 811 811 828 828 828 828 785 785 779 779 793 767 767 775 744 744 744 744 679 679 733 679 679 679 700 568 568 568 658 658 658 660 633 633 633 633 615 615 593 603 568 568 568 541 541 541 541 541 342 342 518 518 403 403 403 459 459 459 459 403 403 403 403 403 420 394 394 394 394 322 322 358 358 351 351 196 311 311 311 196 287 287 287 196 196 196 256 256 197 197 234 158 158 181 181 181 181 130 130 130 130 130 136 136 58 93 93 93 93 72 72 72 65 65 58 9 10 10 9 9 
947 947 947 947 947 947 947 947 929 929 934 800 800 811 811 892 892 811 811 811 852 852 828 828 828 828 785 785 779 779 779 767 767 767 767 744 744 744 744 662 662 720 720 679 679 679 568 568 658 675 658 658 633 633 633 633 615 615 593 603 593 568 568 541 541 541 553 342 342 527 518 518 403 403 403 403 403 459 459 403 403 444 420 420 420 385 385 385 385 385 322 322 322 322 322 196 196 311 311 196 196 294 196 196 196 196 256 256 197 197 222 222 158 181 181 181 181 130 130 130 159 136 136 136 58 58 95 95 95 90 58 58 58 58 58 9 9 9 9 9 
947 993 947 947 947 929 929 957 929 934 934 800 921 811 892 892 811 811 811 811 852 828 828 839 828 828 799 799 779 779 779 768 768 768 768 744 744 744 662 662 662 720 720 679 679 679 679 679 658 658 658 661 633 633 633 634 604 604 593 593 593 568 577 577 541 541 553 342 342 342 481 481 481 481 403 403 403 403 403 403 403 420 420 421 421 385 385 385 385 385 352 352 352 360 322 322 196 312 312 312 196 196 196 282 257 257 257 257 197 197 222 222 158 158 182 182 181 181 130 130 159 136 136 136 58 58 58 58 58 90 58 58 27 27 27 9 9 9 9 9 
947 947 975 947 947 929 929 929 929 934 934 800 800 811 811 811 811 852 852 852 852 828 828 828 828 829 799 799 799 799 768 768 662 662 662 662 662 662 662 662 662 662 662 713 662 662 662 679 679 633 633 633 633 633 623 623 623 604 604 604 568 568 577 577 541 541 541 342 342 342 481 481 481 481 481 481 481 466 466 420 420 420 421 421 421 385 385 404 352 352 352 352 352 352 352 322 196 312 196 196 269 269 269 269 257 257 257 257 197 197 158 158 158 158 182 182 182 182 175 159 159 136 136 137 58 121 58 104 58 58 79 58 27 66 27 42 42 9 9 9 
976 947 975 975 975 929 929 929 929 929 927 927 800 811 811 811 811 812 812 869 828 828 812 812 812 812 812 812 799 799 768 662 662 776 752 752 752 752 662 662 662 662 662 662 662 668 662 662 680 633 633 633 633 633 623 623 623 568 568 568 568 568 568 577 568 558 342 342 342 342 342 342 342 342 342 342 342 466 420 420 420 420 421 421 385 385 385 404 352 352 352 352 352 352 353 322 196 196 196 196 196 288 288 269 275 263 263 197 197 197 158 158 158 158 182 182 182 175 175 159 137 137 137 137 58 121 58 58 96 58 79 58 27 66 27 42 42 9 9 9 
976 976 976 976 976 929 929 929 929 929 800 800 800 903 903 811 811 812 812 812 828 828 812 812 812 812 813 813 800 800 768 662 662 662 752 760 752 752 662 662 662 724 662 662 708 668 668 662 662 662 662 662 633 633 633 633 605 568 568 568 568 568 568 568 568 558 342 542 342 528 342 342 482 482 482 482 342 342 420 420 428 428 421 421 385 385 385 352 352 386 352 352 352 352 353 322 337 196 196 196 196 288 289 269 269 263 263 197 197 197 197 158 214 214 182 182 182 175 175 159 137 145 138 138 58 58 58 58 96 58 58 58 66 66 27 27 27 34 9 9 
976 976 976 976 976 963 963 929 929 929 800 928 922 903 903 811 811 812 870 812 812 812 812 812 812 812 813 800 800 801 768 768 662 662 760 760 739 739 739 739 724 724 694 694 694 701 668 668 668 662 662 663 633 633 633 633 605 568 568 587 544 544 544 544 544 558 342 542 342 528 482 482 482 482 482 482 482 342 461 420 420 428 421 421 421 421 352 352 352 352 352 369 369 341 341 322 196 196 196 196 307 288 276 276 269 269 263 197 197 197 197 197 214 182 182 197 14 14 14 159 137 145 138 138 58 58 73 73 73 73 58 58 66 66 27 27 27 27 27 12 
976 976 976 976 976 963 964 929 929 929 800 800 922 893 893 811 811 886 870 870 812 812 800 800 800 800 800 800 768 768 768 768 662 739 739 739 739 724 724 724 724 725 694 694 694 694 687 687 668 668 668 535 535 644 633 633 605 611 611 587 544 544 544 569 544 544 342 342 342 528 482 482 482 482 482 482 342 342 461 461 420 428 436 436 421 421 352 352 352 381 381 341 341 341 341 322 196 196 196 288 288 288 276 276 276 252 263 197 240 197 197 197 214 214 197 197 14 14 14 14 137 145 145 14 14 73 73 14 14 73 73 73 73 14 14 14 14 35 12 12 
976 976 988 976 976 963 963 929 935 935 935 800 800 893 893 811 811 811 862 862 853 853 800 814 814 814 814 814 768 768 794 662 662 739 739 739 739 724 724 694 694 694 694 694 694 694 687 687 535 535 535 535 535 535 535 635 605 605 605 587 544 544 544 569 569 544 528 528 528 528 482 482 482 482 482 482 342 342 467 420 420 428 428 428 428 410 410 342 342 381 341 341 341 341 341 322 322 322 322 288 295 295 276 276 276 252 252 197 240 240 197 197 214 214 197 198 14 14 167 14 137 14 14 14 14 14 14 14 14 14 14 14 14 14 47 47 14 35 12 13 
976 976 988 963 963 963 963 929 935 929 929 929 800 893 893 811 811 811 862 862 853 853 800 814 814 814 814 814 768 768 794 662 662 662 739 739 739 694 694 694 694 694 694 694 694 694 535 535 535 645 645 645 638 638 535 535 605 605 605 587 544 544 544 544 544 544 528 543 528 528 482 482 482 495 495 483 483 342 420 420 410 410 410 410 410 410 342 342 342 342 341 341 341 341 341 322 322 288 288 288 288 288 252 252 252 252 252 197 197 241 197 197 197 197 197 198 14 167 167 14 14 14 14 14 14 14 14 14 15 15 43 43 14 14 14 14 14 35 12 12 
994 994 963 963 963 963 965 929 935 929 936 800 800 893 893 893 811 811 862 862 862 800 800 814 814 814 768 768 768 794 794 786 662 662 727 727 739 694 694 694 694 694 694 714 709 535 535 535 535 645 645 645 638 638 638 535 535 535 605 587 587 587 544 544 559 559 528 528 528 482 482 482 482 495 495 483 483 342 420 410 410 437 437 437 410 410 342 342 395 342 361 361 361 341 341 341 288 288 288 288 288 288 252 252 252 252 252 252 197 197 197 223 197 197 206 198 14 167 167 167 14 14 14 14 131 14 14 14 15 15 43 43 43 43 14 14 14 14 28 12 
994 963 963 965 965 965 965 929 929 929 800 800 879 879 879 893 893 879 879 863 863 800 768 768 768 768 768 786 786 786 786 786 662 662 727 727 727 727 745 616 616 616 694 694 709 535 535 535 681 676 645 645 638 638 638 535 535 535 605 605 544 544 544 559 559 554 554 528 528 482 482 482 509 495 495 483 483 342 420 410 453 410 410 410 410 410 410 342 342 342 361 361 361 341 341 342 288 288 288 296 296 296 277 277 277 242 242 252 252 197 197 146 146 198 198 198 14 176 176 14 132 132 132 14 14 14 15 15 15 15 15 15 43 43 43 43 43 14 12 12 
963 963 977 965 965 768 768 768 943 943 800 800 879 894 879 879 879 879 800 800 800 800 768 768 768 830 786 786 795 795 795 662 662 662 727 727 727 727 616 616 616 616 616 694 709 694 694 681 681 676 645 645 645 645 624 624 535 535 612 544 544 544 544 544 544 554 544 544 535 482 482 495 495 495 496 483 483 342 420 410 410 410 441 410 410 342 342 342 342 342 342 342 361 361 342 342 288 288 288 296 277 277 277 277 277 242 242 242 242 197 197 146 146 198 198 199 14 14 14 14 132 132 132 122 122 122 15 15 15 15 80 15 43 43 43 15 15 14 14 14 
963 963 977 977 977 768 768 768 943 800 800 800 879 894 894 894 894 800 800 800 800 854 768 768 786 786 786 808 795 795 795 662 769 769 769 727 727 727 616 616 616 726 616 694 694 694 681 681 676 676 646 646 646 646 624 624 535 612 612 544 544 544 544 544 544 544 544 535 535 495 495 495 468 468 468 468 468 342 342 342 410 410 342 342 342 342 342 405 396 373 373 342 342 342 342 343 288 288 288 296 277 277 277 283 242 242 235 235 242 242 235 146 146 146 146 199 14 14 14 168 132 132 132 122 122 97 97 97 15 15 80 15 15 15 15 15 15 15 15 15 
963 963 977 977 768 768 768 958 800 800 800 800 879 913 904 800 800 800 768 768 768 768 768 768 786 786 815 808 795 795 795 662 662 662 727 727 757 727 727 727 727 726 616 694 694 702 681 681 676 676 646 646 646 624 624 624 535 535 613 535 535 588 535 535 535 535 535 535 536 495 495 495 468 468 486 486 468 468 468 342 410 410 342 342 342 342 342 405 396 373 373 373 354 354 242 242 288 288 296 296 297 297 277 283 242 235 235 235 235 235 235 146 146 146 146 146 14 14 14 168 132 132 132 139 97 97 97 97 15 15 80 48 48 59 59 15 15 15 16 16 
963 963 963 963 768 768 768 958 800 800 800 800 879 913 904 800 880 880 768 768 768 768 768 768 831 831 815 808 795 795 747 747 747 747 727 727 727 727 746 727 727 726 616 694 694 702 616 616 676 676 616 616 646 624 624 624 624 535 535 535 535 588 535 555 555 535 535 495 495 495 495 495 510 468 486 486 468 468 468 342 342 342 342 342 396 396 396 396 396 373 373 354 354 354 354 242 330 288 288 288 297 297 277 283 242 235 235 235 235 243 146 146 146 146 146 146 14 14 168 168 151 151 132 139 97 97 97 15 15 15 48 48 48 48 48 15 15 15 16 16 
995 963 963 963 768 768 768 768 768 768 800 800 913 913 904 800 800 880 880 768 768 768 845 831 831 831 815 808 808 747 747 781 781 747 727 727 727 727 727 727 726 726 616 694 694 616 616 616 616 616 616 616 616 639 639 616 616 616 606 606 535 535 535 555 555 555 555 495 495 495 495 502 502 468 468 486 468 468 468 342 342 412 412 412 396 396 397 397 397 373 373 354 354 355 355 242 330 330 313 313 297 297 277 277 242 242 242 242 242 242 146 224 151 151 151 151 151 151 151 151 151 152 132 139 97 97 97 15 15 48 48 74 74 48 48 15 15 15 15 15 
995 995 963 963 768 818 768 768 948 768 800 800 913 913 904 800 800 881 881 768 768 768 768 831 831 831 815 815 747 747 796 728 728 747 761 761 727 727 727 727 726 726 616 715 616 616 682 682 682 616 616 664 616 616 616 616 606 606 606 555 555 555 555 555 570 545 545 495 495 495 495 502 502 502 468 468 468 475 382 382 382 382 412 412 397 397 397 382 382 387 382 354 354 355 355 242 242 242 313 297 297 297 277 277 242 242 242 242 242 242 146 224 151 151 151 151 151 169 169 169 152 152 132 132 97 97 105 105 15 15 15 74 74 48 48 48 15 15 15 15 
996 963 963 768 768 818 948 948 948 768 937 800 800 800 904 800 895 864 864 864 864 768 768 823 823 823 823 747 747 747 796 728 728 747 747 747 747 747 727 727 721 721 616 616 616 682 682 606 606 606 606 664 640 640 640 606 606 555 555 555 594 555 555 570 570 545 545 545 529 529 502 502 511 497 497 468 468 468 382 462 382 382 412 412 422 422 411 382 382 382 382 354 338 338 338 338 338 242 242 297 297 297 277 277 242 242 242 242 244 244 146 146 146 146 151 146 146 146 152 152 152 18 18 132 132 97 97 97 97 15 15 15 15 15 15 15 15 36 15 15 
996 963 963 963 818 818 948 948 768 768 937 800 800 800 800 800 768 768 768 768 768 768 840 823 823 823 823 747 747 747 728 728 728 728 728 748 747 747 727 727 721 721 721 616 616 616 606 606 606 606 606 640 640 640 640 606 589 589 589 545 545 555 555 545 545 545 529 529 529 502 502 511 511 497 497 468 468 468 382 382 382 442 442 412 412 423 411 382 354 354 354 354 338 362 331 331 331 331 242 242 242 242 242 242 242 242 242 242 207 207 207 207 207 146 146 146 183 146 152 18 18 18 18 18 18 18 97 97 98 15 15 15 15 15 60 15 15 15 15 15 
996 996 963 963 818 818 948 948 768 768 768 768 768 768 768 768 768 832 832 768 768 855 840 840 823 823 823 816 728 728 728 782 782 728 728 748 747 747 747 727 721 721 721 616 616 616 606 688 606 606 669 640 640 640 606 606 589 617 589 545 545 545 545 545 571 529 529 537 537 502 502 476 476 503 476 476 468 468 382 382 382 382 382 382 412 412 412 382 398 374 374 374 338 362 331 331 314 314 314 314 298 298 242 242 278 207 207 207 207 236 236 207 207 215 183 183 183 146 152 152 152 146 146 123 123 18 18 106 49 49 15 15 75 49 49 15 15 15 15 15 
997 997 963 963 963 818 949 949 949 768 768 905 905 905 905 832 832 832 832 865 865 832 832 832 832 832 816 816 728 728 728 728 728 728 770 748 748 748 748 727 727 727 689 689 689 689 606 606 606 651 651 651 651 606 606 589 589 589 589 545 545 545 545 545 545 529 529 502 502 502 502 476 476 476 476 476 476 476 382 445 382 382 438 382 382 382 382 382 398 374 374 338 338 314 314 314 314 323 323 298 298 299 207 207 278 207 253 253 253 236 236 207 207 215 183 183 183 146 146 146 146 146 123 123 123 123 18 106 49 49 75 75 75 49 49 49 17 17 15 15 
997 997 963 963 818 818 938 938 938 938 938 897 897 914 832 832 896 832 832 832 832 832 832 832 816 816 816 728 728 728 728 728 728 689 689 689 689 689 689 689 689 689 689 689 689 689 606 606 606 651 651 651 651 606 589 589 625 589 589 589 545 545 545 545 545 529 529 502 538 512 512 512 512 476 476 477 477 477 382 445 445 445 438 438 382 382 382 382 398 374 374 338 338 314 314 314 314 298 298 298 207 207 207 207 207 207 253 253 253 236 236 225 207 207 190 190 183 183 147 147 147 147 123 123 123 123 18 18 18 49 49 49 49 49 50 50 17 17 17 17 
978 978 978 978 818 971 938 938 938 938 939 897 897 897 832 832 832 832 832 832 832 832 846 841 816 816 816 728 728 728 728 728 728 689 689 689 689 689 689 689 689 689 689 689 689 689 689 689 606 606 606 665 606 606 589 625 625 572 572 589 589 589 545 545 572 529 529 502 538 512 512 512 512 477 477 477 382 382 382 454 454 446 374 374 374 413 413 374 374 374 375 375 314 314 314 314 314 298 315 315 207 207 207 207 207 207 225 225 225 225 225 225 207 207 190 190 190 184 147 147 147 147 147 123 124 124 18 18 18 18 18 18 50 50 50 50 29 29 29 18 
978 978 978 978 818 971 938 938 938 818 818 897 897 897 897 897 832 832 832 871 841 841 841 841 816 816 728 728 728 728 728 728 728 753 753 762 753 753 689 689 689 689 689 689 695 695 695 606 606 606 606 606 606 625 625 625 572 572 572 572 572 572 572 572 572 546 546 502 502 502 502 502 477 477 382 382 382 478 446 446 455 446 374 413 413 413 374 374 374 374 375 375 314 363 314 314 314 298 298 298 298 207 207 207 207 207 225 208 208 208 237 207 207 216 190 190 190 184 147 147 147 153 123 123 124 124 81 81 81 81 81 18 50 50 61 50 29 29 18 18 
978 978 978 978 818 818 938 938 938 818 818 897 897 897 897 897 897 832 832 871 841 847 847 728 728 728 728 728 728 728 728 728 728 753 753 762 753 689 689 689 689 689 689 689 652 652 652 606 606 606 652 652 652 625 625 625 572 618 572 572 572 572 546 546 546 546 546 546 502 502 502 477 477 382 382 446 446 446 446 446 446 446 374 374 374 374 374 376 376 376 376 376 314 314 314 344 290 290 290 298 298 298 207 207 207 207 225 208 208 208 237 207 207 207 207 190 190 184 147 160 160 123 123 123 123 81 81 81 81 91 82 18 67 50 50 50 29 29 18 19 
978 998 978 978 978 818 938 938 938 818 818 897 897 915 906 818 818 818 841 841 841 847 847 728 728 728 728 728 728 728 728 689 753 753 753 753 753 689 716 716 716 689 689 689 652 652 652 652 652 652 652 625 625 625 572 572 572 572 572 572 572 572 546 546 546 546 547 547 502 502 502 477 382 382 498 382 382 382 382 463 414 414 414 414 414 414 414 376 376 344 344 344 344 344 344 344 290 332 290 298 298 298 290 225 225 225 225 208 208 217 217 217 217 217 190 190 190 184 147 99 99 123 123 123 123 81 81 81 81 91 82 18 67 67 50 50 18 18 18 19 
978 978 978 907 907 818 938 938 938 818 818 818 906 906 906 818 818 818 841 841 841 847 847 728 728 833 728 817 728 728 728 689 753 771 771 753 753 689 716 716 716 689 689 689 696 652 652 652 652 625 625 625 625 625 572 572 572 572 572 572 572 572 573 546 546 477 477 477 502 502 477 477 382 382 382 382 382 382 382 463 414 414 414 399 399 399 399 399 399 344 344 344 344 339 339 339 290 290 290 290 290 300 290 225 225 225 208 208 208 208 208 208 208 218 190 190 190 184 147 99 99 123 123 123 123 125 81 81 83 82 82 18 18 18 18 18 18 18 18 19 
907 907 907 907 907 818 818 818 818 818 818 818 818 818 818 818 818 818 841 841 841 818 818 818 728 728 728 817 728 797 797 689 753 771 771 753 753 689 716 716 716 716 716 716 696 703 696 652 652 625 625 625 625 625 636 636 572 572 572 572 572 572 573 546 546 477 477 477 477 477 477 513 513 382 382 382 382 382 382 463 414 414 399 399 429 399 399 324 324 324 344 344 344 339 339 339 339 290 290 290 290 290 290 225 225 225 258 258 208 208 226 226 208 208 208 147 147 184 147 99 99 154 107 107 107 107 107 107 83 83 83 18 18 18 19 19 19 19 19 19 
907 907 907 907 907 944 944 944 818 818 818 818 818 916 866 866 818 818 882 818 818 818 848 818 818 818 818 728 728 797 797 689 753 753 753 753 689 689 716 716 734 572 572 572 696 696 696 652 652 625 625 625 625 625 636 572 572 572 572 572 572 572 573 546 546 477 477 477 477 513 513 513 382 382 499 382 382 382 382 382 364 364 399 364 364 364 364 324 324 324 344 344 344 344 339 345 290 290 290 290 301 301 225 225 225 225 208 208 208 208 226 226 208 208 147 147 147 147 147 99 133 133 107 107 107 107 99 99 99 83 83 18 18 18 19 19 19 19 19 19 
907 907 907 907 979 944 944 944 944 944 907 907 916 916 866 866 818 882 882 818 818 818 848 818 818 818 818 728 728 728 728 689 689 689 689 689 689 716 716 716 716 572 722 572 572 696 696 652 652 572 572 653 653 572 572 572 572 572 584 584 584 573 573 573 573 514 556 477 477 513 513 513 382 382 382 382 382 382 382 382 364 364 364 364 424 424 364 324 324 324 324 324 324 344 339 339 290 290 316 316 301 302 225 225 225 225 208 208 208 208 226 226 147 147 147 191 191 177 177 99 99 133 148 133 133 107 99 99 100 84 84 21 21 21 19 20 20 19 19 19 
907 907 907 907 966 966 944 944 907 907 907 907 916 916 866 866 818 818 818 818 866 848 848 818 818 818 818 728 728 802 728 728 728 728 763 763 716 716 716 716 716 572 572 572 572 572 572 690 572 572 572 572 572 572 572 572 584 584 584 584 584 573 573 573 514 514 556 477 477 514 514 514 382 382 479 479 479 479 364 364 364 364 364 364 364 425 364 364 364 364 364 364 324 324 324 339 339 290 316 316 301 290 290 147 147 147 147 147 147 245 227 227 147 147 185 185 185 185 99 99 99 133 133 133 134 107 99 99 100 85 85 21 51 20 20 20 20 20 20 20 
989 989 989 907 980 966 966 907 907 907 907 907 916 916 866 866 887 887 818 818 866 848 848 818 818 818 818 818 772 772 772 772 772 728 728 728 716 716 716 716 716 728 572 572 572 572 572 572 572 677 572 572 572 572 626 626 584 584 614 584 584 573 573 560 514 514 514 514 514 514 515 514 514 479 479 479 364 364 364 364 364 364 364 364 364 425 364 364 364 364 364 364 324 324 324 339 339 290 290 290 301 290 290 147 147 147 147 147 147 245 227 227 147 147 185 186 186 186 99 107 107 107 107 107 107 107 99 85 100 85 21 21 51 51 51 51 21 21 21 21 
989 989 989 907 907 907 907 907 950 907 907 907 907 907 907 866 866 866 866 866 866 848 848 818 818 818 818 818 772 772 772 772 772 772 772 728 728 728 728 728 728 728 572 572 572 572 677 677 677 677 572 572 572 572 626 626 626 584 584 584 584 584 584 560 560 560 514 514 514 514 515 515 515 479 479 479 364 364 364 364 364 364 364 364 406 406 406 406 364 364 364 364 364 364 324 324 324 324 324 290 290 290 290 147 147 147 147 147 147 147 147 147 147 185 185 186 186 187 99 99 99 99 99 99 99 99 99 85 85 85 21 21 21 21 21 21 21 22 22 22 
