945 945 945 945 954 945 879 879 879 830 830 830 830 863 863 863 863 863 794 794 794 794 794 794 794 794 794 794 759 759 759 759 759 744 744 697 697 697 697 645 645 645 645 645 645 645 645 645 645 645 514 514 514 514 514 514 557 557 557 557 557 552 499 499 499 440 440 440 440 440 482 482 440 440 440 440 440 440 440 393 393 393 393 393 393 393 374 374 336 336 362 336 336 336 324 324 310 310 282 282 277 277 252 252 252 252 195 195 213 213 221 213 195 195 195 109 109 109 109 109 109 109 109 109 109 109 109 44 44 44 44 44 44 44 44 44 26 26 1 1 
945 967 967 945 954 945 879 879 879 830 830 830 830 830 830 872 830 830 794 794 794 794 744 744 744 744 744 744 744 744 744 759 759 744 697 697 730 697 697 645 645 645 645 645 645 645 514 514 514 514 514 514 514 588 588 514 557 557 552 552 552 552 499 499 499 440 440 507 507 440 440 483 440 440 440 459 402 402 402 393 393 393 393 402 374 374 374 374 336 336 336 336 324 324 324 325 310 310 282 282 277 277 252 252 195 195 195 195 213 213 213 213 195 109 109 109 109 109 20 20 20 109 109 117 109 109 44 44 98 44 44 51 51 44 44 45 26 27 1 1 
945 967 968 945 945 945 879 879 879 879 879 886 886 886 830 830 830 830 830 830 830 830 744 744 744 744 744 744 744 744 744 744 744 744 697 697 697 697 697 645 645 645 645 687 645 645 514 514 652 607 607 607 607 588 514 514 557 557 552 566 552 552 499 499 499 499 499 499 499 499 440 483 440 402 402 402 402 441 402 402 393 393 415 402 374 374 374 374 336 336 354 354 324 324 326 301 301 301 301 282 222 222 252 252 195 195 195 195 195 195 195 214 195 109 109 109 170 170 20 20 20 20 20 117 117 117 44 44 44 44 44 51 51 51 51 45 26 27 1 1 
945 967 968 930 930 930 930 879 879 910 879 879 879 879 879 830 830 841 841 841 744 744 744 744 817 744 744 744 744 744 744 744 735 735 735 735 697 697 697 645 645 645 645 645 645 645 659 514 514 607 607 607 607 588 514 596 514 514 574 499 499 499 499 499 499 499 445 445 499 499 440 440 440 402 402 402 454 441 441 402 402 402 402 402 324 324 374 374 374 336 336 336 336 324 326 301 301 301 282 282 222 222 195 195 195 195 195 195 195 229 195 195 195 109 109 109 122 122 164 20 20 139 20 20 20 118 44 44 44 44 44 51 51 51 45 45 26 26 1 2 
945 967 930 930 930 930 930 930 910 910 879 879 887 887 864 864 864 841 841 841 744 744 744 744 817 744 784 784 784 735 735 765 735 736 736 736 697 697 697 645 645 645 645 645 645 645 656 656 514 514 634 607 607 588 514 596 514 514 499 499 553 553 499 499 445 445 445 445 445 500 440 440 402 402 403 403 403 403 403 403 402 402 402 402 324 324 324 364 364 364 336 336 336 324 326 301 301 301 282 282 222 222 195 195 195 195 238 238 229 229 207 207 186 186 186 186 122 122 122 144 144 122 122 122 20 118 44 44 44 44 62 62 62 62 45 45 26 26 1 1 
945 930 930 930 930 930 930 931 910 910 910 864 864 864 864 864 864 841 841 841 841 831 744 744 817 744 784 784 735 735 735 735 735 736 736 736 697 697 697 697 705 645 645 645 645 656 656 656 607 607 607 607 620 588 514 514 514 514 499 499 553 499 499 445 445 513 513 513 445 445 484 484 402 402 402 402 402 404 403 403 403 403 403 403 324 364 364 364 324 324 324 324 324 324 326 326 302 302 302 282 282 222 195 195 195 195 238 238 229 229 207 207 186 186 186 186 122 122 122 144 144 122 137 122 20 20 44 44 52 52 52 52 52 52 52 45 26 26 1 1 
945 930 930 930 930 930 930 901 901 910 910 864 864 864 864 864 864 864 842 842 842 831 744 744 744 744 732 732 735 735 735 735 750 750 736 736 697 697 718 697 688 688 645 645 669 656 656 656 607 607 607 607 607 588 588 588 588 514 514 499 499 499 545 445 513 513 445 445 445 445 475 475 475 469 402 402 402 404 403 403 403 404 404 404 324 324 324 324 324 324 324 324 337 337 327 327 302 303 303 283 283 222 195 195 195 195 246 238 238 229 207 207 207 122 122 122 122 122 122 122 145 122 137 122 122 20 20 52 52 52 52 35 35 35 53 45 26 26 1 1 
933 933 927 927 927 927 927 901 901 901 901 901 888 888 842 842 842 842 842 831 831 831 744 744 744 805 732 732 732 732 766 766 750 751 725 725 725 725 697 697 688 688 688 688 669 669 660 646 646 646 635 607 607 588 588 589 589 514 514 499 499 445 445 445 445 445 445 445 445 445 475 475 475 469 402 402 402 404 404 404 404 404 405 405 399 363 363 324 324 324 324 324 337 338 328 328 302 303 283 283 284 222 222 222 222 222 229 229 229 229 222 122 122 122 122 122 122 122 122 122 122 122 75 75 75 75 20 20 20 20 20 35 35 35 53 45 28 28 20 1 
933 933 927 927 927 927 927 901 901 901 901 901 888 888 842 842 842 842 856 831 831 831 744 744 744 805 732 732 732 732 766 750 750 751 725 725 567 567 697 697 697 697 567 567 567 567 660 646 646 635 635 607 607 607 589 589 590 514 514 514 558 445 445 445 445 445 475 475 475 475 475 475 469 469 402 402 422 404 404 363 363 363 363 363 399 363 363 324 324 337 324 324 337 338 328 328 302 303 283 294 270 270 270 222 222 222 229 229 229 229 222 122 122 122 122 122 122 171 122 122 122 75 75 123 123 75 75 20 20 20 20 35 35 35 35 45 28 28 20 1 
933 933 927 927 927 927 927 932 880 880 880 880 880 880 880 832 832 832 832 832 832 744 744 744 744 744 774 732 732 732 750 750 725 725 725 725 567 567 567 567 567 567 567 670 670 567 567 567 646 635 636 607 607 608 589 589 514 514 514 514 558 445 445 445 445 445 445 475 475 475 475 475 469 469 402 402 422 422 442 363 416 416 416 363 363 363 363 363 363 337 337 337 337 302 302 302 302 303 283 283 270 257 271 222 222 253 222 222 222 222 222 122 122 122 122 178 178 122 122 122 122 75 75 75 75 75 75 20 20 20 20 35 35 63 35 35 35 20 20 1 
933 961 961 961 927 927 927 932 880 880 880 880 880 880 880 832 832 832 832 832 832 744 744 744 744 744 774 732 785 750 750 767 725 745 745 725 567 567 567 567 567 670 670 670 670 670 567 567 646 635 635 608 608 608 579 589 514 578 533 533 533 445 445 445 445 525 445 475 475 492 492 469 469 469 445 445 445 422 422 363 406 406 406 406 363 363 363 363 363 363 363 355 302 302 302 302 302 283 283 283 270 257 257 257 222 253 222 239 239 208 208 122 122 122 122 178 122 122 153 153 140 140 75 75 75 75 75 86 86 86 20 20 20 20 20 20 20 20 21 1 
933 961 961 962 946 946 927 927 927 880 880 880 880 880 880 832 832 832 832 832 832 832 744 744 744 744 774 732 785 750 725 725 725 745 725 725 567 567 567 567 567 670 670 689 678 671 567 567 567 567 635 608 608 608 579 589 514 514 533 533 533 533 525 525 525 525 445 445 445 445 445 469 469 445 445 446 445 445 422 363 406 406 406 363 363 363 363 355 355 355 355 355 302 302 302 283 283 283 187 187 270 270 257 257 222 222 222 208 208 208 208 208 208 122 122 122 122 172 153 153 140 140 75 110 110 119 75 86 86 86 54 54 54 54 54 36 36 1 1 1 
933 961 961 946 946 947 933 933 896 896 911 880 880 873 873 873 832 832 857 850 843 806 806 806 744 744 774 732 732 750 725 725 725 725 725 731 567 567 567 671 671 670 670 678 678 671 661 567 567 567 567 567 608 608 579 579 579 514 514 514 514 533 525 525 525 525 514 514 445 445 445 445 445 445 445 446 446 446 422 363 363 363 363 363 355 355 355 355 356 356 356 356 332 332 332 283 283 311 187 187 187 187 257 257 257 222 222 208 208 208 223 179 179 179 179 179 179 140 140 140 140 140 75 110 110 110 110 86 86 86 54 54 54 54 36 36 37 1 3 3 
933 961 961 946 946 933 933 934 896 896 896 880 880 873 881 874 843 843 850 850 843 806 806 806 806 806 774 795 732 732 732 760 760 732 732 731 567 567 567 671 671 671 692 678 671 671 661 637 637 637 637 567 609 609 567 567 579 579 514 514 514 533 533 533 533 514 514 447 447 501 447 447 445 445 445 446 446 447 422 422 422 422 355 355 355 384 384 384 356 365 356 356 332 332 332 283 283 311 187 187 187 187 258 258 258 222 222 208 208 208 208 179 141 141 141 141 180 140 140 140 140 140 75 110 75 75 111 86 86 70 70 70 70 36 36 1 1 1 3 3 
933 933 933 933 933 933 934 934 896 921 896 896 896 873 874 874 843 843 850 843 843 802 802 802 802 774 774 795 732 732 732 760 732 732 732 731 731 567 567 671 706 671 671 671 671 671 661 637 637 567 567 567 567 567 567 567 567 567 567 567 514 514 546 514 514 514 514 447 447 501 447 447 455 455 455 455 455 447 422 422 422 423 355 355 356 356 356 356 356 283 283 283 283 332 332 283 316 187 187 187 187 187 258 187 187 208 208 208 208 208 208 179 141 196 196 141 141 141 140 140 146 75 75 75 75 75 75 75 70 70 36 36 36 36 55 1 29 29 3 3 
933 933 933 948 948 948 934 934 896 896 896 873 873 873 874 874 843 843 843 843 844 802 802 802 802 774 801 774 774 778 732 732 732 732 732 737 732 671 671 671 671 671 671 671 671 671 661 637 637 567 567 567 567 580 580 580 580 580 526 526 526 514 514 514 514 514 514 447 447 447 447 447 447 447 447 447 447 447 422 422 422 423 417 355 355 356 356 356 283 283 283 283 283 283 283 283 316 187 295 295 187 187 187 187 187 208 208 208 208 208 208 208 208 196 197 181 181 141 141 141 146 75 75 75 124 75 75 75 87 87 36 74 36 36 36 1 1 1 3 3 
933 933 933 948 928 928 928 928 928 896 896 873 874 874 874 874 843 843 843 821 821 833 802 802 818 774 774 774 774 774 774 732 732 732 732 732 732 671 671 671 671 698 671 671 671 671 661 637 637 637 567 567 580 580 580 580 581 581 526 526 526 526 526 526 520 520 520 447 447 447 447 447 447 447 447 447 447 447 417 417 417 417 417 355 355 356 390 356 283 366 283 283 316 316 333 316 316 187 295 296 187 187 187 262 187 208 247 208 208 208 208 208 208 196 181 181 141 141 165 141 132 132 75 75 124 75 75 75 75 75 36 36 36 36 36 38 38 1 4 4 
948 948 948 948 928 928 928 928 928 896 873 873 821 821 821 821 821 821 821 821 821 833 802 802 818 774 774 775 752 752 752 752 732 732 733 733 733 671 671 698 698 698 671 671 671 671 661 657 628 628 638 509 509 610 603 509 509 509 526 526 559 526 526 526 520 520 521 471 471 502 369 476 476 447 447 447 447 447 417 433 417 417 355 355 356 356 356 356 283 283 283 316 316 316 316 316 187 187 295 295 187 187 187 187 187 208 208 208 230 230 187 187 187 196 196 141 141 141 141 141 132 132 132 132 124 75 75 75 75 75 75 36 36 56 56 1 1 1 4 4 
948 948 948 955 955 873 873 873 873 896 873 902 821 821 821 821 821 821 821 821 821 802 802 802 802 802 802 775 752 752 752 752 752 752 733 733 719 719 719 679 679 679 679 679 679 661 661 657 628 628 628 509 509 509 603 509 509 509 509 559 559 526 526 526 526 526 508 508 471 471 369 369 477 447 447 447 417 417 417 433 428 355 355 407 356 356 356 367 367 367 283 316 316 339 187 187 187 295 295 295 187 272 272 187 230 230 230 230 230 187 187 215 187 141 141 141 141 141 141 141 147 124 124 124 124 75 75 104 88 88 75 75 36 36 36 1 1 1 1 5 
955 955 955 955 873 873 845 845 873 873 873 873 834 834 834 834 821 821 821 821 821 802 802 802 802 807 775 775 752 752 752 752 733 733 733 733 719 719 719 679 679 679 653 653 653 661 657 657 628 628 628 509 509 509 603 509 509 568 509 509 509 526 526 536 526 526 508 508 508 471 485 369 369 447 447 447 417 417 417 417 428 355 355 355 400 283 283 283 283 283 283 316 316 339 187 187 187 187 187 187 187 272 272 187 187 187 187 187 187 187 224 215 187 141 141 141 141 141 141 141 147 124 124 124 100 100 104 104 88 88 75 75 64 64 36 1 1 1 1 1 
955 955 955 955 873 949 845 845 912 873 873 873 834 834 834 834 821 821 821 821 821 821 821 821 807 807 775 786 786 779 768 768 733 738 738 738 711 711 719 679 679 653 653 653 653 657 657 628 628 628 509 509 509 509 509 509 591 568 568 568 509 547 547 527 527 527 508 508 508 471 485 485 369 470 369 369 369 417 417 417 283 283 355 355 400 283 283 283 283 339 339 339 339 339 187 187 187 187 297 297 240 240 240 240 240 240 240 240 240 166 166 215 187 187 187 187 173 173 166 141 141 141 100 100 100 100 112 81 81 81 81 64 64 36 36 1 1 1 1 1 
873 873 873 873 873 845 845 845 912 873 873 889 889 889 834 834 821 821 851 851 807 807 807 807 807 808 775 775 775 779 768 769 733 733 733 711 711 711 711 711 653 653 653 653 680 657 662 628 628 628 509 509 509 509 509 597 509 509 509 509 509 509 509 527 527 527 509 509 509 471 485 485 369 369 369 460 369 448 417 417 283 283 283 400 400 283 283 385 375 339 339 339 339 240 240 240 304 304 297 297 240 240 240 166 166 166 166 166 166 166 166 166 166 188 188 188 173 166 166 141 141 100 100 125 125 100 81 81 99 81 81 64 64 36 36 36 1 1 1 1 
873 873 873 873 873 845 845 845 912 873 873 889 889 889 834 834 834 834 851 851 807 807 808 808 808 808 775 775 775 775 775 711 711 711 711 711 726 726 711 711 653 653 653 653 653 657 628 628 583 583 509 509 611 611 509 509 509 509 509 509 509 509 509 537 509 509 509 509 509 471 486 486 369 369 369 369 369 369 369 369 429 283 283 400 400 283 375 375 375 339 339 339 339 240 240 240 304 304 304 240 240 240 240 166 166 166 166 216 216 216 216 216 166 166 166 166 166 166 142 142 142 100 138 125 125 100 81 81 81 81 81 64 64 36 36 36 1 1 1 1 
873 873 873 941 941 845 845 845 912 912 912 897 897 858 858 858 858 834 851 851 807 807 808 808 796 796 796 796 770 770 770 711 753 753 726 726 726 707 707 707 653 653 681 681 653 653 628 583 583 583 583 626 611 611 509 509 509 582 509 509 509 509 509 509 509 510 510 510 510 471 486 486 369 369 369 369 369 369 369 369 283 283 401 401 401 283 283 283 283 368 305 305 305 240 240 240 240 240 240 240 285 248 248 248 166 166 166 166 174 174 174 174 209 174 174 174 174 174 142 142 142 100 100 100 100 100 100 100 100 81 81 64 64 6 6 6 6 6 1 1 
941 873 873 941 941 941 941 845 845 858 858 897 897 858 858 858 858 834 834 834 807 807 807 807 796 796 796 797 770 770 770 711 711 726 726 726 707 707 707 707 707 699 681 681 681 653 628 583 583 583 583 583 583 583 583 509 509 582 509 560 560 503 503 503 503 503 503 503 503 471 487 461 461 461 461 461 369 449 283 283 283 283 283 408 283 283 386 386 283 305 305 305 305 240 248 248 248 248 248 285 285 248 273 248 248 248 248 166 174 166 166 174 174 174 189 189 154 154 154 154 142 142 100 100 100 100 100 100 100 81 81 64 64 6 6 39 39 6 22 6 
941 941 941 941 941 941 845 845 845 858 858 858 858 858 858 858 858 858 858 834 834 834 807 807 809 809 796 797 711 711 770 770 711 726 726 726 707 707 707 665 665 699 681 682 682 653 628 628 583 583 627 627 583 583 583 509 509 509 509 560 560 503 528 528 528 528 503 503 503 471 487 461 461 461 461 461 369 449 283 283 283 283 283 283 283 283 283 283 283 305 346 346 346 240 248 248 248 248 248 248 248 248 273 248 248 166 166 166 174 166 166 166 166 154 154 154 154 154 154 154 76 76 100 105 105 105 105 105 76 76 76 76 6 6 6 39 6 6 22 6 
972 941 941 941 941 941 845 935 845 845 845 845 875 875 858 858 867 858 858 845 845 807 807 807 807 810 796 797 711 711 711 711 711 711 711 665 665 665 665 665 665 699 681 681 681 653 663 628 583 583 583 583 598 598 583 583 583 583 503 503 503 503 528 538 522 522 522 503 503 471 487 461 466 466 466 369 369 449 283 283 409 409 409 409 376 376 376 376 376 305 346 240 240 240 329 329 248 248 298 298 248 248 273 166 166 166 166 166 174 166 166 166 166 154 154 154 154 154 154 154 76 76 100 105 105 76 76 76 76 89 76 76 6 6 6 6 6 6 6 6 
972 941 941 941 950 845 845 935 845 845 845 845 875 875 875 875 845 845 845 845 846 807 807 807 807 796 796 797 711 711 711 771 711 711 711 665 665 665 665 665 665 665 681 681 681 653 653 628 628 628 628 628 598 598 598 598 503 503 503 503 503 503 528 538 522 522 503 503 471 471 487 461 461 461 461 369 369 369 369 369 409 409 410 410 376 391 391 376 376 305 240 240 240 240 329 329 248 263 263 263 263 273 273 166 166 254 166 166 166 166 166 166 166 166 166 166 175 175 126 126 126 76 100 100 100 76 76 76 76 6 6 77 6 6 57 6 6 6 6 7 
972 941 941 941 950 845 845 845 922 922 845 845 845 845 845 845 845 846 846 846 846 807 807 807 807 796 796 796 711 711 711 711 711 754 711 711 711 665 665 665 665 665 665 672 672 672 653 653 628 628 628 561 561 604 604 503 503 503 503 503 503 503 528 528 528 522 503 503 471 471 487 487 471 471 461 461 411 411 411 369 369 369 410 376 376 391 377 377 377 305 240 240 240 240 334 329 248 263 263 263 263 263 263 263 166 166 166 231 231 231 166 166 210 166 166 166 175 126 126 155 126 76 100 100 100 76 76 76 76 6 6 6 6 6 6 30 30 30 6 6 
973 941 941 941 950 845 845 845 845 845 845 845 845 845 845 845 868 846 846 846 846 807 807 807 807 796 796 796 711 711 754 754 754 754 711 711 711 665 665 712 665 665 665 672 653 653 653 653 628 628 628 629 561 604 604 503 503 503 503 503 554 554 528 528 528 522 522 503 503 471 471 471 471 411 411 411 411 411 411 418 418 369 410 376 376 376 377 377 377 305 305 347 347 329 329 329 248 263 263 263 263 263 263 241 241 241 241 231 231 231 166 166 166 166 166 166 175 126 126 126 126 76 76 76 76 76 76 76 90 6 6 6 6 6 6 6 6 6 6 6 
951 951 951 963 950 950 903 903 845 845 913 845 845 845 882 807 807 846 846 852 835 835 807 807 807 811 780 780 787 780 754 754 754 674 674 674 713 665 665 665 665 665 672 672 653 673 653 653 621 621 629 629 561 561 561 575 575 575 575 503 528 528 528 528 528 522 522 515 503 503 478 478 478 411 467 411 411 411 418 418 418 369 410 376 376 376 377 369 369 369 305 305 305 329 329 329 248 263 263 263 263 263 263 241 241 241 241 231 231 231 166 166 94 94 190 190 126 126 126 126 126 126 76 76 91 91 76 76 90 90 6 6 6 6 6 6 8 8 8 8 
951 964 951 963 950 950 903 903 913 913 913 845 845 890 807 807 807 807 807 807 835 807 807 811 811 811 780 780 780 780 754 761 761 674 674 674 713 665 665 665 665 665 672 672 653 653 653 653 621 621 621 621 621 561 561 575 575 575 575 503 528 528 488 488 488 488 515 515 478 478 478 479 479 411 467 424 424 424 418 418 418 369 410 410 376 376 377 369 369 369 340 340 305 305 305 329 248 248 263 263 248 248 248 241 241 241 241 241 231 231 94 94 94 94 190 190 126 126 126 126 126 126 126 126 91 91 91 106 90 90 6 65 65 65 8 8 8 8 8 9 
951 964 951 951 951 951 903 903 913 913 914 903 890 890 807 754 754 754 822 807 835 807 827 780 780 780 780 754 754 754 754 761 761 674 674 739 713 713 665 665 665 700 664 664 683 653 653 653 621 621 639 612 612 561 561 561 561 561 561 561 561 528 488 488 488 488 515 515 478 478 478 479 479 411 411 411 411 424 434 434 418 369 369 369 369 369 369 369 370 370 340 340 340 340 305 329 317 248 248 248 248 248 248 264 241 241 241 241 231 231 94 94 211 94 190 190 126 126 126 126 126 126 126 126 91 91 91 106 91 91 6 65 65 66 8 8 31 31 9 9 
951 964 964 964 951 951 903 903 903 903 903 903 890 891 807 754 754 754 822 807 807 807 827 780 780 780 780 754 788 754 754 755 755 755 674 739 713 713 665 665 665 664 664 664 664 653 653 653 653 621 639 612 612 612 548 548 561 561 569 569 528 528 488 488 534 478 478 478 478 478 478 450 450 456 456 456 411 424 424 424 418 418 418 387 387 387 387 387 370 370 340 340 341 341 305 317 317 305 305 286 286 94 94 264 241 241 241 94 94 94 94 94 94 94 94 94 126 126 126 126 126 126 126 126 91 91 91 91 91 6 6 31 31 31 31 31 31 32 9 9 
951 951 952 952 952 952 903 903 903 890 890 890 890 890 807 869 869 754 822 807 807 822 822 822 780 780 780 754 754 754 754 755 755 755 674 739 713 713 720 713 665 664 664 664 664 664 664 653 653 621 621 612 612 548 548 548 548 548 569 569 528 488 488 488 488 488 493 493 493 493 493 450 450 450 468 456 411 411 411 424 424 424 387 387 191 191 191 191 191 370 341 341 341 342 305 317 317 305 286 286 287 94 94 94 94 94 94 94 232 232 94 94 94 198 198 94 126 126 126 126 126 126 126 126 126 91 91 91 91 6 6 31 31 31 32 32 32 32 9 9 
951 951 952 942 942 903 903 903 890 890 904 890 890 890 807 869 869 754 822 807 807 822 823 823 780 780 780 780 780 754 754 772 755 755 674 727 727 713 713 713 665 665 664 664 664 664 664 621 621 621 621 612 612 548 584 584 584 548 548 570 528 488 488 488 488 488 493 516 488 488 494 450 480 450 468 456 456 411 411 435 387 387 387 191 191 313 313 191 191 370 341 191 191 342 305 305 305 305 286 286 265 265 265 265 94 94 94 232 232 233 94 94 199 198 198 94 94 156 126 126 126 126 126 126 127 92 92 92 92 92 6 6 6 6 32 6 6 6 10 10 
951 951 942 942 942 903 903 903 890 890 904 904 807 807 807 754 754 754 822 822 822 822 823 823 754 754 754 780 780 754 772 772 755 674 674 727 727 727 665 665 665 665 664 664 664 664 664 621 621 621 621 621 621 548 548 548 584 584 548 570 528 528 539 539 535 488 493 488 488 488 488 450 450 450 468 456 456 411 411 387 387 387 387 191 191 313 313 191 191 191 341 191 191 191 318 318 318 265 265 265 265 191 191 191 94 94 94 232 232 217 217 217 199 199 199 191 94 156 126 126 126 126 126 126 127 92 92 92 82 82 82 6 6 6 6 6 6 6 10 10 
951 951 942 942 942 942 942 890 890 890 807 807 807 876 876 754 754 836 836 836 836 836 754 754 754 812 754 780 780 754 772 755 755 674 746 728 728 728 665 665 665 665 665 665 665 665 665 621 621 621 621 621 621 613 548 548 584 584 548 548 562 528 528 528 535 488 488 488 495 495 488 488 450 450 468 456 456 411 411 387 387 191 191 191 191 313 313 378 378 191 191 191 348 191 318 318 318 265 265 265 265 191 274 191 191 217 217 217 217 217 225 191 191 191 191 191 94 156 167 67 67 67 67 67 127 82 82 107 82 82 33 33 33 33 46 46 6 11 11 11 
951 951 942 942 942 942 890 890 898 898 898 898 898 876 876 876 754 754 754 754 754 754 754 789 789 812 754 780 780 754 772 755 755 674 674 728 674 674 674 674 674 701 690 690 665 665 648 648 613 613 613 613 613 613 548 548 592 576 576 548 548 548 548 528 528 496 496 496 495 495 495 450 450 450 468 450 450 411 411 411 411 191 419 191 191 313 357 357 357 357 357 357 348 191 191 191 319 265 265 191 191 191 274 191 191 191 191 191 191 234 191 191 191 191 94 94 94 156 156 67 67 67 67 67 67 82 82 82 82 82 33 33 33 33 46 46 6 6 6 6 
974 942 942 956 956 890 890 898 898 898 898 898 898 829 829 829 829 829 853 853 789 789 789 789 789 789 754 754 754 754 755 755 755 756 674 674 674 674 674 714 674 701 690 690 665 665 648 648 613 647 613 613 622 548 548 548 576 576 528 528 528 528 528 528 528 496 496 496 496 496 496 450 450 450 450 450 450 450 411 411 411 191 419 191 191 313 313 313 357 357 313 313 348 312 312 191 191 191 191 191 288 274 274 191 191 191 191 191 191 191 191 201 201 201 94 176 157 157 156 156 67 143 67 67 67 82 82 82 82 93 33 33 33 58 58 6 6 6 6 6 
974 942 956 956 957 890 890 898 898 898 915 829 829 829 883 829 829 829 853 853 789 789 789 789 789 789 789 789 789 755 755 693 693 693 693 693 693 714 714 714 674 674 674 674 674 674 648 648 613 613 613 613 548 548 576 576 576 585 528 563 563 540 540 540 523 529 496 496 496 496 436 436 436 436 436 436 436 436 436 436 411 191 191 191 191 371 371 313 313 313 313 313 313 312 312 312 312 312 274 274 274 274 274 242 242 242 191 191 191 191 94 94 94 94 94 176 157 157 157 157 67 143 67 67 67 82 82 82 82 71 71 71 33 33 33 6 6 6 12 12 
974 942 956 956 884 884 890 890 898 898 915 829 883 883 883 829 829 829 859 847 847 824 824 824 789 789 789 789 789 755 693 693 740 693 693 740 693 714 693 693 658 658 658 675 675 675 648 648 648 648 548 548 548 528 528 528 593 528 528 540 540 540 523 523 523 529 496 496 481 481 436 436 436 436 436 443 443 443 443 411 411 411 411 411 191 371 371 313 313 306 306 306 313 313 313 313 313 313 274 299 274 274 274 242 259 242 242 235 235 235 94 94 94 94 94 176 176 157 157 158 67 67 67 67 67 67 67 82 82 71 71 71 71 33 33 40 40 6 12 12 
974 942 956 956 884 884 936 890 890 915 915 829 883 883 883 829 829 829 829 847 847 824 824 824 789 799 799 789 789 755 693 693 740 757 740 740 693 693 693 693 658 658 658 658 676 676 648 648 648 548 548 528 528 528 594 528 593 528 528 540 481 481 523 523 523 523 523 481 481 481 436 436 436 436 436 411 411 411 411 411 430 411 420 191 191 371 371 306 306 306 306 306 306 306 335 313 313 314 274 275 275 275 275 242 259 242 242 235 235 212 212 212 94 94 94 94 176 176 148 148 148 67 67 67 67 67 67 67 67 67 71 71 71 33 33 6 41 6 6 13 
884 884 884 884 884 884 936 936 890 892 892 829 829 829 829 829 829 829 829 847 847 824 824 824 799 799 693 693 790 755 776 693 740 740 740 666 666 715 715 693 693 658 658 658 658 658 658 528 528 548 528 528 528 528 594 528 528 528 528 540 481 481 523 523 530 530 481 481 511 481 436 436 436 436 436 411 411 411 411 411 411 411 420 191 191 371 371 306 379 306 306 306 306 306 306 306 306 306 306 275 275 275 275 242 242 242 242 242 212 212 212 212 212 177 177 94 94 94 148 72 72 72 72 72 72 72 72 101 101 67 67 67 67 67 33 6 6 6 6 13 
884 884 884 884 884 884 943 890 890 892 892 829 829 892 861 861 829 860 860 847 847 824 824 799 799 693 693 693 693 755 776 693 693 740 740 666 666 666 715 715 693 693 693 658 658 677 658 528 528 528 528 630 528 528 594 528 528 528 528 540 481 481 541 541 530 530 481 511 511 481 481 481 436 436 436 436 436 411 411 411 411 372 372 412 191 191 371 306 306 306 349 306 306 306 306 306 306 306 266 266 275 275 266 266 242 242 242 243 212 212 212 177 177 177 177 94 94 94 148 148 94 94 72 72 128 72 72 101 101 72 72 72 72 33 33 47 33 33 13 13 
975 884 884 884 884 943 943 890 923 892 892 892 892 892 861 829 829 860 860 847 847 824 824 799 819 693 798 798 693 755 755 755 693 693 666 666 734 666 666 666 666 666 666 684 684 658 658 528 528 528 614 614 614 614 594 594 594 586 481 481 481 481 541 541 481 481 481 481 395 395 395 481 436 436 436 436 436 411 411 411 411 372 372 372 372 191 371 371 371 371 349 349 349 306 306 320 320 306 266 266 266 266 266 267 249 249 249 226 226 226 226 177 202 202 177 177 177 94 94 94 94 94 113 113 128 72 72 72 102 72 72 72 72 33 33 33 33 13 13 13 
975 884 884 884 884 943 943 890 923 923 892 892 893 893 861 829 829 829 829 829 828 828 828 799 819 693 798 798 693 693 693 693 693 693 666 666 734 614 614 666 666 702 666 666 666 658 658 658 614 614 614 615 615 615 481 481 481 586 481 481 481 481 481 481 481 481 481 481 395 395 395 481 436 436 436 436 436 411 411 411 411 372 372 372 372 191 191 191 191 191 191 191 191 330 306 320 306 306 266 266 266 267 267 267 249 249 249 226 226 226 226 177 177 177 177 177 177 94 94 94 94 94 113 113 128 113 113 72 72 72 72 72 72 33 33 48 23 13 13 13 
975 884 884 884 937 937 937 937 916 916 916 870 870 894 861 861 861 829 829 829 828 828 828 799 819 693 803 693 693 693 693 747 747 747 747 666 666 614 614 614 702 702 666 666 666 666 666 614 614 640 640 615 481 481 481 599 481 586 481 564 564 481 481 481 395 395 395 395 395 395 395 481 481 436 436 436 436 451 372 372 372 372 372 372 372 394 191 191 358 191 191 358 330 330 306 306 306 278 278 278 289 267 267 267 249 249 249 226 226 226 226 177 177 177 177 177 177 49 49 94 94 94 94 113 113 113 114 72 72 72 72 72 72 48 48 48 23 23 14 14 
975 884 884 884 937 937 937 938 916 916 917 870 870 870 861 861 861 861 861 829 829 829 829 799 819 693 693 693 666 666 666 666 666 666 666 666 666 691 691 614 614 614 614 614 685 614 614 614 654 640 640 615 481 481 481 481 481 481 481 564 565 481 481 481 395 531 395 395 395 395 395 395 395 395 457 372 372 372 372 372 372 425 372 372 372 278 278 278 358 358 358 358 330 330 306 306 278 278 307 278 289 267 267 267 250 250 250 226 226 226 226 177 177 177 177 177 177 49 149 149 149 94 94 113 113 114 114 94 94 94 48 48 48 48 23 23 23 23 14 15 
884 884 884 884 937 937 937 916 916 916 917 870 870 870 870 870 865 865 848 848 848 799 799 799 819 813 666 666 666 666 666 666 666 666 691 691 691 691 691 691 691 691 694 614 614 614 605 605 605 605 605 615 615 481 481 481 481 481 564 564 565 542 542 542 395 531 395 395 395 395 395 395 395 395 457 372 372 372 372 372 372 425 372 372 372 278 278 278 278 278 278 278 350 330 330 330 278 278 307 278 278 278 250 250 250 226 226 226 226 226 226 177 177 177 177 177 177 49 49 149 149 94 94 94 94 94 94 94 94 94 48 78 48 48 23 23 34 34 14 14 
884 971 884 884 884 884 884 916 884 884 884 905 870 870 870 870 865 865 848 848 849 799 799 799 819 813 666 666 666 666 666 666 762 666 666 721 721 708 708 708 708 691 691 691 614 614 605 605 605 649 605 631 605 605 605 481 481 481 481 481 542 542 542 542 395 531 395 395 395 395 395 395 395 395 457 457 457 395 395 395 372 372 372 372 372 372 278 278 278 278 278 278 278 278 278 278 278 278 307 290 290 250 250 268 260 226 251 226 226 218 218 218 177 177 177 177 177 177 49 49 49 49 120 120 120 120 49 49 48 48 48 49 49 49 23 23 34 23 23 14 
884 884 884 958 884 884 884 884 884 906 884 884 899 884 884 870 870 865 848 848 849 799 799 799 799 813 666 666 666 666 666 666 666 666 666 721 721 708 708 708 641 641 695 641 641 641 641 641 605 649 605 605 605 481 481 481 481 481 481 481 542 542 542 395 395 395 395 512 395 395 497 472 472 395 395 395 395 395 437 395 395 372 372 372 372 372 380 380 278 278 278 290 290 290 278 278 321 307 307 290 291 250 268 268 260 226 226 226 226 218 218 218 177 177 177 177 177 177 49 49 150 49 49 49 49 49 49 49 48 48 83 49 49 49 23 23 23 23 23 14 
959 959 969 958 958 944 944 884 884 906 918 884 884 884 865 865 865 865 848 848 825 825 825 825 799 799 799 799 666 666 666 666 666 721 721 721 721 721 721 641 641 641 641 641 641 641 641 641 605 605 616 605 605 481 481 481 481 481 549 549 549 555 549 395 395 395 512 512 472 472 472 472 472 472 462 462 452 452 437 437 395 372 372 372 372 372 372 380 380 278 278 290 290 290 307 307 307 307 308 290 291 250 268 269 260 226 226 226 226 236 203 203 203 203 182 182 182 159 159 159 79 79 79 79 79 79 115 49 95 95 49 49 49 49 49 49 23 23 23 14 
959 959 959 959 959 944 944 929 929 906 906 906 884 884 865 865 865 837 837 848 825 825 825 825 799 799 791 791 791 721 721 721 721 721 721 721 721 721 722 641 709 641 641 641 641 641 641 641 641 641 616 616 616 616 481 481 595 481 549 549 549 549 549 395 395 395 512 517 472 472 472 452 452 452 462 462 452 395 395 395 395 372 372 372 372 395 372 380 380 352 352 290 351 290 290 290 290 308 308 290 250 250 268 260 260 226 203 203 203 203 203 204 204 204 182 192 159 159 160 160 79 129 129 79 79 79 115 49 95 95 49 68 68 68 24 24 24 24 24 14 
959 959 959 959 924 924 924 929 929 924 895 895 895 865 865 865 837 837 837 837 837 825 825 825 799 799 791 791 791 721 721 721 721 721 721 721 721 722 722 641 709 641 641 641 641 641 641 642 642 641 641 532 532 532 600 481 481 481 549 549 549 549 550 395 395 395 512 512 512 472 472 452 452 452 452 452 452 395 395 395 395 395 395 372 372 395 372 372 381 352 290 290 351 290 331 331 290 290 290 290 250 260 260 260 261 226 203 203 203 203 203 203 203 182 182 159 159 159 79 79 79 129 129 129 129 49 49 49 49 49 49 68 68 68 24 24 24 24 24 14 
976 895 895 895 924 924 924 924 924 924 895 895 895 865 865 865 837 866 837 837 837 825 825 825 721 721 791 791 781 781 721 721 721 721 748 721 721 722 641 641 641 641 641 641 641 642 642 642 642 650 642 532 623 532 600 600 505 505 505 505 550 550 550 359 359 359 473 473 473 473 473 473 452 452 452 452 453 453 395 395 359 359 395 395 395 395 392 372 372 352 290 290 290 290 331 331 290 290 250 250 250 260 260 260 261 226 203 203 203 203 203 203 203 182 182 159 159 159 79 79 79 129 129 129 129 49 108 108 49 49 49 68 68 68 24 24 24 14 14 14 
895 895 895 895 895 924 925 925 925 925 895 895 895 895 865 865 837 837 837 854 837 825 825 826 721 721 800 800 781 781 721 721 748 748 748 721 722 722 641 641 641 641 641 641 641 642 642 642 650 650 642 532 532 532 532 532 505 577 577 505 505 505 505 359 359 359 473 473 473 473 473 473 452 452 452 452 453 438 438 438 359 359 359 359 388 388 392 388 372 352 352 290 290 169 169 169 292 292 250 250 250 250 255 255 255 226 226 226 203 203 203 203 203 203 182 193 159 159 79 161 151 129 129 129 129 49 108 108 49 49 84 68 68 42 42 42 42 14 14 14 
895 895 895 895 895 924 895 895 926 926 895 900 900 877 877 877 862 862 862 854 837 825 825 826 721 721 721 721 721 781 721 721 721 721 721 721 722 716 716 716 641 641 641 642 642 642 650 650 650 642 642 532 532 617 532 532 505 505 571 571 505 505 505 524 359 359 473 473 473 473 473 473 473 473 359 359 359 438 438 439 359 359 359 359 388 388 388 388 372 372 352 352 352 169 169 169 292 292 309 292 292 250 255 255 255 255 226 226 203 203 203 203 203 203 182 193 159 159 79 79 151 129 133 133 130 49 108 108 49 49 84 68 68 42 59 42 42 16 16 16 
977 895 970 895 895 895 895 895 895 895 895 877 877 877 885 862 862 838 838 854 837 837 721 721 721 814 782 782 721 781 721 721 721 721 721 721 721 716 716 641 641 703 641 642 642 642 642 642 642 642 643 532 532 532 532 532 532 505 571 505 505 505 505 524 359 359 359 359 489 489 489 489 474 474 359 463 359 359 444 359 359 359 359 359 359 359 359 359 359 359 359 359 169 169 169 169 292 292 292 292 250 250 255 255 226 226 226 237 203 203 227 203 203 205 182 182 159 159 168 79 151 129 129 129 130 49 49 49 49 84 84 69 69 42 42 42 42 16 16 16 
977 895 895 895 895 895 919 919 919 895 895 877 877 877 885 862 871 838 838 838 838 838 721 721 716 716 782 782 721 721 721 721 721 721 721 741 721 729 716 641 641 641 641 642 642 642 642 651 651 651 624 624 624 532 532 532 532 505 505 505 505 505 505 524 524 524 524 359 359 504 489 489 474 474 359 458 458 359 359 359 359 359 396 396 396 396 382 382 359 359 359 359 169 169 169 169 322 250 250 250 250 226 226 226 226 226 226 237 237 182 182 182 182 182 182 182 183 168 168 79 79 79 129 129 130 49 49 103 103 84 84 69 69 69 42 42 42 17 17 17 
960 960 895 895 895 953 919 939 919 919 919 877 877 885 885 862 862 838 838 838 838 716 716 716 716 716 782 782 782 782 721 721 721 721 721 721 721 716 716 668 668 641 641 642 642 642 642 601 601 601 624 601 601 601 601 601 532 505 505 505 505 505 505 505 518 518 518 518 359 359 359 359 359 359 359 458 458 397 397 396 396 396 396 413 382 382 382 382 382 315 315 315 343 343 169 169 322 250 250 250 250 226 276 169 169 226 226 237 237 182 182 200 200 200 200 162 162 168 168 79 79 79 129 134 116 116 116 79 79 84 84 69 69 17 17 17 17 17 17 17 
960 960 895 895 895 953 919 920 920 920 920 877 877 885 878 878 862 862 838 838 838 716 716 716 716 716 782 782 782 783 777 716 716 716 716 716 716 716 723 668 668 704 667 667 667 667 667 601 601 601 601 601 601 601 606 532 532 505 505 505 505 505 505 505 518 518 518 518 505 505 359 359 464 359 359 359 458 397 397 396 396 396 396 382 382 382 382 315 315 315 360 315 315 344 169 322 322 250 250 169 169 169 169 169 169 169 169 237 237 237 182 182 182 206 162 162 162 162 168 79 79 129 129 129 116 116 79 79 79 79 79 69 69 17 50 18 18 18 18 18 
960 960 965 965 919 919 919 920 920 920 877 877 885 885 878 878 862 862 838 855 716 716 716 716 716 716 716 716 777 777 777 716 763 716 716 742 716 716 668 668 668 704 667 667 667 667 667 601 601 632 632 632 625 606 606 532 587 551 551 572 505 505 505 543 505 505 505 505 505 506 490 490 464 359 359 359 397 397 397 397 421 421 421 382 382 382 315 315 361 361 360 360 315 315 169 169 169 250 250 169 279 279 244 244 169 169 169 162 162 162 182 182 182 162 162 194 162 162 168 162 79 129 129 129 131 79 79 61 61 96 79 79 17 17 50 18 18 18 25 19 
960 960 960 960 919 919 920 920 877 877 877 907 885 838 838 838 862 838 838 716 716 815 815 815 815 815 804 716 777 777 777 716 763 716 716 742 716 716 668 717 668 668 668 668 667 667 667 632 632 632 632 632 625 606 606 532 587 551 551 551 551 551 505 505 505 505 505 506 506 506 490 490 464 464 464 464 397 397 397 397 397 397 397 414 397 397 315 315 361 361 361 361 353 315 169 169 169 169 169 169 279 279 244 244 169 169 162 162 162 162 182 182 182 162 169 169 162 162 162 162 79 79 79 79 79 79 61 61 61 61 61 80 17 17 50 50 18 18 25 19 
978 960 960 960 960 919 920 920 877 877 877 877 885 838 838 838 838 838 716 716 804 804 804 804 804 804 804 716 792 716 716 716 724 724 724 724 724 724 668 668 710 686 686 668 668 668 632 632 632 632 632 625 625 606 606 532 587 551 551 532 532 551 551 532 532 532 490 490 490 490 490 490 465 465 465 465 397 397 431 431 431 426 397 414 397 315 315 315 373 373 353 353 353 315 169 169 244 244 244 244 280 280 244 244 244 169 162 162 162 162 162 162 162 162 169 169 162 162 163 163 79 79 79 79 79 79 61 61 61 61 61 80 17 17 17 17 17 19 19 19 
966 966 966 716 716 919 908 908 908 877 877 877 885 885 838 838 838 838 716 839 804 804 804 804 816 816 716 716 716 716 773 773 724 724 724 724 724 668 668 668 686 686 686 686 686 668 632 632 632 632 632 625 625 606 606 532 587 587 532 532 532 532 532 532 532 532 490 490 490 490 490 490 465 465 465 426 426 426 426 426 426 426 397 397 397 315 389 389 373 373 353 353 353 315 315 315 244 244 300 244 244 281 244 244 244 169 169 162 162 162 162 219 162 162 169 169 169 169 135 135 152 135 135 135 79 79 61 61 61 61 61 17 17 60 17 17 17 17 17 17 
966 966 966 716 716 919 908 908 908 908 908 908 838 838 838 838 838 838 716 839 839 839 820 820 816 816 716 793 716 716 773 773 724 724 749 743 668 668 668 668 686 686 686 686 686 668 668 644 644 644 644 633 618 618 532 532 532 532 532 544 544 544 544 544 519 519 519 490 490 490 490 491 427 427 426 426 426 426 426 426 426 426 397 397 315 315 389 315 315 315 353 353 353 345 315 315 244 244 300 300 244 244 244 244 256 256 169 169 228 228 228 219 169 169 169 184 184 169 135 135 152 135 135 61 61 121 61 61 61 97 85 17 73 60 60 17 43 17 17 17 
979 966 716 716 716 919 716 716 716 716 909 909 838 838 838 838 838 838 716 716 839 839 820 820 820 816 716 793 793 716 716 716 764 724 724 743 668 668 668 668 686 686 696 619 619 619 619 644 619 619 619 633 618 618 532 532 532 573 556 556 556 544 544 544 519 519 519 498 498 490 490 491 427 427 426 426 426 432 432 432 426 426 397 397 315 389 389 315 383 315 353 353 345 345 315 315 315 315 293 293 293 244 244 244 244 244 244 169 169 169 169 219 169 169 169 169 185 169 135 135 135 135 135 61 61 61 61 61 61 85 85 17 17 17 17 17 17 17 17 17 
979 966 716 716 716 716 716 940 716 716 909 909 838 838 838 838 838 838 716 716 840 840 820 820 820 816 716 716 716 716 716 716 764 758 724 743 724 724 724 619 686 686 619 619 619 619 619 619 619 619 619 602 602 602 602 602 573 573 556 556 556 544 544 544 519 519 519 498 498 490 498 427 427 427 426 426 426 427 427 432 432 427 398 398 315 315 315 315 315 315 315 315 345 323 323 323 323 293 293 245 245 245 245 245 245 245 244 244 220 220 169 169 169 169 169 169 185 169 135 135 135 135 136 61 61 61 61 61 61 85 61 61 61 61 17 17 17 17 17 17 
979 966 966 966 716 716 940 940 716 716 716 716 716 716 716 716 716 716 716 816 816 816 816 816 816 816 716 716 716 716 758 758 758 758 724 724 724 724 724 619 619 619 619 655 655 655 655 655 655 619 619 619 619 619 602 602 573 573 573 573 556 556 544 544 519 519 519 519 498 498 498 427 427 427 427 427 427 427 427 427 427 427 398 398 398 398 315 315 315 315 315 315 345 323 323 323 323 293 293 245 245 245 245 245 245 245 245 245 220 220 220 220 169 169 169 169 185 169 169 135 135 135 136 136 61 61 61 61 61 61 61 61 61 61 61 17 17 17 17 17 
