958 958 934 934 934 934 890 890 890 890 890 890 866 866 866 856 840 840 820 820 811 811 750 750 750 750 763 763 763 750 750 750 615 615 615 615 615 696 696 615 615 615 615 615 615 615 615 615 615 615 582 582 581 581 581 570 536 536 536 536 536 503 503 503 503 503 503 437 437 437 437 437 437 365 365 365 365 365 365 365 365 389 389 389 365 365 365 365 356 334 334 334 334 292 292 292 292 292 265 265 265 265 193 193 193 193 193 193 193 192 192 192 192 69 69 69 69 69 142 142 142 85 85 85 85 91 91 91 85 69 69 55 55 55 1 1 1 1 1 1 
958 959 934 934 934 934 890 890 890 898 898 866 866 856 856 856 840 841 820 820 811 811 750 750 750 750 750 750 750 750 718 718 615 615 615 717 615 615 615 615 671 671 652 652 615 615 615 616 616 616 582 582 581 581 581 570 536 536 536 536 536 503 503 503 503 503 503 437 437 437 437 437 437 365 365 436 436 365 365 365 365 389 389 389 365 365 370 356 356 334 334 334 292 292 292 292 292 292 265 265 265 265 193 193 246 193 193 193 193 192 192 192 192 69 165 165 165 69 69 142 142 85 85 85 85 91 91 85 85 69 69 55 55 55 1 1 1 1 1 2 
958 958 934 934 934 911 911 911 911 898 898 866 866 856 856 820 820 841 820 820 820 797 797 797 750 750 750 750 750 718 718 718 718 718 615 615 615 615 615 615 652 652 652 653 615 615 615 616 616 616 582 582 536 536 536 536 536 536 536 525 525 525 525 503 503 503 503 437 437 437 437 437 365 365 365 365 365 365 365 365 379 379 379 379 379 365 370 356 286 286 286 286 292 292 292 292 292 286 286 265 254 254 254 193 193 193 193 193 193 192 192 192 192 69 69 69 165 165 69 69 69 69 85 85 85 85 85 85 86 69 69 55 55 20 20 20 2 2 2 2 
958 958 934 934 934 911 911 911 856 856 856 856 856 856 856 820 820 841 820 804 804 797 797 797 750 750 750 750 750 756 756 718 718 718 727 615 615 615 615 615 652 652 652 653 616 616 616 616 611 611 582 582 536 536 536 536 536 536 536 525 525 476 476 503 503 503 503 487 487 437 437 437 365 365 365 365 365 365 365 413 365 365 365 379 379 365 356 356 286 286 286 286 286 292 292 307 292 286 287 265 254 266 254 254 193 193 193 186 186 192 192 192 192 192 186 69 69 69 69 150 69 69 69 69 69 109 69 69 69 69 69 69 20 20 20 20 2 3 3 3 
958 958 856 856 856 856 856 856 856 856 856 891 820 820 820 820 820 820 820 804 804 797 797 797 750 750 764 764 764 756 756 718 718 718 727 615 615 652 652 652 652 672 653 653 616 616 616 611 611 611 611 582 536 536 536 536 536 536 536 544 476 476 476 476 476 476 504 487 487 437 437 437 448 448 365 365 365 371 365 365 365 374 365 379 379 365 356 356 286 351 328 328 286 286 292 292 292 286 265 265 254 254 254 233 233 233 193 186 186 213 213 186 186 186 186 166 166 166 69 150 69 69 69 69 69 69 69 69 69 74 74 20 20 27 20 20 2 2 2 2 
958 958 856 941 941 925 925 856 856 842 842 842 875 875 842 842 827 827 827 827 804 804 804 751 751 751 751 751 751 751 751 751 743 718 718 718 615 652 615 615 679 653 653 406 406 406 630 611 611 611 611 582 536 536 536 536 536 536 536 544 476 531 476 476 513 476 476 476 476 476 437 437 448 448 365 365 365 371 365 365 374 374 365 365 365 365 286 286 286 351 328 328 328 286 286 286 286 286 265 233 233 233 233 233 247 233 193 193 186 186 186 186 193 193 166 166 166 166 69 69 69 69 69 69 110 110 69 69 69 74 20 20 65 27 27 20 20 20 4 4 
958 856 856 926 926 926 926 856 856 842 842 842 842 842 842 842 827 827 827 751 751 751 751 751 743 743 743 743 765 743 743 743 743 718 718 719 615 615 615 615 615 653 663 406 406 406 630 630 406 406 612 582 582 582 582 536 536 536 536 476 476 531 476 476 513 476 476 476 476 437 437 437 437 448 448 365 365 371 414 414 374 374 374 390 374 374 286 286 286 286 328 315 315 315 293 293 293 293 265 233 233 233 233 233 247 233 233 193 193 193 193 193 193 194 166 166 166 166 151 151 102 102 102 102 102 102 69 69 69 74 20 20 65 27 27 39 39 20 4 4 
953 953 953 926 935 935 842 842 842 904 842 876 876 876 867 827 827 827 827 751 751 812 751 751 743 743 743 743 743 743 700 700 736 736 719 719 615 615 615 615 615 653 653 406 406 406 406 406 406 406 612 406 406 589 476 476 476 476 476 476 537 531 476 476 476 476 476 476 476 437 437 437 437 437 437 437 437 371 371 371 374 374 374 374 374 371 371 286 286 286 328 315 315 315 293 293 265 265 265 233 233 233 247 247 247 233 233 193 193 193 193 193 193 144 144 166 151 151 151 152 102 102 102 102 121 102 102 79 79 74 74 4 4 27 27 39 39 20 20 4 
953 953 926 926 935 935 842 876 842 842 842 876 857 857 867 857 827 827 827 827 751 751 751 751 743 743 701 701 744 744 700 736 736 737 719 720 615 673 673 673 673 673 653 615 615 406 406 622 622 406 406 406 406 406 476 476 476 558 476 476 537 531 476 519 476 476 476 406 406 437 437 467 437 437 438 438 438 371 371 371 371 371 380 380 380 371 372 286 286 328 328 315 315 315 315 265 265 288 288 247 247 267 247 155 155 155 155 155 155 144 144 144 144 144 144 166 166 144 144 143 143 102 102 102 121 79 79 79 79 79 4 4 4 4 27 27 27 27 21 4 
963 926 926 926 926 926 842 876 876 876 876 876 857 857 857 857 827 827 827 827 751 751 751 751 701 701 701 701 744 744 700 700 737 737 719 720 615 673 673 673 673 674 653 653 615 634 634 622 622 407 407 406 406 406 476 476 476 531 531 545 531 531 476 476 406 406 406 406 406 406 473 406 406 406 406 406 406 406 415 415 371 371 380 380 371 371 372 344 344 328 328 315 315 315 315 247 247 247 247 247 247 247 247 155 155 155 155 222 155 144 144 144 187 187 144 144 166 144 144 143 143 102 102 111 79 79 4 4 79 79 4 4 4 4 49 21 21 21 21 4 
926 926 926 926 942 926 842 842 842 857 857 857 857 857 799 799 827 827 828 828 751 751 751 701 701 701 701 701 701 744 757 700 700 700 719 719 615 615 673 673 673 674 615 615 615 634 407 407 407 407 407 406 406 406 406 406 476 531 531 531 531 476 476 476 406 488 488 488 488 406 406 406 455 455 449 416 416 406 406 406 371 371 371 371 371 372 372 344 344 328 328 315 315 327 247 247 247 247 247 247 247 247 155 155 155 155 155 222 155 155 214 144 187 187 187 144 144 144 144 144 102 102 102 111 79 79 4 4 4 80 4 4 4 21 21 21 22 22 22 4 
926 926 926 942 942 926 926 918 842 857 857 857 857 857 868 799 799 799 799 799 799 701 701 701 790 701 701 701 701 744 744 744 744 700 700 719 615 615 674 674 674 674 615 615 634 634 407 590 590 407 407 407 407 406 406 406 476 476 476 476 476 476 526 406 406 488 488 488 406 406 406 406 455 455 449 416 416 406 406 406 406 371 371 371 371 372 372 344 344 328 328 328 328 247 247 247 247 247 247 247 259 259 155 155 155 155 155 222 222 155 214 144 144 144 144 144 144 144 144 144 102 102 102 111 111 79 4 4 4 4 4 4 4 21 21 44 22 22 4 4 
964 918 918 918 918 926 926 918 842 842 842 842 842 842 842 858 799 799 799 799 799 701 701 701 701 701 701 701 701 701 701 738 738 738 700 700 615 615 615 615 615 615 615 615 634 642 407 407 590 407 407 407 406 406 406 406 476 476 546 476 476 532 406 406 494 494 488 488 406 477 406 406 449 449 449 416 416 416 416 416 381 381 381 381 381 366 366 366 344 352 344 328 328 247 247 247 247 247 281 281 259 259 259 215 215 222 222 222 222 155 155 167 167 167 144 144 144 144 144 153 102 127 127 127 111 79 4 4 56 56 56 4 4 4 4 44 4 4 4 4 
964 918 918 918 918 918 918 918 842 842 842 842 842 842 842 858 799 799 799 799 799 701 701 701 701 701 701 701 701 701 701 738 701 701 701 700 700 700 697 634 634 675 615 615 634 642 407 407 590 590 590 606 406 406 406 406 406 406 406 406 406 406 406 494 494 494 494 494 406 406 406 449 449 450 416 416 439 416 416 416 381 381 376 376 366 366 366 366 344 352 344 328 335 247 247 247 247 294 281 281 259 260 260 215 215 222 222 222 222 155 155 167 167 167 167 167 167 167 144 153 102 127 127 127 111 79 92 92 56 56 56 56 56 56 4 44 4 4 4 4 
964 918 918 918 927 918 918 842 842 892 892 892 842 842 799 799 799 799 799 799 799 766 766 701 701 701 701 701 701 701 701 701 701 739 701 701 701 701 697 634 634 634 654 654 634 642 407 407 407 407 590 590 590 406 406 538 538 538 406 406 538 406 406 478 478 478 478 478 478 478 474 449 449 450 416 416 439 416 423 376 376 376 376 376 366 375 366 366 344 352 344 328 335 316 316 247 247 294 259 259 259 260 260 215 215 218 218 218 218 155 155 167 167 168 167 167 168 168 144 144 144 127 127 127 111 111 92 93 56 56 57 57 57 4 4 44 4 4 4 5 
964 927 927 927 927 918 918 842 842 892 892 892 842 842 799 799 799 799 799 799 799 766 766 791 791 701 701 760 760 760 702 702 721 721 721 721 702 702 697 634 634 634 634 634 634 642 528 528 528 407 407 607 590 590 407 407 407 538 538 538 538 406 406 478 478 478 478 407 407 407 474 449 449 450 450 416 416 416 423 376 376 376 376 376 366 366 366 367 344 344 344 328 328 328 294 294 294 294 259 271 271 215 215 215 215 218 218 218 218 218 155 155 197 168 168 168 168 92 92 154 92 92 92 127 92 92 92 81 81 81 57 57 57 4 4 4 28 28 4 5 
927 927 927 927 927 927 927 919 842 892 892 892 842 842 859 859 842 842 799 766 766 766 766 791 703 703 782 760 745 745 702 702 702 702 702 702 702 703 697 634 634 634 634 634 634 642 528 623 528 528 407 607 596 407 407 571 407 407 407 407 407 520 520 520 478 505 505 407 407 407 407 449 449 450 450 407 407 423 423 376 376 376 376 376 366 366 367 367 319 319 319 328 328 295 295 295 295 295 259 271 271 215 215 215 215 215 215 215 215 215 215 155 155 155 155 155 155 92 92 154 92 115 92 127 92 81 81 81 82 82 57 57 57 5 5 4 4 4 4 5 
927 927 927 945 919 919 919 919 842 842 842 842 842 842 842 842 842 799 799 766 766 766 805 703 703 703 703 760 760 745 745 745 745 702 702 703 703 703 697 634 634 634 634 655 528 528 528 623 623 528 407 407 596 407 583 559 559 559 407 407 407 407 478 478 478 407 407 407 407 479 407 449 449 449 407 407 407 407 407 407 407 376 376 376 376 376 357 357 319 319 319 328 328 295 317 295 295 295 259 259 259 215 215 215 215 215 229 229 215 215 216 155 155 155 155 180 155 92 92 92 92 115 92 92 92 81 81 81 66 66 57 57 57 5 5 5 5 29 5 5 
927 927 945 945 919 920 920 920 842 842 842 842 887 869 869 842 842 799 799 766 766 766 766 766 766 786 703 760 760 752 752 752 746 703 703 703 703 703 697 656 656 656 655 655 528 643 528 528 528 528 613 407 407 407 559 559 547 547 547 407 407 407 478 478 478 407 506 407 407 407 407 449 449 449 407 424 424 424 407 407 394 394 394 357 357 357 357 357 357 319 319 318 318 295 295 295 259 259 259 259 259 215 215 255 248 239 216 216 216 216 216 155 155 169 169 169 155 92 92 92 115 115 128 128 66 66 81 81 66 66 57 57 57 57 5 5 5 5 5 6 
945 945 945 946 919 920 877 877 877 877 877 877 877 869 869 799 799 799 799 723 723 798 798 798 766 786 703 703 703 752 703 703 746 703 703 703 703 697 697 656 680 656 655 656 528 643 528 528 528 591 591 407 407 591 559 559 547 548 548 407 407 407 407 514 514 407 407 407 489 407 407 407 407 407 407 424 424 424 424 394 394 394 394 357 357 357 358 358 358 319 318 318 318 308 308 308 259 259 259 259 234 234 234 234 248 239 234 223 223 158 158 198 198 169 169 169 155 155 155 155 115 115 66 66 66 66 66 66 66 66 66 66 66 58 5 5 5 5 23 6 
945 945 945 946 919 877 877 869 869 869 877 877 877 877 869 799 799 799 835 723 723 723 723 723 766 766 766 777 703 703 703 703 703 703 703 703 703 697 697 656 656 656 656 656 528 528 528 624 528 591 591 591 591 591 547 547 547 548 533 533 533 533 407 407 407 407 407 407 480 480 442 442 442 442 442 442 394 394 394 394 394 401 395 357 357 357 357 358 358 319 318 318 318 308 308 308 259 259 259 259 234 234 234 234 234 239 234 223 158 158 158 158 199 158 158 169 169 169 156 156 115 115 66 66 66 112 66 66 66 66 66 66 66 58 5 5 5 5 23 6 
965 946 946 946 919 877 928 869 912 869 869 869 869 869 869 799 799 799 799 799 799 723 723 723 723 787 766 766 766 703 703 728 728 728 728 708 708 685 685 685 656 656 656 657 528 528 528 624 624 591 591 547 547 547 547 547 547 548 533 533 533 533 480 480 480 480 480 480 480 481 442 442 442 394 394 394 394 427 394 394 394 395 395 357 357 357 357 358 358 319 318 318 318 308 308 308 259 259 259 223 223 223 223 234 234 239 234 223 158 158 158 158 158 158 158 158 158 158 158 115 115 139 122 122 66 66 66 66 66 66 66 24 24 58 5 5 6 6 6 6 
946 946 947 947 919 877 928 869 869 869 899 869 869 869 869 799 799 799 799 799 799 799 799 799 723 723 723 687 687 687 687 687 687 687 687 708 686 686 686 686 650 650 650 650 650 528 528 625 625 591 591 547 572 572 584 547 547 548 548 480 480 480 480 480 480 480 495 480 480 481 442 442 464 394 394 394 394 394 394 394 394 395 396 319 319 319 319 319 319 319 340 340 318 318 318 303 303 259 259 223 223 223 223 234 234 234 234 223 158 158 158 158 158 188 188 158 158 158 158 115 115 115 122 122 122 66 66 94 66 66 66 24 24 24 45 45 6 7 6 6 
946 946 947 919 919 877 928 905 905 905 899 869 869 878 799 799 853 843 799 799 821 799 723 723 723 723 723 687 687 687 687 687 729 729 687 687 709 687 687 687 650 650 650 650 528 528 635 625 625 591 528 528 528 572 572 572 480 480 548 480 527 527 527 480 480 480 495 495 490 464 464 464 464 394 394 394 394 394 394 417 395 395 396 319 319 319 319 319 319 340 340 341 309 309 309 303 303 200 200 223 223 223 223 223 223 223 223 223 200 200 158 158 158 188 188 158 173 145 145 145 145 115 115 115 113 113 66 66 66 24 24 24 24 24 6 6 6 7 7 7 
966 946 946 919 919 877 928 905 899 899 899 869 869 878 799 843 843 843 799 799 799 799 723 723 788 723 723 778 767 687 687 687 729 729 729 687 709 687 688 688 650 650 650 650 528 625 625 625 625 591 528 608 528 572 572 573 480 480 480 480 527 527 527 515 515 482 482 482 490 464 464 464 464 394 394 394 395 395 395 395 395 396 396 319 319 319 319 359 359 340 341 341 309 309 309 309 303 200 200 200 200 200 223 223 200 200 200 200 200 200 158 158 158 158 158 158 173 145 145 129 129 115 115 115 115 59 59 95 24 24 24 24 24 6 6 6 6 30 24 8 
966 946 946 948 919 877 877 905 899 899 899 860 860 878 799 799 799 799 799 807 807 723 723 723 788 788 767 767 767 666 666 753 729 729 729 687 687 687 688 688 650 650 664 528 528 625 625 631 591 591 528 528 528 528 480 480 480 480 480 480 480 480 480 516 516 482 482 482 425 425 425 425 425 456 394 394 395 395 395 395 408 342 342 319 319 319 319 340 340 340 319 319 319 319 303 303 303 200 200 200 200 200 200 200 200 235 235 224 224 200 207 207 158 158 103 103 103 103 103 129 129 129 129 129 115 59 59 95 24 75 75 24 24 6 6 6 6 24 24 8 
966 946 954 948 919 919 877 877 899 899 899 860 860 860 860 799 799 799 807 807 807 723 806 768 768 768 767 767 767 666 666 753 729 729 730 687 687 704 688 688 528 528 664 528 528 625 625 631 591 617 528 528 528 528 480 480 565 480 480 480 480 480 480 516 516 457 457 482 482 482 457 457 425 394 394 394 394 408 408 408 408 342 342 342 342 319 319 340 340 340 319 319 319 319 303 303 303 296 200 200 200 268 249 249 249 235 235 224 224 200 200 200 200 195 103 103 103 103 103 129 129 115 115 115 115 59 59 59 24 24 24 24 24 24 24 24 24 24 8 8 
966 946 946 948 919 919 929 877 899 899 899 860 888 860 860 799 799 799 807 807 807 723 806 768 768 768 768 767 767 666 666 666 729 729 722 722 688 688 688 688 528 528 528 528 528 591 591 591 591 528 528 609 528 528 560 480 480 480 480 480 480 480 480 457 457 457 457 457 457 457 457 457 425 394 394 394 394 408 408 408 408 342 342 342 342 319 319 319 319 319 319 319 319 329 319 296 296 296 268 268 268 268 249 202 202 202 202 201 201 201 201 201 201 195 103 103 174 103 103 129 129 115 115 123 123 59 59 59 87 40 40 8 8 8 50 8 8 8 8 9 
946 946 946 948 921 921 921 877 877 877 860 860 888 860 860 860 799 799 807 807 807 723 723 800 768 768 768 768 768 666 666 666 666 666 722 722 688 688 688 688 528 528 528 528 528 591 591 528 528 528 597 597 597 528 560 560 560 560 528 528 528 528 528 457 457 457 457 475 475 475 475 457 425 425 425 425 425 425 425 409 409 342 342 342 342 319 319 319 319 319 336 336 319 319 319 240 240 240 268 240 240 249 249 202 240 240 202 201 201 201 201 201 202 195 103 103 103 103 103 129 129 129 115 115 114 59 59 59 87 40 40 8 8 8 8 8 8 8 8 9 
946 946 946 948 921 921 921 921 877 877 860 860 860 879 860 860 844 844 807 829 807 813 723 723 768 768 768 731 731 666 666 747 747 666 666 722 688 688 688 688 681 528 528 528 528 591 591 528 528 528 528 598 598 528 528 528 528 528 528 521 521 521 521 521 457 457 457 475 475 465 465 457 425 425 443 443 409 409 409 409 342 342 342 342 342 319 319 319 320 320 336 336 336 240 240 240 304 240 240 240 240 249 240 240 240 202 202 201 201 201 201 208 202 195 103 103 103 103 103 146 146 129 115 115 114 59 59 96 40 40 40 8 8 8 8 8 8 8 8 8 
946 946 955 943 943 921 921 921 877 900 893 893 860 860 860 861 844 807 807 829 807 807 807 723 768 768 768 731 731 731 731 731 731 731 666 722 688 688 681 681 681 528 665 528 528 528 528 528 528 528 528 598 528 528 528 549 549 549 549 521 521 475 475 475 475 475 475 475 475 465 465 457 457 457 443 443 409 428 418 418 342 342 342 377 377 377 319 319 320 320 336 336 336 240 240 240 240 240 240 272 240 249 240 240 240 202 202 202 202 202 202 202 202 195 103 103 103 103 129 129 129 129 115 130 114 114 59 96 40 40 40 40 40 8 8 8 40 8 8 8 
931 931 955 943 943 921 921 921 877 900 893 893 844 844 860 844 844 807 807 829 807 807 808 723 723 723 783 731 731 731 731 731 731 731 666 666 688 688 681 681 681 528 528 528 632 632 528 528 626 528 528 598 528 528 528 549 549 549 539 539 539 475 475 475 475 475 475 496 491 465 465 465 465 444 444 444 409 428 418 418 342 342 377 377 360 360 368 368 320 320 320 336 336 240 240 240 240 272 272 272 240 240 240 240 240 230 230 202 202 195 195 195 195 195 103 103 103 170 129 129 129 129 115 115 115 115 59 59 59 59 59 59 40 40 40 40 40 31 8 8 
931 931 955 931 931 930 930 877 877 900 893 893 844 844 844 844 807 807 807 830 723 723 723 723 723 723 755 755 731 731 754 754 731 731 731 666 666 666 681 681 681 658 658 658 632 632 636 528 528 528 528 598 528 528 550 550 550 561 539 539 539 466 466 466 475 475 475 491 491 466 466 466 466 444 451 409 409 410 410 410 410 342 342 382 360 360 360 360 360 320 320 336 336 240 240 272 272 272 261 261 261 261 261 219 219 230 230 230 195 195 203 203 203 181 181 181 103 170 129 129 129 129 116 116 116 116 59 59 60 60 60 59 59 59 40 40 31 31 8 8 
931 931 931 931 931 930 930 877 877 900 900 844 844 880 862 862 807 807 807 830 723 723 723 723 723 723 755 755 731 731 731 731 731 731 732 705 705 666 666 682 682 658 658 658 632 632 632 632 528 528 598 598 550 592 550 574 550 550 550 509 509 466 466 466 466 466 466 491 491 466 466 444 444 444 451 409 411 410 410 410 402 402 342 382 360 360 360 353 353 320 320 320 320 320 320 272 272 272 261 282 261 261 219 219 219 219 219 219 195 195 181 181 181 181 189 182 103 140 140 140 140 140 116 116 116 116 59 59 60 60 60 60 60 60 40 40 31 31 10 10 
931 931 931 931 931 930 930 877 877 906 844 844 844 844 844 792 792 845 836 723 723 723 723 723 723 723 755 755 769 731 731 731 731 731 705 705 705 705 666 666 666 666 666 632 632 632 632 598 598 598 598 598 550 550 550 574 550 550 509 509 509 466 466 466 466 466 466 497 466 466 466 444 451 451 451 409 411 411 402 402 402 342 342 382 382 353 353 353 353 272 272 272 272 272 272 272 272 261 261 261 261 269 219 256 219 219 219 219 195 195 181 182 182 182 182 182 103 140 116 116 116 116 116 116 116 116 103 60 60 60 60 60 60 60 10 10 31 31 10 10 
949 931 931 931 931 930 930 877 877 906 844 844 844 844 844 792 792 792 836 723 723 723 809 723 723 723 755 755 755 731 731 731 705 705 705 705 705 705 666 666 666 666 632 632 644 632 632 598 598 598 598 598 599 585 585 551 551 551 509 509 509 466 466 466 466 466 466 466 466 444 444 444 451 451 451 409 411 411 402 402 402 342 342 342 342 353 353 353 353 272 272 272 272 272 272 272 272 261 261 261 272 269 219 219 219 219 219 219 195 195 181 181 204 171 171 103 103 140 116 116 103 103 103 103 103 103 103 60 60 60 60 46 46 10 10 10 10 10 10 10 
949 931 931 931 931 931 931 844 844 844 844 844 844 844 844 792 792 792 836 723 814 814 723 723 723 723 755 755 755 755 755 705 705 733 733 705 705 705 689 689 632 632 632 659 644 644 632 598 598 598 598 598 585 585 585 551 566 551 509 509 529 529 466 466 466 466 466 466 444 444 468 468 451 451 409 409 411 411 419 419 391 391 391 391 342 353 353 353 353 272 272 310 310 310 272 272 272 272 272 272 272 269 219 219 241 241 219 219 195 195 209 181 181 171 190 103 103 103 116 116 103 135 135 117 117 117 97 97 60 60 46 46 46 10 10 10 10 10 10 10 
949 949 949 949 901 901 901 844 844 844 844 844 844 881 792 792 792 836 836 723 723 723 723 723 723 723 723 755 755 755 755 705 705 705 705 705 705 689 689 690 632 667 667 632 632 632 632 598 598 598 598 598 585 585 585 551 566 551 551 509 529 529 529 498 498 498 498 498 444 444 458 458 458 458 409 409 409 411 411 411 391 391 391 391 342 353 353 353 353 353 272 272 272 310 310 310 272 297 273 273 273 269 219 257 219 219 219 219 195 195 209 209 181 171 171 171 171 103 103 103 103 135 135 117 117 97 97 46 46 46 46 46 46 61 51 11 11 25 25 11 
960 960 956 901 901 936 901 844 844 907 844 863 863 863 792 792 792 792 792 792 792 792 723 723 723 723 723 755 755 755 755 755 705 705 689 689 689 689 668 668 632 667 632 632 575 575 575 575 575 575 598 598 585 585 586 551 509 509 509 509 529 530 530 498 498 498 498 498 444 444 458 458 458 409 409 409 409 429 411 411 411 273 273 273 342 342 342 342 342 342 342 342 272 272 272 272 272 273 273 269 269 269 219 219 219 219 219 219 195 195 209 209 181 171 171 183 171 171 159 147 147 131 131 131 97 97 104 46 46 46 46 46 51 51 51 11 11 11 11 11 
956 956 956 901 936 936 901 901 844 844 844 863 863 863 870 792 831 831 831 831 792 792 723 801 723 784 723 755 755 755 723 723 723 723 723 723 689 689 668 668 632 632 632 660 575 575 575 575 575 575 575 610 551 551 551 551 509 552 552 529 529 530 530 498 498 498 499 499 444 483 409 409 409 409 445 445 429 429 411 411 411 273 273 273 383 273 273 342 342 273 273 273 273 273 273 273 273 273 269 269 269 219 219 219 219 219 236 219 219 219 160 160 181 181 175 175 175 159 159 147 147 131 132 132 97 118 98 98 46 51 51 51 51 46 46 11 11 11 11 11 
956 956 956 901 901 901 932 901 901 901 901 847 847 863 863 792 792 846 792 792 792 815 723 801 723 784 723 723 755 755 723 723 723 723 723 706 706 706 668 668 668 668 668 575 575 575 575 575 627 618 575 575 551 551 551 551 509 529 529 529 529 522 522 498 498 508 499 444 444 483 409 459 459 459 445 445 429 430 403 403 403 403 273 273 273 273 273 273 273 273 273 273 330 330 273 273 273 298 269 269 269 219 219 219 219 219 219 219 219 219 160 160 160 160 175 176 176 159 159 147 147 131 132 132 97 98 98 98 46 51 51 51 46 46 46 11 11 11 11 11 
956 956 956 901 901 901 901 908 908 908 847 847 847 882 863 863 792 792 792 792 822 815 723 723 723 784 784 723 723 723 723 723 740 740 723 706 710 707 668 668 668 575 575 575 575 575 575 575 618 618 575 575 551 551 551 551 509 529 553 529 529 522 522 522 499 499 499 444 444 444 409 429 429 429 429 429 429 403 403 404 404 404 273 345 345 345 345 345 273 273 273 273 273 273 273 311 298 298 269 269 262 219 219 258 237 237 219 219 219 219 160 160 160 160 175 176 131 131 159 147 147 131 97 97 97 98 98 98 46 51 46 46 46 62 46 11 11 11 11 11 
967 837 837 901 901 901 901 908 908 847 847 894 854 854 863 863 854 792 792 792 792 815 792 792 792 789 758 758 758 758 758 723 723 723 723 706 706 707 593 593 593 575 575 575 575 645 575 618 618 619 575 551 551 551 551 551 509 529 529 529 540 522 522 522 499 499 499 444 444 444 409 429 429 429 429 429 429 403 404 404 273 273 273 345 345 345 345 345 273 273 273 273 273 273 298 298 298 299 263 263 262 262 262 237 237 237 205 205 160 160 160 160 160 160 175 131 131 131 131 131 131 131 97 97 97 97 97 99 46 46 46 67 67 62 46 11 11 11 11 12 
837 837 950 901 901 901 901 847 847 847 847 847 854 854 854 854 854 847 792 832 792 792 792 770 770 789 758 758 758 758 759 706 706 706 706 706 706 707 593 691 593 669 669 661 637 637 637 618 619 619 575 551 551 551 551 551 509 562 554 540 540 522 522 522 499 499 499 409 409 409 409 409 409 403 403 446 403 403 404 404 273 397 397 345 345 345 345 345 345 345 345 273 273 273 273 312 263 263 263 263 263 263 263 237 237 237 205 205 160 160 160 160 160 160 175 131 131 131 131 131 131 141 97 97 97 97 97 88 88 62 62 62 62 62 46 46 11 32 11 11 
837 961 950 950 837 837 901 847 847 847 847 847 854 847 847 847 847 847 792 792 792 792 810 770 770 770 770 770 770 734 734 706 741 741 706 706 711 593 593 691 593 593 593 661 637 646 618 618 619 619 575 551 551 575 575 575 509 554 554 540 540 499 499 499 499 499 499 409 409 409 409 409 409 403 403 403 403 404 404 404 273 273 273 273 384 273 273 273 273 273 273 273 273 273 273 263 263 263 263 263 263 263 263 237 237 237 205 205 220 220 160 160 160 175 175 131 131 131 131 141 141 141 83 83 83 83 105 88 88 62 62 62 62 47 47 47 11 11 11 11 
837 837 950 950 837 837 901 901 901 847 847 847 847 847 871 847 847 848 792 792 792 792 770 770 793 771 771 771 771 734 734 734 734 711 711 711 711 593 698 593 593 676 593 637 637 618 618 628 628 575 575 600 600 575 575 575 509 554 540 540 540 499 499 499 499 499 461 461 409 409 409 409 409 403 403 403 403 403 403 403 361 361 361 273 273 273 361 361 361 321 321 321 321 321 321 263 263 263 283 283 263 225 225 250 250 237 237 205 205 205 205 205 160 160 191 131 177 131 131 83 83 83 83 124 124 83 83 88 88 62 62 62 62 47 47 11 11 11 11 13 
968 837 837 837 837 837 837 901 901 837 837 837 837 837 837 837 837 837 792 792 792 794 770 802 770 771 771 771 772 734 734 734 734 734 734 593 593 593 698 593 593 593 593 637 637 618 618 593 593 575 575 575 575 575 575 575 509 554 540 540 540 499 499 499 499 499 461 461 492 469 469 469 409 460 403 403 361 361 361 403 361 361 361 392 273 273 361 362 362 321 321 321 322 322 322 263 263 263 283 283 263 225 225 225 225 225 225 231 205 205 205 205 205 160 160 131 177 131 83 83 83 76 76 76 76 83 83 83 83 62 62 70 62 11 11 11 11 11 11 13 
968 909 909 837 837 909 837 901 901 837 837 837 849 849 849 849 849 837 837 833 823 794 770 770 770 771 771 771 692 692 692 734 734 734 734 593 593 698 698 593 593 593 593 593 593 618 618 593 593 575 575 575 575 575 575 575 509 509 509 509 509 509 509 509 509 509 461 461 461 469 409 409 409 460 361 361 361 431 361 361 361 361 361 361 361 361 361 362 331 331 343 343 322 322 322 263 289 289 289 263 263 225 225 225 242 242 225 231 205 205 205 210 205 160 160 131 131 131 83 83 83 76 76 76 76 83 83 83 83 83 62 62 62 11 11 11 11 33 11 13 
909 909 909 909 909 909 837 922 837 837 837 837 849 849 849 849 849 849 833 833 823 794 770 770 794 771 771 771 692 692 692 734 734 734 734 724 593 698 698 593 593 593 638 638 593 593 593 593 593 575 575 575 517 517 517 517 567 517 517 517 517 517 517 517 517 461 461 461 461 409 409 409 409 409 361 440 440 420 420 361 361 361 361 361 361 362 362 362 331 331 331 331 322 322 322 263 263 263 263 263 274 270 242 242 242 243 225 205 205 205 205 205 205 160 160 160 160 160 160 76 76 76 133 133 76 83 83 100 76 76 76 62 62 63 41 41 11 11 11 11 
909 909 951 951 837 837 837 837 837 872 872 872 872 883 872 833 833 833 833 823 823 794 770 770 794 771 771 692 692 692 692 692 748 692 692 724 593 698 698 593 593 593 638 638 638 638 638 633 593 593 517 517 517 517 517 517 517 517 517 517 541 523 523 523 461 461 461 461 493 409 409 409 409 409 361 432 432 420 420 361 361 361 361 361 361 361 361 331 331 331 331 331 331 331 323 228 228 274 274 274 274 270 242 242 242 225 225 205 205 205 205 205 206 160 160 161 161 160 160 76 133 133 133 134 76 76 76 76 76 71 71 71 14 14 41 41 41 11 11 11 
969 909 951 951 837 837 837 837 913 872 872 895 872 872 872 833 850 850 823 823 823 794 794 794 794 771 771 692 692 692 692 692 692 692 692 724 593 593 699 593 593 593 593 593 638 638 639 633 629 593 517 601 601 517 517 517 517 555 555 523 523 523 461 461 461 461 461 500 461 461 461 461 461 461 361 432 432 432 420 398 398 398 398 361 385 361 361 331 331 331 228 228 228 228 323 228 228 270 270 275 270 270 242 242 251 225 225 225 225 76 76 206 206 76 76 161 161 161 161 76 76 136 136 134 71 71 71 71 71 71 14 14 14 14 14 14 14 14 14 14 
969 909 951 951 909 909 909 909 909 909 872 872 873 873 873 833 850 823 823 823 823 794 794 692 692 771 771 779 773 692 692 725 725 725 692 692 712 593 593 593 683 593 593 593 651 620 620 633 629 593 517 517 517 517 587 555 555 555 556 523 523 523 461 461 461 461 461 500 461 461 361 361 361 361 361 432 369 369 420 398 398 398 398 361 361 361 369 369 331 331 228 228 228 228 228 228 228 270 270 275 270 270 242 242 226 226 226 225 225 76 76 76 76 76 76 76 76 76 76 76 76 136 134 134 71 71 71 71 71 14 14 14 14 14 14 26 26 34 26 15 
969 909 909 909 909 909 909 909 914 896 896 872 872 872 833 833 850 823 838 823 824 794 794 692 692 692 692 692 773 692 692 725 749 725 725 692 692 593 593 692 593 593 593 593 651 620 620 633 629 593 593 517 517 517 587 555 555 523 523 523 523 523 523 461 461 510 461 500 461 461 361 361 361 361 361 361 369 369 420 420 398 398 369 369 369 369 369 363 363 228 228 228 228 228 313 313 228 270 270 275 275 270 242 242 226 226 226 226 226 76 76 76 184 184 184 76 76 157 76 76 134 134 134 68 68 68 68 71 71 14 14 14 14 15 15 15 26 26 26 15 
916 916 916 933 933 909 909 909 896 896 896 872 872 872 833 833 850 823 823 823 824 794 794 692 795 692 692 692 692 692 692 725 749 725 725 725 692 692 692 692 593 593 593 593 620 620 620 620 629 620 593 593 593 517 517 576 523 523 523 523 523 523 523 461 461 461 461 461 461 393 393 393 393 361 361 361 361 369 369 369 369 369 369 386 386 369 369 363 363 228 346 228 332 332 228 228 228 270 270 270 270 270 78 242 242 226 196 196 196 76 76 211 184 184 184 76 76 157 157 157 134 134 134 68 68 68 68 71 71 84 14 14 14 15 52 15 35 35 15 15 
916 916 916 933 933 937 915 915 896 896 896 896 864 864 874 833 833 823 823 823 677 677 677 692 692 692 692 692 774 677 677 725 749 725 725 677 677 677 693 693 593 593 620 620 620 620 640 620 620 620 593 593 593 593 517 523 523 563 523 523 523 523 523 461 461 461 470 470 484 393 393 393 393 361 361 361 361 433 421 369 369 369 399 386 369 369 369 369 228 228 346 228 228 228 228 305 305 270 270 270 270 270 78 227 227 226 196 196 196 196 196 148 148 148 184 184 148 148 148 148 137 137 68 68 68 68 68 84 84 84 15 15 15 15 52 15 15 15 15 15 
916 916 916 933 933 937 915 915 915 864 864 864 864 864 864 864 833 823 823 823 677 816 677 677 677 677 677 677 677 677 677 725 725 725 725 677 677 677 693 593 593 620 620 620 620 620 620 620 620 620 594 594 594 594 517 523 523 523 523 523 523 523 523 461 461 461 470 470 484 484 393 393 393 361 361 361 361 433 421 369 369 369 399 386 369 369 369 369 228 228 228 228 228 228 324 300 300 300 270 270 276 78 78 227 227 226 196 196 196 196 196 148 148 148 148 148 148 172 162 148 137 137 68 68 119 119 68 68 68 68 15 15 15 15 52 15 15 15 15 15 
916 916 916 933 933 933 933 915 915 864 864 864 864 864 864 833 833 834 834 834 677 816 677 677 677 677 677 677 677 677 677 677 677 677 677 677 677 677 593 593 620 620 620 620 620 620 620 620 620 620 594 594 594 594 517 535 523 523 523 523 542 485 485 485 485 511 470 470 470 470 470 470 393 433 433 433 433 433 421 421 364 364 399 386 386 369 369 347 347 354 228 228 337 228 228 300 284 284 284 284 78 78 264 227 227 226 226 226 196 196 196 212 148 148 148 178 178 162 162 148 148 137 137 68 119 68 68 89 89 68 77 15 15 15 52 16 16 16 16 16 
916 916 916 952 916 916 916 923 916 902 902 864 864 864 833 833 855 817 817 817 677 677 677 677 677 677 677 677 677 677 713 713 713 713 677 677 713 677 593 593 620 620 620 593 593 647 517 517 517 517 517 594 594 594 517 535 535 542 542 542 542 485 485 507 485 511 485 485 470 470 462 462 393 393 393 393 393 393 393 364 364 364 364 386 386 347 347 347 347 347 228 228 228 228 228 228 284 284 284 284 78 78 264 227 227 226 226 226 227 196 196 212 148 148 148 178 179 162 162 138 138 138 138 68 68 68 89 89 68 68 68 68 68 15 15 16 16 16 16 16 
970 962 916 916 916 938 916 916 916 902 902 864 864 864 833 833 833 817 817 817 817 817 780 780 780 785 785 677 677 761 713 713 713 713 713 713 713 677 684 593 593 593 593 593 593 647 517 517 517 517 517 517 517 517 517 577 535 535 535 534 534 534 485 507 485 485 485 485 485 462 462 462 462 462 422 422 422 422 393 364 364 364 364 387 387 347 347 347 347 347 347 228 228 306 306 228 228 284 284 78 78 78 252 252 227 227 227 227 227 196 196 196 196 178 178 178 179 162 162 138 138 68 68 68 68 120 89 90 68 68 68 72 15 15 15 42 42 36 16 16 
970 962 903 903 903 903 917 916 916 780 780 780 780 780 780 833 833 817 817 817 817 817 780 780 780 785 785 780 761 761 713 713 713 713 713 713 713 677 684 684 593 593 670 662 593 593 593 517 517 517 517 517 517 564 564 564 564 564 535 534 534 534 485 507 507 507 507 485 485 462 462 462 463 463 422 422 441 422 393 400 364 364 364 364 364 364 347 347 347 348 348 338 338 306 306 314 228 228 284 78 277 252 252 252 252 244 227 227 227 196 196 196 196 178 178 162 162 162 78 78 138 68 68 68 68 89 89 90 90 68 68 72 15 15 15 42 36 36 16 16 
962 962 903 903 903 903 917 917 917 780 780 780 780 780 780 833 833 817 817 817 825 780 780 780 780 785 785 780 761 761 713 713 713 713 713 713 713 677 684 684 648 648 648 662 648 648 517 517 517 517 517 517 517 557 557 578 557 557 535 535 534 534 485 485 485 485 485 485 485 485 462 462 463 452 452 422 422 422 393 400 364 364 364 364 364 364 364 364 364 338 338 338 325 325 306 306 306 228 284 78 78 252 252 78 78 244 227 227 227 78 78 196 196 178 178 162 78 78 78 78 138 125 125 125 89 89 106 90 90 68 68 72 36 36 36 36 36 17 17 17 
962 962 903 903 903 903 924 924 780 780 780 780 780 780 780 780 780 839 839 780 780 780 780 803 780 780 780 780 775 694 713 713 713 694 694 694 694 677 684 684 684 677 648 648 648 649 517 518 518 518 518 602 602 557 557 557 557 557 557 535 534 534 485 485 485 485 485 501 485 485 462 463 463 452 452 422 422 434 393 400 400 400 400 364 364 378 364 364 364 338 338 338 325 325 325 306 306 228 228 228 78 78 78 78 78 78 78 78 78 78 78 78 196 196 162 162 78 78 78 78 125 125 125 125 89 89 78 78 78 78 78 36 36 17 17 17 43 17 17 17 
971 944 944 944 944 903 903 903 780 780 780 897 884 884 780 780 780 780 780 780 780 818 780 803 780 780 781 781 775 694 713 713 713 694 694 694 694 677 677 677 677 677 649 649 649 649 517 517 517 518 518 602 602 557 557 557 557 557 557 535 535 535 485 485 485 485 501 501 485 485 462 463 463 463 422 422 422 422 393 393 393 393 393 364 364 364 364 364 364 338 338 338 338 290 290 290 290 290 290 228 228 228 228 228 228 228 228 228 228 78 78 78 196 196 162 162 78 163 163 78 125 125 125 125 125 78 78 78 78 19 19 36 36 17 53 17 17 17 18 18 
971 944 957 939 939 939 903 903 780 780 780 897 884 884 780 851 780 780 715 715 780 780 780 775 775 775 775 775 775 694 713 713 713 694 694 726 694 694 694 694 678 678 649 649 649 649 517 517 569 518 518 518 602 557 557 579 512 512 512 512 543 472 485 485 485 485 501 501 485 485 462 422 422 422 422 422 422 422 426 393 393 405 393 393 350 350 350 350 291 291 349 338 338 290 290 290 290 290 290 278 278 245 245 245 245 245 221 221 221 78 78 78 78 78 78 78 78 163 164 78 78 78 78 78 78 78 107 78 78 19 19 36 36 37 37 37 37 37 18 18 
971 944 957 939 939 939 903 910 910 910 780 780 780 780 780 851 851 851 715 715 826 715 715 775 775 775 775 775 775 694 694 694 694 694 694 726 714 678 678 695 678 649 649 649 649 649 614 614 569 569 569 518 518 518 588 512 512 512 512 512 543 472 472 472 472 472 472 501 453 453 462 422 422 422 422 422 422 422 422 422 412 350 350 350 350 350 350 350 291 291 291 291 339 291 291 291 291 291 291 278 278 245 245 245 245 221 221 221 221 221 78 78 185 185 185 185 163 163 126 126 78 78 101 101 101 101 101 101 19 19 19 19 37 37 37 18 37 37 18 18 
971 944 944 944 939 939 903 910 910 889 889 889 889 780 780 852 852 852 715 715 826 715 715 715 715 715 775 775 715 715 715 726 726 726 726 726 714 678 678 678 678 649 649 649 649 649 614 569 569 569 569 603 603 518 588 512 512 512 512 512 512 512 512 472 472 512 472 501 453 453 412 412 412 412 412 447 435 435 412 412 412 350 350 350 350 350 373 291 291 291 291 291 339 291 301 301 301 301 278 278 278 245 245 245 245 221 232 221 221 221 78 78 78 78 78 163 163 126 126 126 126 126 101 101 101 101 101 101 19 19 19 19 37 37 37 18 18 18 18 18 
971 944 944 944 940 940 903 903 903 889 715 715 715 715 715 852 852 852 715 715 715 715 776 776 796 715 715 715 715 735 715 715 742 742 715 715 715 678 678 649 649 649 649 649 649 649 614 569 569 569 569 569 604 518 518 580 568 512 512 512 512 512 512 512 512 512 472 472 453 453 412 471 412 412 412 447 412 412 412 412 412 350 350 350 350 373 373 291 355 355 291 291 339 291 279 279 279 302 278 278 278 245 245 245 245 221 232 232 221 221 78 78 78 78 78 163 163 126 126 126 126 126 101 101 101 101 101 19 19 19 73 73 19 19 54 18 18 18 18 18 
944 944 944 944 940 940 903 903 903 903 715 885 885 885 715 865 715 715 715 715 715 715 776 776 776 776 776 776 776 735 735 715 742 742 715 649 649 649 678 649 649 649 649 649 649 649 614 621 621 621 614 569 595 595 518 518 568 512 512 512 518 518 518 518 518 502 502 472 472 453 453 471 412 412 412 412 412 412 412 412 412 350 350 350 350 373 373 291 355 355 291 291 291 291 279 279 279 279 285 285 238 238 245 245 253 221 221 221 221 221 217 78 78 78 78 78 78 78 149 149 149 126 108 108 101 101 101 19 19 19 19 19 19 19 19 48 19 19 19 19 
944 944 944 944 903 903 903 903 903 903 715 715 886 886 715 715 715 715 715 715 715 715 776 776 776 776 762 762 762 762 735 715 715 715 715 649 716 649 649 649 649 649 649 649 649 649 614 614 614 614 614 569 605 569 569 518 518 518 512 512 518 518 524 524 502 502 502 502 472 486 453 453 453 453 453 412 412 388 388 388 388 388 350 350 350 350 373 291 291 291 291 333 291 291 326 279 279 279 285 279 279 238 238 238 253 221 221 221 221 217 217 78 78 78 78 78 78 78 149 126 126 126 108 108 108 108 19 19 19 19 19 64 64 64 19 19 19 38 19 19 
944 944 944 944 903 903 903 903 903 903 903 715 715 715 715 715 715 715 715 715 715 819 776 776 776 776 762 762 762 762 735 735 735 735 735 649 649 649 649 649 649 649 649 649 641 641 641 614 614 614 614 569 569 569 569 569 569 518 518 518 518 518 524 524 502 502 502 502 472 472 472 472 453 453 454 412 412 388 388 388 388 388 388 388 388 350 350 350 350 350 350 333 333 333 326 279 279 279 279 279 280 238 238 238 238 238 238 221 221 217 217 78 78 78 78 78 78 149 149 126 126 126 126 126 126 108 108 19 19 64 64 64 64 64 19 19 38 38 19 19 
