975 975 975 975 975 893 893 893 893 893 893 893 893 893 817 817 817 817 817 767 767 767 767 767 767 767 767 767 767 767 767 767 767 767 758 716 716 715 715 715 564 564 564 564 564 578 578 578 578 578 578 578 578 578 578 578 578 563 563 523 523 523 523 544 544 523 523 523 523 482 482 482 482 482 482 379 379 379 379 379 394 394 394 394 394 394 389 273 273 273 313 313 313 313 326 312 312 272 272 272 272 272 233 233 260 233 233 233 233 226 159 159 159 159 159 159 159 159 159 110 110 110 110 110 110 110 95 95 95 51 51 20 20 20 20 20 38 1 1 1 
975 975 975 975 893 893 893 893 893 943 903 903 893 893 817 817 817 817 817 767 863 767 767 822 822 767 767 805 767 767 758 758 758 758 758 716 715 715 735 715 564 564 564 564 564 564 622 622 578 578 648 578 578 622 622 578 578 563 563 563 563 563 523 523 523 523 523 523 524 482 482 482 482 473 473 379 379 379 379 379 394 394 379 379 379 379 389 273 273 273 273 273 273 313 313 318 313 272 233 233 233 233 233 233 233 233 233 233 233 226 159 201 201 195 141 141 159 159 160 110 110 110 110 110 110 110 95 95 95 51 51 20 20 20 51 20 20 1 2 2 
1002 996 975 975 893 893 893 955 943 943 903 893 893 910 910 817 817 817 817 767 767 767 767 822 822 822 805 805 767 767 758 758 758 759 759 716 735 735 735 715 715 564 564 564 564 564 622 622 622 648 648 638 633 622 622 578 578 578 578 578 495 495 545 545 545 539 473 473 473 473 482 482 482 473 473 473 379 379 379 379 394 394 379 379 379 379 379 379 273 273 273 273 273 336 313 318 313 272 233 233 233 233 233 233 233 233 233 226 226 226 159 201 195 195 141 141 141 141 141 110 110 110 110 110 110 110 95 95 51 51 51 51 51 51 51 44 20 1 1 1 
996 996 943 943 943 943 943 943 943 903 903 893 893 893 893 893 893 817 817 817 767 767 767 805 805 805 805 791 791 791 758 780 747 747 747 716 716 716 716 716 716 564 564 564 564 595 595 595 622 622 622 638 633 622 622 567 567 567 567 567 567 495 545 539 539 539 473 473 473 473 511 473 473 473 483 474 379 449 449 379 379 379 379 410 379 395 379 379 273 273 273 273 273 273 313 313 313 272 305 233 233 233 233 253 253 253 245 234 234 159 159 159 195 195 141 141 141 141 141 110 110 110 110 110 110 111 96 96 51 51 51 51 44 44 44 44 20 20 20 1 
996 943 943 943 943 943 880 880 880 903 911 911 911 911 911 903 817 817 879 817 767 767 838 805 805 791 791 791 791 791 758 747 747 747 747 747 739 739 717 717 717 564 564 564 595 595 595 595 657 657 622 622 633 622 567 567 567 567 567 567 568 495 545 539 539 539 473 473 473 473 511 473 474 474 474 474 379 449 449 379 379 427 379 379 379 379 379 379 273 273 273 273 273 273 273 273 273 272 272 272 272 272 272 253 253 245 245 234 234 159 219 159 195 195 141 141 141 141 161 141 141 141 110 110 96 96 96 96 96 51 51 51 44 44 1 1 1 1 1 1 
996 943 943 943 943 943 880 880 880 903 903 903 903 903 903 903 817 817 817 817 767 767 838 838 791 791 791 791 791 758 758 747 776 747 747 747 739 739 717 698 698 698 698 564 564 564 595 649 649 649 649 622 622 622 567 567 567 567 567 567 568 495 545 539 539 539 473 473 473 473 473 473 474 474 474 379 379 449 449 379 379 379 379 379 379 379 379 379 273 273 273 273 273 273 273 273 273 309 297 297 273 273 273 234 234 245 245 234 234 159 159 159 202 196 141 141 141 141 161 141 146 96 96 96 96 106 106 51 51 51 51 51 44 44 52 1 1 1 1 3 
990 990 990 880 880 880 880 880 880 880 880 880 880 904 904 904 817 817 817 817 817 817 817 839 791 791 791 791 791 758 758 747 747 745 745 755 739 739 717 698 698 698 698 688 688 564 595 595 595 649 649 628 628 628 595 595 595 595 567 567 568 495 504 504 473 473 473 525 525 473 473 504 474 474 474 379 449 449 379 379 379 379 379 380 380 380 380 380 273 273 273 273 273 273 319 319 273 273 297 297 273 284 234 234 234 234 234 234 235 227 159 159 159 196 141 141 141 141 141 141 146 96 120 120 120 106 106 51 51 60 60 60 60 60 3 3 3 3 3 3 
990 990 990 880 880 968 880 880 880 880 933 933 880 904 904 904 885 885 864 864 817 817 817 817 831 791 791 747 747 758 758 747 747 768 745 745 739 739 717 724 698 698 688 688 689 564 595 595 595 649 649 628 629 629 595 605 605 568 568 568 568 495 504 504 504 473 473 525 504 504 504 504 494 379 379 379 379 379 379 379 379 379 379 380 380 380 380 273 273 273 337 273 273 273 273 273 273 273 297 297 273 284 234 234 234 234 220 220 220 227 159 159 159 176 176 176 176 141 141 152 96 96 120 127 51 51 106 51 51 60 60 60 60 3 3 45 3 3 4 4 
880 880 880 880 880 968 880 880 880 880 880 880 880 880 905 905 885 885 864 864 864 817 817 817 817 817 817 747 747 747 787 747 768 768 745 745 739 739 717 717 698 698 688 688 564 564 564 564 595 595 595 629 629 595 595 564 564 568 568 495 495 495 504 504 504 504 504 504 504 505 505 505 494 379 379 379 379 379 379 379 439 379 379 380 380 380 380 273 372 273 337 327 327 327 327 314 314 273 273 273 273 220 220 220 220 254 220 220 220 220 220 176 176 176 141 141 141 141 141 96 96 142 120 127 51 51 51 51 86 86 3 3 3 3 21 21 3 3 4 4 
880 880 880 880 880 880 880 880 880 940 940 880 880 880 880 880 864 864 864 864 864 817 817 817 817 817 817 747 747 747 747 747 768 768 745 745 745 717 717 717 698 698 683 683 564 564 564 564 564 564 595 595 595 595 623 564 564 568 568 495 495 495 495 552 504 504 505 505 505 505 494 494 494 444 444 444 444 444 444 420 420 420 420 380 380 380 380 273 273 273 337 327 327 327 327 314 293 293 293 293 293 220 220 220 220 220 220 220 220 220 221 176 176 176 141 141 170 170 141 96 120 120 120 51 51 100 3 3 3 3 3 61 61 61 21 21 21 21 21 4 
880 880 880 976 976 880 880 880 880 880 880 880 880 917 880 880 864 864 864 864 864 817 817 840 832 823 806 806 747 781 781 781 768 768 745 745 746 717 717 717 683 683 683 683 683 683 665 665 564 564 564 564 623 623 623 564 564 564 564 564 564 564 495 495 495 505 505 505 505 505 494 506 444 444 444 444 455 455 444 420 420 420 328 328 328 328 328 328 367 367 337 352 327 327 314 314 293 96 96 96 96 220 220 220 220 220 220 220 220 220 221 176 176 188 188 141 141 141 141 96 120 120 120 51 51 100 100 3 3 3 3 21 21 21 21 22 22 22 22 4 
880 880 880 880 880 880 956 956 880 880 880 880 880 917 880 880 880 880 880 854 854 854 832 832 832 823 806 806 747 781 725 725 725 725 725 725 746 717 717 717 683 699 699 683 683 665 665 665 564 564 564 564 623 623 564 564 579 579 579 579 564 564 495 495 495 505 505 505 505 505 494 494 444 444 484 455 455 456 444 420 420 328 328 328 328 328 328 328 367 367 337 337 337 337 314 314 293 96 96 285 96 96 96 96 246 246 246 96 96 221 221 176 176 188 141 141 141 96 96 96 120 120 120 120 51 51 100 100 78 78 78 21 21 22 22 22 22 4 4 4 
880 880 880 880 880 880 880 957 880 880 880 934 880 880 894 894 894 854 854 854 865 832 832 823 823 823 806 806 747 725 725 725 725 725 725 725 725 725 725 725 683 683 683 683 683 665 676 665 665 634 634 564 564 564 564 612 579 579 579 495 495 495 553 553 495 495 495 495 507 507 507 507 495 444 484 455 455 455 444 420 420 328 328 328 328 328 328 328 328 328 353 353 328 328 328 293 293 306 306 285 285 285 96 96 246 96 96 96 96 221 221 96 96 188 141 141 141 96 162 153 134 134 134 120 120 51 100 100 78 78 21 21 21 22 22 22 22 23 23 5 
880 880 880 982 880 880 880 957 880 944 880 880 880 880 854 854 895 854 854 854 865 832 832 823 823 823 806 806 747 725 725 725 725 725 725 756 706 706 718 718 718 706 683 683 683 665 588 588 588 634 634 634 634 588 588 588 588 588 588 495 569 495 495 495 495 495 533 495 507 507 507 495 495 444 444 455 455 455 444 444 421 421 421 328 328 328 328 373 373 328 328 328 328 338 293 293 306 306 274 274 274 274 96 246 246 96 236 236 96 96 221 96 96 188 96 96 96 96 162 153 134 134 120 120 120 51 101 101 78 78 21 21 21 46 22 22 23 23 23 5 
983 983 880 880 880 880 880 880 880 941 941 880 880 854 854 854 854 854 793 793 793 793 793 807 823 823 807 807 747 747 747 769 769 769 760 706 706 706 718 718 718 706 683 683 683 665 588 588 588 588 588 588 588 588 606 606 606 588 588 495 495 495 495 495 495 495 495 495 517 517 495 495 496 444 444 475 450 450 444 444 421 428 338 338 328 328 338 338 338 338 338 338 338 338 293 320 306 306 274 274 274 274 96 96 261 96 236 236 236 96 96 96 96 188 96 153 153 153 153 153 134 134 120 120 120 51 21 21 21 21 21 21 21 46 22 22 23 23 23 5 
983 983 983 983 941 941 941 941 941 941 942 854 854 854 896 854 854 854 793 793 793 793 793 807 807 807 807 792 792 792 747 747 747 747 760 706 706 706 706 706 706 706 650 650 650 665 588 588 588 588 639 639 630 630 606 607 607 485 485 565 565 565 495 495 495 495 495 495 495 495 495 496 496 444 444 444 450 450 450 421 421 428 338 338 396 396 338 338 338 361 338 338 339 339 293 293 293 293 274 274 274 274 274 96 96 96 210 210 237 210 210 210 96 96 96 153 163 163 163 122 122 121 121 121 121 51 21 21 21 21 21 21 21 46 46 46 29 29 5 5 
983 983 983 984 941 941 941 941 941 942 942 854 854 896 896 854 854 854 793 793 793 793 793 792 792 792 792 792 798 761 761 747 747 747 760 706 706 706 706 719 706 706 650 650 650 650 650 650 650 658 630 630 630 631 606 607 485 485 485 485 485 557 557 518 518 518 518 512 512 512 512 485 485 444 444 476 450 457 451 421 428 428 338 338 338 338 338 338 338 361 361 354 255 255 255 293 293 293 255 255 255 255 255 255 255 255 210 210 210 210 122 122 122 122 122 153 122 122 122 122 122 121 121 121 122 51 107 21 21 21 21 21 21 21 47 47 29 29 5 5 
997 984 984 984 941 941 941 958 913 913 913 913 854 896 912 854 854 854 841 841 793 793 793 792 792 792 792 792 761 761 761 747 770 770 747 747 747 706 706 719 719 707 650 650 650 650 666 666 650 650 630 630 606 606 606 606 485 485 570 570 485 557 557 518 518 518 518 518 518 518 485 485 485 444 444 476 450 451 451 421 428 428 338 402 338 338 338 338 338 354 354 354 255 255 255 293 293 255 255 255 255 255 255 262 262 210 210 210 210 210 122 203 203 122 122 122 122 154 154 154 122 122 122 122 122 51 51 21 21 21 79 21 21 21 6 6 30 5 5 5 
997 984 984 984 941 941 962 951 951 913 913 913 924 896 896 854 854 854 841 841 855 855 793 833 833 792 792 792 761 761 761 747 770 770 747 748 748 740 736 707 707 707 650 684 684 684 666 666 666 650 650 606 606 606 606 606 608 485 570 570 485 557 557 485 485 485 518 518 485 485 485 485 485 485 485 451 451 451 421 421 428 428 338 402 402 338 338 381 338 354 354 255 255 255 255 255 255 255 255 255 255 255 255 262 210 210 210 210 238 210 122 203 122 122 177 122 122 122 122 122 135 135 122 122 112 112 102 102 79 79 79 6 6 6 6 6 30 5 5 5 
997 997 941 941 941 941 941 951 951 925 925 913 913 913 896 896 809 809 881 841 855 855 793 833 824 824 761 761 799 761 761 747 747 747 747 748 748 740 736 707 707 707 650 684 659 659 659 659 667 659 606 606 608 608 608 608 608 485 570 570 485 557 557 485 534 485 485 485 485 485 485 485 485 485 451 451 465 421 421 421 421 421 338 338 338 338 381 381 338 338 354 255 344 255 255 321 255 255 255 298 255 255 255 262 210 210 210 210 238 210 122 122 122 197 177 177 177 122 122 122 135 135 135 128 112 112 102 102 80 80 6 6 68 6 6 6 30 30 6 6 
941 941 941 941 941 941 941 941 925 925 913 913 913 913 896 896 809 809 809 841 841 841 793 824 824 761 761 761 761 761 761 761 761 761 761 748 748 740 736 707 707 707 650 659 659 659 659 659 659 659 606 608 608 608 608 608 608 485 589 570 485 485 485 485 534 534 534 485 485 485 485 451 451 451 451 465 465 421 421 421 421 421 338 338 338 338 381 381 338 338 354 255 255 255 255 255 255 255 255 298 255 255 255 262 210 210 210 210 238 210 122 122 122 122 122 122 122 122 122 122 135 135 135 128 80 80 80 80 80 80 6 6 68 6 6 6 24 24 6 6 
941 941 941 941 977 941 941 941 925 925 913 913 913 913 896 896 809 809 809 841 841 841 793 824 824 761 761 761 761 748 748 748 748 748 748 748 740 740 708 708 708 708 650 659 659 659 660 660 660 660 606 608 608 608 613 613 485 485 589 570 546 546 546 546 546 451 451 451 526 451 451 451 451 451 451 451 445 445 445 445 403 429 338 338 338 338 338 338 338 338 340 340 340 340 255 255 255 255 255 255 255 256 256 256 256 256 210 210 210 210 122 122 122 181 181 181 122 122 147 147 135 135 135 128 80 80 80 80 80 80 80 6 6 6 6 6 24 24 24 6 
941 941 918 918 918 918 941 941 941 925 925 925 925 913 913 896 896 809 809 841 841 856 793 793 793 825 726 726 726 748 748 748 748 748 748 748 740 740 708 708 650 650 650 659 659 659 660 660 660 660 606 606 608 608 485 485 485 596 570 570 546 558 558 547 547 451 451 451 526 451 451 497 451 451 451 451 445 445 445 445 403 403 403 338 338 338 338 338 338 338 340 340 340 341 322 322 255 255 263 263 256 256 256 256 256 256 210 210 122 122 122 147 147 147 147 147 147 147 147 147 128 128 128 128 123 80 80 80 80 81 81 74 6 6 6 6 24 24 24 6 
992 941 918 918 969 918 941 941 941 941 941 914 914 914 914 896 896 809 809 809 841 841 841 841 793 793 808 808 726 726 726 777 748 748 748 748 740 740 708 708 650 650 661 661 661 661 661 660 660 606 606 606 608 608 485 590 590 590 570 570 546 546 547 547 451 451 451 528 451 451 451 497 497 451 451 466 445 445 445 445 403 403 403 338 338 397 338 338 338 355 355 355 341 341 322 322 310 310 263 263 256 286 256 256 256 256 210 210 122 182 147 147 147 147 147 147 147 147 147 147 128 128 128 123 123 87 87 87 87 74 74 74 6 53 53 6 6 6 6 6 
992 941 991 918 969 918 918 941 941 941 941 914 914 914 914 882 882 882 882 809 866 857 849 800 800 793 793 793 793 793 726 777 777 726 726 726 740 709 709 709 720 650 661 661 661 661 661 661 661 606 606 606 606 606 485 590 590 590 590 570 570 546 547 547 451 451 451 451 451 451 451 451 489 489 486 466 466 382 382 446 403 403 403 403 338 397 338 338 338 338 338 341 341 329 329 310 310 310 263 299 256 275 275 256 256 257 210 210 122 182 147 147 147 147 147 147 178 171 147 123 123 123 123 123 124 87 103 103 87 87 62 62 6 6 6 6 6 6 6 6 
992 941 991 918 969 969 918 959 941 941 918 918 918 918 882 882 897 882 882 809 857 857 849 800 800 800 800 800 800 794 726 726 726 726 762 726 740 709 709 709 709 650 650 661 661 661 677 661 661 606 606 640 606 606 485 571 571 571 571 571 571 546 546 547 548 451 451 451 451 451 451 451 489 486 486 477 431 382 382 382 382 382 404 403 338 338 338 338 338 338 338 341 341 329 330 310 310 310 263 256 256 275 275 256 256 257 247 122 122 182 182 182 182 182 147 147 171 171 147 123 123 48 48 48 87 87 62 62 62 62 62 62 62 62 6 6 6 6 6 6 
992 941 991 918 918 918 918 918 918 918 918 935 882 882 882 882 882 883 883 809 857 857 849 800 800 800 794 794 794 794 726 726 771 771 762 726 726 726 709 709 709 709 650 661 661 685 661 661 661 661 606 640 606 606 485 571 571 546 546 546 546 546 546 547 451 451 451 451 451 519 451 451 489 486 486 477 431 382 382 382 382 382 404 403 403 315 315 315 315 315 315 341 341 329 330 310 310 310 263 256 294 275 275 256 256 257 247 122 122 122 122 182 182 182 182 182 171 171 147 123 123 48 136 48 87 63 63 63 63 63 63 63 69 63 6 6 6 6 6 6 
992 941 941 941 918 918 960 960 918 918 918 935 882 882 882 882 882 883 883 809 809 809 849 800 800 800 794 794 794 794 762 762 762 772 762 650 650 726 726 726 709 709 650 650 650 685 661 661 661 662 606 640 606 606 485 485 609 546 591 546 546 546 546 547 451 451 451 451 451 519 458 458 458 477 477 477 431 431 382 382 430 430 404 404 404 315 315 315 315 315 315 345 345 329 330 310 310 310 263 256 256 256 256 256 257 257 247 122 122 122 122 155 155 155 155 155 155 171 147 147 147 48 48 48 87 63 63 63 63 82 82 63 63 63 6 6 6 6 6 7 
992 992 992 918 918 918 918 918 918 918 918 882 882 882 882 882 882 886 859 859 859 809 809 809 809 818 818 762 762 762 762 782 762 762 762 650 650 650 737 650 650 650 650 650 650 650 662 662 662 662 606 640 606 606 606 485 485 546 549 549 549 549 549 535 535 535 535 451 451 519 458 458 458 477 458 458 458 431 431 382 382 382 411 411 398 398 315 315 315 315 315 345 329 329 258 258 258 258 263 265 265 265 265 265 257 247 247 122 239 205 205 155 204 155 155 183 155 155 155 155 48 48 48 129 82 82 63 63 82 82 83 54 54 54 6 6 6 6 6 7 
930 930 993 918 918 918 918 918 918 918 918 882 926 882 882 882 882 859 859 871 842 842 842 842 809 809 819 762 762 762 788 782 762 762 763 650 650 650 737 650 650 650 700 650 650 650 650 651 651 651 606 606 606 606 606 614 546 546 549 580 549 549 549 535 535 535 520 520 519 519 458 458 458 458 458 478 458 458 431 431 431 382 382 412 398 398 374 374 315 368 315 315 329 329 315 315 315 258 263 263 263 276 276 257 257 247 248 122 239 205 205 155 155 155 155 155 156 156 156 156 48 48 48 129 82 82 82 82 82 83 83 54 54 54 7 7 7 7 7 7 
930 930 993 930 930 930 918 918 918 918 918 882 882 882 882 882 882 859 859 859 842 842 809 809 809 809 819 762 762 762 788 782 763 763 763 650 650 650 650 650 651 651 651 651 650 650 650 651 651 651 651 546 546 546 546 546 546 597 549 549 572 566 549 549 549 520 520 520 519 519 458 413 413 413 413 478 458 458 431 431 431 431 382 382 405 374 374 374 315 315 315 315 315 329 315 315 315 258 300 300 263 263 263 257 257 257 122 122 239 205 205 205 205 155 155 155 156 156 164 156 48 48 48 129 82 113 108 83 83 83 83 54 54 54 7 7 7 7 7 7 
930 930 930 930 978 930 918 918 918 930 869 869 927 882 882 882 882 882 859 859 842 842 809 826 826 826 809 809 762 762 788 782 763 773 749 749 749 650 650 641 641 641 641 651 651 651 651 651 651 651 651 546 546 546 546 597 597 597 549 549 566 566 521 521 521 520 520 520 519 519 458 413 413 440 413 413 413 413 413 413 413 413 422 382 405 374 374 374 374 315 315 315 315 329 315 315 315 258 277 277 277 287 263 263 263 122 122 211 211 228 205 205 155 155 155 155 155 156 156 156 48 82 82 82 82 108 108 83 83 83 83 54 54 54 54 31 31 31 8 8 
930 930 978 978 978 930 918 918 918 930 869 869 927 882 882 882 882 882 859 867 867 858 809 809 809 827 809 762 762 782 782 782 763 763 749 749 749 650 650 641 641 641 641 693 651 651 651 651 651 651 641 641 546 546 624 597 598 598 549 581 566 566 521 521 521 520 520 520 519 519 458 458 458 440 440 440 440 440 440 440 440 413 413 382 382 382 382 382 362 362 362 315 329 329 315 315 316 258 277 277 277 277 277 258 258 122 122 211 211 211 211 211 155 198 155 155 155 165 165 48 48 82 82 108 108 108 70 70 88 88 70 70 70 54 54 31 31 8 8 9 
1003 930 978 979 979 930 930 930 930 930 869 869 869 869 915 882 882 859 859 867 858 858 843 843 809 827 809 762 762 762 762 763 763 763 749 749 641 641 641 641 710 710 641 641 641 641 641 663 663 663 641 642 546 546 624 597 598 598 549 549 549 549 521 521 521 520 520 520 520 520 458 458 458 458 440 440 459 459 432 432 432 432 413 413 382 382 382 382 362 362 363 315 315 315 315 315 316 258 277 277 258 258 278 258 258 258 122 211 211 211 211 155 155 165 165 165 165 165 166 48 48 70 70 70 70 114 70 70 88 88 70 70 70 48 48 48 31 8 9 9 
930 930 978 952 952 970 930 930 930 930 928 928 928 869 869 882 882 859 859 859 858 858 843 844 809 809 809 810 762 762 762 763 763 641 641 641 641 641 641 727 710 710 652 652 641 641 641 641 641 641 641 642 546 546 624 597 598 598 582 582 527 527 521 521 521 521 521 521 521 521 458 458 458 458 479 479 459 459 432 433 433 433 399 399 399 399 264 264 264 264 363 264 264 315 315 316 316 258 258 258 258 258 258 258 122 122 122 207 211 211 211 155 206 165 189 165 165 165 48 48 48 70 70 70 70 70 70 70 70 70 70 48 48 48 25 25 31 8 8 8 
930 930 930 952 952 952 952 952 930 930 928 928 869 869 869 882 882 887 859 859 868 858 843 844 809 809 795 795 795 795 762 763 763 641 641 641 641 641 727 727 678 678 652 652 652 652 652 652 652 652 652 597 597 597 597 597 598 598 582 582 527 527 527 527 527 513 513 529 513 513 513 508 432 432 432 432 432 432 432 433 433 434 399 414 399 399 264 264 264 264 264 264 264 264 264 307 307 307 307 258 258 258 258 258 122 122 207 207 211 211 222 155 206 165 165 165 165 165 48 48 48 48 48 48 48 48 48 48 48 48 48 48 71 25 25 25 25 25 25 8 
930 930 930 952 980 952 952 952 952 906 906 906 869 887 887 887 887 887 859 859 859 859 843 795 795 795 795 811 796 796 762 763 763 641 641 757 641 641 678 678 678 678 678 694 678 678 652 652 653 653 653 597 597 597 597 599 599 527 527 527 527 559 559 527 527 513 513 513 513 514 514 508 432 432 487 432 432 432 432 432 434 434 399 414 383 383 383 383 264 342 342 342 342 342 264 307 307 122 122 258 258 258 279 122 122 122 207 207 207 207 155 155 190 190 165 165 165 165 48 48 48 48 97 97 97 97 97 97 97 48 48 71 71 25 32 32 25 25 26 8 
930 930 930 952 952 952 952 952 952 906 906 906 869 869 869 869 869 869 869 869 869 843 843 795 795 795 796 796 796 762 762 763 763 774 750 750 641 741 678 728 678 678 678 694 678 678 678 673 653 653 597 597 597 597 615 599 599 527 527 527 527 559 559 527 550 513 536 527 527 514 508 508 432 432 480 480 432 432 441 432 434 434 399 383 383 390 390 383 264 342 356 356 342 342 264 307 307 122 122 122 122 122 279 122 122 122 223 223 223 207 207 207 190 190 172 172 172 172 48 48 48 48 97 97 97 97 97 97 64 64 64 64 64 25 25 32 32 32 8 8 
930 930 930 930 930 930 930 930 952 906 906 906 906 906 906 870 870 870 870 870 870 843 843 795 795 828 796 796 796 762 762 762 774 774 750 750 641 641 678 678 701 701 701 678 678 673 673 673 645 645 597 597 597 597 615 615 599 599 527 583 559 559 559 527 527 527 527 527 514 514 508 508 432 480 480 481 432 432 441 441 441 399 399 383 383 383 391 383 264 342 342 342 342 342 264 264 264 122 295 295 295 122 122 122 122 240 223 223 223 223 223 207 207 190 172 172 137 137 137 137 143 143 137 64 64 64 64 64 64 75 75 75 64 64 25 49 25 25 25 10 
1004 971 971 930 930 930 930 930 930 906 906 936 906 906 906 870 870 888 870 870 850 850 843 843 795 795 796 812 796 762 762 783 774 774 750 750 750 641 641 678 678 678 678 678 673 673 645 645 645 645 600 600 597 597 615 615 599 599 527 583 559 559 559 530 530 530 527 527 514 508 508 508 432 480 480 432 432 432 447 447 399 399 399 399 406 383 383 383 264 369 342 342 288 288 323 323 264 264 264 264 264 264 122 266 122 240 223 223 229 229 199 199 199 190 190 137 137 137 137 137 137 137 137 64 64 109 109 64 64 39 39 76 64 64 25 25 25 25 25 10 
1004 971 971 971 971 971 930 930 930 945 906 906 906 906 898 898 870 870 870 872 850 850 850 843 795 795 796 796 796 762 762 762 762 751 751 751 641 641 641 729 711 711 695 695 673 673 645 674 645 645 600 600 600 600 600 600 600 600 527 527 559 559 560 530 530 530 530 514 514 508 508 508 432 432 432 432 399 399 399 399 399 399 399 399 324 324 392 357 357 357 357 357 288 288 288 288 288 288 288 301 264 264 122 122 122 240 240 243 229 230 199 212 199 199 125 137 137 125 125 125 125 144 125 125 125 39 39 39 39 39 39 39 39 39 39 39 39 10 10 10 
985 985 985 985 972 972 930 930 930 945 906 906 919 919 898 898 898 889 870 843 843 843 843 843 795 829 795 795 795 762 762 762 762 751 751 751 641 729 729 729 711 711 673 673 673 673 645 645 645 625 625 625 625 625 625 600 600 551 551 527 527 527 527 527 530 530 530 514 514 508 508 508 432 432 432 432 399 399 399 399 423 423 423 399 324 357 357 357 357 357 358 358 288 288 288 288 288 308 288 288 264 264 264 122 122 240 240 240 240 230 199 199 199 200 125 125 137 125 167 125 125 125 125 39 39 39 39 39 39 39 39 39 39 39 10 10 10 10 10 10 
985 985 985 985 972 972 930 930 930 906 906 937 906 906 906 906 889 889 870 873 843 843 795 795 795 829 795 795 795 784 784 751 751 751 751 751 641 641 730 730 673 673 673 673 673 679 679 645 645 625 625 625 602 602 551 551 551 551 551 573 573 527 527 527 527 540 530 530 498 498 508 508 490 490 460 460 399 399 399 399 399 399 399 399 324 357 324 324 324 358 358 288 288 288 288 288 308 308 308 288 288 288 264 267 264 240 240 240 230 230 199 199 199 157 157 125 125 125 167 125 125 125 39 39 115 115 39 39 89 89 39 39 39 39 10 10 33 33 10 10 
985 985 985 985 930 930 930 930 930 906 906 906 906 899 899 899 899 870 870 873 795 795 795 834 834 795 795 795 795 784 784 751 751 751 751 751 751 641 641 731 673 673 673 690 690 679 645 645 645 643 643 643 602 602 551 551 551 551 551 551 551 527 527 527 527 498 498 498 498 498 498 498 490 490 460 460 399 399 399 399 399 399 399 399 324 357 324 324 324 324 324 288 288 288 288 288 308 311 308 289 289 289 264 264 264 259 230 230 230 199 199 199 199 199 157 179 179 167 167 39 39 39 39 130 115 39 39 39 39 39 77 77 10 10 10 10 10 10 10 10 
986 986 986 986 930 963 963 899 899 906 906 929 929 899 899 907 900 870 873 873 795 860 851 795 795 795 801 801 801 784 784 784 751 751 752 752 752 641 641 731 673 673 690 690 679 679 645 645 645 643 643 643 602 602 601 601 601 551 551 551 551 527 561 527 527 498 498 498 498 498 498 498 498 467 467 460 399 399 399 399 399 399 399 399 324 324 324 324 324 324 324 346 346 324 324 324 308 308 308 289 289 289 259 259 259 259 208 208 208 199 199 199 208 157 157 179 179 167 167 39 39 39 39 115 115 39 39 39 39 39 77 77 10 10 10 10 10 10 10 10 
986 998 986 986 930 930 930 930 899 899 899 929 899 899 899 907 900 870 870 874 795 795 851 795 801 801 801 801 801 751 751 785 751 751 752 641 641 641 641 641 673 673 679 679 679 680 680 645 645 643 643 644 602 602 601 601 601 551 551 551 551 527 561 527 527 541 498 498 498 498 498 488 488 467 460 460 399 399 399 399 435 435 375 375 324 324 375 375 375 324 324 346 347 324 324 268 268 268 268 289 289 268 268 268 208 208 208 241 208 199 199 213 208 157 157 157 157 157 167 39 39 39 39 115 115 39 55 55 55 55 55 55 55 55 55 34 34 34 11 11 
986 986 986 987 964 964 964 930 930 930 899 899 899 907 907 907 900 870 870 870 870 795 795 795 801 641 641 751 751 751 751 751 751 775 641 641 641 641 641 641 673 673 679 679 679 645 645 645 645 643 643 644 602 602 616 616 601 551 551 574 574 527 527 527 527 527 527 498 498 498 498 488 488 467 460 460 460 460 399 399 375 375 375 375 375 375 375 384 324 324 364 346 324 324 324 268 268 268 268 289 289 268 269 269 208 208 208 241 208 208 213 213 208 184 184 184 157 157 39 39 39 39 39 39 39 39 55 55 34 34 34 34 56 56 56 34 40 11 11 12 
986 986 986 964 964 964 964 930 930 930 930 930 930 900 900 900 900 870 884 870 870 845 845 845 801 641 820 751 751 751 751 751 641 641 641 722 722 641 641 732 721 679 679 679 679 645 645 645 645 643 643 632 632 602 602 602 601 601 551 551 575 551 551 551 551 527 527 499 499 499 499 488 488 467 467 467 467 448 448 448 375 375 415 384 384 384 384 384 324 346 346 346 324 324 331 268 268 268 268 268 268 268 208 208 208 208 208 241 241 208 208 208 208 184 184 184 157 173 39 39 39 131 131 131 72 72 72 72 34 34 34 34 34 34 57 34 40 11 11 11 
986 986 986 964 964 973 946 946 946 946 931 931 931 900 900 900 901 870 884 870 870 845 801 801 801 641 820 751 751 751 751 751 641 764 764 722 722 722 722 721 721 679 679 679 691 645 668 668 668 643 643 632 632 602 602 602 602 602 551 551 551 551 551 551 527 527 499 499 499 499 499 488 488 488 408 408 408 448 375 375 375 375 415 384 384 384 384 385 324 324 324 324 324 324 268 268 268 268 268 268 268 290 208 208 208 208 208 224 224 224 224 184 184 184 185 157 157 168 168 14 14 14 14 132 72 72 72 72 90 90 34 65 65 34 34 34 40 11 11 11 
964 964 964 964 964 973 946 946 946 932 932 932 900 900 900 900 900 870 870 870 845 845 801 801 641 641 751 751 802 641 641 641 641 764 722 722 753 722 722 721 721 686 686 686 686 645 645 668 668 645 645 645 632 602 602 617 602 602 551 584 551 562 562 527 527 542 499 499 499 500 499 499 499 488 408 408 408 408 408 424 424 436 415 415 384 332 332 385 370 370 332 332 332 332 268 268 268 268 268 280 280 290 208 208 208 208 208 224 224 224 224 184 184 186 185 157 157 168 14 14 14 14 14 14 72 72 90 90 90 91 34 65 65 65 34 34 40 11 13 13 
964 994 994 932 932 932 932 932 932 932 932 932 900 900 900 900 900 875 875 875 845 801 801 801 641 641 641 813 641 641 641 641 778 764 722 722 753 722 722 721 721 686 686 686 686 686 645 645 645 645 610 610 632 632 610 610 602 602 551 551 551 562 542 542 542 542 522 522 500 500 500 500 500 488 488 408 461 461 408 424 424 424 424 384 384 332 332 385 370 370 332 348 348 332 332 268 268 268 268 280 280 280 280 208 208 208 208 224 224 224 224 214 184 186 185 185 157 168 14 14 14 14 14 14 72 72 72 72 72 72 72 72 72 11 11 11 11 11 13 13 
964 964 974 974 974 974 932 932 953 932 932 932 932 862 862 862 875 875 845 845 845 801 852 641 641 641 641 641 641 702 641 641 778 764 764 722 722 722 722 722 722 686 686 686 686 686 669 669 669 610 610 646 610 610 610 610 610 585 585 585 542 542 542 554 522 522 522 522 500 500 500 509 491 491 408 408 461 461 408 424 424 384 384 384 407 332 332 332 332 332 332 325 325 325 325 268 268 268 268 268 268 281 281 270 249 249 249 214 214 214 214 214 184 186 186 186 157 157 157 157 14 14 14 14 72 72 98 98 98 92 73 73 73 11 11 35 35 35 13 13 
1005 964 974 974 974 938 938 938 938 932 932 932 862 862 862 862 875 875 845 845 845 801 852 641 641 641 797 641 641 702 641 641 764 764 764 702 702 702 702 702 702 712 686 686 686 686 669 647 647 610 610 646 610 610 610 618 611 585 585 585 542 542 542 554 522 522 522 522 522 491 491 491 491 408 408 468 468 408 408 424 424 384 425 416 332 332 332 332 332 332 365 325 325 325 325 268 268 302 302 302 268 281 270 270 249 249 249 214 214 214 215 215 184 187 187 187 174 174 14 14 14 14 14 14 116 98 98 73 73 92 73 73 11 11 11 14 14 14 14 14 
1005 964 974 974 965 965 965 938 938 947 862 862 862 920 862 862 875 875 845 845 845 801 801 830 830 830 797 797 797 702 702 764 764 702 702 702 754 669 669 669 702 702 702 669 669 669 669 647 647 664 610 610 610 592 592 592 611 542 542 542 542 542 542 522 522 522 522 469 469 491 491 491 491 408 408 408 408 408 452 424 424 384 416 416 332 400 332 332 332 332 332 359 325 325 325 325 268 268 268 268 268 281 270 249 249 249 249 214 214 214 184 184 184 187 14 14 174 14 14 14 14 14 116 116 116 98 98 73 73 73 73 73 11 11 11 14 36 36 27 15 
1005 964 974 974 965 966 966 938 947 947 862 862 862 890 890 890 890 890 845 845 801 801 801 803 803 803 803 814 797 797 702 702 702 702 754 754 754 669 669 669 669 669 669 669 687 687 681 647 647 647 610 610 592 592 626 592 592 542 586 586 542 542 542 522 522 522 522 469 469 491 491 491 491 408 408 408 408 408 408 442 442 384 416 416 332 332 386 386 332 332 332 349 349 325 325 303 303 303 303 303 296 270 270 249 249 249 249 214 214 214 214 214 14 14 14 14 14 14 148 148 148 14 116 116 116 116 98 73 73 73 73 73 14 14 58 14 36 27 27 15 
1005 964 964 965 965 966 966 938 947 862 862 876 876 876 876 876 876 876 876 876 801 801 801 803 803 803 803 803 803 754 754 754 754 754 754 742 742 742 669 669 669 696 696 696 681 681 681 647 670 647 647 647 592 592 626 619 592 542 586 586 542 542 542 555 522 543 469 469 469 469 469 469 469 469 469 469 469 408 408 408 408 408 408 408 408 332 332 332 332 349 349 349 333 333 303 303 296 296 296 296 296 270 270 270 249 249 249 242 242 231 214 214 14 14 14 14 14 145 145 149 149 14 98 98 98 98 98 14 14 73 73 73 14 14 14 14 28 28 28 15 
1005 964 964 965 966 966 966 938 938 862 862 862 862 877 876 876 877 877 877 877 801 801 853 754 754 803 803 803 754 754 789 765 765 765 669 742 742 669 669 669 669 696 696 696 681 681 647 647 670 647 647 592 592 592 619 619 592 542 542 542 555 555 555 555 522 522 469 469 469 469 469 469 501 469 469 469 469 408 408 408 349 349 349 349 349 401 376 376 376 349 349 349 333 333 303 303 296 296 296 242 242 242 242 242 242 242 242 242 231 231 216 216 14 145 145 145 145 145 145 145 145 14 98 98 98 117 14 14 14 93 73 73 14 14 50 50 28 28 28 15 
964 964 965 965 966 961 961 961 938 938 938 938 862 877 877 877 877 891 754 754 754 853 853 754 754 754 815 815 754 765 765 765 765 765 669 669 669 669 669 669 713 713 654 654 681 681 647 647 647 647 647 592 592 592 619 556 592 592 592 542 542 542 542 542 542 522 469 469 469 469 453 453 453 453 453 469 469 408 408 408 349 437 417 417 349 349 376 376 349 349 349 349 333 333 333 242 242 242 242 242 291 291 250 250 250 250 250 231 231 216 216 14 14 145 145 145 145 145 169 145 145 14 14 14 14 117 14 14 14 14 14 14 14 14 50 50 28 28 28 15 
964 964 964 964 964 961 961 948 948 948 908 908 862 862 862 862 862 891 754 754 754 754 754 754 835 754 754 754 754 765 765 765 765 765 620 703 703 703 703 703 713 713 654 654 654 654 647 647 671 627 627 635 635 592 592 556 556 603 576 576 542 542 542 542 542 522 537 453 453 453 453 492 492 492 453 453 470 408 408 408 349 417 417 349 349 349 376 376 349 349 360 360 333 333 334 242 250 250 250 250 250 250 250 250 250 251 251 231 216 216 225 14 209 145 145 145 145 145 145 145 145 145 14 14 14 117 14 14 14 14 84 59 59 59 59 15 15 28 28 15 
964 964 964 964 964 902 902 902 954 908 908 908 862 862 908 908 862 754 754 754 790 754 754 846 821 821 821 765 765 765 765 765 765 765 620 703 733 733 733 703 714 714 654 654 654 654 654 654 671 627 627 627 627 592 592 556 556 603 576 576 576 542 542 542 542 522 522 453 453 515 515 462 462 462 462 453 453 453 453 349 349 417 417 349 349 349 376 349 349 349 360 333 333 333 334 242 242 242 251 251 251 251 251 251 251 251 252 231 216 14 14 14 209 145 145 175 175 175 145 158 133 133 133 133 14 14 14 14 14 94 84 59 59 59 15 15 15 28 28 15 
999 999 988 988 902 902 967 908 908 908 916 908 908 908 908 862 862 754 754 754 790 821 821 821 821 765 765 765 786 786 786 786 765 765 620 703 733 733 733 703 714 714 654 654 654 654 654 654 671 627 627 627 627 592 592 556 556 556 556 556 556 542 542 542 542 542 522 531 453 453 453 462 462 462 462 462 462 462 443 349 417 417 417 349 349 349 349 349 333 333 333 333 333 333 334 242 242 242 242 242 251 251 242 251 251 231 231 231 216 14 191 191 191 191 145 145 175 175 145 158 133 133 133 99 99 14 14 14 14 14 84 59 59 59 15 15 15 15 15 15 
999 988 988 989 902 902 967 908 908 908 916 921 921 921 916 862 862 892 790 790 790 821 821 821 765 765 765 765 765 765 765 765 765 765 620 703 733 733 733 703 703 703 703 654 654 675 654 654 654 654 654 627 627 592 592 620 577 577 577 587 556 556 556 542 542 542 522 522 522 522 453 493 493 462 462 462 463 463 443 443 443 417 417 418 349 349 349 349 333 333 333 334 334 334 334 304 304 304 304 242 242 242 242 216 216 231 231 244 216 14 14 192 192 191 191 145 175 175 145 158 133 133 99 99 99 99 99 14 14 14 84 59 59 59 15 15 41 16 16 16 
988 988 989 989 981 902 967 908 949 949 916 916 916 916 916 862 862 790 790 790 790 861 821 821 765 765 765 816 765 765 765 765 765 765 620 703 733 733 733 733 703 703 703 675 675 675 654 654 654 655 655 627 627 627 627 620 577 604 577 587 538 538 556 556 542 542 453 453 522 522 453 493 493 493 463 463 463 377 377 377 377 377 426 377 377 377 349 349 333 333 333 334 334 334 335 304 304 304 304 304 292 292 282 216 216 216 231 216 216 232 14 192 192 192 192 145 175 175 145 145 133 133 99 99 99 118 99 104 84 84 84 59 59 59 15 41 41 16 16 17 
988 902 902 902 981 902 902 908 949 909 909 939 909 909 909 862 862 790 790 790 790 790 790 836 836 765 765 790 790 790 790 765 765 620 620 703 703 703 738 734 703 703 675 675 675 675 675 675 672 620 620 620 620 620 620 620 577 604 577 577 538 538 538 538 538 538 538 453 453 453 453 453 463 463 463 471 471 377 377 377 377 377 377 377 387 377 377 377 377 343 343 334 334 334 335 304 304 292 292 292 292 282 282 216 216 216 216 216 232 232 14 192 192 193 193 145 145 145 145 145 150 119 119 119 99 99 99 99 84 84 84 59 59 59 15 15 15 15 16 16 
988 902 995 902 902 902 902 902 909 909 909 909 909 922 909 909 862 862 862 862 862 862 790 790 790 790 790 790 766 766 765 765 779 620 620 743 743 703 703 734 703 703 675 675 675 675 682 672 672 620 620 620 636 620 620 620 577 577 577 577 538 538 538 538 538 377 377 377 377 453 453 453 463 463 377 377 377 377 377 377 377 438 377 377 387 393 393 343 343 343 343 334 350 334 334 304 304 292 292 292 292 282 271 271 216 216 216 217 217 217 14 14 193 193 138 138 138 138 145 145 150 138 138 119 119 99 99 99 84 84 84 66 66 66 15 15 15 15 16 16 
902 902 902 902 902 902 902 902 909 909 909 909 909 922 847 847 862 862 878 878 847 847 847 790 790 766 766 766 766 766 765 765 765 765 620 743 743 743 703 703 703 704 704 675 675 675 672 672 620 620 620 620 636 620 620 620 577 577 577 577 577 538 538 538 538 377 377 377 377 453 453 510 377 377 377 366 366 366 454 377 377 366 366 419 387 393 393 343 378 334 334 334 334 334 334 304 317 292 292 292 292 282 283 216 216 216 216 217 217 217 14 14 193 193 138 138 138 138 138 138 150 138 139 119 119 119 99 99 99 85 85 66 66 66 15 15 37 15 15 18 
902 1000 902 902 902 902 902 902 909 909 909 902 902 902 847 847 847 847 878 878 847 847 847 847 766 766 804 804 804 766 766 765 765 765 620 743 743 743 723 723 723 704 704 620 620 620 672 672 620 656 656 621 621 621 621 621 593 593 593 538 538 538 538 377 377 377 377 377 377 377 377 377 377 366 366 366 472 366 366 366 366 366 366 366 387 387 393 343 343 334 334 334 334 282 282 304 304 304 304 304 282 282 283 216 216 193 193 217 217 217 217 217 193 193 138 138 138 138 140 138 138 138 139 119 119 119 99 99 99 85 15 15 15 15 15 15 37 37 15 15 
902 902 902 902 902 902 902 902 909 902 902 902 902 902 847 847 847 847 847 847 847 847 848 848 766 766 766 766 766 766 766 765 765 765 620 620 620 620 723 723 723 620 620 620 692 620 672 672 620 620 620 621 637 377 377 377 593 593 593 538 538 538 538 377 377 377 377 532 377 377 516 502 502 366 366 366 366 366 366 366 366 366 366 366 409 387 387 387 343 343 343 343 351 282 282 282 304 304 304 304 282 282 283 193 193 193 193 193 193 193 218 218 193 194 194 138 138 138 140 151 151 126 126 126 126 99 99 99 85 85 15 42 42 42 42 42 42 15 15 15 
902 902 902 902 902 950 902 902 902 902 902 902 902 923 847 847 847 848 848 848 847 847 848 848 837 766 766 766 766 766 766 766 766 765 765 620 620 620 620 620 620 620 705 697 620 620 672 672 620 620 620 621 377 377 377 377 377 377 377 377 377 377 377 377 377 377 377 377 377 502 502 502 503 366 366 366 366 464 366 366 366 366 366 366 366 366 366 366 366 371 366 343 351 282 282 282 282 282 282 282 282 282 283 193 193 193 193 193 193 193 193 193 193 180 180 180 180 140 140 151 151 126 126 126 126 99 99 99 85 85 15 42 15 15 15 43 43 15 15 19 
1001 1001 902 902 902 950 950 950 950 950 902 902 902 902 902 902 902 848 848 848 848 848 848 848 837 766 766 766 766 766 766 766 766 766 766 620 620 744 620 620 697 697 697 697 620 620 620 620 620 620 620 621 377 377 377 377 377 594 594 377 377 377 377 377 377 377 377 377 377 502 502 503 503 366 366 366 366 464 366 366 366 366 366 366 366 388 388 388 366 366 366 343 343 343 282 282 282 282 282 282 283 283 283 193 193 193 193 193 193 193 193 193 193 180 180 180 180 140 140 140 140 140 140 126 126 99 99 105 85 85 15 15 15 67 15 15 15 15 15 19 
