970 872 872 872 872 872 872 927 927 872 872 872 872 872 872 872 872 872 847 847 847 771 771 771 771 771 771 771 771 771 771 743 743 743 743 743 726 726 704 704 704 686 686 666 666 666 588 588 588 588 588 526 526 526 526 526 526 526 506 506 532 532 532 532 532 506 506 506 481 481 404 404 460 460 460 419 419 419 419 419 306 306 306 306 306 306 306 306 306 306 306 306 306 306 306 306 306 218 218 218 218 218 218 218 218 218 218 224 224 208 208 208 179 179 149 149 149 149 149 149 149 123 123 93 93 93 93 93 93 66 66 66 66 41 41 41 1 1 1 1 
970 872 872 872 872 950 872 927 927 872 903 903 872 872 872 882 882 847 847 771 771 771 771 771 771 771 792 792 792 771 771 743 743 743 743 726 726 727 704 704 704 686 686 666 667 667 588 588 588 588 588 526 526 526 526 526 526 526 506 506 506 506 506 532 532 506 518 481 481 481 404 404 404 404 419 419 444 306 306 306 306 306 306 306 306 306 306 319 319 306 306 319 319 319 319 218 218 218 218 218 218 218 202 202 218 218 218 224 224 224 179 179 179 179 149 149 149 149 166 158 123 123 123 93 93 93 93 93 93 66 81 66 66 41 41 41 1 1 1 1 
970 970 970 872 872 872 872 872 872 872 903 903 872 872 872 882 882 847 868 771 771 839 726 726 726 817 726 726 765 765 765 765 726 726 726 726 735 695 695 695 695 695 666 666 588 588 588 588 639 639 588 588 588 526 526 526 526 526 506 506 506 538 506 506 506 506 481 481 481 481 404 404 404 404 419 419 444 306 432 306 306 306 306 306 306 306 306 319 319 319 319 319 319 319 320 218 218 218 218 218 218 202 202 202 218 218 218 218 224 224 179 209 179 179 149 149 149 149 166 158 123 123 123 123 123 93 93 103 94 66 66 66 42 42 42 42 1 1 2 2 
977 971 971 961 872 872 872 872 903 903 903 903 903 873 873 887 858 858 858 858 771 771 726 726 726 726 726 726 765 765 765 765 726 752 695 695 695 695 716 716 695 695 666 666 588 588 588 653 588 588 588 624 588 526 526 526 526 526 506 506 559 538 538 538 506 506 481 488 481 481 488 481 404 404 404 404 404 306 306 306 306 306 306 306 390 306 306 319 319 319 319 319 319 319 320 218 218 218 218 218 218 202 202 202 218 218 242 218 218 218 179 179 179 196 186 179 169 169 158 158 123 123 123 123 123 104 104 94 94 66 66 66 42 42 42 42 1 1 1 1 
977 971 961 961 872 872 872 935 903 903 903 903 873 873 873 887 858 858 858 858 771 771 726 726 823 726 726 726 726 726 772 726 726 752 695 695 695 695 716 716 705 676 676 676 588 588 660 588 588 633 633 624 588 526 526 526 587 576 506 506 559 539 539 539 506 506 481 488 488 488 488 481 404 420 420 420 404 404 433 306 306 390 390 390 390 306 306 319 319 319 319 319 311 311 311 218 218 218 295 218 218 202 202 202 242 242 242 218 218 218 218 179 179 179 186 179 169 170 158 123 123 140 123 123 104 104 104 94 95 66 66 67 67 42 42 42 1 1 1 1 
971 971 961 961 872 872 928 928 928 903 903 903 873 873 873 887 858 858 858 858 771 771 726 726 726 726 726 784 784 726 726 726 695 695 695 695 695 695 721 705 705 676 676 676 676 588 588 588 642 633 633 624 588 604 604 526 526 576 506 506 506 539 481 481 481 481 481 488 488 488 488 481 404 420 420 420 445 404 404 404 404 390 390 390 390 306 306 319 319 319 348 311 311 328 311 311 218 218 295 218 218 202 202 202 201 201 201 236 201 201 201 201 201 179 179 179 169 169 158 123 123 123 123 123 104 104 104 94 66 66 66 67 1 1 42 42 1 1 1 3 
971 971 951 951 951 951 928 928 903 903 903 903 873 873 873 873 873 873 771 771 771 771 824 824 824 726 726 784 784 784 766 766 695 721 721 721 721 721 721 705 705 676 676 676 676 588 588 549 549 640 624 624 588 588 588 588 526 526 506 506 506 539 481 481 481 481 481 481 481 481 481 481 404 420 420 452 420 420 420 420 404 404 362 362 390 353 353 353 353 353 311 311 311 311 311 312 271 271 295 218 218 202 261 261 201 201 201 236 201 210 210 197 197 197 169 169 169 169 158 123 123 96 96 129 104 104 94 94 67 67 67 67 1 1 1 1 1 3 3 3 
971 971 951 962 951 951 928 928 903 903 903 903 873 873 873 873 873 771 771 848 848 840 784 784 784 784 784 784 784 784 766 766 695 721 721 721 678 678 678 705 705 676 676 676 677 549 549 549 549 640 624 605 605 605 605 588 588 526 526 526 526 526 507 507 507 507 507 481 481 497 482 482 404 404 420 420 420 435 420 420 404 404 362 362 362 353 353 353 353 311 311 344 311 311 311 312 271 271 271 271 202 202 261 201 201 201 201 201 201 210 210 197 197 197 169 180 158 158 158 123 123 96 96 96 104 104 104 104 67 67 67 1 1 34 34 34 34 3 4 4 
971 971 951 952 952 952 928 928 903 903 895 895 873 873 873 873 873 771 771 771 771 840 784 784 793 793 793 793 793 773 773 695 695 678 678 678 678 728 678 678 706 676 676 676 677 549 549 549 549 549 624 605 605 605 605 567 567 577 526 526 526 526 507 507 507 507 507 507 482 482 482 404 404 404 405 405 405 435 405 405 405 405 362 362 362 381 307 307 307 311 311 311 311 311 271 271 271 271 271 271 202 202 202 201 201 246 201 201 202 202 210 210 169 169 169 180 158 158 158 158 96 96 96 96 104 104 104 104 67 67 82 1 1 1 52 34 34 3 4 4 
971 971 951 952 952 952 883 883 903 903 895 895 873 873 874 874 874 771 771 771 771 829 829 784 784 794 794 794 794 773 773 695 695 678 707 707 707 707 707 678 678 676 676 676 677 549 549 549 549 549 549 605 605 614 567 567 567 577 567 567 526 526 543 526 526 526 482 482 482 489 489 404 405 405 405 405 405 435 405 406 383 383 362 362 362 362 307 307 307 307 349 311 311 311 271 271 271 271 271 288 282 247 202 202 201 201 201 202 202 202 150 150 150 150 187 150 150 150 150 150 96 96 96 96 104 104 112 96 96 82 82 1 1 1 3 3 3 3 4 4 
951 951 951 883 883 883 883 883 883 883 895 895 895 895 874 874 874 771 849 849 849 829 829 829 784 784 784 773 773 773 773 678 678 678 707 707 707 707 707 717 678 696 608 608 608 608 608 549 549 549 549 605 605 614 567 567 567 567 567 508 508 526 526 526 508 508 482 482 482 489 404 404 405 405 405 405 405 405 405 406 383 383 362 362 362 362 307 307 362 307 307 329 329 329 271 271 271 271 271 282 282 247 247 202 202 202 202 202 202 202 150 150 150 150 150 150 150 150 150 150 96 96 96 96 112 112 112 96 97 82 82 1 1 3 3 5 5 26 4 4 
951 951 951 883 883 883 883 883 883 883 895 895 895 896 874 874 874 771 771 771 771 829 784 784 784 784 784 773 773 773 773 678 744 744 707 707 707 707 707 717 678 678 608 608 608 608 608 608 643 549 634 614 614 614 567 567 567 508 508 508 508 548 508 508 508 508 519 508 482 489 404 404 404 404 404 453 421 421 406 406 383 383 362 362 362 362 375 362 362 354 307 329 329 330 271 271 271 271 271 282 277 277 247 262 202 202 243 202 202 202 202 150 150 188 151 151 150 167 167 150 150 141 96 112 112 96 96 96 96 74 74 74 1 1 53 5 5 26 5 5 
936 936 936 936 883 883 942 883 883 883 883 883 883 883 883 874 874 771 771 859 771 771 784 784 784 784 784 798 774 774 678 678 744 744 744 744 707 707 707 707 707 678 678 678 678 608 608 608 608 549 614 614 614 614 567 567 567 508 560 560 508 508 508 508 533 508 519 508 482 482 404 404 467 467 404 421 421 421 406 406 413 383 383 363 363 362 362 362 354 354 307 329 329 330 271 271 271 271 271 282 277 277 247 247 247 247 243 202 202 202 202 202 202 188 151 151 150 150 150 150 141 141 96 96 96 96 96 96 96 74 75 60 60 1 1 5 5 5 5 6 
936 973 936 936 936 936 942 883 883 883 915 883 883 883 883 874 874 874 771 771 850 771 771 771 784 784 680 680 774 774 678 678 678 744 744 678 678 681 681 681 681 681 678 678 668 668 608 608 608 549 614 614 614 508 508 508 508 508 560 560 560 508 544 508 508 508 508 508 482 482 482 482 467 467 404 421 421 421 421 406 406 406 383 363 363 363 363 354 354 307 307 330 330 330 271 271 271 271 271 271 271 271 271 219 219 219 243 202 202 203 203 203 203 188 151 151 151 151 150 150 141 141 96 96 96 96 96 74 74 74 75 60 60 60 1 1 5 5 6 6 
936 936 936 936 936 936 942 883 883 883 915 883 883 883 883 883 883 771 771 771 771 771 771 771 806 806 806 680 795 774 774 678 678 678 678 678 678 681 681 681 708 681 681 681 668 608 608 607 607 549 549 549 549 549 549 549 549 549 560 560 560 508 508 508 508 508 508 482 482 482 482 467 467 467 404 404 421 421 421 421 383 383 383 363 363 363 363 354 354 307 337 330 330 307 307 307 307 271 271 272 272 272 272 219 248 219 219 219 219 203 203 188 188 188 151 151 174 151 151 151 151 96 96 118 118 118 96 74 74 74 75 75 1 1 43 1 6 6 6 7 
936 936 936 936 936 936 936 936 875 875 915 875 875 892 892 875 875 771 869 806 806 832 832 806 806 818 807 680 795 774 774 678 678 678 698 678 678 681 681 681 661 661 661 668 668 608 607 607 607 549 549 625 549 549 549 549 589 549 560 549 549 549 508 508 508 520 520 482 482 482 490 467 467 461 461 404 404 408 408 422 383 407 400 363 363 363 363 354 354 307 337 337 337 307 307 307 273 273 273 272 272 272 272 219 248 248 219 219 219 211 211 188 188 188 188 151 151 171 159 159 96 96 96 96 124 96 96 74 74 74 75 75 1 1 43 1 1 6 6 7 
978 936 936 963 936 936 936 875 875 875 875 875 875 875 875 875 875 771 806 806 806 806 806 806 825 807 807 680 795 729 729 678 678 753 698 678 678 681 681 681 661 697 661 668 668 608 607 607 607 549 549 598 598 598 589 589 589 549 549 549 550 550 508 508 508 520 520 482 482 415 415 415 415 461 404 404 404 408 408 383 383 407 400 376 376 376 363 363 363 307 307 307 338 307 321 273 273 273 273 272 272 272 272 219 248 248 219 219 219 211 211 211 188 188 151 151 151 159 159 159 96 96 96 96 96 96 105 105 86 86 1 1 1 1 43 43 1 6 6 7 
936 936 936 936 936 937 937 875 875 875 875 875 875 875 875 875 875 875 806 851 851 807 807 807 807 807 808 680 729 729 729 729 729 753 698 698 698 698 698 698 661 697 661 682 668 608 608 607 607 549 549 598 598 598 589 589 589 549 549 568 499 499 499 508 508 499 499 499 499 415 415 415 415 404 404 404 404 408 408 383 383 383 383 376 376 376 376 350 350 355 307 307 338 307 307 273 296 273 273 283 283 273 273 219 219 219 219 219 219 211 211 151 151 151 151 151 151 159 159 159 96 96 130 130 96 96 105 105 86 86 1 1 1 1 1 44 1 6 6 7 
936 936 936 958 958 937 937 937 875 875 875 875 875 875 875 875 875 876 806 851 851 807 807 830 807 807 680 680 729 785 729 729 729 736 736 736 736 698 698 698 661 697 661 661 668 608 608 607 607 607 607 607 607 598 606 598 578 578 561 561 499 551 499 499 499 499 500 500 500 415 415 415 415 404 404 404 446 408 408 408 408 408 383 397 376 376 376 350 350 355 307 307 307 307 307 273 296 273 273 273 273 273 220 220 253 219 219 219 219 225 219 151 151 151 189 1 1 1 1 1 1 1 1 1 96 96 1 1 1 1 1 35 35 35 1 1 1 17 7 7 
974 974 953 953 953 953 922 922 921 921 875 875 875 897 875 875 875 806 806 860 807 807 807 680 680 680 680 767 729 729 729 729 729 736 736 736 737 698 698 698 661 661 661 661 668 608 608 654 608 608 608 608 607 598 598 598 578 579 561 561 499 499 527 527 527 527 500 500 500 415 415 415 468 468 423 423 423 423 423 423 408 408 383 368 368 350 350 350 350 355 313 313 313 331 273 273 296 296 296 273 220 220 220 220 220 220 220 220 219 219 219 151 189 189 189 160 160 160 160 160 138 138 138 1 1 1 1 98 98 1 1 35 68 35 35 35 35 17 7 8 
953 953 953 964 922 922 922 922 921 921 875 875 875 897 875 875 875 806 806 806 807 807 807 680 680 680 796 767 767 767 767 729 729 736 736 736 698 698 698 698 698 698 661 661 661 661 608 608 608 641 608 608 607 607 607 578 578 561 561 561 561 499 500 500 500 500 500 483 483 415 415 415 415 469 423 454 323 323 323 323 408 408 383 368 368 350 350 350 350 355 313 313 313 313 273 273 273 273 273 273 220 220 220 254 254 249 220 220 220 220 220 151 151 190 190 160 160 160 160 160 138 138 139 20 20 1 1 98 98 35 35 35 68 35 35 35 35 17 7 7 
953 953 953 964 922 904 904 922 921 921 875 911 875 897 875 875 875 833 833 833 833 833 833 680 680 680 796 796 796 786 767 767 729 729 729 736 698 698 698 699 699 699 661 661 661 661 661 641 641 641 608 608 608 607 607 578 578 561 561 561 499 499 500 500 500 500 500 483 483 483 483 483 415 415 462 323 323 436 323 323 414 383 383 368 368 382 350 350 350 350 350 313 313 313 255 255 255 255 273 273 220 220 220 220 220 249 220 220 220 212 212 212 151 151 151 160 160 160 131 131 138 138 138 20 20 20 20 20 35 35 35 35 35 35 35 35 35 17 17 7 
953 953 953 964 922 904 904 922 922 922 875 875 875 897 875 833 833 833 833 833 833 834 758 758 758 680 680 680 786 786 680 680 680 680 729 736 698 698 722 687 687 687 687 655 655 655 655 655 590 590 590 590 608 608 608 578 578 561 561 561 499 500 500 500 500 500 500 483 425 425 425 425 425 415 436 436 436 436 323 323 414 383 383 368 368 368 368 368 356 356 313 313 313 313 255 255 255 255 255 255 255 255 255 263 220 220 220 220 220 212 88 88 88 151 151 151 151 131 131 131 138 138 138 20 119 119 20 20 35 35 35 35 35 61 7 7 7 18 18 7 
953 953 922 922 922 904 904 904 904 904 916 875 875 875 875 833 833 833 833 861 833 834 758 758 758 758 680 680 786 680 680 768 680 680 729 729 729 729 687 687 709 687 687 655 679 655 655 655 590 626 626 590 608 608 609 578 578 561 561 499 499 500 500 528 528 528 483 483 425 425 425 425 425 415 436 436 436 323 323 323 383 383 383 368 368 368 368 368 356 356 313 313 313 313 313 313 212 212 212 212 278 278 255 255 255 220 220 230 230 212 88 88 88 151 151 151 151 131 131 131 131 131 131 20 20 120 20 20 20 20 20 20 36 36 36 45 7 7 19 7 
953 953 922 922 922 904 904 904 922 904 904 904 904 875 875 833 833 833 833 833 833 834 834 826 826 758 680 680 680 680 775 680 680 738 738 738 738 687 687 680 680 680 645 655 655 655 655 655 590 626 626 590 590 590 590 590 590 545 545 499 499 500 500 483 483 483 483 425 425 425 425 425 425 415 436 436 436 323 383 383 383 383 383 368 368 368 368 368 356 356 345 345 313 313 212 212 212 212 212 212 212 212 212 212 212 212 212 230 230 212 88 88 88 88 88 88 172 172 131 131 131 131 131 131 20 113 113 20 20 20 20 20 36 36 36 45 36 7 19 7 
953 953 953 953 922 922 922 922 922 875 875 875 905 875 875 888 884 833 833 852 852 826 826 826 758 758 758 758 758 775 775 680 680 680 680 738 738 687 680 680 710 680 645 645 655 655 662 590 590 626 626 626 620 591 591 591 591 545 499 499 499 500 500 483 509 509 509 425 425 425 425 425 425 415 436 436 436 323 383 383 383 383 383 383 383 383 377 323 323 323 345 345 313 313 212 212 212 212 212 212 212 212 212 212 212 250 212 212 212 212 88 88 88 88 88 88 172 172 131 131 142 142 20 20 20 113 20 20 20 20 20 20 69 62 36 36 36 7 7 7 
929 929 929 953 953 953 929 929 929 875 917 875 875 875 884 884 884 833 833 852 853 826 826 826 758 758 758 799 758 758 758 758 758 754 680 680 680 687 680 710 710 680 688 645 655 655 644 644 644 591 591 591 620 591 591 591 592 545 545 545 545 545 545 483 509 509 509 509 425 425 425 425 425 415 436 436 436 323 323 323 323 323 323 398 377 377 377 323 323 323 345 345 313 313 314 314 212 212 212 212 212 212 212 212 212 250 212 212 212 212 221 88 88 88 88 114 114 172 131 131 131 20 20 20 20 20 20 20 20 20 20 69 69 62 9 9 9 9 7 7 
929 929 929 929 929 929 929 938 875 875 917 833 833 833 884 833 833 833 870 852 826 826 826 826 826 747 747 747 747 747 747 747 759 754 680 680 680 680 680 710 710 680 688 645 645 645 644 644 644 591 635 591 591 591 591 591 562 562 562 511 511 511 511 425 425 425 425 425 425 476 476 476 476 415 415 415 436 323 323 409 409 409 323 398 377 377 323 323 323 323 345 264 264 264 264 264 289 212 212 289 212 212 226 226 250 250 212 212 212 212 221 88 88 88 88 114 114 114 114 161 131 20 20 20 20 20 20 20 20 20 20 69 62 62 9 27 27 9 9 9 
929 929 954 954 954 954 875 875 875 875 833 833 906 833 884 833 833 862 862 862 826 826 826 809 809 747 747 747 747 747 747 747 669 754 680 680 730 730 711 711 711 680 680 645 645 645 663 644 644 591 591 591 591 591 591 591 562 562 562 511 552 552 511 425 425 425 521 425 425 476 476 476 470 470 463 415 436 409 409 409 409 409 323 323 377 377 323 357 357 323 345 264 332 332 322 264 289 289 289 289 226 226 226 226 226 226 226 226 231 213 213 213 88 88 88 88 88 88 114 114 114 114 132 132 20 20 20 106 87 87 20 20 62 20 20 20 27 27 10 10 
875 875 875 954 954 955 875 875 875 875 907 907 833 833 884 833 833 862 862 841 841 841 809 809 809 819 747 747 747 747 747 747 669 669 680 680 689 689 711 689 689 689 680 645 645 645 663 645 645 591 591 591 591 591 591 591 562 573 573 511 511 511 511 534 534 425 425 425 425 470 470 470 470 471 463 415 415 415 415 424 415 401 401 323 384 384 323 357 357 323 323 264 264 322 322 264 264 289 289 226 226 226 226 226 226 226 226 226 226 213 213 214 191 191 191 88 88 88 152 152 152 114 114 114 114 121 20 20 87 87 20 20 20 20 54 20 27 27 10 11 
875 875 875 954 954 875 875 875 875 898 898 907 833 833 833 833 862 862 862 841 841 841 809 809 809 819 747 747 776 776 776 747 747 669 669 669 689 689 689 689 689 689 680 680 680 645 645 645 646 591 591 591 591 591 591 599 562 573 569 569 511 511 534 534 522 522 510 510 425 470 470 470 471 471 463 437 437 437 415 415 415 401 401 323 323 323 323 357 357 357 323 264 264 322 264 264 264 289 289 226 226 226 226 226 226 244 244 237 226 226 213 191 191 191 191 88 88 88 152 152 152 88 88 88 114 114 114 20 20 20 20 76 46 46 46 20 20 28 10 11 
979 875 875 875 875 875 875 875 875 898 898 907 907 898 862 862 862 862 862 842 842 842 809 809 809 809 809 747 776 776 776 747 747 669 669 669 669 689 689 689 689 689 689 645 645 645 645 627 627 627 627 627 593 593 593 593 562 562 569 569 511 511 511 511 522 522 510 510 425 425 470 470 471 463 463 437 437 437 425 425 358 358 358 358 358 323 323 357 357 357 323 264 339 322 264 264 264 264 264 264 284 226 226 256 256 244 237 237 227 227 213 191 191 191 191 88 88 88 88 88 153 88 88 88 88 88 88 88 99 20 20 76 46 46 46 46 20 20 10 11 
979 875 875 875 956 956 875 875 875 898 898 898 898 898 862 862 862 862 842 842 777 777 809 809 809 747 747 747 776 776 747 747 747 747 747 669 669 689 689 689 712 669 669 645 645 645 645 627 627 627 627 627 593 593 593 593 593 562 562 569 511 511 511 511 522 522 522 501 501 425 425 425 425 425 425 438 438 438 425 358 358 358 358 385 358 358 358 358 358 358 323 264 264 322 264 257 257 257 290 264 264 264 274 244 244 244 237 237 227 227 213 215 191 191 191 37 37 88 88 88 88 88 88 133 37 37 37 88 88 88 70 70 70 46 37 37 37 20 10 11 
965 965 965 875 875 875 875 898 898 898 912 912 810 810 893 842 842 842 842 863 777 777 777 777 809 747 747 747 747 747 747 760 760 747 747 669 669 669 669 669 669 669 669 645 645 669 627 627 636 636 636 580 580 580 610 580 580 580 562 562 562 511 511 511 511 523 523 501 502 425 425 484 425 425 425 438 439 439 425 358 358 358 358 385 385 385 324 324 324 359 323 323 264 264 264 257 308 257 290 290 264 264 274 244 244 244 237 237 213 213 213 215 191 191 37 37 37 37 37 37 37 37 37 37 37 122 37 70 70 70 70 70 46 46 37 37 37 20 10 10 
965 965 965 965 943 943 943 898 898 898 810 810 810 810 842 842 842 842 842 863 777 777 777 777 800 800 747 747 777 777 777 760 760 755 731 731 731 731 718 718 669 669 669 669 669 669 627 627 627 627 627 580 580 580 610 580 581 581 562 562 562 511 511 511 511 523 523 501 501 472 472 484 425 425 439 439 439 425 425 358 358 358 358 358 378 378 324 324 324 324 324 323 323 323 323 257 302 257 257 257 264 264 264 244 244 244 237 237 213 213 213 37 37 37 37 181 37 37 37 37 37 37 107 107 107 107 37 70 70 70 70 70 46 46 37 47 38 20 20 10 
943 943 965 965 943 898 898 898 898 898 810 810 810 810 842 842 842 842 842 842 810 810 810 777 800 800 800 800 777 755 755 755 755 755 731 739 731 731 718 700 700 700 669 669 670 670 627 627 627 627 627 580 580 580 580 580 580 580 562 562 562 511 529 529 511 511 511 511 501 472 472 472 472 425 425 425 425 425 425 358 358 358 358 358 378 378 378 324 360 360 323 323 323 323 324 257 302 257 257 257 265 265 264 264 238 238 238 238 37 37 37 37 204 181 181 181 37 37 37 37 37 37 107 107 125 107 37 37 70 70 37 37 37 37 37 38 38 10 10 10 
943 943 965 965 943 898 898 898 898 810 810 913 810 810 885 885 885 842 842 842 810 843 810 777 777 777 777 777 777 755 778 769 731 731 731 739 739 723 723 700 656 656 656 656 656 656 656 656 580 580 580 580 580 580 580 580 580 580 511 511 511 511 529 529 529 529 473 473 501 472 472 472 472 472 440 440 425 425 425 358 358 358 358 358 358 324 324 324 360 323 323 323 323 323 324 257 302 302 257 257 265 265 265 265 238 238 37 37 37 204 204 204 204 181 181 181 37 37 37 37 108 108 125 125 125 107 107 37 37 37 37 63 63 63 55 38 39 10 10 10 
943 943 943 966 943 930 930 930 930 810 913 913 810 810 810 810 810 810 810 810 810 843 810 831 777 777 810 801 755 755 769 769 731 731 731 739 739 723 723 700 656 683 683 683 657 657 657 657 580 580 580 580 580 611 611 511 511 511 511 570 511 511 511 511 529 529 473 473 473 473 473 472 472 440 440 440 440 425 425 358 358 358 358 358 358 324 324 324 360 323 323 323 324 324 324 257 302 302 257 291 265 265 265 257 257 238 37 37 37 37 205 205 205 181 181 181 168 168 168 108 108 108 108 108 108 108 107 107 55 55 55 63 55 55 55 38 10 10 10 10 
943 943 943 943 943 930 944 930 930 810 810 810 810 811 811 811 810 810 810 827 827 827 810 831 777 777 810 801 755 769 769 770 731 731 731 745 740 656 656 700 656 683 683 683 657 657 600 600 600 600 600 628 511 511 511 511 511 511 511 570 511 553 511 511 511 511 473 473 473 473 473 473 477 440 440 440 440 425 425 358 358 410 351 351 351 351 351 324 324 324 324 324 324 325 325 257 257 303 257 257 257 257 257 257 238 238 239 37 37 37 205 205 205 181 181 155 168 168 108 108 154 108 108 108 108 108 108 108 55 55 55 55 55 56 56 38 10 29 10 10 
930 930 943 943 930 930 944 930 930 811 811 811 811 811 811 811 810 810 810 827 827 827 810 810 810 810 810 801 755 769 769 769 731 756 656 656 740 656 656 656 656 690 690 657 657 657 600 600 600 600 600 600 511 615 511 511 582 582 511 511 511 553 511 511 511 511 473 473 473 473 473 473 441 441 441 440 440 440 426 426 410 410 351 351 386 386 351 351 351 351 324 324 340 325 304 304 257 257 292 292 257 257 266 266 238 239 239 239 232 37 205 205 182 182 192 155 155 168 108 108 108 108 108 126 126 89 89 89 89 55 55 38 38 38 38 38 10 10 10 10 
930 930 967 967 930 930 918 918 931 811 811 811 811 811 811 811 811 827 827 827 827 827 835 787 787 787 787 801 755 769 769 769 731 756 656 656 656 656 719 719 656 656 657 657 664 664 664 600 647 600 600 600 511 511 612 511 511 511 511 571 546 546 511 511 535 511 473 473 473 491 491 441 441 441 441 455 426 426 426 410 410 399 399 351 351 351 351 351 351 351 351 304 304 325 304 304 304 304 266 266 266 266 266 266 238 239 239 239 232 37 205 205 182 182 182 155 155 168 108 108 108 108 108 126 126 89 89 89 89 89 55 38 48 48 48 48 10 10 10 10 
930 930 930 930 930 930 918 918 918 918 811 811 864 864 864 864 811 811 811 811 811 827 835 787 787 787 787 801 755 755 731 731 731 731 656 656 656 656 719 719 656 656 657 657 657 657 657 600 647 600 600 600 621 600 600 600 511 511 511 546 546 546 546 511 511 511 473 473 473 491 491 441 441 441 455 455 426 427 427 410 410 399 399 351 351 351 364 364 364 351 351 304 304 304 304 266 266 266 266 293 266 266 266 266 238 238 238 232 232 37 37 37 182 182 182 155 155 108 108 108 108 89 89 134 89 89 89 89 89 89 55 38 38 38 48 48 10 10 10 12 
930 930 930 930 939 939 918 918 918 918 918 864 864 877 877 864 864 864 864 864 811 827 827 827 787 787 787 787 787 755 731 731 731 731 732 656 656 656 656 656 656 656 657 657 657 657 657 600 600 622 622 600 600 600 563 563 563 563 511 546 546 546 511 511 524 417 417 417 473 473 473 441 441 441 426 456 426 427 427 427 399 399 399 351 351 351 364 364 304 304 304 304 304 304 326 266 266 266 293 293 266 266 266 267 232 232 238 232 37 37 37 37 182 182 182 182 155 108 108 108 108 89 89 89 89 89 89 89 89 89 55 71 71 38 38 10 10 10 10 12 
930 930 930 930 939 939 945 918 918 923 864 864 908 877 877 877 877 877 811 811 811 844 836 827 827 787 787 802 787 755 779 731 731 732 732 656 656 732 713 713 713 656 657 657 657 600 600 600 600 622 622 622 622 616 563 563 563 563 511 511 511 511 511 540 524 417 512 512 473 473 473 441 441 441 426 426 426 399 399 399 399 399 399 351 351 387 369 369 304 326 326 326 326 326 326 266 266 266 266 266 266 266 266 232 232 232 232 232 37 37 37 37 182 182 193 155 155 108 108 162 155 89 89 89 89 89 89 89 89 89 55 55 38 38 38 10 10 10 10 12 
968 930 930 930 939 939 945 939 864 864 864 864 864 864 864 878 878 878 811 865 811 811 836 811 811 811 811 787 787 755 755 761 761 732 732 732 732 732 713 713 714 656 657 657 657 600 600 600 600 622 622 629 616 616 563 563 563 563 563 563 563 513 513 513 524 417 417 417 503 473 473 478 478 441 426 426 399 399 399 399 416 399 399 399 391 369 369 304 304 326 326 309 309 309 309 309 309 266 266 266 266 266 266 232 232 232 232 216 216 37 37 216 182 182 193 155 155 162 162 162 155 89 89 89 89 89 89 89 55 55 55 55 38 38 38 10 10 12 12 12 
968 930 930 930 939 939 945 939 864 864 864 864 864 864 864 878 878 878 811 865 811 811 811 811 828 811 811 787 797 787 761 761 713 713 713 713 713 713 713 713 656 656 657 657 657 600 600 600 600 629 629 629 616 617 563 563 563 583 574 564 564 513 513 513 524 524 524 417 417 473 473 478 478 441 441 457 399 399 399 399 399 411 391 391 391 369 369 304 304 304 326 309 309 309 309 309 309 266 266 266 266 232 232 232 232 232 232 216 216 216 216 216 193 193 193 183 155 162 162 162 155 89 89 89 89 89 89 89 55 90 55 55 38 38 21 21 21 12 12 13 
968 968 968 968 939 939 939 939 864 864 864 864 864 864 889 889 878 878 811 811 811 811 811 811 788 788 812 787 787 787 761 761 713 713 713 713 713 713 713 701 701 701 564 564 564 564 564 600 600 564 564 564 616 574 574 563 563 583 574 564 565 513 513 513 513 513 513 513 417 417 473 473 473 473 441 441 447 441 399 399 399 411 391 391 369 369 369 304 304 304 304 309 309 309 309 309 309 266 266 266 266 232 232 232 232 232 245 193 193 193 193 193 193 193 193 183 155 155 155 155 155 135 135 135 55 55 55 55 55 90 72 72 72 64 21 21 21 21 21 13 
879 879 969 969 939 939 946 940 845 845 845 845 845 845 889 889 845 845 845 811 811 811 811 811 788 788 788 788 788 788 780 713 713 713 713 746 733 733 701 701 701 701 564 564 564 564 564 600 600 564 637 564 564 574 574 574 574 574 574 564 498 498 498 513 513 525 525 498 498 417 417 417 417 417 417 441 441 441 399 399 399 411 391 391 369 369 369 370 365 361 304 309 309 309 327 315 297 297 297 232 232 232 232 232 258 193 193 193 222 193 193 193 193 193 193 183 49 49 49 163 135 135 135 135 55 55 83 55 55 90 72 72 72 64 21 21 30 30 22 13 
879 879 879 932 932 932 932 940 845 845 845 845 845 845 845 845 845 879 845 845 845 845 788 788 788 788 788 720 720 720 780 713 713 713 713 746 733 733 701 701 701 564 564 564 564 671 564 564 564 564 564 564 564 564 564 564 564 564 564 564 498 498 498 498 498 498 498 498 498 498 492 474 474 474 417 417 417 417 399 428 369 369 369 369 369 388 379 365 365 361 304 309 309 309 315 315 297 297 297 232 232 232 232 232 258 193 193 193 222 222 222 193 193 175 175 183 49 49 49 49 135 135 135 127 127 55 83 83 83 83 83 55 55 64 14 14 30 22 22 13 
879 879 879 932 932 932 932 932 932 924 845 845 845 899 879 879 879 879 854 854 845 845 788 788 788 788 788 720 720 720 780 724 724 724 724 724 724 724 724 701 701 564 564 564 564 671 564 564 564 564 564 564 623 564 564 564 564 584 498 498 498 498 498 498 498 514 514 514 429 429 492 474 474 429 429 448 448 417 417 428 369 392 392 388 388 388 379 365 361 361 304 309 309 309 315 315 279 279 298 279 279 279 258 258 258 193 193 193 228 228 177 177 206 175 175 175 175 49 49 49 49 49 135 127 55 55 55 55 55 55 55 55 55 14 14 14 22 22 13 13 
879 879 879 932 932 932 879 879 879 924 845 845 845 845 879 879 879 854 854 854 845 845 788 788 788 788 788 803 720 720 720 724 724 724 724 724 741 724 724 701 701 564 564 564 564 564 564 564 648 564 564 564 564 601 601 601 564 564 498 498 498 498 498 498 498 498 429 429 429 429 429 474 474 429 429 448 448 417 417 428 417 392 392 388 388 388 379 365 361 361 279 279 333 333 279 279 279 279 298 279 258 258 258 258 258 193 193 177 177 177 177 177 177 175 175 175 176 49 49 156 156 49 49 127 55 55 55 109 49 49 84 55 55 14 14 14 22 22 13 13 
879 975 879 879 879 879 879 941 879 879 845 845 845 845 879 879 879 854 782 782 782 782 788 788 788 788 788 803 720 720 720 724 724 724 724 724 741 564 564 564 564 691 691 564 564 564 648 648 648 564 564 564 564 601 601 602 564 564 498 498 498 498 547 498 498 498 429 515 485 485 429 429 429 429 429 429 417 417 417 417 417 392 392 392 392 379 379 365 366 279 279 279 279 279 279 258 258 279 279 279 258 258 193 193 193 193 193 177 177 177 177 177 177 175 175 175 175 49 49 156 156 143 49 49 49 49 49 109 49 49 49 55 73 14 14 22 22 22 23 13 
879 975 879 959 959 879 879 941 879 879 845 845 909 879 879 879 879 854 782 782 782 782 813 813 813 813 813 803 720 720 781 720 720 757 724 724 564 564 564 564 564 564 564 564 672 672 648 649 649 564 564 564 564 601 601 564 564 585 498 498 536 536 536 536 536 429 429 515 485 485 485 485 464 464 429 429 417 417 417 429 412 412 393 393 393 379 380 365 365 279 279 279 279 258 258 258 310 258 258 258 285 258 193 259 259 193 193 177 177 177 177 177 177 175 175 175 175 49 49 156 156 143 49 49 49 49 49 49 49 91 49 55 55 55 14 22 22 22 13 13 
879 975 879 947 947 947 947 919 879 879 879 879 879 879 866 866 866 854 854 854 854 782 782 820 820 820 803 803 720 720 720 720 720 720 720 720 564 564 564 564 702 702 692 648 648 648 648 649 649 594 594 630 564 564 564 564 564 541 541 541 536 536 536 429 429 429 515 515 479 479 479 479 464 464 429 429 429 429 429 429 412 412 393 393 393 379 379 365 365 334 334 334 341 258 258 258 310 258 299 258 258 258 193 259 233 233 233 177 177 177 177 177 177 177 177 175 177 49 143 143 143 143 49 49 49 49 115 110 91 91 49 77 55 55 14 14 22 22 13 13 
879 879 879 879 919 919 919 919 933 919 919 866 866 866 866 890 866 866 866 866 837 837 782 820 804 804 814 804 720 789 762 762 762 748 748 720 720 720 720 720 692 692 692 648 658 658 665 658 594 594 594 594 594 594 564 564 564 541 566 541 536 536 429 429 429 429 515 479 479 493 493 479 479 464 464 458 402 402 402 402 402 412 393 393 379 379 379 365 365 334 346 334 334 258 258 258 258 258 299 193 193 193 193 259 233 233 233 177 177 177 177 217 177 177 177 177 177 49 49 49 144 78 78 78 78 78 115 110 91 91 49 49 57 57 57 14 14 14 13 13 
949 879 879 879 919 919 948 919 919 919 866 866 866 866 890 890 650 650 650 650 837 837 782 782 804 804 804 804 720 720 720 720 720 748 748 720 720 720 720 720 692 703 692 648 658 658 658 658 594 594 594 594 594 594 594 594 594 541 566 541 541 541 429 429 429 429 515 479 479 479 479 479 449 449 449 458 402 402 402 430 402 402 379 379 379 379 379 371 334 334 346 346 334 334 286 286 286 305 299 193 193 193 259 259 233 233 233 233 233 177 217 217 177 177 49 49 49 49 49 49 144 78 78 78 128 78 78 110 78 78 78 49 57 57 57 14 14 14 14 14 
949 949 879 879 919 919 948 919 919 919 866 866 866 866 650 650 650 880 650 650 837 837 837 782 782 782 782 805 763 763 720 720 720 720 720 720 720 720 720 720 692 692 692 648 648 648 648 648 648 586 586 594 594 594 594 603 541 541 566 572 566 541 429 429 429 429 429 504 504 465 465 449 449 475 449 458 402 442 434 402 402 402 379 379 371 371 371 371 334 334 334 334 334 334 286 286 286 305 299 193 193 193 193 193 193 193 233 233 177 177 217 177 177 177 49 49 49 49 49 145 144 78 78 78 116 116 78 78 78 78 78 49 49 65 49 49 14 14 14 14 
949 949 879 879 919 919 919 919 910 910 914 914 910 650 650 867 867 867 650 650 855 837 837 782 782 821 782 763 763 763 763 763 763 725 725 725 720 720 720 720 673 673 693 648 648 648 648 648 648 586 586 586 586 618 586 586 541 541 566 566 566 541 429 429 537 429 429 504 504 465 465 449 480 475 449 458 402 402 434 402 402 379 379 379 371 372 372 372 334 334 352 334 335 335 286 286 305 305 299 193 193 193 193 193 193 193 234 234 177 177 177 177 177 177 184 184 49 49 49 145 144 144 136 136 116 116 116 100 100 78 78 78 49 49 49 14 14 14 14 14 
949 976 879 879 919 919 949 910 910 910 910 910 910 650 894 867 867 867 867 650 650 838 838 782 782 782 782 763 763 763 725 725 725 725 725 725 742 650 650 650 673 673 673 673 673 673 650 650 650 586 638 586 586 618 586 586 595 541 541 566 566 541 541 429 537 429 505 505 505 465 465 449 449 475 449 402 402 402 434 402 402 379 379 379 371 372 372 372 334 334 334 334 286 286 286 316 286 286 299 193 193 275 275 193 193 193 234 234 234 229 184 184 184 184 184 49 49 49 49 145 145 145 116 116 116 100 100 100 101 78 78 50 50 58 58 14 14 14 15 15 
949 949 949 949 949 949 949 910 900 900 900 900 867 867 867 867 867 881 867 867 650 650 650 782 782 782 782 782 790 790 725 725 725 725 725 725 742 650 650 650 650 650 684 684 674 674 650 650 651 586 586 586 586 618 586 586 586 586 541 541 554 554 541 429 429 429 494 494 494 494 465 486 449 475 449 402 402 434 434 402 402 379 379 394 371 371 373 373 334 334 334 334 286 286 286 286 286 286 286 286 286 268 268 268 193 193 234 240 229 229 184 184 184 184 184 49 49 49 116 116 116 146 116 116 100 100 100 100 79 79 79 50 50 50 50 50 31 31 15 15 
949 949 949 949 910 910 910 910 900 900 900 900 867 867 867 881 881 881 856 856 856 650 650 782 782 650 650 782 790 790 725 725 749 749 749 725 725 734 650 650 650 650 650 650 674 674 650 650 586 586 586 586 586 586 586 555 555 555 554 554 554 554 541 541 429 429 494 516 494 494 465 465 449 475 449 449 449 434 403 403 402 402 402 394 394 371 373 268 268 268 268 268 286 286 268 268 268 268 268 268 268 268 276 193 193 251 234 240 229 229 199 199 49 49 49 49 49 49 49 164 116 116 116 116 100 117 100 100 79 79 79 50 50 24 24 24 31 24 24 15 
910 910 949 949 910 910 910 910 900 900 900 900 900 900 871 871 856 856 856 856 856 650 650 650 650 650 650 782 790 790 782 749 749 749 749 725 725 734 650 650 650 650 650 650 650 650 650 586 586 586 586 586 586 613 613 555 596 555 554 554 554 554 494 494 530 530 494 516 494 494 494 465 465 465 465 434 434 434 403 403 403 403 403 394 394 371 373 268 268 268 268 268 268 317 268 268 268 287 287 287 287 193 193 193 251 251 194 194 194 194 199 199 49 198 49 49 49 49 49 164 116 116 116 116 100 117 117 111 79 79 79 79 24 24 24 24 31 24 25 15 
910 910 910 910 910 910 910 910 925 925 920 871 871 901 871 871 856 856 856 856 846 846 650 650 650 650 650 782 782 782 782 749 749 749 749 725 725 725 725 650 650 650 650 650 650 650 650 586 586 586 586 631 586 613 613 555 596 555 555 555 555 555 494 542 530 530 494 494 494 494 494 434 434 434 434 434 450 418 418 418 418 395 395 395 395 371 371 268 268 268 268 268 268 317 317 317 268 287 287 193 193 193 194 194 194 194 194 235 235 194 199 199 49 49 49 49 49 49 49 164 116 116 137 137 100 15 15 111 79 79 80 80 24 24 24 24 31 24 25 15 
910 910 910 920 920 920 910 910 920 920 920 871 871 871 871 871 856 856 856 856 846 846 650 650 822 822 650 650 650 650 650 650 650 650 650 650 650 650 650 650 650 650 694 650 650 650 650 586 586 586 586 631 586 586 613 555 596 555 555 555 556 556 494 494 530 530 494 494 494 434 434 434 459 434 434 459 418 418 418 418 395 395 389 389 389 371 371 268 268 268 268 268 342 318 318 318 268 193 193 193 193 269 194 194 194 223 223 223 194 194 199 199 199 49 49 185 178 147 147 147 116 116 137 137 100 15 15 15 15 15 15 15 59 59 59 24 24 24 25 15 
957 957 957 920 920 920 920 920 920 920 920 871 871 871 871 871 871 871 871 815 815 815 650 650 815 815 815 783 783 791 783 750 750 750 750 675 675 675 675 650 650 694 694 650 650 659 659 586 586 586 586 586 586 586 613 555 596 555 556 556 556 494 494 494 530 530 494 494 494 434 487 487 459 459 459 459 418 443 431 431 395 389 389 396 389 371 371 268 268 268 268 268 318 318 318 318 268 193 193 193 193 269 269 269 194 223 223 223 194 194 199 199 199 199 147 147 178 147 148 147 147 147 100 100 100 15 15 15 15 15 15 15 59 40 40 40 40 32 15 15 
957 957 957 960 960 926 926 926 926 926 902 902 902 902 871 871 871 815 815 815 857 815 815 815 815 816 816 783 783 783 783 750 750 751 751 675 675 675 675 650 650 650 650 650 650 659 659 586 586 632 632 632 586 586 613 555 555 555 556 556 556 494 494 494 494 494 494 495 495 434 487 487 459 459 459 459 418 418 431 431 395 389 389 396 389 389 371 268 268 268 268 268 318 318 268 268 268 193 300 294 193 193 193 270 194 194 223 223 223 194 194 194 200 200 147 147 147 147 148 148 148 148 100 100 16 16 102 15 15 92 15 15 15 40 40 15 15 32 15 15 
957 957 957 960 960 926 934 934 934 902 902 871 871 871 871 871 871 815 815 815 815 815 815 815 815 816 783 783 715 715 715 750 750 715 715 715 715 715 675 650 650 685 685 650 650 659 659 659 652 632 632 632 558 558 557 557 557 557 556 556 556 557 531 531 531 531 495 495 495 434 434 434 459 459 466 418 418 418 431 431 395 395 389 396 389 389 371 268 268 268 268 268 343 268 268 268 268 193 193 294 193 280 193 193 193 194 194 241 223 223 223 194 194 194 147 147 147 173 165 165 157 16 16 16 16 16 102 15 15 15 15 15 15 15 15 15 15 15 15 15 
957 957 957 957 957 926 934 926 926 902 902 871 871 871 871 871 886 815 815 815 815 815 815 815 815 816 783 783 715 715 715 715 715 715 715 715 715 715 675 685 685 685 685 685 675 675 619 619 652 619 619 632 558 558 557 557 597 557 557 557 557 557 531 531 495 495 495 517 495 495 495 434 459 459 466 451 451 389 389 389 389 389 389 396 396 371 371 268 367 268 268 343 343 268 281 268 268 301 193 193 193 193 193 193 260 252 194 194 194 194 194 207 207 194 194 173 173 173 165 165 157 16 16 16 16 16 102 102 102 15 15 15 15 15 16 16 33 33 15 15 
957 957 972 957 957 926 926 926 926 871 871 871 871 871 891 891 886 815 815 815 815 815 815 815 815 815 783 783 715 715 715 715 715 715 715 715 715 715 675 675 675 675 685 685 675 675 619 619 619 619 619 619 558 558 558 557 557 557 575 531 531 531 531 531 495 517 517 517 496 496 496 434 434 434 434 451 451 389 389 389 389 389 389 389 374 374 374 268 268 268 268 347 268 268 281 281 281 301 301 193 193 193 193 193 193 252 173 173 173 194 194 173 173 195 195 173 173 173 157 157 157 16 16 16 16 16 16 16 16 85 85 16 16 16 16 16 16 16 16 16 
972 972 972 957 957 957 926 926 926 871 871 871 871 886 886 886 886 815 815 815 815 815 815 815 815 815 783 783 715 715 715 764 764 715 715 715 715 715 715 715 715 675 675 675 675 675 619 619 619 619 619 619 619 619 558 558 558 558 558 558 558 558 531 531 495 495 495 495 496 496 496 434 434 434 434 451 451 389 389 389 389 389 389 389 374 374 374 374 268 268 268 268 268 336 281 281 281 281 281 281 281 281 193 193 193 252 173 173 173 173 173 173 173 173 173 173 173 173 157 157 157 16 16 16 16 16 16 16 16 16 16 16 51 51 51 51 16 16 16 16 
