976 976 976 957 957 945 945 945 882 882 882 882 882 882 882 882 882 818 818 818 835 835 835 785 785 785 785 785 785 785 785 769 769 762 709 709 709 709 709 709 645 645 645 645 645 645 645 645 645 645 615 615 622 583 583 583 583 583 583 539 539 470 470 505 505 505 505 505 505 505 505 470 470 455 455 455 455 455 455 417 417 417 417 417 417 295 295 295 295 295 351 351 351 351 295 295 295 295 295 295 295 295 249 249 249 249 249 249 215 215 191 191 191 191 191 191 147 147 147 147 147 73 73 121 121 73 73 99 1 1 1 52 52 60 1 1 1 20 20 1 
976 976 976 957 957 945 952 882 882 882 882 882 882 882 882 873 873 818 818 818 818 818 818 785 785 769 769 769 769 769 769 769 762 762 709 709 709 709 723 709 645 645 676 676 623 623 623 646 645 645 615 615 615 583 583 583 593 574 574 539 539 470 470 505 505 505 470 470 470 505 505 470 470 455 417 417 417 417 417 417 417 417 417 417 417 295 295 295 388 295 351 351 351 352 295 295 295 324 249 249 249 249 249 280 249 249 249 249 215 191 191 191 191 191 191 191 147 147 147 147 73 73 73 73 73 73 73 99 1 84 1 1 52 60 1 1 1 1 1 1 
976 976 976 976 957 945 945 882 882 882 921 921 873 873 873 873 873 873 818 818 818 818 818 785 785 769 769 769 769 774 774 774 762 762 709 709 709 709 723 709 709 645 676 676 623 623 623 646 646 646 615 615 615 615 521 521 574 574 574 574 539 470 470 470 470 470 470 520 470 505 505 470 470 470 417 417 417 417 417 417 417 431 418 418 389 389 389 295 295 295 295 295 295 352 295 324 324 324 249 249 249 249 249 249 249 249 250 250 215 191 191 191 191 191 191 191 147 147 154 154 73 73 73 73 73 73 73 99 1 84 1 1 52 52 52 1 33 2 2 2 
945 945 945 945 957 957 945 882 882 933 911 911 911 874 874 874 874 874 818 818 818 818 818 785 785 817 769 769 799 774 774 774 645 645 645 645 645 645 645 645 645 645 687 676 676 623 623 650 650 615 615 615 521 521 521 521 574 574 575 575 539 470 554 554 470 470 470 520 470 470 470 470 470 470 417 417 417 417 456 417 431 431 418 418 389 389 389 295 295 295 295 369 295 295 295 249 249 249 249 302 302 249 249 249 249 249 249 249 215 215 191 221 191 191 191 147 147 171 111 111 111 73 73 73 73 99 99 99 1 1 1 1 52 52 1 1 33 2 2 2 
945 987 945 945 945 945 945 882 882 933 911 911 912 874 891 891 874 874 818 818 818 818 645 645 645 645 645 769 645 645 645 645 645 757 757 746 645 645 724 671 671 671 671 671 671 623 623 623 623 615 615 633 521 521 521 521 574 574 575 575 539 470 470 470 470 538 470 520 520 470 470 498 470 470 465 465 465 417 417 417 431 431 418 418 418 373 389 389 389 360 360 369 295 295 249 249 302 302 302 302 243 243 243 249 249 249 249 249 215 215 191 221 191 205 147 147 171 171 111 111 111 111 73 73 73 91 91 91 91 1 1 1 1 1 1 33 33 2 2 2 
945 945 945 945 945 945 937 937 937 911 911 911 912 874 891 883 883 853 853 818 818 818 645 645 645 645 645 645 645 645 645 645 770 757 757 746 645 645 724 671 671 671 671 671 671 623 623 623 623 633 633 633 521 521 521 521 521 521 521 539 539 539 539 470 470 538 470 470 470 470 470 498 448 448 465 465 465 431 431 431 431 431 418 418 418 373 389 389 360 360 360 369 249 249 249 336 302 325 302 302 243 243 243 249 249 249 243 243 215 215 191 191 191 205 191 191 111 111 111 111 148 73 73 132 122 91 1 1 1 1 1 1 1 53 53 33 33 2 2 2 
959 945 945 945 945 945 953 938 938 911 911 911 912 874 874 883 853 853 818 818 818 818 829 645 645 645 809 645 645 645 786 645 770 763 746 746 645 645 671 671 671 671 671 671 671 670 623 623 623 623 623 623 623 521 521 521 521 521 521 539 539 539 539 527 527 527 527 527 470 448 448 448 448 448 448 465 465 431 431 431 431 431 418 418 233 373 373 373 360 360 360 249 249 336 336 336 302 325 249 249 243 243 243 243 243 243 243 243 243 215 215 191 191 191 191 191 111 111 111 155 73 73 122 122 122 91 1 1 1 1 1 1 3 3 3 42 26 26 21 3 
959 945 945 958 958 938 938 938 934 934 883 883 883 883 883 883 853 818 818 859 818 818 829 645 645 645 809 645 645 645 786 645 763 763 746 746 645 645 671 671 671 671 671 623 623 670 623 623 623 623 623 623 624 521 521 521 521 521 521 521 539 539 539 527 527 527 527 527 470 448 448 448 448 448 448 448 448 448 423 423 423 423 423 423 233 399 399 373 373 360 360 249 249 336 336 336 302 325 249 249 243 243 243 243 243 243 260 251 233 233 215 191 191 191 191 191 111 111 111 155 73 73 73 73 73 91 91 1 1 72 72 72 3 3 3 42 26 26 21 3 
959 959 958 958 958 958 842 842 934 934 883 883 883 883 883 883 853 818 818 818 818 818 829 645 645 645 645 645 776 776 786 645 763 746 746 746 645 645 681 671 671 671 623 623 623 623 623 623 623 623 623 623 624 578 578 578 584 584 584 521 539 539 539 539 539 539 527 527 470 448 448 448 448 448 410 448 448 448 423 423 423 423 423 423 233 233 360 360 373 360 360 360 249 336 302 302 302 249 249 249 243 243 243 243 243 243 251 251 233 233 215 215 215 192 192 192 180 111 111 155 73 73 73 73 73 91 91 100 1 65 65 65 65 3 3 42 21 21 21 3 
988 959 958 958 958 958 842 842 842 842 842 842 883 883 883 883 853 853 853 853 853 818 829 829 818 818 776 776 776 776 786 775 763 746 746 746 645 645 681 671 671 671 623 623 623 623 623 623 623 634 634 634 578 578 578 578 584 584 521 521 521 521 521 521 521 521 521 521 470 448 448 448 410 410 410 448 448 448 448 448 423 423 428 233 233 233 360 360 373 373 373 360 249 336 302 302 302 249 243 243 243 296 243 243 243 243 251 251 233 233 206 206 206 192 192 192 180 111 111 111 111 111 73 73 123 91 91 1 1 65 65 65 65 3 54 42 21 21 3 3 
988 959 959 959 959 959 842 842 939 842 842 842 842 842 842 892 853 853 867 842 842 818 818 830 818 776 776 747 747 747 747 775 763 763 747 747 731 731 681 681 681 671 671 671 671 671 658 658 623 634 634 578 578 578 578 584 584 584 521 521 521 559 559 555 521 521 533 521 470 470 448 448 410 410 477 410 410 449 449 449 432 432 428 233 409 409 360 360 360 360 360 360 249 249 302 302 249 249 243 243 243 243 243 281 233 233 233 233 233 234 206 206 206 206 172 172 180 114 114 111 111 111 111 73 123 91 91 1 85 85 65 65 65 3 3 42 21 21 3 4 
988 988 959 959 959 959 842 842 842 842 842 842 904 904 842 842 842 842 842 842 842 842 818 818 818 776 800 747 793 793 747 747 747 747 747 748 731 731 695 695 681 681 681 681 658 658 658 659 623 623 634 578 578 578 584 584 584 584 585 576 555 555 555 555 522 522 533 521 521 470 470 470 470 410 410 410 410 419 419 432 432 428 428 233 409 409 360 360 360 382 360 360 360 249 249 249 249 311 311 311 243 243 281 281 233 233 233 216 216 216 216 206 206 172 172 172 180 114 114 114 114 114 111 73 73 73 1 1 1 1 1 1 1 1 3 3 21 21 3 4 
989 989 959 959 959 959 842 842 842 926 926 842 842 842 842 842 842 842 842 842 842 842 776 776 776 776 800 747 747 747 732 747 747 747 747 748 688 688 695 695 695 695 658 658 658 623 623 623 623 623 634 578 578 584 584 603 576 576 576 576 555 555 555 522 522 522 522 522 522 493 493 493 470 470 470 470 410 419 419 432 432 428 428 233 233 409 360 360 360 360 360 360 360 233 233 311 311 311 233 233 303 233 233 233 233 266 261 216 216 216 216 206 206 172 200 172 114 114 114 114 114 114 111 124 124 73 1 1 1 1 1 43 43 1 1 3 3 3 3 4 
989 989 959 959 959 926 926 940 940 926 884 884 884 884 884 842 842 875 842 842 842 842 776 776 776 776 800 800 747 747 732 732 747 747 747 747 688 688 688 688 688 688 658 658 658 623 639 639 639 639 625 625 578 578 603 603 576 576 576 576 555 555 555 522 547 493 493 493 493 493 493 493 493 466 466 466 410 419 419 419 419 419 419 419 233 233 233 397 360 360 360 233 233 233 233 233 233 233 233 233 233 233 261 233 233 266 261 216 216 216 216 206 206 172 172 172 114 166 114 114 114 114 111 111 111 73 73 1 1 1 1 43 43 1 1 1 1 1 1 1 
954 954 959 959 959 926 926 926 926 926 884 884 884 884 884 884 842 842 842 842 842 776 776 776 801 801 801 800 747 747 747 732 747 747 747 747 688 688 688 689 689 688 688 658 658 623 639 639 639 639 625 625 625 578 594 594 594 576 576 555 555 555 555 522 547 493 493 493 493 493 493 493 493 466 466 466 410 419 419 419 419 419 419 419 419 410 233 397 360 360 360 233 233 320 320 320 330 233 233 274 274 274 261 233 233 261 261 216 216 235 216 216 216 172 172 114 114 166 166 114 114 114 114 133 111 111 73 73 73 79 79 43 43 1 1 1 1 1 1 1 
954 954 954 954 969 926 926 926 893 893 893 893 893 900 900 884 884 842 842 842 842 776 776 776 801 801 801 800 800 747 747 732 732 732 732 749 688 688 689 689 689 689 689 623 623 623 664 578 578 639 639 625 625 578 594 594 594 566 566 555 555 555 555 522 522 493 493 493 506 506 506 471 471 484 466 466 410 410 450 450 410 410 410 410 410 410 233 233 233 233 233 233 233 320 320 320 330 233 233 274 274 274 261 261 261 261 244 244 172 172 172 172 172 172 172 114 114 114 114 114 141 141 114 133 112 112 73 73 73 79 79 43 43 43 43 43 1 1 1 5 
954 954 954 954 954 954 954 893 893 922 922 922 893 900 901 893 854 854 854 854 854 776 776 776 801 801 801 801 801 776 776 776 732 732 732 732 732 732 689 689 689 689 623 623 623 623 578 578 578 578 578 578 578 578 493 493 594 566 566 577 555 555 555 522 522 493 493 471 471 471 471 471 471 471 466 466 466 410 410 410 410 233 233 233 233 233 233 233 233 233 233 233 233 353 341 320 320 233 233 304 304 274 290 244 261 261 244 244 172 172 224 201 201 201 172 114 114 156 156 156 141 141 114 112 112 113 73 73 92 79 79 73 43 43 1 1 1 1 1 5 
992 981 981 893 893 893 893 893 941 922 922 922 893 900 893 893 854 854 854 831 831 776 776 776 801 801 776 776 776 776 764 764 764 764 750 750 742 689 689 689 696 623 623 682 623 623 578 578 578 626 626 578 578 493 493 493 493 566 566 566 566 493 493 522 493 493 493 471 514 514 471 471 494 471 466 466 438 438 438 438 438 233 233 233 233 233 233 233 233 337 337 337 337 337 341 337 320 233 233 304 304 274 290 244 244 267 244 244 244 172 172 201 201 201 172 193 181 156 156 156 114 114 114 112 112 74 74 73 73 79 79 73 1 1 1 5 5 27 5 5 
992 981 893 893 893 893 927 927 927 922 922 893 893 900 893 894 854 854 854 831 831 831 831 776 776 776 776 750 750 750 764 764 750 750 750 742 742 689 689 689 696 623 623 623 623 623 578 578 578 578 626 626 626 493 493 493 493 493 493 567 567 493 493 493 493 540 514 514 514 471 471 471 494 471 471 471 438 438 438 233 233 233 233 233 233 233 233 390 390 337 337 337 337 337 337 337 320 320 320 305 305 274 274 274 244 244 244 172 172 172 172 201 217 172 172 193 181 156 156 156 114 137 137 112 112 74 74 101 73 73 73 73 5 5 5 5 5 5 5 6 
981 981 893 977 927 927 927 946 927 922 922 893 893 893 893 894 854 876 854 831 831 831 831 831 819 819 750 750 802 750 750 750 750 750 742 742 743 689 689 697 696 696 623 623 623 623 578 578 578 578 578 578 627 493 493 493 493 493 493 493 493 493 514 514 540 540 514 514 514 471 471 471 494 471 471 451 451 451 233 233 233 233 233 233 233 233 233 233 374 383 337 337 337 337 337 338 173 173 173 173 173 173 291 274 274 244 244 172 172 172 218 201 201 172 172 172 181 172 134 134 114 114 114 114 114 114 74 101 93 5 5 5 5 44 44 44 5 5 6 6 
981 981 893 927 927 927 927 946 927 927 927 893 893 893 893 893 854 854 854 855 855 810 810 810 819 820 750 750 750 750 750 750 750 750 742 742 743 733 689 697 697 697 623 623 623 623 578 578 578 578 578 578 627 493 493 578 578 578 578 578 514 514 514 514 540 514 514 523 523 507 507 478 478 478 451 451 451 451 233 233 233 233 233 233 233 233 233 233 374 374 374 337 337 338 338 338 173 326 173 173 306 173 173 173 173 173 172 172 225 225 218 218 201 201 201 172 172 172 134 134 134 142 114 114 74 74 74 93 93 5 45 45 45 44 44 45 5 6 6 7 
955 955 955 927 927 927 927 927 927 927 927 893 893 893 893 893 885 868 868 855 855 810 836 810 819 819 750 750 750 750 750 771 771 733 733 742 733 733 689 689 689 698 690 623 623 623 597 597 635 635 640 578 578 578 578 578 586 586 586 514 514 560 560 514 514 514 534 523 524 507 507 478 478 478 451 451 451 451 451 451 429 429 429 342 342 342 233 233 374 374 375 342 342 338 338 338 173 173 306 306 306 173 173 173 173 173 172 173 173 225 225 218 218 201 201 172 172 173 134 157 134 134 134 134 74 74 74 94 94 5 45 66 45 45 45 45 5 6 22 7 
955 990 955 927 927 960 955 927 927 927 927 885 885 885 885 885 885 868 860 860 856 810 836 810 810 819 750 750 787 787 787 771 733 733 733 733 733 689 689 689 689 690 690 623 623 623 597 597 635 635 635 635 578 578 604 604 514 514 514 514 548 548 548 548 548 523 523 523 478 478 478 478 478 485 451 451 467 439 439 429 429 429 342 342 342 342 342 342 342 342 342 342 342 338 338 173 173 173 173 306 306 173 172 172 173 173 172 173 173 173 226 218 218 173 173 172 172 173 134 134 134 134 115 115 95 95 74 74 5 5 80 66 66 5 5 5 5 6 6 7 
955 955 955 955 955 955 955 843 843 928 928 885 885 843 843 843 886 868 868 856 856 810 810 810 810 807 807 807 771 771 771 771 733 758 744 744 744 689 689 689 689 690 623 623 623 623 597 597 635 635 595 595 595 616 604 604 514 514 541 541 541 541 541 541 541 541 478 478 478 515 478 478 478 485 478 467 467 439 439 429 429 429 342 342 342 400 400 342 342 384 361 361 342 342 342 173 173 173 173 306 306 173 172 172 172 172 172 173 173 173 173 173 173 173 173 173 173 173 167 134 149 115 115 115 95 95 95 74 5 5 5 5 5 5 6 6 6 6 6 7 
955 955 955 955 955 955 955 843 843 843 843 843 843 843 843 843 843 843 843 856 856 843 810 810 810 807 807 807 771 771 771 771 733 758 744 744 734 734 690 690 690 690 672 672 672 672 597 597 635 635 595 595 595 595 595 605 595 514 541 541 541 561 541 541 541 541 478 485 485 485 485 485 485 485 478 467 467 439 439 439 439 342 342 342 342 342 343 343 343 343 361 361 361 297 297 297 307 307 307 307 307 173 172 172 173 173 173 173 173 194 194 194 194 207 194 194 116 116 167 134 149 115 115 115 115 95 95 74 74 74 74 74 55 55 6 6 6 7 7 7 
955 955 955 955 955 955 955 843 843 843 843 843 843 905 843 862 862 862 843 861 843 843 810 810 810 807 807 807 744 744 744 733 733 758 758 744 734 734 690 690 690 699 672 672 672 597 597 641 641 641 595 595 595 595 595 595 595 514 514 514 514 514 514 433 433 433 478 478 525 508 508 478 478 478 478 467 467 433 433 433 433 342 342 342 342 342 343 343 343 343 361 361 343 343 343 297 307 321 321 308 308 173 173 173 173 268 194 194 194 194 194 194 194 207 194 195 116 116 167 134 134 115 115 115 115 95 95 74 74 74 74 74 55 55 6 6 7 7 7 7 
955 955 955 955 955 955 843 843 843 843 843 843 843 843 843 862 862 862 843 843 843 844 837 810 810 810 810 744 744 744 744 744 744 744 744 744 734 734 710 710 690 690 690 683 672 597 665 641 651 641 595 595 595 595 595 595 514 514 514 514 514 514 514 433 549 433 478 478 525 508 508 478 478 478 478 433 433 433 452 452 433 433 420 420 420 411 343 343 343 343 361 361 343 344 344 297 307 307 307 308 308 297 173 173 252 252 194 194 194 194 194 194 194 194 194 116 116 116 167 158 134 115 115 115 115 95 95 74 74 74 74 74 55 55 55 7 7 28 7 7 
955 955 955 955 955 955 843 947 843 843 843 843 913 895 895 895 862 862 869 862 832 832 837 810 810 810 810 744 788 744 744 744 751 751 759 751 734 734 710 710 683 683 683 683 672 597 665 641 651 641 595 595 595 595 606 606 514 514 514 514 433 433 433 433 433 433 478 478 478 478 508 478 478 478 478 433 452 452 452 452 420 420 420 421 421 411 343 343 391 343 343 343 343 339 339 297 297 297 307 297 297 297 252 252 252 252 252 252 194 194 227 194 194 202 116 116 182 116 116 158 134 135 115 115 115 95 95 95 95 75 75 75 55 55 55 7 8 8 8 8 
955 955 955 978 961 961 843 947 843 843 843 843 913 895 895 895 862 862 862 862 832 832 832 832 810 810 810 744 788 788 788 751 751 751 751 751 710 710 710 710 683 700 672 672 672 597 665 641 641 641 595 595 595 595 606 514 514 514 579 579 433 433 433 433 433 433 478 478 478 478 478 478 495 479 479 433 452 461 457 452 420 420 420 411 411 411 401 343 343 343 343 343 339 339 339 297 297 297 297 297 298 298 252 252 269 269 252 252 194 194 194 194 194 202 116 116 116 116 116 116 134 135 135 135 115 115 106 95 95 75 75 75 7 7 7 7 8 8 9 9 
955 955 955 961 961 962 843 843 843 843 843 843 913 877 877 877 877 877 832 832 832 832 832 811 811 811 811 744 751 751 751 751 751 751 751 710 710 735 710 710 710 672 672 672 672 597 597 641 641 641 641 595 595 606 606 514 514 514 579 568 568 433 433 433 433 433 433 433 478 478 478 495 495 479 433 433 452 452 457 452 411 411 411 411 412 412 401 343 343 354 354 354 339 339 339 253 253 253 253 253 298 252 252 252 269 269 194 194 194 194 194 194 194 202 202 116 116 116 116 116 134 138 138 116 116 116 106 75 75 75 75 75 7 7 10 10 10 10 9 9 
993 907 907 907 970 906 906 843 843 843 843 877 877 877 902 877 877 877 832 832 832 832 811 811 744 744 744 744 751 751 777 777 751 751 751 710 745 735 710 716 672 672 672 672 672 673 597 641 617 617 617 617 617 606 606 589 589 589 579 568 568 433 433 550 550 433 433 433 433 433 479 479 479 479 433 462 462 452 452 452 411 411 411 411 401 401 401 392 392 354 354 354 354 354 339 253 253 253 253 253 252 252 252 252 270 270 194 194 194 194 194 194 194 174 174 116 116 116 116 134 134 116 116 116 125 106 106 75 75 75 7 7 7 7 10 10 10 10 9 9 
993 907 982 907 970 906 843 843 843 843 843 877 877 877 877 877 877 877 832 832 832 832 811 744 744 744 744 803 803 751 751 751 751 751 751 710 710 735 710 716 672 701 672 672 672 673 597 641 617 617 617 528 589 589 589 589 528 528 579 528 528 550 550 550 433 433 433 433 433 433 433 433 433 433 433 462 462 411 411 411 411 411 411 411 401 401 402 392 376 376 376 362 362 355 339 253 253 309 309 312 252 252 252 252 270 270 194 194 194 194 194 174 174 174 174 174 183 174 116 116 116 116 7 7 7 7 7 7 7 75 7 7 61 61 10 10 10 10 10 10 
993 907 907 907 970 906 843 843 843 843 843 877 877 877 877 845 845 845 845 845 845 845 811 744 826 778 778 778 778 789 789 778 710 710 710 710 710 735 710 672 672 672 672 672 672 673 597 641 617 617 617 528 589 589 589 528 528 528 528 528 528 528 556 556 433 433 433 528 486 486 486 433 433 486 462 462 462 411 458 411 411 411 401 401 401 401 392 392 376 376 376 362 363 355 339 339 253 309 309 309 252 252 282 282 270 270 194 194 194 209 209 174 174 174 174 174 174 174 116 116 116 116 7 7 7 7 7 7 7 75 75 7 61 10 10 10 10 10 10 11 
993 907 983 906 906 906 948 948 843 843 843 877 877 877 845 845 845 845 845 845 846 846 811 811 811 778 778 778 778 778 778 778 710 710 710 710 710 710 710 672 672 672 673 673 673 673 597 597 617 617 617 528 528 528 528 528 596 528 528 528 528 528 556 528 528 528 528 528 486 486 486 486 486 486 462 462 462 411 411 411 440 401 401 424 401 401 392 392 376 376 376 363 363 355 345 253 253 309 309 309 309 275 275 275 275 245 245 245 245 209 209 174 174 208 174 174 184 116 116 116 116 116 116 7 7 7 7 7 7 7 7 7 7 10 46 46 10 10 10 11 
993 907 906 906 906 906 948 948 843 843 843 923 877 877 845 845 845 870 870 845 845 847 838 811 811 778 778 691 691 691 779 779 691 691 736 736 736 736 717 717 672 672 672 673 673 597 597 597 617 617 617 617 617 617 562 562 562 528 528 528 528 556 556 528 551 528 528 486 486 486 486 462 462 462 462 462 462 462 440 440 440 401 430 403 403 403 392 392 377 377 377 363 363 355 345 253 331 253 253 253 275 275 245 245 245 245 245 245 246 209 209 222 174 174 174 174 184 116 116 116 143 143 116 7 7 117 62 62 62 81 7 7 7 10 46 10 10 11 11 11 
907 907 906 906 906 906 914 914 914 914 914 914 914 811 811 845 845 870 870 845 845 838 838 811 812 812 691 691 691 691 779 780 691 691 736 736 736 737 717 672 672 702 672 673 673 597 597 597 597 597 642 617 617 562 562 562 562 590 580 580 528 528 528 528 551 516 516 486 486 486 486 462 462 462 462 462 322 322 440 401 401 401 430 403 403 403 403 377 377 377 377 322 322 355 345 253 253 253 322 253 275 275 245 245 245 245 262 245 150 150 209 209 209 209 203 126 126 116 116 116 116 116 116 126 126 62 62 62 62 81 81 7 7 10 10 10 10 11 11 11 
907 907 907 906 906 906 914 914 914 914 914 914 914 811 811 811 845 845 845 845 838 838 838 811 812 812 691 691 691 779 779 780 691 691 691 691 691 737 717 672 672 672 672 677 677 597 597 597 652 597 642 617 617 562 562 562 562 562 580 562 562 562 528 528 516 516 516 516 516 487 487 462 462 462 462 322 322 322 401 401 441 401 401 403 403 404 404 377 370 370 370 322 322 322 345 253 253 322 322 253 253 253 253 276 276 245 245 245 150 150 150 210 210 210 203 126 126 126 159 159 126 126 126 126 62 62 62 62 62 62 62 62 62 62 10 10 10 11 11 11 
907 907 907 971 971 906 906 906 914 914 914 914 914 811 903 811 845 845 811 811 838 838 838 811 811 812 812 691 691 779 779 779 691 765 691 691 691 737 717 717 672 672 666 666 597 597 597 597 597 597 642 597 597 597 597 597 597 562 562 562 542 542 542 542 516 516 516 516 516 487 487 487 487 487 322 322 322 322 401 401 401 401 401 401 422 404 404 377 377 377 370 322 322 322 322 322 322 322 313 313 299 299 253 253 253 271 253 253 150 150 150 210 126 126 203 126 126 126 126 126 126 126 126 126 62 62 62 102 63 63 63 63 12 12 12 10 10 11 11 11 
907 907 907 963 963 963 906 906 942 906 906 906 915 811 811 811 811 811 811 811 811 811 811 811 811 812 812 691 691 691 691 691 691 691 691 737 737 737 717 717 672 672 691 666 597 597 597 660 597 597 597 597 607 607 607 607 581 581 581 581 542 542 542 542 516 516 516 516 516 499 499 499 472 472 322 322 468 442 442 442 442 401 401 401 422 322 322 322 377 377 370 322 322 356 292 292 322 322 313 313 299 223 223 283 253 253 253 150 150 150 150 210 126 126 126 126 126 160 126 126 144 126 126 126 127 62 62 102 63 63 12 12 12 12 12 34 34 11 11 11 
907 963 963 963 963 963 906 906 906 906 916 906 906 906 811 896 811 811 871 811 811 811 827 811 811 812 812 691 691 691 691 752 691 691 737 737 725 725 725 691 691 691 691 666 666 666 666 660 628 628 607 607 607 607 598 598 581 581 581 582 542 542 542 542 516 516 516 516 516 499 499 499 472 488 322 322 442 442 443 443 443 322 322 322 422 322 322 322 377 370 370 322 322 292 292 292 292 292 313 313 299 223 223 223 223 223 263 150 228 228 228 126 126 126 126 196 126 160 126 126 144 144 127 127 127 62 62 63 63 63 12 12 12 12 12 12 12 29 11 11 
907 907 907 907 907 907 907 949 906 906 916 916 916 907 811 811 811 811 811 811 811 811 827 827 827 812 812 691 691 691 691 752 691 691 691 691 725 725 725 691 711 660 660 660 678 660 660 660 628 628 607 607 607 607 598 598 581 581 581 542 542 542 542 542 542 516 516 516 516 499 499 500 472 322 322 442 442 442 442 444 444 322 322 322 322 322 322 322 377 370 370 370 322 292 346 292 292 292 292 292 299 223 223 223 223 223 263 150 150 150 150 126 126 126 126 126 126 160 160 160 118 118 127 127 127 62 62 63 67 67 67 67 67 35 35 35 12 12 12 12 
907 907 907 907 907 929 907 907 907 907 907 907 917 907 811 811 878 878 811 811 811 811 813 813 813 813 813 691 691 752 752 752 691 691 760 691 691 691 691 691 711 660 692 660 660 660 667 653 653 628 607 607 608 608 598 598 598 581 581 542 542 542 542 542 542 516 516 516 516 516 509 472 472 322 322 442 442 442 442 322 322 322 322 413 413 413 405 322 322 378 370 370 322 292 346 292 292 314 314 292 292 292 223 223 229 229 229 229 229 229 150 150 150 150 150 197 150 150 168 161 118 118 118 118 128 62 62 63 63 63 69 69 68 35 35 35 12 12 12 12 
907 907 907 907 907 929 929 929 929 929 929 907 907 907 811 811 878 878 811 811 848 848 813 813 813 813 813 781 781 752 752 752 752 752 752 752 703 703 726 711 711 660 660 684 667 667 667 653 654 628 628 636 608 608 611 599 599 581 581 517 569 542 542 542 542 542 517 517 517 517 509 472 472 472 322 322 322 322 322 322 322 322 413 413 405 405 405 322 322 378 378 322 322 292 292 292 292 314 314 292 292 292 292 223 223 223 223 223 223 229 229 150 150 211 150 150 150 150 150 161 118 118 118 118 118 118 103 103 63 63 69 69 68 63 35 35 35 13 13 13 
907 907 907 935 935 964 929 929 887 887 887 887 887 887 879 879 839 839 839 839 839 849 813 813 781 781 781 781 781 781 781 781 718 718 752 752 703 703 703 711 703 703 660 684 667 674 653 653 654 628 628 636 628 608 611 599 599 591 517 517 517 517 517 517 517 543 517 529 509 509 509 489 489 472 322 322 380 380 380 380 322 322 413 413 405 405 405 322 393 322 322 322 364 332 332 332 332 314 314 314 284 284 284 284 223 223 236 223 223 230 230 223 169 169 169 169 175 175 150 150 118 118 129 129 129 103 103 104 63 63 63 69 69 63 35 35 35 13 13 13 
907 907 907 935 935 964 935 935 935 935 887 887 887 887 879 879 839 839 839 839 839 849 839 781 781 821 804 804 804 782 782 718 718 718 752 752 703 738 703 703 703 660 660 667 667 653 653 654 654 628 628 628 628 608 608 608 591 591 517 517 517 517 517 517 517 543 517 509 509 489 489 489 489 472 472 472 380 380 459 380 380 380 413 413 405 405 405 322 322 322 371 371 332 332 284 284 284 284 284 284 284 285 284 284 236 236 236 223 223 223 223 223 169 169 169 169 150 150 150 150 145 145 129 129 129 103 103 86 86 86 63 63 63 63 35 35 13 13 13 13 
972 972 935 935 935 935 935 935 935 887 887 887 887 908 879 879 879 879 781 781 839 839 839 781 790 790 804 782 782 782 782 718 718 718 718 718 703 703 703 703 703 660 660 667 667 653 653 654 629 629 629 629 629 608 608 609 591 587 587 517 517 517 517 517 517 543 517 509 509 489 489 489 489 489 464 464 464 380 380 380 445 380 413 413 405 405 405 327 327 371 371 372 332 347 284 333 333 284 284 284 284 285 285 285 236 236 264 254 236 236 231 169 169 169 169 185 150 150 150 162 145 145 129 129 129 86 86 86 96 87 63 63 36 36 36 36 13 13 13 13 
972 972 935 935 935 935 956 935 935 887 887 887 887 908 887 887 887 781 781 781 781 839 839 781 790 790 790 782 782 782 782 782 718 718 718 718 739 739 718 718 703 703 660 552 552 653 653 552 552 552 629 629 630 552 552 552 591 587 587 517 563 563 517 557 517 517 517 509 509 489 489 501 489 489 464 380 380 463 380 380 445 380 380 365 405 405 327 327 327 327 379 332 332 347 347 315 315 315 315 315 212 212 212 212 212 236 236 254 236 231 231 169 169 169 169 185 150 150 150 150 150 145 139 129 129 86 87 87 96 87 63 63 36 36 36 36 13 13 13 13 
972 972 984 935 935 935 935 935 935 935 792 792 887 887 887 887 887 781 781 783 781 781 781 781 790 822 790 790 790 794 790 753 753 718 718 718 718 718 718 719 703 703 660 552 552 552 552 552 655 552 630 630 630 552 612 552 570 570 587 517 517 517 517 557 552 509 509 509 509 496 496 496 496 464 464 380 380 380 380 445 445 434 380 365 365 365 327 327 327 327 327 332 332 332 327 327 334 327 277 316 212 212 212 286 212 237 236 236 236 231 231 169 169 186 186 185 185 145 145 163 145 145 139 86 86 86 86 87 87 87 16 16 16 16 36 36 13 13 13 13 
972 972 972 972 972 935 935 792 943 792 792 792 918 863 863 897 863 863 863 783 781 781 790 790 790 790 790 790 790 790 790 753 753 753 761 718 718 740 704 704 704 704 660 552 679 600 600 655 655 552 552 552 631 552 612 552 570 570 570 570 570 517 517 557 552 509 535 509 509 496 510 490 490 464 464 380 380 380 445 445 434 434 380 425 365 365 327 327 327 327 327 332 332 332 327 327 327 327 277 316 212 212 212 212 212 237 237 247 169 169 169 169 169 186 186 186 186 145 145 145 145 139 139 86 86 86 86 16 16 16 16 16 16 16 36 36 36 14 14 14 
972 972 973 973 973 965 792 792 792 792 930 792 863 863 863 863 863 880 863 783 783 850 790 790 790 790 783 783 783 795 766 766 766 753 753 753 704 704 704 704 704 705 660 660 600 600 600 600 600 552 552 552 552 552 612 552 570 570 570 570 570 552 552 557 552 509 509 509 496 496 490 490 490 490 464 464 464 464 434 434 434 380 380 425 365 327 327 327 327 327 327 327 327 327 327 335 335 277 277 287 287 287 212 212 212 212 237 247 247 237 199 199 169 145 145 145 145 145 145 139 139 139 86 86 130 16 107 16 70 70 70 70 70 16 56 37 37 14 14 14 
972 972 924 924 924 965 792 792 792 930 930 792 863 863 863 863 880 880 863 863 783 783 783 783 783 783 783 808 783 795 766 766 766 766 704 704 704 720 720 720 693 693 600 600 600 661 661 661 600 612 612 612 612 612 612 552 552 552 552 552 552 552 552 552 552 509 509 496 496 490 490 497 497 473 473 473 434 434 434 453 446 380 425 425 365 327 327 327 327 327 365 365 365 277 277 277 277 277 277 287 287 287 212 212 212 212 237 237 237 237 199 199 169 145 145 187 187 145 145 139 151 86 86 130 130 16 16 16 70 70 70 76 16 16 56 37 37 23 23 15 
924 924 924 979 924 965 944 944 944 930 930 792 792 909 792 792 792 792 792 792 792 792 792 792 783 783 791 791 783 783 783 766 766 766 704 754 720 720 693 693 693 693 600 600 661 661 661 662 600 612 612 612 612 612 552 552 552 552 552 564 564 564 552 552 502 502 536 496 496 490 511 497 497 473 473 473 434 434 434 453 446 380 425 425 365 365 365 365 394 365 365 277 277 277 277 277 277 277 277 287 287 300 293 212 212 212 238 238 238 238 199 169 169 198 145 145 145 145 145 139 151 86 130 130 32 32 32 32 70 70 70 76 16 47 47 47 23 23 24 15 
924 924 924 924 924 924 944 865 865 865 865 865 792 792 792 888 888 864 872 851 851 792 792 792 791 791 791 791 791 796 783 783 685 685 704 704 720 720 693 721 693 693 693 600 661 661 661 662 600 600 600 600 600 618 552 552 552 552 552 564 558 558 558 558 502 502 502 496 496 496 497 497 497 473 480 474 434 434 434 453 446 380 425 425 365 365 406 365 365 365 277 277 348 348 348 317 317 317 317 317 287 293 293 212 212 212 212 212 212 239 199 169 169 198 198 198 145 145 145 139 151 86 130 130 32 32 32 32 97 70 70 76 16 47 47 48 23 15 15 15 
985 985 985 924 924 924 944 865 865 865 931 865 910 910 865 865 889 864 864 851 851 792 792 792 791 791 791 791 791 791 791 685 685 685 685 704 704 693 693 693 693 663 663 600 600 600 600 600 600 600 600 600 600 552 552 552 552 552 558 558 558 565 558 558 502 544 502 496 496 496 497 497 497 473 474 474 434 434 434 446 446 380 380 380 380 380 380 385 385 385 277 277 348 348 348 317 317 317 317 317 287 293 287 287 277 240 240 255 212 212 199 199 169 169 169 169 169 169 169 139 86 86 130 130 32 32 32 32 97 70 71 71 16 16 48 48 23 15 15 15 
985 985 985 924 924 924 924 865 865 865 931 865 865 865 865 865 865 881 864 864 851 851 792 792 828 792 792 791 797 797 685 685 767 767 685 685 704 693 693 693 712 663 663 663 663 663 668 600 600 647 552 552 552 552 552 552 552 552 565 565 565 565 502 502 502 544 502 502 502 502 512 502 473 473 474 474 434 434 434 446 414 414 414 414 414 414 380 380 380 380 380 277 277 323 323 323 317 317 317 317 287 287 287 288 277 240 240 240 240 212 212 199 199 199 199 199 139 139 139 139 86 86 86 86 32 32 108 32 32 70 70 71 71 16 48 48 23 23 15 15 
975 975 985 925 925 925 924 924 924 865 865 865 865 898 898 898 865 865 865 865 851 851 792 833 792 792 792 791 797 685 685 767 767 767 685 685 704 693 693 712 712 663 663 680 680 663 663 663 600 600 552 552 552 552 552 610 552 552 502 502 565 565 502 502 502 544 502 502 526 502 502 502 473 473 474 474 446 446 446 446 414 414 414 414 414 415 380 380 380 380 380 277 277 323 323 323 323 323 323 277 277 277 277 277 277 240 240 240 240 240 212 219 219 164 164 164 139 139 139 86 86 86 86 86 32 32 88 88 32 32 70 49 49 16 38 38 38 16 16 16 
975 985 985 925 966 925 925 925 924 924 865 865 865 865 898 898 852 852 865 865 823 823 792 792 792 823 792 791 797 685 685 767 767 767 685 685 685 685 685 685 685 706 663 663 663 663 663 663 600 600 600 600 610 610 610 610 600 502 502 502 571 502 502 502 502 544 502 502 526 503 503 503 473 473 474 474 446 447 447 447 447 415 415 415 415 415 380 380 380 381 381 277 277 323 323 277 277 277 277 277 301 277 277 256 256 240 240 256 212 212 212 219 164 164 164 164 139 139 139 86 86 86 86 86 32 119 88 88 88 32 70 49 49 16 38 38 16 16 17 17 
975 975 986 925 966 966 919 919 919 924 924 924 919 865 865 852 852 852 852 852 823 823 823 823 823 823 792 791 791 791 685 685 772 713 713 713 713 713 713 713 685 685 685 685 669 669 669 600 600 648 600 600 600 619 600 600 600 502 588 502 502 502 502 502 526 526 526 530 526 503 503 503 473 473 473 475 446 446 446 454 415 415 426 426 398 398 398 398 366 366 340 340 277 277 277 277 328 256 256 256 301 301 256 256 256 256 265 256 212 241 212 212 164 164 164 164 139 176 139 86 86 32 32 32 32 109 109 88 88 32 32 49 16 16 57 38 16 30 17 17 
975 975 986 925 925 967 919 919 919 919 919 919 919 865 865 852 852 852 852 852 823 823 823 823 823 823 792 805 805 685 685 685 772 713 713 713 722 722 727 713 713 707 600 600 669 669 600 600 648 648 600 600 600 600 600 601 601 502 502 502 502 502 502 502 526 526 526 526 526 503 503 491 491 473 473 475 446 446 460 415 415 435 426 426 398 407 407 366 366 366 340 340 340 340 277 277 328 256 256 256 256 256 256 278 278 256 256 256 212 212 212 212 212 212 164 164 139 139 139 32 32 32 140 32 32 109 109 88 88 88 32 49 16 16 16 38 16 16 18 18 
975 991 974 974 925 925 919 919 919 919 920 920 865 865 865 865 852 852 852 852 823 823 840 825 825 792 792 805 805 685 713 713 713 713 722 722 722 722 722 722 707 707 600 600 600 600 600 648 648 649 600 600 600 600 600 572 572 572 572 572 572 526 526 526 526 526 526 518 518 518 491 491 491 473 481 366 366 366 460 415 415 435 398 398 398 407 408 366 366 366 366 366 366 340 349 340 328 328 256 318 278 278 278 278 153 153 153 153 153 153 153 153 220 213 164 188 188 164 164 32 32 140 140 120 120 120 89 89 88 88 32 49 49 49 16 16 39 16 18 18 
975 991 974 974 974 925 925 925 925 925 920 920 865 865 865 865 865 852 852 852 852 852 825 825 825 792 792 792 792 792 713 713 713 768 722 722 722 707 707 707 707 600 600 686 600 600 648 648 649 649 600 632 600 600 600 572 572 572 572 572 526 526 526 526 526 526 526 531 491 491 491 504 491 473 481 366 366 366 436 436 415 415 415 416 416 407 408 366 366 367 367 367 367 340 349 340 256 256 256 318 278 278 278 278 153 153 153 232 232 153 153 153 153 213 164 188 164 164 164 164 32 32 120 120 120 120 89 89 89 89 32 32 32 49 58 16 16 16 18 18 
975 975 975 980 975 950 950 925 925 925 920 920 920 865 865 865 865 852 852 825 825 825 825 792 792 806 806 806 806 792 713 713 713 768 707 707 707 707 728 714 714 600 600 600 600 600 600 600 600 600 600 632 632 613 613 572 572 572 572 572 526 526 526 526 553 526 526 531 491 491 491 491 491 491 366 366 366 366 436 436 436 436 415 416 416 416 366 366 395 367 367 153 153 340 340 340 256 256 256 256 256 289 289 289 153 153 153 232 232 242 204 204 153 213 164 164 164 165 165 165 32 32 120 120 120 120 89 89 89 82 82 32 32 49 49 49 19 19 25 19 
975 975 975 975 975 950 950 925 925 925 866 866 866 865 865 865 865 852 852 825 825 825 792 792 792 792 792 792 792 792 713 713 713 768 707 707 707 707 728 714 715 600 600 675 675 675 643 643 643 643 643 637 613 613 613 572 572 572 572 526 526 526 526 526 553 513 513 531 491 491 491 491 491 491 366 366 366 366 366 366 366 366 415 415 415 366 366 395 395 153 153 153 153 153 153 153 256 256 256 256 256 289 289 289 272 272 153 232 232 204 204 204 153 153 189 189 189 32 32 32 32 146 120 120 110 110 110 32 32 82 32 32 50 50 50 50 19 19 19 19 
950 950 950 950 950 950 950 950 925 925 866 866 866 866 866 865 865 852 852 825 825 825 792 792 792 792 792 792 792 792 713 713 713 707 707 707 728 728 728 714 715 600 600 643 643 643 643 644 644 644 644 637 613 613 613 572 572 513 513 526 526 526 526 526 553 513 513 519 519 519 491 491 476 476 482 366 366 366 366 366 437 366 366 415 415 366 395 395 153 153 153 153 368 357 350 153 153 153 256 256 256 279 279 279 279 153 153 257 232 204 204 204 214 153 153 189 189 32 32 32 32 32 120 120 110 110 110 32 32 32 32 77 32 32 32 19 19 31 19 19 
950 932 932 932 932 932 951 951 925 936 866 866 866 866 866 866 866 866 866 866 857 825 841 792 824 824 792 792 792 792 792 707 707 707 707 707 707 741 729 714 643 643 643 643 643 643 643 644 644 637 637 637 602 620 614 513 513 513 513 573 573 513 513 553 553 513 513 519 519 519 476 476 476 476 476 366 366 366 366 366 437 437 366 415 415 366 366 153 153 357 357 357 357 357 350 153 153 153 256 310 310 279 279 153 153 153 257 257 232 232 232 204 214 214 153 153 153 177 152 32 32 32 32 32 131 105 105 32 32 32 32 32 32 32 32 19 40 19 19 19 
932 932 932 932 932 932 932 932 925 925 925 925 866 866 815 815 890 857 857 857 857 825 841 792 824 792 792 792 792 792 792 707 707 707 707 755 707 729 729 714 643 643 643 643 643 637 637 656 656 637 637 637 602 602 614 513 513 513 513 573 513 513 513 513 513 513 513 519 519 519 476 492 492 492 476 476 366 366 366 366 427 427 366 366 366 366 366 153 153 357 357 153 358 358 350 153 153 153 256 279 279 279 279 153 273 273 232 232 232 232 232 204 204 204 204 153 153 177 152 152 152 32 32 32 131 105 105 105 83 83 83 78 32 32 59 19 19 19 19 19 
932 932 932 932 932 932 932 932 932 932 932 815 815 815 815 815 815 857 857 857 857 825 825 792 792 792 814 798 798 707 707 707 707 707 707 707 707 729 714 714 708 708 643 643 637 637 637 656 657 637 637 637 602 602 513 513 592 592 513 513 513 537 537 545 545 545 513 513 513 476 476 476 476 387 387 387 469 366 366 366 427 427 427 427 366 366 386 386 153 153 153 153 153 359 350 153 153 153 256 279 279 279 279 153 153 153 232 232 232 232 232 204 204 204 204 153 153 153 170 32 32 32 32 32 32 105 105 32 83 83 83 78 32 64 32 32 19 19 19 19 
994 932 932 968 968 932 932 815 815 815 815 815 815 815 815 899 815 815 815 815 815 815 825 825 825 825 814 798 798 707 773 773 773 707 707 707 707 707 730 708 708 637 637 637 637 637 637 656 637 637 602 602 602 621 513 513 513 513 513 513 513 537 537 537 537 537 537 532 513 476 476 476 476 387 387 387 469 366 366 366 387 387 387 387 387 387 386 386 396 386 153 153 153 350 350 153 153 153 256 153 153 153 153 153 153 153 232 232 248 178 178 178 178 204 204 190 190 153 153 32 32 32 32 136 32 32 32 32 83 83 78 78 32 64 32 32 41 32 19 19 
968 968 968 968 968 968 815 815 815 815 815 815 815 815 815 815 815 815 815 815 858 815 834 834 815 815 815 798 798 707 707 784 707 707 707 707 708 707 730 708 637 637 694 637 637 637 656 656 637 602 602 638 602 602 513 513 602 513 513 513 513 537 537 537 546 546 532 532 513 476 476 476 476 483 387 387 387 387 387 387 387 387 387 387 387 387 386 386 386 386 153 153 350 350 153 153 329 329 153 153 294 294 294 258 258 258 258 258 178 178 178 178 178 178 178 190 178 178 153 32 32 90 90 90 90 90 90 90 98 90 78 78 32 32 32 32 32 32 19 19 
968 968 968 968 968 968 815 815 815 815 815 815 815 815 815 815 815 815 815 815 858 815 815 815 815 816 816 798 798 798 707 707 707 707 707 756 708 708 708 708 637 637 637 637 637 637 637 637 637 602 602 602 602 602 602 602 602 513 513 513 513 537 537 537 546 546 532 532 513 513 513 476 476 483 483 387 387 387 387 387 387 387 387 387 387 387 387 387 387 387 153 153 350 350 153 153 153 153 153 319 294 294 294 258 258 258 259 259 178 178 178 178 178 178 178 178 178 179 153 153 153 90 90 90 90 90 90 90 90 90 78 78 32 32 51 51 32 32 19 19 
