914 914 914 914 914 928 928 928 914 914 836 836 836 836 836 836 836 836 836 836 836 826 767 767 767 797 767 767 774 733 733 733 733 733 733 588 588 588 662 662 662 662 662 662 662 629 629 638 638 629 588 588 611 531 531 531 587 531 531 531 498 498 498 498 498 498 442 442 442 442 442 442 442 442 442 442 442 414 414 414 414 414 359 359 359 359 383 359 359 359 359 310 310 326 326 309 309 235 235 235 235 235 235 235 259 235 235 235 208 208 208 208 202 151 151 151 151 151 151 151 135 135 60 60 60 60 60 98 60 60 60 60 60 26 26 26 26 26 1 1 
914 914 914 914 914 914 914 914 914 836 836 898 854 854 836 836 861 826 826 826 837 826 767 813 767 767 767 767 733 733 733 733 740 740 588 588 721 588 662 662 662 662 662 662 662 629 629 629 629 629 588 588 611 531 531 531 531 531 531 531 498 498 536 498 498 442 442 442 442 442 442 442 442 442 442 443 443 414 414 414 414 359 359 359 359 359 383 359 359 359 359 310 310 310 310 310 310 235 235 292 260 260 260 235 235 235 236 236 208 208 202 202 202 151 151 151 151 151 135 135 135 136 60 60 60 60 60 60 60 78 52 52 52 52 26 26 1 1 1 2 
914 914 914 914 951 920 920 914 914 836 836 836 854 854 861 861 861 826 827 826 826 826 767 813 806 767 767 767 733 733 733 733 740 740 588 588 588 588 588 588 662 662 662 588 588 629 629 629 629 629 588 588 611 611 531 531 531 579 531 531 537 498 498 530 523 442 442 442 498 442 442 442 442 442 442 359 359 359 359 359 359 359 375 375 375 359 359 359 359 359 359 310 320 320 310 310 235 235 235 235 260 260 260 235 235 208 208 208 208 208 202 202 182 182 182 182 135 135 135 145 145 60 60 60 60 60 60 70 70 70 52 52 40 40 40 40 1 2 2 2 
914 914 914 914 951 920 920 914 914 836 836 836 836 854 861 854 854 854 827 827 827 827 767 806 806 767 767 767 767 767 703 703 703 703 588 588 588 588 702 588 588 588 588 588 588 588 588 588 588 588 588 588 588 588 588 595 588 477 477 531 537 537 498 498 523 498 498 498 498 442 442 471 359 359 359 359 359 359 359 375 375 375 375 403 375 375 375 375 364 364 310 310 320 320 320 320 235 235 235 235 260 260 260 260 260 208 208 208 208 208 202 202 182 182 182 182 135 135 135 145 60 60 114 114 114 60 60 70 70 70 70 52 40 40 40 40 1 1 2 2 
971 971 914 914 951 920 920 920 920 836 836 836 836 854 854 854 855 855 827 827 827 767 767 806 798 798 767 767 767 767 703 703 703 703 703 588 588 588 702 702 694 539 539 539 654 654 619 619 619 619 619 619 601 601 588 588 588 477 477 531 531 537 537 498 498 498 509 498 498 442 442 471 359 359 359 376 359 359 359 375 375 375 389 389 389 389 364 364 364 310 310 310 310 310 310 310 311 275 275 275 275 275 182 182 182 182 208 208 208 208 209 209 182 182 183 183 135 135 135 135 60 60 60 60 115 60 79 79 79 79 71 52 40 40 40 40 1 1 3 3 
971 971 914 914 951 908 908 908 908 908 908 899 814 814 814 814 855 855 827 827 827 767 798 798 798 767 767 767 767 768 734 734 703 703 703 703 703 703 703 703 694 539 678 539 654 654 619 619 619 630 619 619 601 601 601 588 588 477 477 477 531 531 531 498 498 498 499 499 499 486 477 359 359 376 376 376 359 359 425 375 375 375 389 389 364 364 364 364 364 310 310 310 310 310 310 310 275 275 284 284 182 182 182 237 237 182 182 182 182 182 182 182 182 183 183 184 158 158 158 135 60 60 116 60 60 60 79 79 71 71 71 52 52 28 28 28 1 27 3 3 
971 971 814 814 951 908 908 908 899 899 899 899 814 814 814 814 814 814 848 814 814 767 767 767 767 767 767 767 767 768 734 734 703 703 734 710 710 703 703 694 694 539 678 539 646 646 646 619 619 630 619 619 477 477 477 477 477 477 477 477 531 531 531 498 498 498 499 486 486 486 477 359 376 376 419 419 419 419 425 425 353 353 364 364 364 353 353 353 353 365 310 310 310 310 310 275 275 284 284 284 182 182 272 237 237 237 216 216 216 216 216 183 183 183 90 90 158 158 135 135 135 135 116 116 116 99 99 99 71 71 64 64 52 28 28 28 1 1 3 3 
814 814 814 814 814 908 908 908 899 899 909 814 814 877 877 814 814 814 814 814 814 828 818 767 767 767 767 754 754 754 734 734 745 734 734 710 710 710 710 694 694 539 539 539 646 539 539 619 639 477 477 477 477 477 477 477 477 580 477 477 477 477 531 531 477 477 477 486 487 487 477 359 376 376 419 419 419 419 353 353 353 353 364 364 353 353 376 376 353 353 353 353 275 275 275 275 312 284 284 284 284 182 272 237 237 237 216 216 227 216 216 183 183 183 90 90 158 158 135 135 135 64 129 64 64 99 99 99 64 64 64 52 52 53 28 28 32 1 1 4 
814 814 814 956 814 908 921 921 921 909 909 814 892 838 838 838 838 838 838 838 814 828 818 767 767 767 767 754 754 754 734 734 734 734 710 710 710 710 710 694 694 539 539 539 539 539 539 619 619 477 477 477 477 477 477 477 477 580 538 538 538 477 477 477 477 514 477 486 477 477 477 359 359 376 419 419 419 419 419 353 353 353 408 353 353 376 376 275 275 366 275 275 275 275 275 275 275 275 275 182 182 182 272 237 237 252 216 216 217 217 217 183 183 90 90 90 172 90 90 90 146 64 64 64 64 64 64 64 64 52 52 52 45 45 28 28 28 28 1 1 
814 814 814 956 814 908 908 908 908 909 814 814 838 838 870 870 862 838 838 838 814 814 818 767 767 791 791 781 754 754 754 754 746 710 710 710 710 694 694 694 539 539 621 621 621 621 539 619 619 539 539 620 477 477 602 589 589 580 538 538 538 538 538 477 477 514 477 477 477 472 472 472 359 376 419 419 419 419 419 426 419 353 353 353 395 376 376 275 275 275 275 275 275 275 275 275 303 303 275 182 182 182 237 237 237 216 216 217 217 183 183 183 183 90 90 90 90 90 90 90 130 130 64 64 64 64 64 64 52 52 52 52 45 45 28 28 1 1 1 1 
814 814 814 956 814 814 814 814 908 814 814 900 838 862 862 862 862 838 838 838 838 814 814 814 807 781 781 781 754 754 754 746 746 710 710 710 722 694 694 694 539 621 621 621 621 621 539 539 539 539 539 539 580 580 580 589 580 580 538 538 558 547 539 472 472 472 510 477 477 472 472 472 359 376 453 419 419 419 419 426 419 353 353 395 395 376 376 275 275 275 275 275 275 275 275 321 268 268 275 182 182 182 237 237 237 216 216 216 216 216 183 183 90 90 90 90 90 90 130 130 130 130 130 72 72 72 64 64 52 52 52 52 45 45 45 28 1 1 1 1 
814 814 814 814 814 814 814 814 814 814 814 893 893 862 819 819 863 838 838 819 819 819 819 807 807 781 775 775 775 754 754 755 741 741 735 711 711 711 711 694 539 539 539 621 621 621 621 621 631 631 539 539 539 539 580 580 580 539 539 547 547 547 539 472 515 472 472 477 477 472 472 472 359 376 376 419 419 419 419 426 419 395 395 395 396 376 377 377 275 367 275 275 275 275 275 321 268 268 275 182 182 182 182 237 237 237 237 237 216 216 183 183 90 90 90 90 90 90 130 130 130 123 123 72 72 72 72 72 45 45 45 45 45 45 45 28 28 1 1 1 
814 814 814 814 952 814 814 814 814 814 814 893 862 862 819 819 819 819 819 819 820 820 820 807 807 781 781 775 775 747 747 747 741 741 735 711 711 694 694 694 695 539 539 663 663 621 621 621 631 631 539 539 539 539 603 596 539 539 539 539 539 539 539 472 515 515 472 472 472 472 359 359 359 457 376 376 376 376 419 419 419 395 395 395 376 376 377 377 275 275 275 354 275 275 321 321 268 268 275 182 182 182 182 237 237 244 244 218 218 222 198 198 90 90 90 90 90 90 90 90 123 123 123 123 72 72 72 72 45 45 45 45 45 45 28 28 28 29 5 5 
814 963 963 814 814 814 814 814 814 814 862 862 862 883 819 819 819 856 819 819 820 776 776 781 781 781 781 775 775 747 763 756 735 735 735 711 711 694 539 539 695 539 539 539 539 621 621 621 621 621 625 539 539 539 539 596 539 539 569 569 540 540 540 472 472 472 472 488 488 488 359 457 457 457 454 376 376 376 376 376 376 376 395 395 376 376 377 377 321 321 360 321 321 321 321 322 268 268 275 267 267 182 182 237 237 218 218 218 218 198 198 198 198 198 90 90 90 90 90 90 123 123 117 117 72 72 72 72 87 45 45 45 45 45 28 28 28 29 5 6 
814 814 814 814 814 814 814 858 814 814 862 862 883 883 819 819 819 856 776 776 776 776 776 781 781 781 781 747 747 747 763 756 735 735 694 694 694 694 539 539 539 671 671 671 539 621 621 621 621 621 625 548 548 548 539 539 539 539 548 548 540 540 540 532 516 516 472 488 488 488 359 457 458 458 454 376 376 359 359 415 415 376 376 376 376 376 377 377 321 321 321 321 327 327 327 268 268 268 275 267 267 273 182 182 182 218 218 218 218 218 218 173 173 173 173 173 173 90 90 152 117 117 117 117 117 72 72 46 87 46 46 28 28 28 28 5 5 5 5 6 
976 942 942 942 814 814 922 858 858 858 858 858 883 884 819 819 819 856 776 776 776 776 776 815 781 781 747 747 756 756 756 756 735 735 694 694 694 694 539 539 539 671 539 539 539 621 621 621 621 621 621 548 548 548 548 548 548 548 548 548 540 540 540 532 516 516 472 488 488 488 359 457 359 359 359 359 359 359 359 359 415 415 376 376 321 321 321 321 321 321 321 268 268 268 268 268 313 268 275 275 267 273 273 182 182 245 245 218 218 173 173 173 174 174 174 185 174 90 159 152 117 117 117 117 72 72 72 46 46 46 46 28 28 28 5 5 6 6 6 6 
942 942 964 942 942 942 922 922 922 858 858 858 883 819 819 819 819 819 819 776 776 776 776 815 781 781 747 747 747 747 747 735 735 735 694 694 694 694 694 539 539 539 539 655 655 621 621 582 582 582 621 621 548 581 581 548 548 548 570 548 540 540 532 532 472 472 472 464 488 488 359 457 359 359 359 359 359 359 359 359 416 416 359 359 321 321 321 321 321 321 268 268 268 268 313 313 313 268 275 275 267 273 273 182 245 245 228 228 228 173 173 173 174 174 174 174 174 90 152 152 117 117 117 117 72 72 72 88 88 80 46 46 28 28 5 5 6 6 6 7 
942 942 942 942 943 943 922 922 858 858 858 858 883 819 819 819 829 829 829 776 776 776 776 815 781 781 781 782 747 747 747 735 735 735 694 694 694 694 694 539 539 539 655 655 655 621 621 582 582 582 621 621 548 581 581 548 590 548 570 548 548 548 532 532 472 478 464 464 489 489 359 457 457 359 359 359 369 369 359 359 416 359 359 390 390 390 321 321 321 321 268 268 268 268 313 313 313 268 275 275 267 267 182 182 245 228 228 238 173 173 173 173 174 174 174 174 90 90 152 152 117 117 117 117 118 109 72 72 72 80 72 46 5 5 5 5 6 6 6 7 
942 942 942 942 934 934 934 858 858 901 883 883 883 864 864 864 829 829 829 829 829 829 776 815 781 781 781 782 747 736 736 736 736 736 694 694 694 694 696 696 696 686 655 655 655 655 582 582 582 582 621 621 548 548 581 548 548 548 570 570 559 532 532 532 472 478 464 464 464 464 359 359 359 359 359 359 369 369 430 359 416 359 409 359 359 321 321 378 338 338 268 268 343 268 268 268 268 268 285 285 285 267 182 182 182 228 228 238 173 173 173 173 174 174 174 174 90 90 90 90 137 137 109 109 109 109 72 72 72 72 72 46 5 54 5 5 6 6 7 7 
942 942 942 934 934 935 935 858 923 901 883 883 883 864 864 864 829 829 839 839 839 830 776 815 781 781 792 782 747 769 736 736 736 736 716 716 716 716 686 686 686 686 655 655 655 655 582 582 582 582 582 582 582 548 581 581 581 581 570 570 559 532 533 533 472 478 478 500 500 464 464 464 464 445 445 445 369 384 384 359 359 359 359 359 359 321 321 321 338 338 338 338 338 268 268 268 295 295 285 285 267 267 182 182 182 228 228 229 229 210 210 210 174 174 192 160 160 160 160 90 90 90 109 109 90 90 89 89 89 73 73 46 5 5 5 6 6 6 7 7 
942 965 965 934 858 858 858 858 923 901 883 883 864 864 864 864 864 857 688 688 688 830 776 776 776 776 792 782 747 769 747 747 736 736 716 716 679 679 687 687 687 687 655 664 664 655 582 582 582 582 582 582 582 548 548 548 548 548 548 559 559 532 533 533 472 472 478 500 500 445 445 445 445 445 446 446 369 369 384 384 359 359 359 359 359 391 384 321 338 338 338 338 338 268 268 268 268 295 295 285 267 267 267 267 228 228 246 229 230 210 211 211 175 175 160 160 165 165 138 138 138 90 90 90 90 90 89 89 89 73 73 46 46 46 46 6 6 6 8 8 
942 965 934 934 858 944 858 858 858 901 901 901 864 864 864 864 864 857 688 688 688 688 688 808 808 776 776 782 747 747 747 747 747 736 736 716 679 679 679 679 679 679 655 664 664 655 582 582 582 582 582 582 582 582 582 582 591 582 548 559 532 532 472 472 472 472 478 478 500 445 445 445 445 445 431 431 431 369 369 384 359 359 397 397 397 384 384 321 338 338 338 338 338 338 268 268 268 268 268 285 268 268 268 268 228 229 229 229 230 211 211 211 175 160 160 160 160 160 138 138 138 138 90 90 90 90 89 89 89 73 73 46 46 41 41 41 8 8 8 9 
942 942 934 934 858 858 858 858 858 871 871 871 871 871 871 871 857 857 840 840 840 688 688 688 688 688 776 776 776 747 747 747 747 736 736 716 679 679 679 679 679 679 655 655 655 655 647 582 582 582 582 582 618 479 479 582 582 582 548 548 532 549 472 511 511 511 511 478 500 445 445 445 445 445 431 369 369 369 369 384 359 359 384 384 384 384 385 321 338 338 338 328 328 328 268 268 268 304 268 268 268 276 269 269 228 229 228 228 230 211 219 211 175 160 160 160 175 160 160 138 139 139 90 90 90 90 90 90 90 81 65 65 41 41 8 8 8 8 8 8 
942 942 934 934 858 858 858 858 924 871 871 902 840 840 840 840 857 857 840 841 841 688 821 688 809 688 688 688 688 748 748 748 748 716 716 716 723 704 704 647 647 679 679 647 647 647 647 582 582 582 582 582 582 479 479 479 479 548 548 548 532 549 472 472 524 478 478 478 500 478 478 445 445 459 431 369 369 369 369 384 359 359 384 398 384 384 321 321 328 328 328 328 344 328 268 323 268 268 269 269 269 269 269 228 228 229 228 228 230 211 211 211 175 199 175 175 175 160 160 138 90 90 90 124 90 90 81 81 81 81 65 41 41 55 8 33 33 8 8 8 
942 942 934 934 858 858 858 924 924 871 871 840 840 840 840 840 865 840 840 841 841 688 688 688 770 770 770 770 688 748 748 748 748 716 716 723 723 704 647 647 647 647 680 647 647 647 632 632 632 632 582 582 582 479 479 479 479 548 548 548 532 532 541 472 524 478 478 478 478 478 459 459 459 459 431 447 369 369 369 384 384 384 384 398 398 321 321 379 328 368 328 328 344 328 268 268 268 268 269 269 269 269 269 228 228 228 228 228 212 212 212 212 175 175 175 186 176 160 138 138 90 90 90 90 90 100 81 81 65 65 65 41 55 55 8 8 8 8 8 8 
977 942 942 858 858 858 858 924 924 871 871 840 840 840 840 840 865 840 840 784 784 784 783 783 770 770 770 770 688 688 688 688 688 688 716 688 688 704 647 647 681 647 647 647 647 647 632 632 632 626 626 582 582 582 479 479 548 548 560 560 560 532 472 472 524 512 512 502 479 479 459 459 459 459 431 447 369 369 369 369 369 404 404 321 321 321 328 328 328 328 344 344 344 328 296 296 296 296 296 247 247 247 247 247 247 247 247 228 212 212 177 177 177 176 176 176 176 160 138 138 138 90 90 110 110 100 100 100 65 65 65 41 41 41 34 34 8 8 8 8 
937 937 942 858 858 858 858 858 858 858 858 858 858 840 840 840 865 840 840 784 783 783 783 783 783 783 783 770 770 688 688 749 749 688 688 688 688 704 704 704 681 681 681 648 648 648 648 626 626 626 626 582 582 582 479 479 479 560 560 479 479 532 472 472 472 512 512 502 479 479 479 427 427 459 431 447 431 431 369 369 369 404 321 321 392 392 328 328 328 328 344 344 344 328 296 296 314 247 247 247 286 247 247 270 239 239 239 228 228 212 177 177 177 176 176 176 176 160 66 66 66 110 110 110 110 110 100 100 65 65 65 66 41 41 34 34 8 8 8 8 
937 937 880 880 880 880 936 925 925 903 903 903 858 840 878 840 840 840 849 784 783 799 799 799 799 799 783 783 770 688 688 749 727 727 727 727 688 688 704 704 688 688 648 648 648 648 649 626 626 626 626 605 605 612 517 517 479 479 479 479 479 479 542 472 472 479 479 502 479 479 479 427 427 459 431 447 431 431 431 369 369 404 321 321 321 393 328 328 328 369 344 344 344 328 328 296 247 247 247 247 247 247 247 239 239 253 239 228 228 212 212 177 177 177 177 176 176 160 66 66 66 110 110 110 110 110 100 100 65 65 66 66 41 41 41 34 34 10 10 10 
937 937 880 880 880 880 880 925 925 903 879 879 858 840 840 840 840 840 784 784 783 799 799 770 770 770 770 770 770 688 688 749 727 727 727 688 688 688 704 704 688 689 648 648 648 648 649 626 626 626 605 605 605 605 517 517 561 561 561 561 561 479 542 479 479 479 479 479 479 479 479 427 427 427 431 447 431 432 432 369 420 404 321 321 393 393 328 328 369 369 345 345 345 296 296 296 247 247 247 247 247 277 239 239 253 253 239 239 212 212 212 177 177 177 177 160 160 160 66 66 147 110 110 110 66 66 66 66 65 65 66 66 41 41 41 41 11 11 10 10 
937 937 937 937 880 945 880 880 903 903 879 879 858 858 866 866 866 784 784 783 783 822 822 770 770 749 749 749 749 749 749 749 727 727 727 688 688 688 688 688 688 689 682 648 648 648 633 633 633 633 605 622 605 605 604 517 561 517 517 517 562 479 542 479 517 517 490 490 490 479 479 427 427 427 431 431 431 432 432 369 369 404 321 321 393 369 369 369 369 370 345 345 346 296 296 296 296 247 247 247 247 277 239 239 239 239 240 240 212 220 220 166 166 177 177 177 177 66 66 66 66 110 110 110 66 104 104 66 66 66 66 66 41 41 41 41 11 11 10 10 
957 957 957 937 880 929 929 880 903 903 879 879 894 858 858 858 784 784 816 783 783 783 816 816 770 749 749 749 749 749 749 749 727 727 727 727 688 688 689 689 689 689 682 648 656 656 633 634 634 634 605 605 605 604 604 517 517 517 428 517 562 479 479 479 517 518 490 490 490 473 473 473 427 427 427 427 427 427 427 427 369 404 404 404 369 369 370 370 370 370 361 345 346 296 296 296 296 248 248 248 239 239 239 239 239 239 240 212 212 220 220 166 166 166 166 166 178 66 66 66 66 66 66 110 66 104 82 82 82 82 66 66 42 42 41 41 11 11 10 10 
957 957 957 937 880 929 929 880 880 903 903 879 879 879 879 858 784 784 816 783 783 783 816 770 770 749 749 749 749 749 749 749 727 727 727 727 682 682 682 682 682 682 682 672 605 605 633 633 633 605 605 605 605 604 604 592 592 428 428 517 517 517 517 517 517 513 513 490 490 473 473 427 427 448 448 448 428 428 428 428 369 369 369 369 369 369 370 370 370 361 361 345 346 296 329 296 296 248 297 248 239 239 239 239 240 240 240 212 220 220 220 166 166 166 193 166 166 66 66 66 140 140 66 110 66 66 82 82 67 67 67 67 42 42 42 42 11 11 10 10 
957 966 966 937 880 880 929 929 880 885 885 885 885 885 858 858 784 784 816 816 816 816 816 770 770 770 770 770 770 770 757 757 742 742 728 728 682 682 682 682 682 690 672 672 605 605 605 605 633 605 605 597 597 597 592 592 428 428 576 563 563 543 543 517 517 513 513 490 490 490 427 427 448 448 428 428 428 411 411 411 410 410 410 369 369 369 386 345 345 361 361 345 296 296 296 296 248 248 248 248 239 278 239 239 240 240 240 212 220 220 220 161 161 194 187 187 166 166 66 66 105 105 66 110 66 66 67 67 67 67 67 68 42 42 11 11 11 11 11 11 
957 957 957 937 937 880 880 880 880 885 885 885 885 886 858 784 784 784 784 784 831 831 800 800 800 784 784 784 770 770 757 757 742 742 728 729 682 682 682 690 690 690 672 605 605 650 650 605 605 605 605 597 613 597 597 597 428 428 428 563 543 543 525 525 525 428 428 428 427 427 427 428 428 428 428 428 411 411 411 411 410 410 410 386 386 386 386 345 345 345 345 345 296 339 296 324 248 248 248 239 239 239 239 212 212 212 212 212 161 161 161 161 161 194 187 187 161 161 161 105 105 105 66 66 66 111 67 67 47 47 68 68 42 42 11 11 11 11 11 11 
957 957 957 957 937 937 937 880 880 880 880 895 895 858 858 784 784 784 850 784 784 784 800 800 800 784 784 785 750 750 750 750 750 728 728 729 682 682 682 690 690 690 672 605 605 605 605 605 605 597 597 597 613 613 605 428 428 428 428 428 428 550 525 525 526 428 428 428 491 491 428 428 465 428 428 428 411 411 411 411 411 411 411 386 345 345 345 345 345 345 345 345 296 296 296 248 248 248 248 239 239 239 274 212 212 212 241 241 161 161 161 161 161 194 194 161 161 161 161 105 105 105 66 66 111 111 47 47 47 47 13 13 56 56 11 11 11 11 11 11 
957 957 957 957 880 880 880 880 915 915 880 895 895 858 858 784 784 787 787 787 842 784 800 800 800 800 784 784 750 750 712 712 712 728 728 691 691 691 683 683 683 672 672 665 665 605 605 605 605 597 597 597 597 605 605 428 428 428 571 571 428 550 428 428 428 428 428 428 428 428 428 460 436 436 436 449 411 411 411 411 411 386 386 386 345 345 345 345 345 345 345 345 296 296 296 248 248 248 248 248 274 274 274 212 212 212 212 212 161 161 161 161 161 161 161 161 167 167 141 141 105 105 105 125 111 111 47 47 91 47 13 13 13 13 11 43 11 11 11 11 
957 957 957 957 880 880 880 880 880 916 880 880 880 887 858 858 867 787 787 787 842 784 784 784 784 784 784 784 750 750 712 712 712 712 728 691 691 691 691 691 683 672 672 665 665 605 605 640 640 597 597 597 597 605 519 519 519 519 519 572 428 428 428 519 519 519 503 503 428 428 480 460 460 460 436 449 411 411 411 411 411 386 386 386 386 345 345 345 345 345 345 355 296 296 296 248 248 248 248 248 274 274 212 212 212 212 212 212 212 203 203 203 203 161 161 188 167 167 141 141 105 105 105 105 105 105 105 47 47 47 13 13 13 13 11 11 11 11 11 11 
959 959 953 953 953 880 880 880 880 916 888 888 880 880 880 858 858 858 787 787 787 823 823 786 786 786 793 786 712 712 712 712 751 712 712 712 724 691 691 691 683 683 641 641 641 641 605 640 640 605 605 605 605 605 606 519 519 583 519 519 519 519 519 519 519 519 503 504 429 429 429 429 429 429 436 449 411 411 421 421 421 386 386 386 386 345 345 345 305 305 305 305 330 330 330 315 315 248 248 248 248 248 212 212 212 212 212 212 212 203 203 203 203 179 179 179 179 141 141 141 141 105 105 105 105 105 83 83 47 47 13 13 13 13 11 11 11 11 11 11 
959 953 953 958 946 946 880 880 916 916 888 888 888 888 881 787 787 787 787 787 787 823 786 786 786 786 786 786 712 712 751 751 751 737 737 712 712 712 712 691 697 683 641 673 641 641 605 640 640 605 607 607 607 607 564 564 564 564 564 564 564 519 519 503 503 503 503 429 429 481 481 429 429 429 436 436 436 436 421 421 421 386 386 386 386 345 345 345 305 305 305 305 330 330 330 315 287 293 248 248 248 248 212 212 212 212 248 223 223 223 179 179 179 179 162 162 162 141 141 141 141 105 105 126 83 83 83 83 83 47 47 69 13 13 11 11 11 12 12 12 
959 967 967 946 946 880 880 930 904 904 904 904 801 801 881 787 868 787 787 787 823 823 786 786 786 786 786 786 712 712 751 751 752 737 712 712 712 712 712 691 683 683 641 641 641 641 605 605 605 605 605 605 605 607 564 564 593 564 564 565 565 519 519 503 505 505 505 429 429 481 481 429 429 429 429 417 417 417 417 417 417 386 386 386 386 386 345 345 305 305 305 305 305 305 305 305 287 293 298 293 248 279 248 248 248 248 248 223 223 223 179 179 179 179 162 162 162 162 162 153 141 141 83 83 83 57 57 92 83 83 47 69 13 13 13 11 11 12 12 12 
959 959 959 946 954 880 938 930 904 904 905 905 801 801 801 787 868 787 823 823 823 823 823 786 786 786 794 786 712 771 737 737 737 737 712 712 712 691 691 691 683 683 683 666 666 641 641 641 605 605 605 605 605 607 607 577 577 577 577 551 551 551 503 503 505 520 505 505 429 429 429 429 429 429 429 429 429 429 429 429 417 386 386 386 386 386 305 305 305 305 305 347 305 305 305 305 287 293 293 293 248 248 248 248 248 242 242 242 223 223 179 179 179 179 162 162 180 153 153 153 83 83 83 57 57 57 57 92 92 47 47 69 13 13 13 13 35 12 12 13 
972 972 959 946 946 880 880 930 904 904 905 801 801 801 801 787 787 787 823 823 823 823 823 795 795 786 786 786 712 771 737 737 737 737 691 691 691 691 691 691 666 666 666 666 657 657 641 641 641 635 605 605 608 608 608 577 577 551 551 551 503 503 503 506 505 505 505 505 429 429 429 429 429 461 429 429 437 437 429 429 417 417 405 405 371 371 371 371 371 305 305 347 347 340 305 305 287 287 287 287 287 254 254 254 254 242 242 242 153 153 179 179 179 179 195 153 153 153 154 154 83 131 131 57 112 112 57 93 93 47 74 47 47 47 47 13 13 12 12 13 
972 972 959 959 946 947 880 904 904 905 905 801 801 801 801 872 787 787 787 787 843 823 823 795 795 795 795 787 712 771 712 712 753 691 691 691 691 691 691 666 666 674 674 674 657 658 641 641 641 635 627 608 608 608 608 577 577 551 551 573 503 544 544 506 527 506 506 506 429 429 429 429 429 461 429 437 437 422 422 422 417 417 371 371 371 387 387 380 331 331 331 331 331 340 331 305 305 305 255 255 288 254 254 254 254 242 242 242 153 153 153 153 153 153 153 153 153 153 154 83 83 131 57 57 112 112 57 93 93 47 47 47 47 47 13 13 13 13 13 13 
972 972 946 946 946 947 880 904 904 904 904 904 801 801 801 801 787 787 851 787 787 823 823 787 787 787 787 787 712 712 712 712 753 691 691 691 691 691 691 691 691 674 674 674 657 657 636 636 642 635 627 608 608 608 503 503 551 551 551 573 503 544 506 506 527 506 506 507 429 429 429 429 429 429 429 437 422 422 422 422 417 417 371 380 380 387 380 380 331 341 331 331 331 331 331 306 306 306 255 255 288 261 261 254 254 254 242 242 153 153 153 153 153 153 153 168 168 168 83 83 148 57 57 119 119 112 57 57 57 57 47 47 57 57 13 13 13 13 13 13 
946 946 946 946 946 947 880 904 904 904 906 906 801 801 801 801 844 844 844 845 787 832 787 787 810 801 772 772 772 772 764 712 743 743 705 705 705 705 705 691 691 691 645 645 657 657 636 636 636 636 627 614 614 614 503 503 551 551 551 503 503 506 506 506 506 506 506 507 492 492 482 413 413 413 437 437 422 422 422 422 371 371 371 380 380 380 380 381 331 341 331 331 332 331 331 306 306 255 255 255 255 261 261 261 261 255 204 204 204 204 153 153 153 196 196 168 168 168 83 132 132 57 57 57 57 112 106 57 57 57 57 57 57 14 14 14 13 13 14 14 
946 946 968 946 946 880 880 904 904 904 906 906 801 801 801 801 844 844 844 844 787 787 787 787 810 801 772 772 772 764 764 712 743 743 705 705 705 705 705 691 691 691 645 645 657 636 636 644 627 627 627 599 599 503 503 503 503 503 503 503 545 506 506 506 506 506 507 507 492 413 482 413 413 413 422 422 422 422 433 422 371 380 380 380 331 331 331 331 331 341 341 348 332 332 332 306 306 255 255 255 255 255 255 255 255 255 204 204 204 204 204 204 204 196 196 168 168 169 83 83 132 132 57 57 57 106 106 57 94 57 57 14 14 14 16 14 14 14 14 15 
973 946 946 946 946 880 880 880 896 896 910 907 896 859 859 801 801 801 801 844 844 787 787 787 810 801 765 765 765 764 764 712 712 717 717 705 705 705 705 705 698 684 684 645 645 644 644 644 627 627 627 599 599 503 598 598 552 552 503 503 545 545 545 534 492 492 492 492 492 413 413 413 413 413 422 438 438 438 433 422 422 380 380 380 331 331 331 331 362 341 341 348 348 341 249 249 249 249 249 255 289 255 256 256 256 256 204 204 204 204 204 204 204 196 196 189 57 57 83 83 149 132 132 57 57 106 106 57 57 57 14 14 14 14 16 16 14 14 14 14 
973 973 946 946 946 939 939 880 896 896 896 907 896 859 859 873 852 852 801 801 801 787 787 810 810 801 765 765 765 764 764 712 712 717 717 717 717 717 713 698 698 684 684 675 645 644 644 644 627 627 627 599 599 503 598 598 552 552 566 566 566 492 492 534 492 492 492 466 466 466 466 466 466 413 422 422 422 422 433 422 422 380 412 399 399 331 331 331 362 341 341 341 341 341 249 249 249 249 249 255 255 255 256 256 256 256 231 231 231 213 213 213 200 200 189 189 57 57 57 57 57 57 57 57 95 95 95 75 75 84 14 61 48 48 48 16 14 14 14 14 
973 973 946 946 946 939 939 880 896 917 896 896 896 859 859 873 852 852 801 801 801 801 801 810 801 801 765 765 765 765 765 712 730 730 730 730 713 713 713 698 698 684 684 675 645 645 645 645 627 627 627 599 599 503 503 503 552 552 552 552 492 492 492 492 492 492 492 466 466 466 466 474 413 413 455 450 422 422 433 422 422 380 380 399 388 388 388 331 362 362 341 341 349 331 249 249 249 249 249 249 249 249 249 256 256 256 231 232 213 213 213 213 200 200 189 189 57 57 57 57 57 57 127 127 95 95 95 75 75 14 14 61 48 48 48 16 16 24 24 16 
973 973 946 946 955 939 939 880 896 917 859 859 859 859 859 859 869 852 852 817 817 833 801 801 801 802 788 788 758 758 758 712 712 730 730 713 713 718 676 676 698 684 684 675 624 624 624 624 637 627 627 599 599 599 599 503 552 552 552 552 492 492 492 474 474 474 474 466 466 466 466 474 413 450 450 450 422 422 422 422 422 380 380 399 388 388 388 331 372 362 362 331 331 331 249 316 316 307 280 280 280 280 249 257 257 257 231 232 232 205 205 205 205 189 189 189 57 57 57 57 57 57 95 95 95 95 95 75 75 14 14 61 61 14 14 16 16 16 16 16 
960 960 960 960 880 880 880 880 896 859 859 859 859 874 874 859 869 859 853 817 817 778 778 778 778 802 788 758 758 773 758 758 712 712 738 713 676 676 676 706 675 675 675 675 624 624 651 624 637 637 503 503 615 615 599 503 552 552 552 552 492 492 474 474 474 474 474 493 493 493 474 474 413 413 413 413 422 422 380 380 380 380 399 399 388 388 388 331 372 331 331 331 331 331 249 307 307 307 280 280 280 280 249 257 257 257 231 231 205 205 205 205 189 189 197 170 170 170 155 155 95 95 95 120 120 107 107 75 75 75 14 14 14 14 14 16 16 16 17 17 
960 960 880 880 880 948 931 931 859 859 911 859 859 874 874 859 859 859 853 817 817 817 817 817 778 778 788 758 777 759 759 759 676 676 738 713 676 676 675 675 675 675 675 624 624 624 651 624 637 637 503 623 599 599 599 503 552 552 552 552 552 552 474 474 474 474 493 493 494 494 474 475 413 413 413 413 439 439 380 380 380 380 380 380 388 388 388 331 331 331 331 331 249 249 249 307 307 299 299 280 280 281 249 249 249 249 249 231 205 205 205 205 189 197 197 170 170 170 155 155 95 95 95 95 95 107 95 95 95 75 49 49 49 49 14 14 14 30 17 18 
941 941 880 880 880 931 931 859 859 911 911 859 859 889 874 874 859 853 853 824 824 824 811 811 811 778 788 758 758 759 676 676 676 676 676 713 676 676 675 675 699 675 675 624 659 659 624 624 503 503 503 623 599 599 599 503 503 503 503 574 553 553 496 496 474 474 493 494 494 474 474 467 467 413 413 451 413 413 413 413 400 400 400 380 380 380 380 331 331 331 331 331 249 249 333 299 299 299 300 280 280 281 249 249 249 249 231 231 233 214 214 214 189 197 197 170 170 170 142 142 142 95 95 95 95 95 95 96 96 75 49 49 49 49 14 14 14 30 17 17 
941 941 941 941 880 931 940 859 859 911 859 859 859 859 859 859 859 853 853 824 824 824 811 811 811 778 778 778 758 758 676 760 676 676 676 676 676 714 714 675 675 675 675 624 659 624 624 503 503 616 616 616 616 616 599 599 503 503 503 503 553 553 496 496 474 474 493 474 474 474 483 467 467 413 413 413 413 434 434 413 400 400 400 400 400 380 380 249 249 331 331 331 350 249 333 299 301 301 281 281 281 281 249 249 262 231 231 233 233 214 214 214 189 189 197 170 181 170 142 142 142 95 95 95 96 96 96 96 97 75 75 49 49 49 14 14 14 17 17 17 
941 974 941 941 880 931 931 931 859 859 859 859 859 859 859 859 859 853 853 824 824 824 811 811 811 758 758 778 778 758 676 676 676 676 739 676 676 676 676 707 675 675 675 624 659 624 624 503 503 616 503 503 503 503 599 599 503 503 578 503 553 553 496 496 496 474 474 474 474 474 476 476 456 456 456 413 413 413 413 413 423 400 400 400 400 380 249 249 249 331 331 249 249 249 299 299 301 301 281 231 231 231 249 249 231 231 189 189 189 189 189 189 189 189 189 170 170 170 142 142 142 142 95 95 96 96 101 101 97 75 75 49 49 58 36 36 36 17 19 19 
941 941 941 941 880 949 880 880 880 859 859 859 859 890 859 859 859 758 758 824 824 824 811 811 811 758 758 778 778 758 669 669 669 676 676 676 676 676 676 676 676 676 676 624 624 660 624 624 503 503 503 503 503 503 503 503 503 503 503 503 553 553 496 528 496 521 474 474 495 495 476 456 456 462 440 440 444 413 413 418 418 400 400 401 401 380 249 249 249 249 249 249 299 299 299 317 301 301 301 231 231 231 249 249 231 231 189 189 189 189 189 189 189 189 189 190 170 170 142 142 142 142 113 113 121 113 101 101 97 62 62 62 49 49 36 36 17 17 19 19 
941 941 941 941 880 949 880 880 880 882 859 859 859 859 859 875 758 758 758 758 758 824 824 758 758 758 758 758 758 758 669 761 669 676 676 731 676 676 692 692 692 692 676 676 624 624 624 624 624 624 624 624 503 503 503 503 503 546 503 503 496 496 496 528 496 496 496 496 495 495 476 456 456 440 440 440 444 413 413 418 418 418 413 380 380 380 249 249 249 249 299 299 299 334 334 317 317 299 299 231 231 231 231 231 231 231 189 189 189 189 189 189 201 201 163 163 163 163 142 142 133 133 133 113 113 113 76 76 97 62 62 62 62 49 36 36 17 17 19 19 
941 941 941 941 880 880 880 880 912 882 882 882 859 859 758 758 758 758 758 758 758 834 758 758 803 803 758 758 779 669 669 761 669 676 676 676 676 676 676 676 676 676 685 624 624 624 624 624 624 624 624 503 503 503 503 503 503 546 554 554 496 496 496 528 528 496 496 496 496 476 476 456 456 440 440 440 444 413 413 413 413 413 413 380 380 299 299 299 299 299 299 356 299 299 299 299 299 299 299 231 231 231 231 231 231 231 189 243 189 189 221 189 201 201 163 163 163 163 163 133 133 133 133 128 76 76 76 76 76 62 62 62 62 49 49 37 37 17 19 19 
978 941 941 941 941 880 880 880 912 882 882 882 859 859 758 758 758 758 758 758 758 758 758 789 789 789 789 789 761 761 761 761 669 676 676 676 676 676 676 676 676 676 685 624 624 624 628 628 628 628 628 503 503 503 609 594 594 546 554 554 554 554 496 496 496 496 496 496 496 476 476 456 468 440 440 440 440 440 351 351 351 351 351 351 380 299 299 299 299 299 299 299 299 335 335 299 299 265 265 265 290 282 231 231 263 189 189 189 189 224 189 189 201 201 163 163 163 164 164 133 133 133 133 128 76 17 17 102 76 85 17 17 17 37 37 37 17 17 19 19 
978 880 880 880 941 941 941 880 912 882 882 882 882 882 882 758 758 789 789 758 758 789 789 789 789 789 790 790 761 720 720 720 669 676 676 715 715 719 676 676 676 685 685 667 667 609 609 609 609 609 609 609 609 609 609 594 594 546 546 546 555 555 508 508 508 508 508 508 496 476 476 456 456 463 452 452 440 440 351 424 424 351 351 351 351 351 299 299 342 342 357 357 308 308 308 308 308 265 265 265 265 282 263 263 263 189 189 189 189 189 189 201 201 163 163 163 163 164 156 156 76 128 128 128 76 17 17 17 76 76 17 17 17 37 17 17 17 25 25 20 
880 880 969 880 880 880 880 880 912 912 912 876 876 876 876 876 789 789 789 789 789 789 789 789 804 804 790 790 761 720 720 720 669 744 715 715 715 715 676 676 676 667 667 667 609 609 609 609 609 610 609 609 610 610 610 594 594 567 567 546 546 546 508 508 508 508 508 496 496 496 456 456 456 463 452 452 440 440 351 424 351 351 351 351 351 351 299 299 342 342 342 358 308 308 308 325 308 308 265 265 265 271 271 250 250 250 250 163 163 163 163 163 206 163 144 144 144 144 156 76 76 128 128 76 76 17 17 17 17 76 76 17 17 17 17 17 38 25 20 20 
880 918 918 961 918 918 932 932 912 912 913 876 876 876 876 876 789 789 789 825 825 825 796 796 796 796 790 790 761 720 720 669 669 744 715 715 715 715 715 609 609 609 609 677 609 661 609 609 609 610 610 610 610 617 556 556 556 567 567 567 567 546 546 535 501 501 501 496 496 496 456 463 463 463 402 402 441 441 351 424 351 351 351 351 351 351 351 351 342 342 358 358 342 342 308 308 308 308 265 265 265 271 271 250 250 250 163 163 225 225 163 163 163 163 144 144 144 144 76 76 143 128 128 76 122 17 17 103 17 86 17 17 63 17 17 17 38 25 25 21 
880 918 918 918 918 918 918 876 876 876 876 876 897 891 876 876 846 846 846 825 796 796 796 796 796 796 761 761 761 720 720 669 669 669 669 715 715 609 609 609 693 693 609 609 609 556 556 556 556 556 610 610 610 617 556 556 556 584 556 556 556 556 535 535 501 522 501 501 496 496 456 402 402 402 402 402 441 441 351 351 351 406 406 351 351 351 351 351 373 342 342 342 342 265 265 265 318 265 265 291 291 250 271 271 264 250 163 163 225 163 163 207 207 171 171 144 144 144 76 76 143 143 76 76 122 17 103 103 17 17 17 63 63 17 17 21 21 21 21 21 
880 918 918 918 918 918 918 876 876 876 876 891 891 891 846 846 846 846 846 825 796 796 796 796 812 805 761 780 780 720 720 720 720 720 669 669 725 609 609 609 609 609 609 668 668 556 556 556 556 556 610 610 610 556 556 556 556 556 556 556 556 557 535 535 501 501 501 501 456 456 456 402 402 402 402 402 402 402 406 351 351 406 406 351 351 351 351 351 373 342 342 351 351 265 265 265 265 265 291 291 250 250 250 250 264 250 250 163 225 163 163 207 207 171 171 144 144 144 144 76 76 76 76 122 122 17 103 103 17 17 63 63 59 59 21 21 21 21 22 22 
880 975 918 918 918 918 918 876 876 876 876 891 891 846 846 846 846 846 846 825 825 796 796 805 805 805 761 761 761 720 762 762 720 720 726 669 669 669 708 708 700 609 609 609 609 609 652 556 556 556 610 610 556 556 585 585 556 556 575 575 501 501 535 535 501 501 501 501 456 456 456 469 469 402 402 402 402 402 406 406 406 406 406 406 351 351 351 351 351 351 363 351 336 336 265 265 265 265 265 265 250 250 250 250 250 250 250 163 163 163 163 171 171 171 171 171 144 144 144 144 150 50 50 122 17 17 50 50 50 50 63 63 59 59 21 44 39 21 21 21 
880 962 962 962 950 950 918 926 926 876 876 891 891 846 846 846 846 860 846 846 825 825 796 805 805 805 761 761 761 720 720 720 720 720 726 726 726 669 669 669 700 609 609 609 643 609 609 556 556 556 610 610 556 585 585 585 585 585 575 575 501 501 501 501 501 501 501 501 501 456 456 469 469 402 402 402 402 402 402 402 402 407 407 407 351 394 351 351 351 351 351 351 352 336 336 265 265 265 265 265 265 265 265 265 265 234 234 234 234 163 163 171 171 171 171 171 144 144 157 144 50 50 50 122 17 50 50 50 50 50 50 50 50 50 21 21 39 21 21 21 
880 962 962 962 950 950 918 918 918 918 891 891 891 891 847 847 846 846 846 847 825 825 796 805 805 805 761 761 761 761 761 720 720 720 732 732 701 701 701 669 669 669 669 669 643 643 609 609 556 556 556 556 556 585 585 585 470 470 470 575 501 501 470 470 529 484 484 484 484 484 484 469 469 402 402 402 402 402 402 402 402 407 407 351 351 351 351 382 351 352 352 352 352 336 336 302 302 302 302 265 265 283 234 234 234 234 251 234 234 171 171 171 191 191 171 171 171 171 157 144 50 50 50 122 17 50 50 50 51 51 51 51 51 50 50 21 21 21 21 21 
880 880 970 919 919 919 919 927 927 891 891 891 891 891 847 847 846 846 847 847 825 835 796 796 796 796 796 766 766 720 720 720 720 720 732 732 701 701 701 709 701 670 670 669 669 643 653 609 556 556 556 556 470 470 600 600 470 586 470 470 470 470 470 470 470 484 484 470 470 485 485 469 469 402 407 407 407 407 407 407 407 407 407 351 351 351 351 351 351 352 352 352 302 302 302 302 302 302 234 294 234 234 234 258 258 258 171 171 171 171 171 171 191 191 191 191 157 157 157 144 50 50 134 122 122 50 50 50 51 51 51 51 51 51 23 23 21 21 21 21 
880 880 970 919 919 919 919 919 919 891 891 891 891 891 847 847 846 846 847 847 825 835 825 766 766 766 766 766 766 720 720 720 720 720 732 732 701 701 701 709 701 670 670 669 669 643 653 609 609 609 609 470 470 470 600 600 470 470 568 568 568 470 470 470 470 470 470 470 470 470 470 469 469 402 402 402 402 402 435 402 402 402 402 351 351 374 374 374 374 352 352 352 302 302 302 302 319 302 234 294 234 234 234 258 266 171 171 171 171 226 171 171 191 191 191 191 157 157 157 144 144 50 50 122 122 50 108 51 51 77 77 51 51 51 23 23 31 31 21 21 
919 919 919 919 919 919 933 933 919 919 891 891 891 891 847 847 847 847 847 847 825 825 825 766 766 766 766 766 766 766 766 720 720 720 720 720 720 720 701 701 701 670 670 670 670 643 643 643 643 609 609 470 470 470 470 470 470 470 568 568 568 470 470 470 497 497 497 497 497 497 470 470 470 402 402 402 402 402 402 402 402 402 402 402 402 374 374 374 374 352 352 352 302 302 337 302 302 302 234 234 234 258 258 258 266 171 171 171 171 171 171 215 191 191 191 191 157 157 157 157 144 144 50 50 50 50 108 51 51 51 51 51 51 51 51 23 23 23 23 23 
