869 869 869 869 869 869 869 869 869 886 886 886 886 885 885 863 863 863 816 816 816 816 816 816 713 713 713 713 713 713 770 713 713 713 713 713 713 713 713 713 676 676 676 632 632 632 664 651 651 582 582 582 582 582 582 582 526 526 526 526 526 526 526 526 526 526 490 490 490 490 435 435 478 442 442 442 442 401 401 401 401 401 401 394 350 350 350 350 288 288 288 288 304 304 304 304 274 274 274 274 274 252 252 252 164 164 224 200 200 200 200 177 177 177 151 151 151 115 115 115 56 56 56 56 56 56 56 56 56 56 56 56 56 22 22 29 29 22 17 1 
869 958 958 958 958 937 937 937 869 869 869 869 886 885 886 863 863 863 816 816 816 713 713 713 713 713 713 713 713 713 770 713 713 745 666 666 720 720 720 676 676 676 676 632 632 632 664 651 632 632 582 582 582 582 605 582 526 526 526 557 557 526 526 527 527 527 490 490 490 490 435 435 435 442 442 442 442 401 401 401 401 401 402 394 350 350 350 350 288 288 288 288 304 304 304 304 274 274 274 274 274 252 252 252 164 164 224 200 200 200 200 177 177 177 151 151 151 115 115 115 56 56 56 114 22 22 94 22 22 22 22 22 22 22 22 22 22 22 17 1 
869 958 958 937 937 937 937 937 912 912 912 869 886 886 886 863 863 863 816 816 816 713 713 713 713 713 713 713 713 713 713 713 713 745 666 666 666 666 666 676 676 676 676 676 632 632 651 651 632 632 632 632 583 583 583 582 591 582 526 557 557 526 526 518 518 518 490 490 490 490 435 435 435 466 435 435 442 401 401 395 395 394 394 394 350 350 350 350 350 350 288 288 304 304 304 304 304 274 274 274 274 261 261 164 164 164 224 224 200 200 164 164 185 164 164 164 151 115 115 115 125 125 56 56 22 22 22 22 57 57 67 67 22 22 42 1 1 1 17 1 
869 958 958 937 952 952 869 869 912 869 869 869 869 887 887 863 863 863 816 816 816 713 713 713 713 713 713 713 713 714 714 714 714 745 666 666 666 666 666 676 676 676 676 676 632 632 651 632 632 583 583 633 583 583 583 582 582 582 526 557 557 518 518 518 534 518 490 490 490 490 435 435 435 435 435 435 442 395 395 395 395 394 394 394 350 350 350 350 350 350 288 288 288 288 312 312 305 274 274 274 274 261 261 164 164 164 164 164 164 164 164 164 164 164 165 165 151 151 151 115 125 125 125 56 22 101 22 22 22 57 22 22 22 22 22 1 1 1 1 1 
869 970 970 937 952 952 869 869 912 869 869 869 869 887 887 863 863 775 775 775 816 713 713 713 713 713 713 713 713 714 714 754 714 745 666 666 666 666 666 676 676 676 676 676 676 632 632 632 652 583 583 583 583 583 600 600 583 583 526 557 557 518 518 518 534 518 518 490 490 490 435 435 435 435 435 435 442 395 414 414 395 394 394 350 350 350 350 350 350 350 288 330 330 288 288 288 305 288 288 253 253 253 253 253 164 215 208 208 208 208 193 193 144 144 165 151 151 151 151 115 125 125 56 56 22 22 22 57 57 57 22 22 22 22 22 1 1 1 1 2 
869 937 937 937 869 869 869 869 869 869 913 908 869 869 775 775 868 775 828 775 775 775 775 775 791 791 791 791 714 714 714 754 714 745 666 666 666 725 666 676 676 676 676 676 676 653 653 653 583 583 583 583 583 583 583 583 583 526 526 558 558 518 518 518 518 519 519 490 490 490 490 435 443 443 435 442 442 395 414 414 395 395 403 350 350 382 350 350 350 350 288 288 331 288 288 288 288 288 288 253 253 253 254 254 164 215 208 208 208 209 144 144 144 144 151 151 151 151 151 115 115 115 56 56 56 22 22 57 57 57 57 57 57 43 43 1 1 1 2 2 
869 937 959 959 869 869 869 869 908 908 908 908 869 869 775 775 775 775 828 828 828 828 828 775 791 791 791 791 714 774 714 754 714 714 714 714 714 714 666 666 666 676 676 676 676 653 653 653 583 583 583 583 583 610 526 526 526 526 570 545 545 518 518 518 518 502 502 502 502 491 491 435 443 443 435 435 435 395 395 414 414 395 395 395 350 350 350 350 350 342 342 288 288 288 288 288 288 296 288 253 253 253 253 164 164 215 214 214 144 144 144 144 144 144 151 151 151 156 137 137 137 115 115 115 56 22 22 91 78 78 58 58 43 43 2 2 23 23 2 2 
869 937 959 959 869 869 914 869 869 869 909 909 869 869 775 775 775 842 842 847 842 828 828 775 791 791 791 791 714 714 714 754 754 738 738 714 714 714 714 714 666 689 689 689 653 653 653 653 653 583 634 634 610 610 526 526 526 545 545 545 545 545 545 502 502 502 502 502 491 491 492 435 443 443 435 435 435 435 395 395 396 396 396 396 350 350 342 342 342 342 343 288 288 288 288 288 288 288 288 284 164 164 164 164 244 215 214 144 144 186 186 144 144 144 170 116 116 156 137 137 116 116 56 56 56 72 72 72 78 78 58 58 43 43 2 2 2 2 2 2 
869 937 964 959 959 953 914 914 914 869 869 869 869 869 869 869 775 775 842 842 842 832 775 775 798 798 798 775 775 775 755 755 755 738 738 738 714 714 714 715 666 689 689 653 653 653 653 656 583 583 572 572 610 572 572 572 526 526 571 526 526 526 526 502 502 520 520 491 491 492 492 435 443 443 443 450 435 435 395 395 396 378 378 378 378 378 342 342 342 342 343 288 288 288 288 284 284 288 288 284 164 164 215 215 215 215 214 144 144 186 186 186 186 144 170 116 116 116 137 137 116 116 56 56 56 72 72 72 72 72 58 58 43 43 2 30 30 2 2 3 
977 977 964 964 953 953 914 914 914 914 914 869 869 869 869 869 869 775 775 775 775 832 775 798 798 775 775 775 783 776 755 755 755 738 738 738 714 714 714 714 666 666 666 653 653 653 665 656 583 583 572 572 610 572 606 572 592 526 526 526 526 526 526 502 502 435 435 491 491 435 435 435 443 443 443 443 436 436 395 396 396 378 378 378 378 378 342 342 342 342 342 307 307 284 284 284 284 284 284 284 164 164 215 215 215 214 214 225 144 186 186 186 144 144 170 116 116 116 116 116 116 116 102 102 56 72 72 72 72 72 72 58 58 2 2 30 30 3 3 3 
977 977 953 953 953 953 914 914 855 855 855 855 855 893 874 874 848 848 848 848 775 775 775 775 775 775 799 792 776 776 755 755 755 738 738 677 677 714 714 714 690 690 666 666 666 665 665 656 583 583 572 572 572 572 606 572 572 572 572 435 435 435 435 502 435 435 435 491 491 435 485 485 443 443 443 443 436 436 395 395 395 395 378 378 378 378 378 369 342 342 342 307 307 284 284 284 284 284 285 285 164 164 164 255 215 214 214 225 144 144 194 194 144 178 116 116 116 116 116 116 116 116 102 102 56 56 56 72 72 46 46 46 46 2 2 2 30 3 3 3 
960 960 953 953 953 953 926 926 855 855 855 855 855 855 874 874 848 848 848 775 775 775 817 817 784 784 784 792 776 776 755 755 755 738 738 677 677 677 677 690 690 690 690 690 666 666 666 656 583 644 572 572 611 611 572 572 572 572 573 435 435 435 435 502 435 435 435 435 435 435 485 485 443 443 443 443 415 415 415 415 336 336 336 383 383 383 379 369 342 342 336 336 307 307 284 284 286 286 285 285 164 164 164 255 215 215 214 225 214 144 194 194 144 144 116 116 116 116 116 116 116 116 102 102 102 102 56 56 84 46 46 46 46 36 36 2 2 3 3 3 
960 960 953 953 953 953 926 926 926 855 903 903 903 855 855 874 848 848 848 775 775 775 775 775 784 784 784 784 784 677 677 677 677 677 677 677 726 726 677 690 690 677 677 677 677 666 666 656 638 638 638 572 572 572 572 572 572 574 435 435 435 435 435 435 435 435 451 435 435 479 479 479 443 443 443 443 415 415 415 415 336 408 336 379 379 379 379 369 336 336 336 325 325 307 307 313 286 286 285 285 269 269 164 164 215 215 214 214 214 144 194 194 143 144 144 144 116 116 116 116 116 116 116 116 56 56 56 56 84 79 46 46 46 36 36 36 2 2 2 2 
960 960 960 965 855 855 938 938 855 855 903 903 856 856 855 855 855 855 855 833 833 775 775 775 784 784 784 785 677 677 677 677 739 739 739 739 677 677 677 677 677 677 678 678 678 656 656 656 638 638 612 612 612 612 572 572 572 574 435 435 435 528 528 528 528 528 451 451 479 479 479 479 443 467 443 443 415 415 415 415 336 336 336 379 379 379 369 369 336 336 325 325 325 325 307 313 286 286 286 286 269 269 164 164 215 215 215 215 144 144 201 143 143 143 143 144 116 116 116 143 116 116 116 116 56 60 60 79 79 79 68 68 46 46 37 37 4 4 4 4 
960 978 960 960 855 855 855 939 855 903 903 903 856 856 856 856 856 856 856 833 833 775 775 818 784 784 784 785 677 677 677 677 739 739 739 739 677 677 677 677 677 702 678 679 679 656 622 622 622 622 622 612 612 572 572 575 575 574 574 559 559 528 537 537 521 521 521 451 479 479 479 479 443 443 443 443 415 415 429 415 415 336 336 336 379 379 369 369 336 336 325 325 307 307 307 275 275 275 275 275 275 157 157 157 157 157 157 215 144 144 201 143 187 143 143 143 143 143 143 143 126 126 126 56 56 60 60 79 68 68 68 59 59 37 37 4 4 24 4 4 
960 960 971 960 855 855 855 939 855 903 903 903 870 870 856 856 849 856 856 833 833 833 775 775 793 784 784 785 785 732 732 677 677 677 677 677 677 677 677 658 658 702 678 679 680 656 622 622 622 622 622 622 622 572 575 575 575 584 575 559 559 528 537 537 521 521 521 451 451 479 479 479 479 444 444 443 443 437 415 415 415 336 344 336 336 336 336 336 336 351 344 325 307 318 318 275 306 275 275 276 276 157 262 157 157 237 157 215 215 144 201 143 143 143 143 143 143 143 144 144 126 127 127 56 106 60 60 79 68 80 60 60 60 37 37 4 4 4 4 4 
960 960 971 960 855 855 855 855 855 919 903 903 870 870 875 875 849 849 843 843 843 775 775 775 793 793 793 732 732 732 732 658 658 658 740 677 677 658 658 658 658 702 678 679 679 656 622 622 654 622 623 623 623 572 575 601 575 575 575 559 559 528 528 528 528 451 451 451 451 479 479 479 479 444 444 444 444 437 415 415 415 336 344 397 344 344 344 344 344 344 344 325 307 318 318 275 275 275 275 157 157 157 262 157 157 237 157 157 157 144 144 144 179 179 143 143 143 143 144 145 126 127 127 56 106 60 68 68 68 60 60 60 60 37 37 4 4 4 4 5 
960 960 960 960 855 954 943 855 855 919 895 895 895 870 870 870 870 849 857 786 786 775 775 775 810 793 793 732 732 732 732 658 658 658 740 740 658 658 658 658 658 702 678 679 679 656 622 622 654 622 623 623 624 572 575 575 575 575 575 546 546 546 546 528 528 451 451 451 503 479 479 480 480 444 444 437 437 437 415 415 416 336 344 397 344 344 344 370 344 344 325 325 307 307 307 307 275 275 157 157 256 256 256 256 202 202 202 202 157 144 144 144 144 144 166 166 143 143 144 126 126 56 56 56 106 60 60 60 60 60 44 44 44 44 44 18 18 18 4 4 
972 972 960 960 855 855 943 855 855 895 895 865 865 894 864 864 864 849 849 786 786 775 775 819 810 793 793 793 732 732 732 732 746 658 658 658 658 696 658 709 709 678 678 679 679 656 622 622 622 622 623 623 624 572 564 564 564 564 546 546 546 538 538 493 529 529 451 451 451 451 451 451 451 468 437 437 437 437 415 415 416 336 344 344 344 344 344 361 361 325 325 314 314 314 307 307 307 157 157 256 256 256 256 257 202 238 230 202 157 157 157 157 157 144 144 144 144 144 144 126 126 56 81 81 81 81 81 81 81 81 44 44 44 44 18 18 25 18 18 4 
972 972 972 960 960 855 943 927 927 895 865 865 865 864 864 876 864 864 849 786 786 786 786 810 810 786 786 794 732 732 732 732 746 658 658 658 696 696 658 658 658 678 678 678 656 656 622 657 645 645 564 564 564 564 564 593 593 564 546 563 546 538 538 493 493 530 451 451 451 486 486 486 451 451 437 437 415 415 415 415 332 336 325 325 325 325 361 361 362 325 337 314 314 314 307 307 307 157 157 157 257 257 257 257 202 202 230 202 216 126 126 126 157 157 157 157 160 157 126 126 126 56 81 81 103 103 81 81 81 4 4 44 44 44 18 26 25 25 4 4 
855 855 855 855 855 855 943 927 927 895 865 865 864 864 829 829 829 829 849 849 786 786 786 810 810 786 786 794 732 732 732 732 746 658 658 658 696 696 696 716 658 678 678 678 656 656 622 622 645 645 564 564 564 564 564 564 564 564 546 546 546 538 538 538 493 530 451 451 493 493 493 481 481 451 437 437 415 415 415 415 332 332 325 325 325 325 325 362 362 325 337 337 314 314 314 217 217 217 277 277 257 257 257 257 245 202 230 202 202 126 126 126 157 157 171 157 157 157 126 138 138 56 56 81 81 81 81 81 81 4 4 69 47 47 18 26 26 26 4 4 
855 855 855 855 855 895 895 895 895 895 865 865 864 864 829 829 829 829 829 829 829 834 786 786 786 786 786 786 786 777 732 732 746 746 658 658 732 727 696 696 658 658 658 658 656 656 667 622 622 622 564 564 625 564 564 564 564 564 546 546 560 538 538 538 493 493 493 493 493 498 481 481 482 451 451 451 415 415 332 332 332 332 384 384 325 380 325 325 325 325 337 337 314 314 314 217 217 217 277 277 277 245 245 245 245 202 202 202 202 202 126 126 126 126 126 157 157 126 126 56 56 56 56 95 95 95 82 82 82 4 69 69 47 18 18 38 4 4 4 4 
888 888 855 855 855 895 944 895 895 865 865 877 864 864 829 829 829 850 850 850 829 829 829 777 777 777 777 777 777 777 732 732 732 732 732 732 732 727 696 696 696 696 696 658 658 658 658 658 622 622 564 564 625 564 564 564 564 564 539 539 539 538 538 493 493 493 493 493 493 498 481 481 452 452 452 452 415 415 332 332 332 332 384 384 325 380 380 325 325 325 325 338 314 314 314 314 217 217 217 217 278 245 245 245 239 202 202 202 202 202 126 126 180 180 126 126 126 126 56 56 56 56 128 95 95 95 82 92 82 4 18 18 47 18 18 18 4 4 4 6 
888 888 855 855 855 895 895 895 895 865 865 877 877 877 877 877 850 850 850 850 844 829 829 777 777 777 777 787 787 732 732 756 756 747 673 673 673 727 696 696 696 696 696 658 658 658 658 622 622 646 564 635 564 564 585 585 564 564 539 539 539 539 539 493 493 493 493 504 504 498 481 481 452 469 452 452 415 415 426 426 332 332 384 384 325 325 325 325 325 325 325 217 217 217 217 217 217 289 289 217 278 245 245 245 239 202 202 226 202 202 126 126 180 172 172 56 56 56 56 132 132 132 117 117 95 95 82 82 82 4 18 18 47 18 18 18 4 6 6 6 
888 888 888 855 855 955 895 895 895 895 865 865 865 865 865 865 850 850 850 850 844 829 829 820 777 800 800 787 787 732 756 756 747 747 673 673 673 703 703 703 703 703 681 681 681 658 658 622 646 646 564 564 564 585 585 585 564 564 564 539 539 539 539 539 493 493 504 504 505 498 452 452 452 452 453 415 415 415 426 426 332 332 384 384 384 384 352 352 217 217 217 217 217 217 319 308 308 289 290 217 278 239 239 239 239 239 202 202 202 202 126 126 180 172 172 56 152 152 152 104 104 133 117 61 61 95 95 82 82 4 4 18 18 18 39 39 4 6 6 6 
888 888 888 888 888 888 928 928 928 895 895 895 895 865 865 865 865 865 844 844 844 820 820 820 777 800 787 787 787 732 756 756 747 747 673 673 733 703 703 703 704 704 681 681 681 622 622 622 646 646 614 614 585 585 585 585 585 585 564 564 539 539 504 504 504 504 504 509 498 498 452 452 452 452 453 415 415 415 417 417 417 332 388 388 388 352 352 352 352 352 217 217 332 289 289 308 289 289 217 217 278 239 239 239 239 239 202 202 203 202 202 126 180 180 56 56 152 152 152 104 104 104 117 117 61 61 61 61 82 82 4 4 4 4 39 39 4 4 4 7 
983 888 888 888 888 888 928 888 888 888 910 910 895 865 865 865 844 844 844 851 820 820 821 821 777 800 787 732 732 732 748 748 673 673 673 673 733 703 703 703 697 697 697 681 681 622 647 647 647 647 614 614 585 613 585 585 594 522 522 522 522 550 504 504 504 499 499 499 499 499 452 452 452 452 453 453 417 417 417 417 417 332 388 388 388 352 352 352 332 332 332 332 332 289 289 289 289 297 217 217 217 239 239 239 239 203 203 203 203 202 202 126 180 180 56 56 56 56 56 104 139 104 104 104 104 104 61 61 85 4 4 4 4 4 4 4 4 4 4 7 
983 888 888 888 928 928 928 888 929 888 888 888 895 865 865 865 844 844 858 851 820 820 821 821 777 800 787 732 732 778 748 748 673 673 673 673 673 673 673 673 697 673 673 681 681 622 647 647 647 647 614 614 585 585 585 585 522 522 565 565 522 522 504 504 504 499 499 470 470 470 452 452 452 452 453 453 417 417 417 417 417 332 332 332 332 385 371 371 332 345 332 332 332 289 289 289 289 297 217 217 217 217 217 217 246 203 203 203 203 202 202 126 126 126 56 56 56 56 56 104 104 104 104 104 104 104 61 85 85 4 4 4 4 7 7 7 7 7 7 7 
888 888 973 888 928 928 945 888 888 888 888 888 895 895 865 865 871 844 851 851 777 820 777 777 777 777 787 732 732 778 748 748 673 673 673 673 673 673 673 673 673 673 673 691 622 622 647 647 647 647 614 614 614 614 522 522 522 565 565 523 523 522 540 504 504 470 470 470 506 470 452 452 470 470 430 430 430 430 430 398 398 398 398 332 332 385 371 371 332 345 332 332 332 289 289 289 289 217 217 217 241 241 241 217 217 240 203 203 203 203 203 126 126 126 56 167 56 56 56 104 104 104 104 104 104 61 61 85 61 61 61 61 61 7 7 7 7 7 7 8 
888 973 973 888 888 888 888 888 888 888 888 888 888 888 888 844 844 844 851 851 777 820 777 777 777 777 777 732 732 748 748 748 748 748 673 673 673 698 698 698 705 705 673 673 622 622 647 647 639 639 639 614 614 615 522 522 522 523 523 523 523 522 540 540 470 470 470 470 506 470 470 470 470 471 430 454 404 404 404 398 398 398 398 332 332 332 332 332 332 345 345 263 263 263 263 289 289 217 217 217 241 241 241 241 217 217 227 227 217 203 203 126 126 126 56 167 56 104 104 104 104 134 104 104 104 61 61 61 61 73 61 61 7 7 7 7 7 19 19 8 
888 973 973 888 888 888 888 888 888 920 844 844 844 844 844 844 844 844 851 851 777 777 777 822 777 777 777 795 732 748 757 757 757 741 741 741 698 698 698 698 698 698 698 673 682 622 622 647 639 639 639 607 607 607 522 522 523 523 523 523 561 522 540 540 470 506 506 506 506 470 470 460 460 460 460 404 404 438 404 398 398 398 398 398 332 332 327 327 353 353 326 326 263 263 263 263 263 263 263 263 263 263 263 241 247 217 217 217 217 203 203 126 126 126 56 167 56 104 104 146 104 104 104 104 104 61 61 74 74 73 73 7 7 7 7 7 8 8 8 8 
888 888 888 888 888 888 888 940 920 920 844 844 844 844 844 844 851 851 851 845 845 801 801 801 732 732 732 732 732 748 748 748 748 741 741 741 698 698 698 710 710 698 698 673 668 668 622 622 639 639 639 607 607 607 607 522 523 523 523 523 561 522 522 522 470 470 470 470 470 470 494 460 460 472 404 404 438 438 404 398 398 398 398 389 389 327 327 327 353 353 326 326 326 326 300 300 300 232 232 232 232 264 264 241 241 241 228 228 188 188 188 188 126 126 56 56 56 104 104 118 118 118 118 118 107 74 74 74 74 74 74 7 62 7 7 7 7 7 8 8 
979 979 921 921 888 888 940 940 920 920 844 844 904 851 851 851 851 851 851 845 845 801 801 801 732 732 801 796 748 748 748 748 748 741 741 741 721 721 721 710 710 698 698 673 668 668 668 622 639 639 639 607 607 616 607 522 595 523 523 523 523 547 547 522 522 522 522 470 470 470 470 487 460 472 404 438 438 391 404 398 398 398 398 389 389 327 327 327 327 327 327 327 327 327 300 300 300 232 232 232 232 264 265 231 231 231 228 188 188 189 189 188 188 161 161 56 56 104 104 118 107 107 107 107 107 74 74 74 74 74 74 7 62 7 7 7 7 7 9 9 
979 979 921 921 921 921 921 921 920 920 844 904 904 851 851 844 844 844 844 844 844 801 801 801 732 732 801 796 748 748 748 748 748 741 741 741 721 699 699 711 711 698 698 673 673 673 640 640 639 639 607 607 607 607 607 522 522 522 523 523 523 523 523 523 523 523 470 470 470 470 470 487 460 404 404 391 391 391 404 404 404 409 404 270 270 386 327 327 327 327 300 300 300 300 300 249 249 232 232 232 232 264 231 231 231 231 228 188 188 189 189 189 189 161 161 161 161 104 104 118 107 107 96 96 96 96 96 11 11 74 74 7 7 7 7 31 31 7 7 7 
980 980 921 921 921 921 946 921 921 921 844 844 844 844 844 844 844 844 844 844 844 801 801 801 801 801 801 796 748 748 748 748 748 749 699 699 721 699 699 699 699 699 576 576 683 640 640 640 639 639 607 607 607 607 596 596 522 522 551 551 551 551 410 410 410 523 523 487 487 487 487 487 460 404 404 391 391 391 391 391 404 409 404 270 270 270 327 327 327 327 300 320 300 300 249 249 249 298 232 232 232 232 231 231 231 231 228 228 188 188 188 190 190 162 162 118 118 118 118 118 140 96 96 96 96 11 11 11 11 11 11 11 11 11 7 7 32 7 7 7 
974 974 974 921 921 921 915 915 915 922 835 835 905 835 835 835 835 835 835 835 835 835 669 669 669 669 669 796 748 748 748 758 758 749 699 699 699 699 576 576 712 699 576 576 576 640 640 640 639 639 597 597 597 597 596 596 596 410 410 410 410 410 410 541 410 510 510 487 487 487 473 473 460 460 391 391 391 431 431 391 404 404 404 270 390 270 270 270 270 270 300 320 320 249 249 287 249 249 249 249 232 232 232 232 248 231 231 210 210 210 188 190 190 162 162 118 118 118 118 118 140 96 96 96 96 11 11 11 11 11 11 63 63 11 11 7 7 7 7 10 
974 974 974 921 921 956 915 915 915 915 915 835 835 835 878 835 835 859 859 835 835 835 669 669 669 669 669 669 669 750 750 758 758 749 699 699 734 728 576 576 712 699 576 576 576 576 640 640 640 640 640 626 626 597 596 596 597 410 512 512 512 541 541 541 410 510 510 510 473 473 473 473 460 460 391 455 391 391 432 391 391 404 404 270 270 270 363 363 363 270 300 339 320 320 320 287 287 287 287 249 232 232 232 232 232 232 232 210 210 188 188 195 162 162 118 118 118 118 129 129 129 96 96 108 96 96 96 11 11 48 48 48 48 48 11 11 7 7 7 10 
974 966 966 966 915 915 915 915 915 915 896 896 896 896 878 835 835 859 859 835 835 835 669 669 669 669 669 669 669 750 750 749 749 749 722 722 722 728 576 576 712 699 699 576 684 576 641 641 641 641 641 626 626 597 597 597 597 410 512 512 512 410 410 410 410 473 473 473 473 410 410 473 473 473 391 391 391 391 432 391 391 391 391 391 391 270 363 363 363 270 300 300 300 300 300 300 299 299 287 249 249 249 249 249 249 232 232 210 210 188 195 195 162 162 118 118 118 118 129 129 129 96 96 108 96 96 96 11 11 11 48 48 64 11 11 11 7 7 10 10 
974 966 966 966 915 915 915 915 915 923 896 896 896 896 878 878 811 811 859 669 669 669 669 823 669 669 802 669 669 750 766 749 749 749 722 722 722 722 722 576 576 576 576 576 576 576 576 576 576 576 576 626 626 576 576 576 576 410 512 512 410 410 473 473 473 473 473 473 473 410 410 473 473 473 461 439 439 439 391 391 391 391 405 391 391 270 381 363 363 270 333 333 333 315 315 300 300 300 287 287 242 242 249 249 249 242 210 210 218 188 188 188 162 162 173 118 118 118 129 129 129 129 129 108 108 86 86 12 12 11 11 11 11 11 45 11 10 10 10 11 
974 966 947 947 947 947 947 915 915 896 896 896 896 896 879 879 811 811 669 669 669 669 830 802 802 802 802 669 750 750 766 766 749 749 722 722 722 722 722 576 576 576 576 692 576 576 576 576 576 648 576 576 576 576 576 576 576 576 576 512 410 410 473 473 473 473 473 511 410 410 410 473 473 473 461 439 439 439 391 391 391 270 270 270 270 270 381 364 364 270 333 333 333 315 315 315 300 300 291 242 242 242 249 249 249 242 210 210 188 188 188 188 162 162 162 162 158 158 129 119 119 119 119 119 86 86 86 12 12 11 11 70 11 11 11 11 10 10 10 11 
966 966 947 947 947 915 915 915 915 896 896 896 896 896 879 879 811 811 669 669 669 669 669 802 802 802 802 669 750 759 759 759 759 750 722 722 722 729 722 576 576 576 576 669 669 669 669 648 648 648 577 577 577 617 577 577 577 577 577 512 562 410 410 473 473 473 473 511 410 410 410 474 474 474 461 439 439 439 427 427 418 270 372 372 372 372 381 364 364 270 333 270 270 315 315 316 291 291 291 242 242 242 242 242 242 242 210 210 188 188 188 181 181 181 162 162 158 158 129 119 119 130 130 86 86 105 86 86 12 12 12 12 11 11 11 11 11 11 11 11 
966 981 947 947 947 915 915 915 915 896 896 896 896 896 879 879 811 811 811 811 669 836 669 802 802 802 802 669 750 759 750 750 750 750 722 722 722 722 722 717 669 669 669 669 685 670 670 648 655 577 577 577 577 617 577 578 578 578 578 512 512 512 410 473 473 531 410 410 410 410 410 445 445 445 461 439 439 427 427 428 418 270 270 372 372 372 372 270 270 270 270 270 270 315 315 316 291 291 270 270 242 242 242 242 250 219 219 219 219 181 181 181 182 182 162 162 162 129 129 147 119 130 130 86 86 86 86 86 86 12 12 12 12 12 12 11 11 11 11 12 
966 947 947 947 947 948 948 915 915 896 896 896 896 896 879 879 811 811 811 811 669 669 669 824 811 669 669 669 750 750 750 751 751 751 717 717 717 717 717 717 669 648 648 670 670 670 671 648 655 577 577 577 577 577 577 578 579 579 579 512 512 512 410 410 410 410 410 410 410 410 410 445 445 445 445 445 445 427 427 418 418 270 270 387 387 387 372 270 270 354 270 270 270 270 321 309 309 270 270 270 270 242 242 242 250 219 219 220 220 181 181 181 168 168 110 162 162 129 129 129 119 119 87 87 87 87 87 87 87 49 49 49 49 49 12 12 12 12 12 12 
947 947 947 947 947 947 896 896 896 896 896 911 811 811 811 811 811 811 811 811 811 811 811 811 811 669 669 669 771 771 771 751 751 752 717 717 717 717 717 717 669 648 648 648 648 648 648 648 627 627 627 636 577 577 578 578 579 579 579 512 512 552 410 410 410 410 524 410 410 410 462 462 445 445 445 440 440 440 427 418 419 270 270 270 270 270 372 372 270 270 346 270 270 270 270 270 270 270 271 271 270 270 219 219 219 219 219 181 181 181 181 181 168 168 110 110 110 129 129 129 119 119 87 87 87 87 49 49 88 49 75 27 27 27 27 33 33 12 12 13 
947 947 947 967 947 947 896 896 930 896 896 911 811 880 880 880 811 811 811 852 811 811 811 811 669 669 797 797 771 771 771 752 752 752 669 669 669 669 669 669 669 648 674 674 648 648 659 659 628 628 627 627 627 566 566 566 566 566 566 566 512 524 524 524 524 524 524 410 410 410 462 462 462 475 462 440 440 427 427 418 334 334 406 270 270 270 372 372 365 270 270 270 270 328 270 270 270 270 270 271 271 271 219 258 233 233 233 181 221 181 181 181 168 168 168 168 110 110 119 119 119 87 87 87 87 87 49 49 88 49 49 27 27 27 27 33 33 20 20 13 
947 947 967 967 947 947 947 896 896 896 897 811 811 811 811 811 811 860 860 837 837 837 803 812 669 669 669 669 669 669 669 752 669 669 669 669 669 686 686 686 686 648 674 674 674 674 628 628 628 628 642 627 627 566 566 566 580 580 580 512 512 524 524 524 524 524 524 410 410 410 462 462 462 462 462 440 440 427 427 418 334 334 406 334 334 270 270 270 365 334 334 270 270 272 272 317 270 270 270 219 219 219 219 258 233 233 233 181 221 181 204 181 110 110 110 110 110 110 119 119 119 87 87 87 87 87 49 49 49 49 49 27 27 27 27 33 33 20 20 13 
947 947 961 961 961 947 947 896 896 896 897 811 811 811 866 866 872 860 860 837 837 837 803 812 812 803 803 669 669 669 669 669 669 730 730 669 669 686 686 718 686 648 674 674 674 674 628 628 628 628 628 628 628 618 598 598 512 512 512 512 512 512 524 524 524 524 524 410 410 410 462 462 463 463 463 440 440 418 418 418 334 334 334 334 334 270 270 270 365 334 334 334 334 272 272 219 219 301 219 219 219 219 197 197 197 234 234 181 181 181 181 181 110 110 110 110 110 119 119 135 135 135 87 87 87 87 49 49 49 27 27 27 27 13 13 13 13 13 13 13 
947 947 961 947 947 947 949 896 896 896 897 897 897 897 866 866 872 860 860 837 837 838 803 803 813 803 804 669 669 669 669 669 760 730 730 730 730 686 686 718 686 648 648 648 648 648 648 648 618 618 618 618 618 618 598 598 512 512 512 512 512 512 512 512 512 524 524 410 410 410 462 462 463 463 463 440 440 418 420 420 334 334 334 334 334 334 334 334 334 334 347 272 272 272 272 219 219 219 219 266 266 266 197 234 234 234 235 181 181 211 181 196 110 110 110 110 110 119 119 119 119 87 87 87 87 49 49 49 49 27 27 27 65 13 13 13 13 13 13 13 
947 947 947 947 896 896 896 896 896 924 898 898 897 897 866 866 872 866 806 846 846 825 825 803 803 803 788 788 788 669 669 730 730 730 743 730 730 686 686 718 686 686 686 693 686 648 648 648 618 618 618 618 598 598 598 598 598 512 512 512 512 553 512 512 512 512 512 410 410 410 410 410 463 463 463 440 440 418 418 420 420 334 334 334 334 334 347 347 334 334 347 272 272 272 272 219 219 219 219 266 266 266 197 234 234 234 234 181 181 211 181 196 110 110 110 110 110 159 119 119 119 87 87 87 87 49 49 49 49 27 27 27 27 27 13 13 13 13 13 13 
947 947 947 947 896 896 950 896 896 924 898 898 898 898 866 866 866 866 806 846 846 825 825 825 788 788 788 730 730 730 730 730 735 735 743 730 730 730 686 686 686 686 686 686 686 648 648 648 618 618 618 618 598 598 598 598 567 567 581 512 512 553 512 512 513 513 512 410 410 495 495 410 463 463 464 418 418 418 418 410 410 410 334 334 334 347 347 347 347 347 347 272 272 272 272 292 292 292 292 266 266 266 197 234 234 234 234 181 181 211 181 181 181 181 110 110 110 159 119 119 119 87 87 120 13 13 13 13 13 13 76 27 27 27 13 13 13 14 14 14 
984 947 947 947 947 896 950 896 931 916 916 898 898 898 866 881 866 866 806 806 806 825 825 825 788 788 788 730 730 730 730 730 730 735 735 735 735 686 686 686 686 686 686 686 686 648 648 648 618 618 618 618 598 598 602 602 567 567 567 554 554 514 514 542 513 513 512 512 476 476 476 410 410 410 410 418 418 410 410 410 411 411 334 334 334 347 347 347 347 355 340 340 272 311 311 292 310 292 292 266 266 266 197 197 169 169 169 169 169 169 169 169 181 181 141 141 110 159 119 119 110 110 110 89 89 89 89 89 89 13 76 27 27 27 27 13 13 14 14 14 
984 975 975 947 947 896 896 896 916 916 917 898 898 898 866 881 866 853 853 853 806 839 806 806 814 806 788 730 730 730 730 730 730 662 662 731 731 686 686 686 706 706 686 686 686 675 660 648 648 618 618 618 619 619 602 602 567 586 567 554 554 514 514 542 513 513 513 513 476 500 476 476 476 476 410 456 410 410 355 355 355 355 355 355 355 347 347 355 355 355 340 340 272 311 311 292 310 292 292 266 266 266 266 197 169 169 169 205 205 205 205 169 141 141 141 141 110 110 119 119 110 110 110 89 109 89 89 89 13 13 76 27 27 50 27 13 13 13 13 14 
984 975 976 947 947 947 896 896 916 917 917 889 889 889 866 866 866 853 806 806 806 839 806 806 806 806 788 788 763 763 772 730 730 662 662 731 731 731 706 706 706 706 662 662 662 675 660 660 620 620 618 618 619 619 567 567 567 567 567 567 554 514 514 514 514 514 514 514 476 500 483 483 483 410 410 410 410 421 355 355 412 412 355 355 355 355 355 355 366 340 340 340 272 311 311 292 292 292 272 272 279 272 197 197 169 169 169 205 206 169 169 169 141 141 141 141 141 110 110 110 110 110 110 89 89 89 97 89 13 51 27 27 27 27 27 13 13 27 13 14 
984 975 976 947 947 947 947 853 853 917 889 889 889 889 889 853 853 853 806 806 806 806 806 763 763 763 763 763 763 763 763 767 761 662 662 731 731 731 706 706 706 706 662 662 662 675 660 660 620 620 620 620 620 620 567 603 567 567 567 567 554 514 514 525 514 514 514 514 476 476 483 483 484 410 465 410 446 421 421 421 412 412 355 399 355 355 355 355 366 340 340 340 272 311 311 292 292 302 272 272 272 272 197 205 169 169 236 205 206 169 169 169 141 141 141 141 141 110 110 110 110 110 110 110 110 89 89 89 13 51 27 27 27 27 27 27 27 27 13 14 
975 975 853 853 853 853 853 853 853 853 889 889 889 889 889 853 853 853 806 806 806 806 763 763 807 807 763 763 789 779 763 763 761 662 662 662 662 662 662 662 662 662 662 662 662 672 672 620 620 649 620 620 620 567 567 603 567 567 567 568 554 554 514 525 525 525 525 507 507 476 496 483 484 410 410 410 410 421 421 421 400 400 355 399 355 355 355 355 366 322 322 340 272 311 311 292 292 302 272 272 280 197 197 205 205 205 205 205 206 169 169 169 183 183 141 141 141 110 110 110 110 110 110 110 111 89 89 93 13 51 51 27 27 51 13 13 27 27 13 14 
975 975 853 962 962 951 951 853 853 853 889 889 899 899 890 853 867 867 763 763 763 763 763 779 779 779 779 779 779 779 763 763 761 662 662 662 662 662 662 662 662 590 590 590 590 672 672 620 649 649 620 637 620 567 587 587 567 567 568 568 554 554 514 514 535 525 525 507 507 476 476 483 422 422 410 410 410 421 421 421 400 400 355 355 355 355 366 366 366 322 322 322 272 272 311 311 311 272 272 272 280 197 197 197 197 197 197 206 206 206 206 169 169 184 141 141 141 110 110 148 110 110 131 121 13 13 93 93 13 13 51 51 51 51 13 13 13 13 13 14 
853 853 853 962 951 951 853 853 853 853 890 890 890 890 890 853 867 763 763 831 831 831 831 779 779 779 779 779 779 779 763 761 761 662 662 662 662 662 662 662 662 590 590 590 590 672 672 620 620 620 620 620 620 567 587 587 587 587 568 568 555 555 548 514 532 532 476 476 476 476 476 422 422 422 422 422 447 421 421 421 400 400 355 355 392 366 366 366 366 322 322 322 335 272 272 272 272 272 272 272 273 273 197 197 243 243 197 206 206 206 169 169 169 184 141 141 141 110 110 122 122 122 122 121 13 13 13 13 13 13 71 71 13 13 13 28 28 28 14 14 
853 982 891 891 951 951 853 853 853 853 853 906 906 890 890 853 853 861 861 831 831 831 831 779 779 779 773 773 779 779 763 761 762 662 662 662 662 662 719 719 700 700 700 590 590 590 620 620 620 620 620 620 629 567 587 587 587 587 514 514 555 555 548 514 532 476 476 476 476 476 476 422 422 457 457 422 422 433 433 421 421 400 400 400 366 366 373 373 356 356 149 322 322 322 322 272 272 273 273 273 273 259 259 259 243 243 197 206 206 212 169 169 169 169 169 169 141 153 153 122 122 122 122 121 13 83 83 83 83 83 71 71 13 13 13 28 28 28 14 15 
853 853 853 891 963 932 932 932 932 853 853 853 853 853 853 882 853 861 854 854 831 808 808 808 808 779 773 773 790 780 763 761 762 736 736 736 662 662 719 719 700 700 700 590 687 590 620 620 620 620 620 620 567 567 608 587 587 587 514 514 555 555 548 514 532 476 476 476 476 488 488 488 422 457 457 457 422 422 422 422 422 366 366 366 366 356 356 356 356 357 149 322 322 323 323 293 293 273 273 273 281 259 267 229 229 229 197 197 197 197 197 169 169 174 174 141 141 153 141 141 122 122 122 121 13 13 13 13 13 13 13 13 13 52 40 40 14 14 14 15 
853 853 853 891 963 932 941 941 933 853 853 853 900 900 853 882 853 853 854 831 831 808 808 808 808 779 779 773 773 780 763 761 762 736 736 736 662 723 723 719 700 700 700 590 590 590 590 590 590 590 590 590 567 608 608 514 514 588 514 514 514 514 548 514 514 515 476 476 476 488 488 488 422 458 458 458 422 422 434 366 366 366 393 366 366 356 356 348 348 348 149 149 329 323 323 293 293 293 293 149 149 259 259 229 229 229 197 197 213 213 197 197 163 163 175 141 141 141 141 141 122 122 122 121 90 98 98 15 15 13 13 15 15 52 40 14 14 14 14 15 
853 957 891 891 941 941 941 933 933 853 853 900 900 901 853 853 853 853 831 831 840 840 808 808 808 808 779 779 773 763 763 768 736 736 736 742 662 662 724 719 700 700 694 694 590 590 590 630 630 630 590 590 567 514 514 514 514 514 514 514 514 514 514 514 514 515 515 515 422 422 422 422 422 448 448 448 448 366 366 366 407 407 393 393 393 348 348 348 358 348 348 149 329 329 294 294 294 293 293 149 149 149 259 229 229 229 229 229 213 213 197 197 163 163 163 163 163 141 141 141 122 122 122 121 90 98 98 15 15 15 15 15 15 15 40 14 14 14 15 15 
853 957 891 891 891 941 941 933 934 925 883 883 883 883 883 883 831 831 831 840 840 736 736 736 815 805 805 779 773 763 763 768 736 753 736 736 736 662 662 719 700 700 694 694 590 590 590 630 630 630 590 590 567 514 514 514 514 514 514 514 514 514 514 514 536 516 516 516 422 448 448 448 448 448 459 459 366 366 423 423 407 407 407 348 348 348 374 374 358 358 149 149 329 329 294 294 294 293 293 149 149 149 149 149 149 229 229 149 149 213 163 163 163 176 176 149 149 141 141 141 122 122 122 122 90 98 98 15 15 15 15 15 66 15 40 15 15 14 15 15 
853 957 968 968 891 891 891 933 925 925 883 883 883 841 841 884 831 831 831 736 736 736 826 736 736 805 779 779 773 773 763 763 736 736 737 737 737 662 662 719 662 662 662 662 662 662 590 661 630 630 590 590 567 567 604 604 589 589 514 514 514 514 514 514 516 516 517 517 422 366 366 366 477 477 459 366 366 441 423 423 423 407 407 348 348 367 367 367 367 359 149 149 149 149 324 294 294 294 294 149 149 149 149 260 149 149 149 149 149 149 163 149 149 149 149 149 149 149 149 141 141 122 122 90 90 99 99 90 90 15 15 66 66 15 15 15 15 14 21 15 
853 957 957 957 957 957 891 933 925 883 883 883 841 841 841 841 831 831 831 736 736 736 826 826 736 736 779 779 779 773 773 763 763 736 737 737 737 662 719 719 662 662 662 662 662 662 590 590 630 630 630 630 630 567 567 567 589 422 422 569 514 514 514 516 516 422 422 422 422 366 366 366 477 459 459 366 366 423 423 424 424 413 348 348 348 348 348 375 283 359 349 149 149 149 324 294 294 294 149 149 282 149 149 149 149 149 149 149 191 149 149 149 191 149 149 150 150 150 149 149 113 113 113 90 112 90 90 90 35 35 77 66 66 53 41 41 15 14 21 15 
853 853 969 969 957 957 891 933 925 883 883 883 841 841 841 841 841 841 736 736 736 736 736 736 781 736 736 736 736 736 736 764 764 736 737 737 737 662 662 662 662 662 695 695 662 662 662 590 630 630 630 630 631 567 567 567 543 543 422 422 422 514 514 422 422 422 501 501 366 366 366 366 477 459 459 366 366 423 423 413 425 413 348 348 348 348 348 375 283 359 349 149 149 149 324 294 294 303 149 149 282 149 149 251 251 149 198 198 191 191 191 191 191 149 149 150 150 150 150 150 113 113 113 90 90 90 100 35 35 35 53 53 53 53 41 15 15 14 15 15 
853 853 969 969 935 935 891 891 891 891 918 891 891 902 841 841 841 841 736 736 736 736 736 736 781 809 781 781 781 781 736 736 736 736 744 707 707 707 695 695 695 695 695 662 662 662 662 590 590 590 590 631 631 567 567 567 543 543 422 422 422 549 549 422 533 533 501 501 366 366 489 489 459 459 459 366 366 423 423 413 413 413 348 348 348 348 375 375 283 359 349 149 149 149 324 294 294 149 149 149 149 149 149 251 251 149 198 198 198 198 198 198 154 154 154 154 154 154 113 113 113 113 113 123 100 100 100 35 35 35 53 53 53 53 41 15 15 15 15 16 
853 853 853 969 935 935 935 935 935 891 891 891 891 891 841 841 736 736 736 736 841 841 827 827 781 781 781 782 782 736 736 736 765 744 744 707 707 707 695 695 695 695 701 662 662 662 662 662 590 590 590 590 590 590 590 590 590 543 422 422 422 422 422 422 533 533 501 501 366 366 489 489 459 459 459 366 366 423 423 413 413 413 348 348 360 360 360 376 283 283 349 149 149 149 324 149 149 149 295 149 149 268 268 149 149 149 149 222 222 198 198 199 154 154 154 154 154 154 113 113 113 113 113 113 100 100 100 35 35 35 35 35 35 35 41 34 34 15 15 16 
853 853 853 969 935 935 935 935 936 892 892 907 907 891 891 841 736 736 862 841 841 827 827 782 782 781 781 782 782 736 736 736 736 744 744 707 707 707 695 695 707 707 688 688 688 590 590 663 590 650 590 590 621 621 609 590 590 543 543 543 556 556 543 543 501 501 501 501 366 366 497 459 459 459 459 366 366 366 423 413 413 413 348 348 360 360 360 360 368 283 349 341 149 149 324 149 149 149 149 149 268 268 149 149 149 149 149 222 222 207 154 154 154 154 154 154 154 154 154 113 113 136 113 113 100 100 100 35 54 54 54 54 54 35 35 16 16 16 16 16 
853 853 853 942 942 935 935 935 892 892 892 892 892 892 892 841 873 841 841 841 827 827 782 782 782 781 781 782 782 782 736 769 736 744 744 707 707 707 707 707 707 708 688 688 688 590 590 590 590 590 590 609 621 621 609 590 599 590 543 543 543 543 543 544 501 501 501 501 508 366 366 459 366 366 366 366 449 366 366 366 366 360 360 360 360 360 360 360 360 283 283 341 149 149 149 149 149 149 149 149 149 149 149 223 223 223 223 222 222 207 154 154 192 154 154 155 155 155 136 136 142 136 113 124 100 100 100 35 54 54 54 54 54 54 35 16 16 16 16 16 
853 853 853 942 942 942 942 942 892 892 892 892 892 892 892 841 841 841 841 841 827 827 782 782 782 782 782 782 782 782 736 736 736 744 744 707 707 707 707 708 708 708 688 688 688 590 590 590 590 590 643 609 609 609 609 590 590 590 543 543 543 544 544 544 501 501 501 501 501 501 366 366 366 366 366 366 366 366 366 366 366 360 360 360 360 360 360 377 360 360 283 283 283 283 283 283 283 283 283 283 283 149 149 223 223 223 223 223 223 207 207 154 154 154 154 155 155 155 155 136 136 136 113 113 113 100 100 35 54 54 55 55 55 55 35 35 35 16 16 16 
