955 955 955 955 955 871 871 871 871 871 871 871 871 871 876 876 876 876 876 808 808 808 814 814 814 814 814 814 808 673 673 673 769 769 758 758 734 734 734 707 707 698 698 567 567 567 567 581 581 581 640 581 581 581 581 581 581 581 581 573 573 523 523 523 523 523 523 523 474 474 473 473 473 473 473 432 432 432 432 432 432 373 373 373 373 373 373 373 373 373 361 361 188 188 188 188 188 188 188 188 188 252 252 252 252 252 252 217 217 217 217 217 186 186 186 186 158 158 158 135 135 135 122 122 122 101 101 101 45 45 45 45 45 45 45 45 45 23 23 1 
955 955 955 955 955 871 871 871 871 871 871 871 919 871 876 876 876 876 876 808 808 808 814 814 814 808 808 808 808 673 790 673 673 673 758 758 734 734 734 726 707 698 698 567 567 567 567 567 567 581 581 581 619 619 606 606 581 581 581 573 573 523 523 523 523 538 523 523 474 474 473 473 473 473 473 432 432 432 433 433 433 373 373 373 373 399 388 388 361 361 361 188 188 188 188 303 303 303 303 303 188 188 188 188 188 188 188 217 217 217 217 217 186 149 149 149 158 158 158 135 136 136 122 122 122 101 101 101 45 88 45 45 34 34 34 34 23 23 1 1 
955 955 955 955 955 871 871 945 945 919 919 919 919 871 876 876 876 876 876 808 808 808 808 808 808 808 673 673 673 673 790 759 759 673 750 750 750 742 726 726 707 707 698 567 567 567 567 567 567 619 619 619 619 619 606 606 581 581 581 581 573 560 560 523 523 474 474 474 474 474 474 474 474 474 474 433 433 433 433 433 433 373 373 388 388 399 388 388 361 361 188 188 188 188 188 303 303 303 303 304 188 188 283 188 188 257 188 233 233 233 186 186 186 149 149 149 158 158 158 135 136 122 122 123 123 101 101 101 45 45 45 45 34 34 34 34 46 1 1 2 
955 955 955 955 955 963 955 945 945 919 919 919 919 871 876 876 876 870 870 808 859 859 808 673 673 673 673 673 673 799 790 759 759 673 750 750 742 742 726 726 673 673 698 692 567 567 567 567 567 619 619 619 619 619 611 573 573 573 573 573 573 560 560 539 539 474 474 474 474 474 474 474 474 474 474 433 433 433 433 434 434 373 388 388 388 388 388 388 361 361 188 188 188 348 303 303 303 303 303 188 188 188 188 188 188 188 188 186 186 186 186 186 149 149 149 149 158 158 158 135 135 122 122 122 122 101 101 101 68 68 68 34 34 34 34 34 34 1 2 2 
955 955 955 955 955 955 955 945 945 919 919 871 871 871 876 876 888 870 870 808 859 859 808 673 673 673 791 790 790 790 790 759 759 673 673 673 742 742 673 673 673 673 673 692 665 665 665 665 567 567 619 619 619 619 611 573 593 593 574 574 574 524 524 539 539 539 474 474 474 474 492 492 474 474 474 433 433 449 449 434 435 373 388 388 388 388 361 361 361 188 188 188 188 348 303 303 317 317 310 188 188 188 188 270 270 188 188 186 186 186 186 186 149 149 149 187 149 149 149 149 135 135 107 107 122 101 101 101 68 68 68 34 34 34 34 53 34 1 1 3 
955 955 970 969 969 955 955 932 946 919 919 871 871 905 905 899 870 870 870 808 808 808 808 673 673 673 791 790 790 790 759 759 759 765 765 673 673 673 673 708 708 708 673 673 673 673 673 647 647 567 632 632 619 619 611 573 574 574 574 582 524 524 524 524 524 524 524 524 479 479 479 479 479 479 433 433 433 433 433 434 373 373 388 388 361 361 361 188 188 188 188 188 188 188 188 303 317 317 310 188 188 188 188 188 188 188 188 241 186 186 218 218 149 149 149 149 149 170 135 135 135 135 107 107 107 107 107 95 95 68 68 68 68 68 24 24 34 34 1 3 
955 955 970 969 969 932 932 932 926 926 926 926 871 871 871 899 870 870 870 808 808 831 831 831 673 673 791 790 790 759 759 782 759 759 759 759 673 673 673 673 708 708 673 673 666 666 666 647 647 567 567 567 534 534 611 573 574 574 574 582 524 524 524 524 524 524 525 525 479 479 479 479 480 480 433 433 433 433 433 434 326 326 326 415 361 361 392 188 188 188 188 188 188 188 188 303 303 310 310 188 188 188 188 188 188 188 253 241 241 186 186 186 186 186 195 149 149 170 135 135 135 135 107 107 107 107 107 69 69 69 69 69 69 69 24 24 34 34 1 1 
992 992 970 970 970 932 932 937 926 926 927 927 871 871 871 871 871 870 870 870 831 831 851 831 831 831 791 791 809 759 759 759 759 759 735 735 673 673 673 673 708 708 666 666 666 666 666 666 647 647 567 567 534 534 611 607 574 574 574 534 534 534 545 545 525 525 525 525 479 479 479 479 463 463 463 463 434 434 434 434 326 326 326 361 361 361 392 188 188 332 332 332 303 303 303 303 303 310 287 287 287 225 225 225 225 188 188 188 188 188 188 208 208 186 186 186 102 102 135 135 135 107 107 107 107 107 69 69 69 69 24 24 24 24 24 24 34 34 24 1 
987 987 987 932 932 932 932 937 937 937 927 927 889 889 889 900 871 871 877 831 831 860 832 832 832 791 791 791 766 766 766 766 735 735 735 735 735 743 673 673 666 666 666 666 666 666 666 567 567 567 567 534 534 534 607 607 599 534 534 534 534 534 534 545 525 525 525 525 479 479 479 463 463 463 463 463 434 434 434 434 326 326 326 361 361 361 392 188 188 374 332 332 303 303 331 331 303 303 287 287 287 225 225 225 225 188 188 160 160 234 188 188 188 188 188 102 102 102 135 135 135 107 107 107 107 107 69 69 69 69 24 24 24 24 24 24 24 24 24 1 
987 932 932 932 932 932 932 954 937 937 927 927 889 889 889 889 889 871 871 831 831 860 832 832 832 791 815 815 766 766 766 735 735 735 735 760 735 743 666 666 666 666 666 693 666 666 666 567 655 567 567 534 534 534 607 599 599 534 534 534 534 567 534 545 545 534 534 526 479 479 479 463 463 463 463 463 453 453 434 434 326 326 326 416 392 392 392 188 188 374 332 332 332 303 331 331 303 303 303 303 287 287 225 225 225 224 224 160 160 234 188 188 189 189 188 102 102 102 159 135 135 102 102 69 69 69 69 69 69 69 74 74 24 24 24 24 24 1 1 1 
987 932 932 932 932 932 932 932 932 938 932 889 889 889 889 871 871 871 871 871 831 860 832 832 832 791 791 791 766 766 766 735 735 735 735 735 735 735 666 666 666 699 699 685 685 567 567 567 655 627 627 534 534 534 600 600 600 534 589 534 534 567 534 534 534 534 526 526 479 479 479 493 464 464 464 464 453 453 434 436 326 326 326 326 392 392 392 188 188 188 332 332 332 303 303 303 303 318 258 258 288 288 225 225 225 224 224 160 160 160 160 160 189 189 188 188 102 102 102 102 102 102 102 69 69 69 69 69 69 74 74 75 24 24 24 25 25 1 1 1 
987 932 932 971 971 932 932 932 932 932 932 889 889 889 889 871 871 871 871 871 831 831 832 832 832 832 824 791 766 766 766 766 766 766 766 735 735 735 666 666 717 685 685 685 686 567 567 567 567 627 627 534 600 600 600 534 534 534 567 567 567 567 506 506 540 540 526 526 479 479 493 493 464 464 464 464 453 453 434 436 436 326 326 326 326 400 393 188 188 188 332 332 332 303 303 332 258 258 258 258 288 288 225 271 271 224 224 224 224 224 224 160 196 189 189 189 102 102 102 102 102 102 102 69 69 114 69 89 89 74 74 75 24 24 61 25 25 25 25 1 
987 987 932 932 932 932 939 939 932 932 920 920 889 889 906 871 871 871 871 831 831 831 831 844 816 816 824 791 791 791 791 783 761 761 761 761 735 735 735 666 666 685 685 685 686 567 567 567 567 648 627 534 534 534 534 534 594 594 567 568 568 568 506 506 506 506 506 506 506 506 493 493 464 464 464 464 434 434 434 441 437 326 326 326 326 393 393 362 362 362 362 362 332 349 332 332 258 258 258 258 258 288 225 225 225 225 225 225 225 235 160 160 196 196 196 160 160 171 102 102 102 102 102 69 114 114 69 89 89 89 79 61 61 61 61 25 25 25 26 1 
987 987 932 932 932 932 939 939 939 939 920 920 920 913 845 845 871 871 878 831 831 831 831 844 816 816 816 816 783 783 783 783 761 761 658 658 744 744 666 666 666 666 685 685 567 567 674 567 567 627 627 534 534 612 534 534 594 594 567 568 568 568 506 551 541 541 506 506 506 507 465 465 465 465 465 465 434 434 434 441 437 326 421 326 326 393 393 362 362 362 332 332 332 349 332 319 319 319 258 258 258 272 272 272 272 258 225 225 225 235 160 160 160 160 160 160 160 171 102 102 102 131 69 69 69 69 69 89 89 89 79 61 47 47 47 25 25 1 1 1 
987 987 932 932 932 932 939 939 939 939 933 928 913 913 845 845 845 845 845 831 831 831 831 816 816 817 817 783 783 783 658 658 658 658 658 658 744 744 666 666 666 666 685 685 567 567 567 667 656 627 627 627 627 612 534 534 601 594 567 568 568 568 506 551 541 541 506 506 506 507 465 465 465 465 465 466 434 434 434 441 437 326 326 326 393 393 393 362 362 362 332 332 332 332 332 319 319 319 258 295 295 272 258 258 258 258 225 225 225 160 160 160 160 190 160 160 160 160 160 102 102 131 69 69 69 69 69 69 79 79 79 61 47 47 47 47 1 1 1 1 
979 979 979 979 940 940 940 940 940 933 933 928 913 913 845 845 845 845 845 845 816 816 816 816 785 785 817 783 783 783 658 770 770 770 658 658 744 744 666 709 709 709 511 511 511 511 567 567 656 567 567 627 627 612 612 567 567 594 567 506 506 506 506 546 546 541 508 508 481 481 481 465 465 465 465 434 434 434 437 437 437 326 326 326 326 401 363 363 363 362 363 363 332 332 333 333 319 319 258 258 258 272 258 259 259 259 225 225 225 160 160 160 160 190 190 190 160 160 102 102 137 131 131 102 102 69 69 69 79 79 79 61 47 47 47 47 1 1 1 1 
979 979 979 940 940 928 928 928 940 940 928 928 846 913 846 846 890 845 845 845 816 816 785 785 785 785 817 817 784 784 658 658 658 771 658 658 666 666 666 666 710 710 511 687 687 511 511 567 567 567 567 567 567 612 612 567 567 567 567 506 506 506 546 546 541 541 508 508 481 481 481 465 465 481 475 434 434 434 434 434 402 402 402 417 326 326 363 363 363 363 363 333 333 333 333 333 319 320 258 258 258 258 258 259 259 259 225 225 225 225 225 197 197 190 190 102 102 102 102 150 137 131 131 102 102 102 102 102 61 61 61 61 47 47 47 47 47 1 1 1 
979 979 979 940 972 928 928 928 928 928 928 846 846 846 846 846 846 846 845 845 816 816 785 785 835 785 785 818 784 784 784 784 658 658 658 658 666 666 666 666 710 710 680 680 680 680 511 567 567 608 567 567 567 612 612 567 567 567 567 506 506 506 506 506 541 541 508 508 481 481 481 481 481 481 475 434 434 434 434 434 402 402 402 402 402 326 326 326 326 371 371 333 333 333 333 333 319 319 258 258 296 258 258 236 236 260 225 225 242 225 197 197 197 197 102 102 178 143 143 137 137 102 102 102 124 102 102 103 61 80 80 48 48 48 48 48 48 1 1 1 
979 979 988 940 972 928 928 934 934 934 934 846 846 846 891 891 891 846 846 845 845 852 852 785 785 785 785 785 800 800 784 784 658 658 658 658 658 658 680 680 680 680 680 680 680 511 511 641 641 608 608 608 567 567 567 567 567 506 506 561 561 561 561 506 506 541 508 527 481 481 481 481 450 450 475 434 434 434 450 422 422 402 402 402 402 402 326 326 326 371 341 341 341 341 341 319 319 319 258 258 296 262 262 236 236 260 225 225 225 225 197 197 197 197 102 178 178 143 143 137 137 102 102 115 115 115 61 61 61 61 61 48 48 48 48 35 35 35 1 1 
979 979 988 940 928 928 956 934 934 934 934 891 891 914 891 891 879 879 846 846 845 845 845 785 785 785 825 785 785 785 785 785 658 658 658 658 658 658 657 657 657 680 680 694 511 511 633 633 641 641 641 608 608 567 567 602 602 506 506 561 561 506 506 506 506 506 508 508 508 508 481 481 450 450 450 450 450 450 450 422 422 422 422 389 389 389 326 382 382 371 341 341 341 341 341 319 319 319 296 296 296 262 262 262 236 236 225 225 225 236 197 197 197 203 102 102 102 102 143 143 137 137 102 102 125 61 61 61 61 61 61 48 48 48 48 35 36 36 4 4 
988 988 988 940 928 928 928 928 934 934 934 891 891 891 891 891 879 879 879 846 846 846 845 785 785 785 785 785 785 785 772 772 772 772 658 658 658 657 657 727 657 657 657 657 511 511 633 633 633 633 633 633 608 506 506 506 506 506 506 561 561 506 506 506 506 506 508 508 508 422 422 422 450 450 450 450 450 450 450 422 389 389 389 389 389 389 326 326 326 371 341 341 341 341 341 297 297 297 296 296 296 262 262 262 236 236 225 225 236 236 197 197 197 203 102 102 179 102 161 143 143 138 102 102 125 61 61 61 61 61 35 35 54 54 54 35 35 37 4 4 
988 988 988 940 940 928 928 928 891 891 891 891 891 891 891 879 879 879 879 846 846 846 845 845 810 810 810 810 810 785 772 772 772 772 658 658 658 658 658 658 658 657 657 657 688 511 633 511 511 634 634 634 608 608 608 608 506 506 506 561 561 506 506 506 506 542 508 508 508 422 422 422 422 422 422 422 422 422 422 422 423 423 423 389 389 355 355 355 326 326 326 326 326 341 341 297 297 297 297 296 296 262 262 262 236 261 236 236 236 237 197 197 197 102 102 102 102 102 102 102 102 138 102 128 35 35 35 35 35 35 35 35 35 35 54 54 35 37 4 4 
940 940 940 980 940 928 928 928 891 891 891 891 891 891 891 879 879 879 879 846 846 846 846 846 810 810 729 729 729 786 786 786 772 772 658 658 751 658 658 728 658 658 700 657 688 511 511 511 511 511 563 563 563 563 563 563 563 563 506 575 575 506 562 506 506 542 508 508 515 509 422 422 422 422 422 422 422 422 422 422 423 389 389 389 403 403 355 355 383 326 326 364 326 326 326 326 297 297 297 297 297 262 262 262 236 236 236 236 236 237 197 197 209 102 102 102 102 102 102 126 102 102 102 128 35 81 81 35 35 35 35 35 35 35 55 55 35 4 4 5 
940 940 940 980 940 928 928 928 891 891 891 891 891 891 836 836 836 836 836 872 836 836 836 847 810 810 729 729 729 786 786 736 736 736 736 736 736 736 736 728 718 658 700 657 657 657 657 657 657 511 563 563 563 563 563 563 563 563 506 506 506 506 506 506 506 506 535 528 509 509 422 422 422 422 422 422 422 422 422 422 423 389 389 389 403 403 355 383 383 342 342 342 342 342 342 326 326 297 297 297 297 262 262 262 262 262 226 226 226 226 226 197 209 102 102 180 180 126 126 126 126 126 128 128 35 35 81 35 35 35 35 35 35 35 55 55 35 4 4 4 
940 940 940 940 940 964 928 928 891 941 836 836 836 836 836 836 836 836 836 836 836 861 836 836 836 729 729 729 729 786 786 736 736 762 736 736 728 728 728 728 718 658 658 658 658 658 658 511 511 511 563 563 563 563 613 563 563 563 506 506 506 506 506 506 506 506 535 528 509 509 422 422 442 442 442 451 451 451 451 423 423 428 389 389 403 403 355 355 355 375 327 327 342 342 327 327 327 297 297 297 297 263 263 263 263 263 226 226 226 226 226 197 197 197 197 180 180 126 126 126 126 126 126 126 126 35 81 81 81 35 35 70 70 35 35 35 35 27 27 4 
940 940 981 940 940 964 891 891 891 836 836 836 836 836 836 836 836 836 836 853 853 853 853 837 837 819 819 819 729 729 736 736 736 762 762 762 711 711 711 711 718 711 681 681 681 658 658 511 511 511 563 563 563 563 563 563 563 563 563 576 506 506 506 506 506 506 528 528 422 422 422 422 442 442 451 451 451 451 423 423 423 423 389 410 410 389 389 389 355 355 355 327 327 327 327 327 311 311 311 297 297 263 263 263 263 264 226 226 226 226 226 132 132 191 191 191 132 132 162 126 126 126 126 35 35 35 35 35 81 81 81 70 70 70 27 27 27 27 4 4 
981 981 981 947 947 947 891 947 947 836 935 836 836 915 836 836 836 836 836 837 837 837 837 837 838 819 819 819 729 729 736 736 736 773 762 762 711 745 737 711 711 711 681 681 681 658 658 658 658 511 563 563 563 620 563 563 563 563 563 576 576 506 506 506 528 528 528 422 422 510 499 422 443 442 451 451 451 451 423 423 423 423 389 389 389 389 390 390 334 334 355 355 355 327 327 327 311 289 289 289 289 263 263 263 263 249 249 249 226 226 132 132 132 191 191 191 132 132 162 126 126 132 132 35 35 35 35 35 96 71 71 70 70 70 27 27 27 4 4 6 
981 981 981 947 947 947 891 947 948 836 935 836 836 907 907 836 836 827 827 837 837 837 837 837 819 819 819 819 729 801 763 763 773 773 762 762 711 711 737 642 642 712 681 681 681 681 642 642 659 511 563 563 563 563 563 563 563 563 563 577 577 506 506 506 528 528 528 422 510 510 499 422 443 442 442 442 442 442 442 405 405 405 405 405 404 404 336 336 334 334 334 334 334 334 334 334 311 289 289 289 289 263 263 263 265 249 249 249 132 132 132 132 132 132 132 132 132 132 132 132 132 132 35 35 35 35 35 35 96 71 71 70 70 71 27 27 27 4 28 6 
981 981 981 981 947 947 891 947 836 836 935 811 921 907 907 827 827 827 827 827 827 827 848 848 819 819 826 819 729 801 763 763 763 763 763 763 711 711 737 642 642 642 701 642 642 642 642 642 659 511 511 511 563 563 583 583 583 583 563 563 563 506 506 467 467 467 467 422 510 510 499 422 443 442 442 454 454 454 442 405 418 418 404 404 404 405 336 336 334 334 334 365 334 334 334 334 311 312 312 289 289 263 108 108 265 265 108 108 132 132 132 132 210 132 132 181 181 108 108 108 108 35 35 82 82 82 82 82 96 71 71 71 71 71 27 56 4 4 28 6 
981 981 981 981 947 947 947 947 836 836 836 811 811 907 907 827 827 827 827 827 865 827 839 839 839 819 819 819 729 801 763 763 763 642 642 642 711 711 642 642 719 642 701 642 675 675 675 642 642 642 642 511 621 621 583 583 583 583 583 583 563 563 563 467 467 467 467 422 422 422 499 422 443 443 454 454 454 454 442 405 405 418 405 405 405 405 336 336 334 334 334 365 305 305 305 335 311 311 290 290 289 289 108 108 108 266 108 108 108 238 108 108 108 108 108 108 108 108 108 108 108 35 35 82 82 82 82 82 96 71 71 71 71 27 27 4 4 6 6 6 
981 981 981 981 836 836 836 836 836 836 836 885 811 811 811 892 892 880 880 827 827 827 839 839 839 819 819 729 729 801 763 763 642 642 642 642 642 711 642 713 713 642 642 642 642 676 676 642 642 642 642 511 621 621 583 583 583 583 584 584 563 563 467 467 467 467 467 467 467 422 422 422 487 443 443 443 443 455 442 442 405 418 405 405 405 336 336 336 334 334 334 365 305 305 305 305 305 305 290 290 290 290 108 108 108 108 108 144 108 108 108 211 211 163 163 108 108 108 108 151 108 108 108 108 108 108 108 82 82 82 82 71 71 27 27 4 4 6 6 6 
981 981 836 836 836 957 957 836 836 922 922 885 885 885 811 892 892 880 880 827 827 827 827 827 827 827 827 729 729 801 763 763 642 642 642 764 642 642 642 676 713 713 642 642 642 676 677 642 642 643 643 511 511 622 583 583 583 583 584 511 511 511 467 467 467 467 529 529 467 467 487 487 487 467 467 467 443 443 443 443 405 418 405 405 405 336 336 336 334 334 334 334 356 305 305 305 305 305 290 290 290 291 108 108 108 108 144 144 108 108 163 163 163 163 163 163 163 108 151 151 108 129 108 108 82 82 82 82 82 83 83 71 71 4 4 4 4 6 6 6 
836 836 836 836 836 836 922 922 922 922 922 922 922 885 811 811 811 811 811 811 811 854 854 827 827 827 827 820 729 729 729 642 642 642 764 764 661 661 676 676 714 714 676 676 676 676 635 635 660 635 635 635 511 511 614 511 511 584 584 511 511 511 467 467 543 543 529 529 516 467 467 467 467 467 476 444 444 444 444 444 405 418 418 418 405 405 394 336 336 336 336 334 334 334 313 313 305 305 305 290 290 291 108 108 108 108 144 144 108 108 163 163 198 198 198 163 163 108 108 108 108 129 129 129 82 82 82 82 82 29 29 71 71 4 4 4 49 6 6 7 
836 836 836 836 836 836 922 922 922 922 922 922 922 885 885 885 885 885 811 811 811 811 811 811 811 811 811 820 778 778 729 642 642 642 661 661 661 661 676 676 676 676 676 668 668 668 668 635 635 635 635 615 615 511 511 511 511 584 511 511 511 511 511 552 543 543 511 511 516 467 467 488 488 444 444 444 462 456 444 444 405 418 418 405 405 405 394 336 336 376 336 366 334 334 313 313 313 313 305 305 298 229 229 229 229 243 144 144 227 227 227 144 144 144 199 163 163 163 139 139 139 139 11 11 127 82 82 97 97 29 29 71 71 4 4 4 29 29 6 6 
836 836 836 836 836 922 922 922 922 922 922 929 901 901 908 811 811 811 811 811 811 811 811 811 811 811 811 820 778 778 729 729 729 729 729 729 752 661 661 661 661 661 661 668 668 668 668 668 635 649 635 615 615 615 511 511 511 511 511 511 569 569 511 511 511 511 511 511 511 511 488 488 488 444 444 444 456 456 444 444 405 405 405 405 394 394 394 367 367 367 336 336 336 343 343 336 313 313 305 305 298 229 229 229 229 243 144 227 227 227 228 144 204 144 144 182 182 163 139 139 139 139 11 130 29 29 109 97 97 29 29 29 29 62 62 29 29 29 29 6 
836 836 965 965 965 922 922 922 922 922 922 901 901 901 901 811 811 811 811 811 811 811 811 811 811 811 820 820 778 778 792 729 729 738 738 729 729 729 729 729 661 661 661 661 661 661 668 668 635 635 635 615 615 615 511 511 511 511 511 511 512 512 512 512 512 512 530 530 512 512 488 488 488 444 444 444 456 445 445 429 429 429 405 405 394 367 367 367 367 367 367 367 336 336 336 336 313 313 313 306 273 273 229 229 229 243 144 227 227 227 144 144 204 204 144 182 182 163 163 139 139 139 11 130 29 29 29 29 29 29 84 76 29 62 29 29 6 6 6 6 
836 836 965 965 965 965 922 922 930 930 901 901 840 840 901 901 811 811 881 811 866 840 840 811 811 811 811 811 811 778 778 778 778 738 738 738 738 738 623 623 661 661 661 661 661 661 661 661 661 635 635 636 615 615 511 511 511 511 511 512 512 512 512 512 512 512 512 512 512 482 482 482 482 482 456 456 456 445 445 429 429 394 394 394 394 367 367 367 367 367 367 344 344 350 336 336 273 273 273 306 273 229 229 229 229 243 144 144 144 144 144 144 144 144 144 144 144 172 144 144 144 11 11 29 29 29 29 98 98 90 76 76 29 29 29 6 6 38 6 6 
966 966 965 965 973 930 930 930 930 930 901 901 840 840 840 840 893 811 811 811 866 840 840 849 833 833 811 811 811 793 793 778 778 738 753 753 753 738 738 623 623 623 661 661 661 669 669 669 636 636 636 636 615 615 615 511 511 511 511 512 570 512 512 512 512 512 512 517 517 482 482 482 482 482 456 445 445 445 445 429 429 394 394 394 394 367 367 367 367 344 344 344 344 344 344 273 273 273 273 273 273 229 229 229 229 243 243 243 243 144 144 144 144 144 144 144 144 172 144 144 145 11 29 29 110 29 29 90 90 90 76 76 29 29 6 6 6 6 6 6 
966 966 974 974 930 930 949 949 901 930 901 901 840 909 909 840 840 840 840 840 840 840 840 840 833 833 811 811 811 779 779 778 778 738 753 753 720 720 739 720 720 623 623 623 669 669 636 636 636 636 636 628 628 537 537 537 537 590 590 512 570 570 512 512 495 495 517 517 513 513 456 456 456 456 456 445 445 445 445 445 397 397 394 394 394 367 367 344 344 344 352 352 344 344 345 273 273 273 273 273 299 229 229 278 229 229 229 229 229 229 229 144 144 164 144 144 144 144 144 144 11 11 29 29 110 110 110 90 90 90 85 57 57 57 6 6 6 6 8 8 
966 966 974 974 930 930 949 949 901 901 901 840 840 883 883 883 883 840 840 840 840 840 855 840 840 833 811 811 811 779 779 738 738 738 767 720 720 720 720 720 720 689 689 623 669 669 636 636 636 636 636 628 629 537 537 537 537 537 591 512 512 512 512 553 495 495 495 495 513 494 456 468 468 468 468 468 445 445 445 445 397 397 424 394 394 344 344 344 377 377 352 351 351 351 337 337 273 273 273 273 278 278 278 278 267 267 229 229 230 230 230 144 144 164 144 144 164 164 144 144 11 11 29 29 85 85 85 85 85 85 85 57 57 57 6 6 39 39 8 8 
966 966 966 974 974 930 930 949 949 942 840 840 883 883 883 883 883 840 840 840 867 840 833 833 833 833 811 811 811 779 779 738 774 774 767 720 720 720 720 720 720 689 689 623 682 682 636 636 650 650 628 628 629 623 537 537 603 537 591 537 537 553 553 553 495 495 536 495 495 494 500 468 468 468 468 445 445 445 445 445 397 424 424 394 394 344 395 352 352 352 352 351 351 351 337 338 321 321 273 273 278 278 278 279 267 267 165 165 230 165 165 144 144 164 200 164 164 164 164 152 146 11 29 29 85 85 85 85 85 85 57 57 57 57 57 57 9 40 8 8 
995 966 966 982 975 930 930 942 942 942 840 840 883 916 894 894 894 840 840 840 840 840 833 833 833 794 794 802 802 779 779 738 774 767 767 689 689 689 689 689 689 689 689 623 623 623 623 650 650 623 623 623 623 623 537 537 603 537 537 537 537 553 495 495 547 495 495 531 495 494 494 494 468 477 477 445 445 445 446 446 397 424 411 411 411 344 395 352 352 352 352 352 352 337 337 338 321 321 273 307 278 278 273 273 165 165 165 165 165 165 165 144 144 164 200 164 183 152 152 152 146 11 11 116 116 116 85 85 63 63 57 57 57 58 58 58 9 9 9 9 
966 966 966 966 975 930 930 942 942 942 840 840 883 916 894 894 894 840 840 840 840 862 833 833 833 794 794 802 802 802 779 738 738 767 689 689 689 689 740 689 689 689 689 695 623 623 623 623 623 623 616 616 616 616 616 537 537 537 537 537 537 553 495 495 495 495 495 531 495 495 495 495 468 430 430 445 445 457 397 397 397 424 411 411 411 344 344 391 378 378 353 353 352 352 314 314 314 314 273 273 278 278 273 273 165 250 250 250 165 165 165 212 212 164 164 164 183 152 146 146 146 11 11 63 63 63 63 63 63 63 63 63 63 58 58 58 9 9 9 9 
966 966 966 966 966 966 930 840 840 943 840 883 883 894 894 894 894 873 882 788 788 833 833 833 833 794 794 794 794 803 779 787 738 738 689 689 689 746 689 689 715 715 689 689 689 623 623 623 616 616 616 624 624 624 592 592 592 537 537 537 537 553 495 495 548 531 531 531 430 430 430 430 468 430 430 430 457 457 397 397 438 396 396 396 396 396 344 378 378 353 353 353 353 353 314 314 314 314 314 273 273 273 273 273 273 250 250 165 165 212 212 212 165 165 165 152 152 152 146 146 11 11 63 63 111 111 111 11 11 11 11 77 63 63 63 10 10 10 10 10 
966 966 966 966 967 967 930 840 840 840 840 883 923 894 894 894 895 873 882 788 788 833 833 833 833 794 794 794 794 794 779 779 779 738 738 738 689 689 689 730 715 715 702 690 690 623 623 623 616 616 616 624 624 624 592 592 592 537 537 537 578 553 495 495 548 531 430 430 430 430 501 430 430 430 478 430 430 430 430 397 397 397 412 412 396 396 344 378 378 353 353 353 357 314 314 339 284 284 284 284 284 284 284 254 254 254 165 165 165 165 165 165 165 165 165 152 152 152 146 146 11 63 63 63 63 63 63 11 11 11 11 11 63 63 64 11 11 11 10 10 
966 966 966 966 930 930 930 840 936 936 936 883 883 894 894 894 873 873 882 788 788 788 788 788 788 834 794 794 812 794 794 779 779 738 738 738 738 702 702 702 702 715 702 690 690 630 630 630 616 616 616 616 616 625 592 592 592 595 537 537 578 553 495 554 548 531 430 430 430 430 496 496 430 430 447 447 458 458 430 439 439 397 412 412 396 396 344 344 344 353 353 353 284 284 284 284 284 315 315 284 284 292 285 254 274 254 165 165 165 231 231 213 213 165 165 165 165 165 146 146 11 63 63 63 63 63 63 11 72 72 86 11 11 11 11 11 50 11 30 11 
983 983 983 983 930 950 950 840 840 840 910 910 883 883 894 894 873 873 788 788 841 841 788 788 788 834 788 788 788 788 788 788 738 738 738 738 738 702 702 721 702 702 702 690 690 630 678 630 616 616 616 616 616 616 592 592 595 595 537 537 537 553 495 531 531 531 430 532 496 496 496 447 447 447 447 447 447 430 430 439 439 397 412 412 412 396 344 344 344 353 353 353 284 315 284 284 315 315 285 285 285 285 285 280 254 254 165 165 244 231 231 213 153 153 153 153 153 165 165 153 11 11 11 63 63 11 11 11 72 72 72 72 72 31 31 31 31 11 11 11 
983 983 983 983 930 950 950 950 950 840 910 910 910 883 883 883 896 873 873 841 841 841 841 841 788 788 788 804 804 804 788 788 738 775 738 738 702 702 702 721 721 696 696 696 630 630 630 630 644 644 644 616 616 616 616 592 595 595 537 537 537 553 495 531 531 531 430 430 496 496 496 447 447 447 447 447 447 430 430 430 430 397 397 412 412 396 396 344 344 353 353 284 284 315 284 284 315 285 285 275 275 275 286 280 254 254 244 244 244 213 213 213 153 153 184 184 153 153 153 153 140 140 11 11 11 11 72 72 72 91 72 72 31 31 59 59 31 31 31 12 
996 993 984 984 930 958 958 840 840 840 924 924 910 910 910 883 883 883 873 841 841 841 841 841 841 795 795 795 805 805 768 768 738 738 738 702 702 731 731 731 696 696 630 630 630 630 630 630 644 645 645 616 616 616 616 592 592 592 592 537 537 495 495 531 531 531 531 430 430 430 469 497 447 447 447 447 447 406 406 406 430 430 397 397 397 397 397 344 344 284 284 284 323 315 315 340 315 285 285 275 293 275 275 280 275 254 244 244 244 213 213 213 214 153 184 184 184 173 21 21 140 141 92 92 92 92 72 72 72 72 72 72 31 31 59 51 51 31 31 12 
993 993 984 984 930 930 930 840 840 840 924 924 924 910 910 883 883 883 873 873 863 863 841 841 841 795 795 795 805 805 768 768 768 738 738 702 754 731 732 732 696 696 630 630 630 630 630 630 644 609 609 616 616 616 616 537 537 537 537 537 537 537 564 531 531 531 531 533 518 430 469 469 447 447 447 447 447 406 406 406 406 406 406 406 406 344 344 344 344 284 323 323 323 354 315 315 315 322 285 275 293 293 275 275 275 254 254 213 213 213 232 213 213 153 201 173 173 173 21 21 140 140 92 92 92 92 92 104 72 72 72 72 72 31 59 51 51 32 32 12 
993 989 989 976 976 930 930 840 840 840 924 897 897 897 902 902 897 883 873 873 863 863 841 841 841 795 795 795 768 768 768 768 768 738 738 702 731 731 732 722 722 630 630 630 630 630 630 670 644 609 609 609 609 616 616 537 537 596 585 585 537 537 564 537 537 537 537 518 518 430 430 469 469 483 469 469 447 459 406 425 425 425 425 406 406 344 344 344 344 284 323 323 323 323 323 323 285 285 285 275 294 294 275 275 213 213 213 213 245 213 213 213 213 153 173 173 21 21 21 21 21 140 92 92 92 92 92 92 92 92 72 72 72 31 59 32 32 32 12 12 
968 968 968 976 976 930 951 951 840 840 924 897 925 897 897 903 897 883 883 868 868 780 780 841 841 795 795 795 768 768 768 768 768 776 768 702 755 702 702 722 722 630 630 683 683 683 644 644 644 609 637 637 609 609 609 609 537 537 585 537 537 537 537 537 484 484 484 518 430 430 430 430 469 469 469 470 447 406 406 425 425 406 406 406 406 406 344 344 344 284 358 358 358 284 284 323 323 323 275 275 213 213 213 213 213 213 213 213 245 153 215 215 215 153 173 173 21 21 21 154 21 21 92 92 92 92 92 92 73 73 87 31 31 31 59 32 32 32 12 12 
968 968 968 976 976 930 951 951 951 924 924 897 897 897 897 897 897 883 883 868 869 780 780 780 780 795 795 795 795 795 795 789 768 768 768 702 755 702 702 716 716 716 630 683 630 630 644 644 644 609 637 637 630 609 609 484 484 537 537 537 565 565 565 484 484 484 484 518 430 430 502 430 469 469 440 440 447 406 406 406 406 406 384 384 384 384 384 384 384 284 284 284 284 284 284 284 284 275 275 308 213 213 276 276 276 213 213 213 245 153 153 153 153 153 173 173 21 21 21 154 147 21 92 92 92 117 92 105 73 73 59 59 59 59 59 32 32 12 12 12 
968 968 990 976 976 930 930 952 952 924 924 897 897 897 897 897 897 886 868 868 780 780 856 850 780 828 828 780 780 780 780 789 780 733 733 702 755 702 652 716 716 716 630 630 630 630 630 630 651 651 630 630 630 484 484 484 484 484 484 484 484 484 484 484 549 484 484 484 484 430 430 430 440 440 440 440 447 447 447 447 440 384 384 384 384 384 384 368 368 372 372 316 316 275 275 275 284 275 300 300 300 213 213 213 213 239 239 239 239 239 153 153 205 205 155 155 21 21 21 147 147 21 92 92 92 92 92 105 73 59 59 59 59 59 59 41 41 41 13 13 
968 968 968 968 968 968 930 930 953 944 897 897 897 897 897 897 897 886 868 868 868 850 850 850 780 780 780 780 796 796 780 789 780 733 733 702 702 702 652 652 652 652 652 652 671 630 630 630 651 651 630 630 630 484 484 484 604 484 484 579 579 555 555 555 519 519 519 519 484 484 430 430 440 440 440 440 440 440 440 440 440 384 384 384 384 384 384 368 368 316 316 316 316 275 275 275 275 275 300 300 213 213 213 213 213 239 239 133 133 133 155 155 155 155 155 155 174 174 21 147 147 21 21 21 105 105 105 105 73 59 59 59 59 59 59 41 52 13 13 14 
968 977 968 968 977 959 959 930 953 944 897 897 897 911 911 886 886 886 868 868 868 850 821 821 821 821 780 780 796 796 780 780 780 733 733 733 733 733 733 733 723 652 652 652 671 671 671 630 630 651 630 630 630 484 484 484 484 555 555 555 555 555 566 556 519 519 519 519 519 484 498 419 419 419 419 419 419 419 419 419 419 419 419 419 368 368 368 368 368 316 316 316 316 275 275 275 275 275 275 213 213 213 213 213 213 133 133 133 246 133 133 133 133 202 202 155 155 155 155 155 118 118 118 21 21 21 112 73 73 59 59 59 73 59 59 41 52 13 14 14 
968 977 977 977 977 959 960 930 944 944 897 897 904 886 886 886 886 886 874 874 850 850 821 821 821 821 821 821 796 796 796 741 741 733 733 662 662 662 662 662 723 652 652 652 652 652 671 671 630 630 630 630 630 484 484 484 484 555 555 586 555 555 566 556 519 519 519 519 519 484 498 419 419 419 419 419 419 419 419 419 419 368 368 420 368 368 379 379 368 368 368 316 275 275 275 275 275 275 275 213 213 213 213 213 213 133 133 246 246 133 133 133 133 185 185 155 155 175 155 155 118 118 118 21 21 21 21 73 99 59 59 59 73 65 65 41 13 13 14 15 
968 968 968 959 959 959 874 930 944 944 897 897 904 886 886 886 886 886 874 874 850 850 821 821 821 821 822 822 796 806 741 741 741 741 662 662 756 741 741 662 662 662 662 662 684 652 652 652 652 630 630 631 631 484 484 484 484 597 555 555 555 555 555 557 519 519 519 484 484 484 498 498 419 419 471 471 419 419 419 419 419 368 368 368 368 368 379 379 379 379 368 316 275 275 275 275 275 275 275 309 268 268 213 213 268 268 133 246 246 133 133 133 216 185 185 192 156 156 166 156 148 118 118 118 118 118 21 73 73 73 73 73 73 65 65 41 42 42 14 14 
968 968 968 959 959 959 874 930 930 930 930 930 904 904 904 904 874 874 874 874 796 796 796 796 796 796 796 796 796 806 741 741 741 741 756 756 756 741 697 703 703 703 703 662 684 684 662 662 652 652 631 631 484 484 484 484 484 490 490 490 490 490 555 557 519 519 519 484 503 503 503 484 484 484 431 431 431 431 431 431 368 368 368 368 368 368 398 379 379 380 368 316 316 275 275 275 328 324 281 281 268 268 268 268 268 269 133 133 133 133 133 133 185 185 185 192 156 156 156 156 148 118 118 118 118 119 21 73 73 41 41 41 41 41 41 41 16 16 16 16 
994 994 968 968 874 874 874 931 931 931 931 931 874 874 904 904 874 874 874 796 796 857 857 796 796 781 781 823 781 781 797 741 741 741 756 756 741 741 697 697 697 697 704 662 662 662 662 662 662 631 631 638 484 617 617 484 484 490 490 490 490 490 555 555 519 519 519 484 503 503 503 484 484 485 431 431 460 460 431 431 368 368 368 413 413 380 380 385 385 380 368 368 316 316 346 324 324 324 281 281 268 268 268 281 133 133 133 133 133 133 133 219 185 185 185 185 156 156 156 156 148 142 118 118 118 118 21 73 73 41 41 41 66 66 66 16 16 43 17 17 
968 968 991 968 874 961 961 931 931 931 931 874 874 874 874 874 874 874 874 796 796 796 796 796 842 781 781 781 781 781 781 781 781 741 741 741 741 747 724 724 724 697 704 697 662 662 646 646 663 631 631 631 484 484 484 484 490 490 490 587 490 490 555 555 519 519 519 484 503 503 503 484 484 485 431 431 460 460 431 431 431 431 426 359 359 380 380 380 380 380 359 359 359 316 324 324 329 325 281 281 281 281 281 281 133 133 133 133 133 207 133 133 133 133 133 185 185 133 133 133 148 142 118 118 118 118 21 21 21 41 41 41 66 16 16 16 16 16 16 16 
968 968 968 968 874 961 961 874 874 874 931 874 917 917 874 874 864 864 864 796 796 796 796 796 781 781 781 781 781 781 781 781 747 747 747 757 757 747 724 725 725 697 697 697 646 646 646 646 646 646 646 631 631 484 484 610 490 598 490 571 571 571 550 550 519 519 484 484 520 484 484 484 485 485 431 431 431 431 431 426 426 426 426 359 359 359 380 380 386 359 359 359 359 316 324 325 325 325 281 281 281 281 281 133 133 193 193 193 247 207 207 220 206 206 133 185 185 133 157 133 133 142 118 118 120 120 21 21 21 41 41 41 41 16 16 16 16 16 16 16 
968 968 968 985 874 962 962 874 874 874 931 874 917 898 898 898 864 864 864 796 796 796 796 796 781 829 829 781 781 781 781 781 747 777 747 747 747 747 724 705 705 705 705 646 646 679 679 631 631 631 631 631 631 610 610 610 490 490 490 571 571 571 550 558 519 519 484 484 484 484 484 484 485 485 431 431 431 431 452 426 426 426 427 359 407 359 359 359 359 359 369 369 316 316 324 324 325 325 281 281 301 281 281 133 193 193 255 193 193 193 207 220 206 207 133 133 133 133 157 157 133 133 93 93 93 21 21 106 100 41 41 41 41 60 60 16 16 16 18 18 
968 968 985 985 874 874 874 874 874 874 874 874 898 898 912 898 898 864 864 864 864 864 796 796 843 781 781 781 781 781 747 747 747 747 747 747 747 748 724 705 705 705 705 646 646 631 631 631 631 631 631 631 631 610 610 610 490 490 490 490 490 490 550 550 550 490 490 484 484 489 489 489 489 461 461 461 461 461 359 359 426 426 359 359 407 359 359 359 359 381 369 370 316 324 324 324 325 325 281 281 281 281 133 133 193 193 193 193 193 193 207 207 207 207 193 193 94 94 94 94 133 133 93 93 93 21 21 21 100 41 41 60 60 60 60 60 19 19 18 18 
968 968 985 985 874 874 874 874 874 874 874 898 898 912 912 887 887 887 884 781 781 781 796 781 781 781 830 781 781 807 747 747 747 747 747 747 747 748 724 724 724 706 706 646 646 631 631 631 631 631 631 605 605 610 490 490 490 490 490 588 490 490 550 550 490 490 490 521 521 489 504 490 490 461 461 461 461 461 359 359 359 359 359 407 407 359 359 359 359 369 369 370 316 316 316 316 330 281 281 133 133 133 133 282 193 193 193 193 193 193 193 193 193 193 193 94 94 167 167 94 133 133 133 93 93 93 93 21 21 21 21 60 60 60 19 19 19 19 19 19 
968 968 968 874 874 874 874 874 874 874 874 898 887 887 887 887 875 875 884 781 781 781 781 781 781 781 830 781 781 781 798 747 747 747 747 747 747 748 724 724 724 706 706 646 646 664 664 631 631 653 605 605 605 605 490 490 490 490 490 490 490 490 490 490 490 544 490 489 489 489 490 490 491 461 461 359 359 359 359 448 408 408 408 407 407 407 359 359 387 369 369 370 316 316 347 316 316 281 281 133 133 133 193 193 193 251 251 193 193 240 193 193 193 193 94 94 176 167 167 94 94 94 94 94 93 93 93 93 93 93 21 60 60 19 19 20 20 20 33 20 
968 968 968 874 978 874 874 874 874 887 887 887 887 887 887 875 875 875 875 875 781 813 781 781 813 813 813 813 813 781 747 747 747 747 747 747 748 748 724 724 654 654 706 646 646 664 664 631 631 653 605 605 605 605 618 572 572 490 490 490 490 490 559 544 544 544 490 490 490 490 490 486 486 486 359 359 408 408 408 408 408 408 408 407 407 359 359 359 359 369 369 360 360 302 302 302 316 281 281 302 302 193 193 277 277 251 251 251 248 94 94 221 94 94 94 176 176 168 168 134 134 94 94 94 94 94 94 93 93 21 21 78 60 19 19 19 19 20 20 20 
986 968 968 874 874 874 874 874 874 887 887 887 918 918 875 875 875 875 781 781 781 813 813 813 813 813 813 813 813 781 747 747 747 747 747 747 747 747 654 654 654 654 654 654 654 664 664 672 664 605 605 605 605 605 605 572 572 572 572 572 572 572 559 544 544 544 490 490 514 514 486 486 359 359 359 472 408 408 408 408 408 408 408 414 414 359 359 359 359 359 359 360 360 302 302 302 316 316 316 302 193 193 193 193 222 222 248 248 248 94 94 94 94 194 194 176 176 176 134 134 134 94 94 94 94 121 94 94 21 21 60 60 60 19 19 19 19 20 20 21 
986 968 968 986 874 874 874 874 874 887 887 887 875 875 875 875 875 875 781 781 781 858 858 813 813 813 813 813 813 781 747 747 747 747 747 747 747 747 654 654 654 654 654 654 654 654 664 664 664 605 605 639 605 605 605 572 572 572 572 572 580 559 559 559 505 505 505 505 505 505 486 486 359 359 359 359 408 408 408 408 408 408 408 408 408 408 359 359 359 359 359 359 360 302 302 302 302 302 302 302 193 193 193 193 222 222 256 248 248 222 222 222 194 194 194 176 176 177 134 134 134 94 94 94 94 94 113 94 21 21 21 60 60 67 67 19 19 44 21 21 
986 986 986 986 874 874 874 874 874 887 887 887 875 875 875 875 875 875 781 781 781 781 781 781 781 781 781 781 781 781 747 747 747 747 747 747 749 749 654 654 654 654 691 691 691 654 654 654 654 654 605 605 605 626 605 605 605 572 572 572 580 559 559 559 505 505 505 505 522 505 505 486 486 486 359 359 408 408 408 408 408 408 408 408 409 409 359 359 359 359 359 359 360 302 302 302 302 302 302 302 193 193 222 222 222 222 222 222 222 222 223 223 194 194 194 194 169 169 169 134 134 134 134 94 94 94 113 94 94 94 21 21 21 21 21 21 21 21 21 22 
