928 928 928 928 928 928 928 928 928 928 928 928 928 874 874 906 890 890 831 831 831 831 831 849 808 808 808 808 808 808 770 770 770 770 727 727 727 727 727 727 727 690 690 690 690 690 690 665 665 665 610 610 610 610 610 610 610 610 584 584 584 540 540 540 540 540 540 445 445 445 445 445 445 445 475 475 468 445 445 445 427 427 392 392 392 392 392 380 380 363 363 339 339 339 325 325 281 281 281 281 281 244 244 244 244 244 219 219 219 219 170 170 170 170 170 170 170 94 94 94 94 94 94 109 109 109 94 94 75 75 57 57 57 18 18 18 18 18 18 1 
928 998 928 928 928 928 907 907 907 907 907 907 907 874 874 874 890 890 831 831 831 831 831 849 808 808 808 808 808 809 770 791 770 770 727 727 727 727 736 736 728 690 690 690 661 661 691 665 665 665 610 610 610 610 610 610 610 584 584 585 585 540 540 540 540 540 541 445 445 445 445 445 487 487 475 475 468 445 446 446 427 427 392 392 392 392 380 380 363 363 364 339 339 325 325 281 281 311 281 281 281 244 244 244 244 244 219 182 182 182 170 170 170 170 170 170 94 94 94 94 94 94 94 109 109 109 94 95 75 75 57 57 57 18 18 31 31 18 18 1 
928 928 928 928 928 968 907 907 907 907 907 907 907 874 874 874 874 874 874 831 831 831 831 849 808 808 809 809 809 809 770 770 770 770 770 727 727 727 727 727 728 718 690 690 661 661 661 661 661 665 661 610 610 559 559 559 559 584 584 584 584 540 540 540 540 540 445 445 445 445 445 445 487 487 445 445 445 445 446 446 432 239 239 239 239 380 380 389 363 239 239 339 339 325 325 281 281 281 281 281 281 281 252 252 252 219 219 182 230 182 182 182 192 192 94 94 94 149 149 149 95 95 94 94 94 94 94 95 57 57 57 57 57 18 18 19 19 19 19 1 
1003 992 992 928 928 968 907 907 907 907 907 907 907 874 874 874 874 891 874 874 831 831 856 831 831 831 809 800 800 810 770 770 770 770 770 727 727 727 727 727 718 718 690 690 661 661 661 662 661 661 661 610 610 559 559 559 559 584 584 584 584 559 559 559 559 445 445 445 445 445 445 445 445 445 445 461 461 461 446 446 432 239 417 414 239 380 380 363 363 239 239 239 345 239 239 318 281 281 281 281 282 282 252 252 252 219 231 231 198 198 198 182 182 182 94 94 94 149 95 95 95 95 95 95 95 95 95 95 57 57 71 18 18 18 45 19 19 19 19 1 
992 992 993 928 928 907 907 907 907 907 907 923 923 874 874 874 874 874 880 870 870 831 831 831 809 809 809 800 800 810 770 770 770 770 770 727 727 727 727 727 718 718 703 703 661 661 661 662 661 661 655 655 559 559 559 559 559 584 584 584 559 559 515 515 515 445 445 445 515 515 508 461 461 461 461 461 462 462 446 432 432 239 417 414 239 380 380 363 363 239 365 239 239 239 239 318 281 281 281 281 239 239 252 252 252 219 231 231 198 198 198 198 198 182 94 94 94 149 95 136 136 136 95 95 102 102 102 84 84 57 57 18 45 45 45 1 1 1 19 1 
992 907 907 907 907 907 952 952 952 907 907 923 923 874 874 874 874 874 874 870 870 809 809 809 809 800 800 800 800 800 800 770 770 770 770 727 727 727 696 696 696 718 703 703 661 661 661 662 662 662 662 559 559 559 559 559 559 559 559 559 559 515 515 515 515 552 515 515 515 508 508 461 461 461 461 461 446 446 446 432 433 239 417 414 239 404 393 363 363 239 239 239 239 340 239 318 318 281 281 281 239 239 274 252 252 219 231 231 231 198 198 198 198 182 182 94 94 149 95 136 136 136 76 76 102 102 102 84 84 76 57 18 18 45 45 1 1 1 19 1 
992 907 907 969 969 969 952 952 907 907 907 907 923 923 874 874 874 874 874 748 748 809 809 809 800 800 800 800 800 800 800 792 770 770 771 727 727 727 696 696 696 696 696 696 696 670 670 662 662 662 662 559 559 559 559 559 559 559 586 586 586 515 571 515 515 515 515 535 508 508 508 461 461 488 432 432 446 446 432 432 433 239 414 414 239 239 393 239 239 239 239 239 239 340 239 239 239 239 304 239 239 239 176 176 176 219 176 176 232 176 176 176 176 193 149 149 149 149 95 136 136 136 76 76 76 76 76 76 76 76 57 57 18 18 18 18 1 1 1 1 
992 992 907 907 907 907 907 952 907 907 907 907 907 907 907 907 874 874 748 748 748 748 748 850 800 832 800 800 800 800 800 792 784 740 740 740 740 740 740 696 704 704 704 704 696 670 670 670 670 662 662 641 641 641 559 559 559 586 586 560 560 515 515 515 515 515 515 515 508 508 508 488 488 488 432 432 432 432 432 433 433 239 414 394 394 239 239 239 355 355 355 355 340 340 319 319 319 239 239 239 290 239 176 263 176 176 176 176 176 176 176 176 176 193 149 171 171 95 95 97 97 137 76 76 76 76 96 96 76 76 52 52 18 18 18 18 1 1 2 2 
985 985 985 985 953 953 907 907 907 929 929 929 929 907 907 908 899 892 748 748 865 865 748 800 800 832 784 784 784 784 784 784 784 740 740 740 740 740 741 696 704 719 666 666 696 696 671 671 671 662 662 641 641 559 559 559 559 560 560 560 560 560 560 560 515 515 515 515 529 432 432 488 488 488 432 432 469 433 433 433 434 239 239 394 394 394 239 239 355 355 355 340 340 340 319 319 239 239 239 239 239 239 176 176 176 176 199 199 220 220 176 193 193 193 149 149 95 95 97 97 97 137 76 76 76 76 20 20 20 20 52 52 52 52 18 18 18 1 2 2 
985 985 985 986 953 953 953 953 953 929 929 929 916 916 916 899 899 892 748 748 748 748 748 800 784 784 784 784 784 793 793 793 696 696 696 696 696 696 696 696 704 666 666 666 666 697 671 671 671 641 641 641 641 559 559 559 587 560 560 560 560 560 560 560 515 515 515 515 432 432 432 432 432 432 481 432 469 433 456 428 428 428 239 239 239 394 394 355 355 355 355 340 340 340 297 297 239 239 239 239 239 239 239 176 176 176 199 199 220 221 176 176 183 183 183 149 95 95 95 95 97 97 97 110 110 110 20 85 85 20 20 20 20 20 46 18 18 1 2 2 
985 985 985 986 953 953 953 953 916 916 916 916 916 916 916 899 899 892 748 748 748 748 748 800 784 784 784 707 707 793 793 772 772 772 772 696 696 745 704 704 704 666 666 666 666 666 671 671 671 641 641 641 641 559 559 592 587 604 604 560 560 560 572 560 560 515 515 432 432 516 509 432 432 432 481 432 469 433 433 428 428 239 239 239 239 394 394 355 355 355 297 297 297 297 297 297 297 297 297 239 239 283 239 176 176 176 199 199 220 194 194 176 183 183 183 149 149 95 95 95 138 138 97 110 110 110 20 20 20 20 64 64 20 20 1 1 1 1 2 2 
986 986 994 986 953 953 916 916 916 916 916 916 916 881 881 881 881 892 748 748 748 748 748 800 784 784 707 707 707 707 707 772 772 779 704 704 704 745 704 704 704 577 577 577 577 666 666 666 666 666 641 641 559 559 559 592 587 587 587 587 587 560 560 560 502 502 502 432 509 509 509 432 432 481 481 432 432 433 433 433 428 239 239 239 239 239 381 381 297 297 297 329 329 329 329 297 297 312 297 291 291 239 239 176 176 176 239 199 220 194 211 176 176 176 149 175 149 95 95 95 95 95 97 110 110 103 103 20 20 20 64 64 20 53 1 1 1 2 2 2 
986 986 986 986 953 970 916 916 916 916 916 916 881 881 881 881 881 748 748 875 800 800 800 800 839 784 707 707 707 707 707 772 772 704 704 704 704 745 704 704 704 577 577 577 577 666 666 677 666 666 648 648 559 559 559 592 592 611 592 592 588 577 560 560 502 502 502 432 432 432 432 501 432 481 432 432 432 433 433 433 428 428 418 382 382 239 381 381 297 297 366 329 329 330 330 297 297 297 297 291 292 239 239 239 239 239 239 199 199 194 194 176 176 176 149 149 149 164 95 150 95 95 97 110 110 103 103 20 20 20 64 64 20 53 1 1 32 2 2 2 
980 980 980 987 953 953 962 957 916 916 881 881 881 881 881 881 881 748 748 875 800 800 800 748 748 784 822 707 707 707 707 772 772 704 763 763 704 704 704 737 577 577 577 577 577 577 672 672 648 648 648 648 648 559 559 627 592 592 592 588 588 577 502 502 502 502 502 432 432 517 432 501 432 432 432 432 432 447 433 433 435 418 418 382 382 239 381 381 381 297 366 284 284 330 330 297 297 297 297 297 292 239 239 264 165 165 165 234 199 199 194 176 176 176 176 149 149 164 95 150 95 97 97 124 111 111 65 65 65 20 20 20 20 20 47 1 1 1 2 2 
980 980 980 980 980 953 953 957 916 916 881 881 881 881 881 881 881 893 748 748 748 748 748 748 748 784 784 784 748 748 707 707 707 704 704 704 704 746 577 577 577 705 577 577 577 577 672 672 648 648 648 648 648 577 577 577 577 577 577 588 577 577 502 502 502 502 502 502 502 517 432 489 489 489 463 463 463 447 447 447 418 418 418 415 382 239 239 239 239 297 297 284 284 341 284 284 284 284 284 284 292 284 264 264 165 165 165 234 233 199 194 194 194 194 176 176 95 95 95 150 95 97 124 124 111 111 65 65 65 20 20 20 20 20 47 1 1 1 2 2 
980 980 980 980 981 953 953 940 940 940 940 881 881 924 881 881 900 893 881 823 823 748 748 851 748 784 784 784 748 748 794 794 707 746 746 746 746 746 577 577 720 705 705 705 577 577 672 672 672 577 577 577 648 577 612 612 612 612 577 577 577 542 542 565 502 502 502 502 502 502 432 489 489 489 463 463 463 463 447 447 418 418 418 415 382 382 382 382 239 239 297 284 284 284 284 320 320 284 284 284 284 284 264 264 165 165 165 165 233 199 199 207 194 194 165 165 95 95 95 95 95 97 124 124 111 111 65 65 65 65 65 65 20 20 47 1 1 1 1 3 
1004 953 953 953 953 953 963 940 930 930 930 881 881 881 881 881 900 893 881 823 823 851 851 851 748 748 748 748 748 748 764 764 707 707 707 707 707 577 577 577 720 720 577 577 577 577 577 673 673 577 577 577 577 577 612 612 612 593 593 593 542 542 542 503 503 503 503 503 503 502 432 432 432 463 463 463 463 463 415 415 415 415 415 415 409 382 382 382 382 239 297 284 326 326 331 320 320 284 284 284 284 285 165 165 165 165 165 165 233 222 199 207 199 165 165 165 144 144 144 144 144 97 97 97 97 112 65 65 77 77 20 20 20 20 20 1 1 1 1 3 
1004 953 982 953 953 940 940 940 930 948 930 881 881 917 917 881 881 893 881 823 823 823 823 823 748 748 748 748 748 748 764 764 707 707 764 764 707 577 711 711 711 711 577 577 698 698 577 577 577 577 577 593 593 628 628 628 593 593 605 542 542 542 542 503 503 503 503 503 503 502 502 502 432 463 463 463 463 463 415 415 415 415 415 409 409 382 382 382 382 239 239 284 284 326 326 326 298 298 284 284 165 165 165 253 253 165 165 165 165 222 199 199 199 165 165 165 144 144 144 125 125 125 97 97 97 97 65 65 77 78 20 20 20 20 20 40 1 1 1 3 
932 932 982 953 953 940 940 940 940 940 930 930 930 901 901 909 881 881 881 823 823 823 823 823 748 748 748 748 764 764 764 764 764 764 764 707 707 577 711 577 577 711 711 577 698 698 674 674 674 577 577 593 593 628 628 629 593 605 605 542 542 542 542 542 542 542 542 503 510 510 510 503 432 463 463 476 463 463 415 415 415 415 415 409 409 382 395 382 382 346 346 356 284 342 298 298 298 298 305 298 165 165 165 165 165 165 200 200 165 165 165 165 165 165 165 165 165 165 157 125 125 125 125 125 97 97 77 77 77 3 3 66 20 20 20 20 1 1 1 3 
932 932 982 971 971 940 940 958 940 940 930 930 901 901 901 901 901 876 876 876 823 823 857 823 823 823 823 748 748 773 773 785 785 764 764 707 707 577 577 577 577 711 711 577 674 674 674 674 674 593 593 593 593 593 635 593 593 594 594 542 542 542 542 543 543 542 542 503 503 503 503 503 432 432 416 416 416 416 457 416 416 416 416 416 382 382 395 382 382 346 346 346 284 342 298 284 284 298 298 298 245 245 245 245 245 245 200 200 200 200 200 208 165 165 165 165 157 157 157 125 125 125 125 97 97 77 77 77 77 3 3 3 20 20 20 20 20 20 20 3 
932 932 982 971 971 971 901 901 901 941 941 901 901 925 901 901 876 876 876 858 858 823 823 823 802 802 802 748 748 773 773 773 773 773 773 707 707 747 577 577 577 577 577 577 678 678 692 593 593 593 593 594 594 593 593 593 594 594 594 542 542 542 543 543 543 543 543 536 518 518 503 503 493 432 416 416 416 416 416 416 436 357 357 357 382 382 382 382 382 346 367 346 284 284 298 284 284 284 245 245 245 245 245 245 245 200 200 200 200 200 200 200 200 132 132 132 157 157 132 132 132 132 132 97 97 77 77 77 77 3 3 3 20 20 20 20 20 20 20 3 
932 932 982 982 982 901 901 918 901 901 901 901 918 918 901 901 876 876 876 858 858 858 858 802 802 833 802 748 773 773 801 786 786 707 707 707 707 747 577 577 706 706 577 577 678 678 593 593 593 593 593 594 594 642 593 593 594 606 594 594 536 536 543 543 543 536 536 536 518 518 493 493 493 432 432 432 416 416 416 416 416 357 419 357 382 382 396 382 382 346 367 346 346 284 284 284 284 284 245 245 245 245 245 265 254 200 200 200 201 201 201 201 201 132 184 132 132 132 132 151 113 113 113 113 97 97 77 77 77 3 3 3 3 3 3 3 3 20 20 3 
932 932 982 982 901 901 964 918 918 901 901 918 918 918 918 802 802 882 882 858 858 802 802 802 840 802 802 748 748 748 748 786 786 707 707 707 707 707 707 707 706 706 712 678 678 678 593 593 593 593 593 593 594 594 594 594 594 606 606 536 536 536 573 536 536 536 544 537 530 493 493 494 494 432 432 432 464 464 416 416 416 357 419 357 382 382 357 357 357 357 357 357 284 284 284 284 284 313 245 245 245 245 245 254 254 172 172 172 201 201 201 201 132 132 132 132 113 113 113 113 113 72 72 113 119 97 97 97 26 26 26 26 3 3 21 21 3 3 3 3 
932 932 932 932 901 901 959 959 918 918 918 918 918 802 802 802 802 802 802 802 802 802 802 802 840 802 802 802 802 748 748 786 786 707 707 707 707 707 707 707 706 706 712 678 678 678 593 593 593 593 593 593 593 594 594 536 536 536 536 536 537 536 536 536 561 537 537 537 530 493 493 493 493 432 432 432 464 465 416 416 416 357 357 357 357 357 357 371 371 371 357 357 284 332 332 327 240 240 299 299 254 254 254 254 255 172 172 172 172 172 172 209 132 132 132 113 113 113 113 113 72 72 72 113 113 113 72 72 26 26 26 26 26 54 21 21 33 3 3 4 
932 932 932 932 972 901 959 959 918 918 918 918 918 802 919 802 802 802 802 866 866 866 818 818 840 834 802 802 802 748 748 748 748 748 748 765 707 707 707 729 729 706 706 706 678 678 693 678 536 536 593 593 593 536 536 536 621 613 595 595 537 578 561 561 561 537 545 530 530 493 493 493 493 464 464 464 464 465 416 429 429 429 357 371 371 371 371 371 372 372 368 284 284 332 327 327 240 240 299 254 254 240 240 240 255 172 172 210 210 210 172 172 132 132 185 113 113 166 113 113 72 72 72 72 72 72 72 72 79 79 26 26 26 26 26 21 21 21 21 4 
932 932 932 932 972 901 901 884 942 942 942 918 918 802 802 802 802 802 802 866 866 818 818 818 818 834 802 802 802 802 748 748 774 774 748 748 748 748 707 707 707 707 707 707 678 678 678 678 536 536 536 536 536 536 536 536 536 613 595 595 537 537 561 537 537 537 545 530 530 493 493 493 495 464 464 464 465 465 416 429 429 429 357 371 371 371 371 371 372 372 368 284 284 332 327 240 240 240 299 254 240 240 256 240 240 240 240 202 202 210 210 172 172 172 172 172 113 113 113 126 126 72 72 72 72 72 72 72 26 26 26 26 26 26 26 34 34 4 4 4 
932 932 932 932 972 972 901 884 884 884 884 884 884 802 802 802 902 894 825 825 866 818 818 818 818 818 818 818 802 802 748 748 774 774 774 756 756 721 721 721 721 679 679 679 679 679 679 679 536 536 536 656 536 536 536 536 536 613 464 464 589 537 537 537 537 537 530 530 530 464 464 464 464 464 464 464 465 465 416 357 357 357 357 358 358 358 358 358 358 358 368 358 284 332 327 240 240 240 299 254 240 286 256 256 256 240 240 202 202 223 210 210 172 172 186 172 172 113 113 126 126 126 126 104 104 72 72 72 26 26 26 26 26 26 26 26 26 4 4 4 
932 932 932 932 972 972 901 901 901 901 884 884 884 802 802 802 894 894 825 825 825 852 852 818 818 818 824 802 802 775 775 775 775 775 775 756 757 721 721 721 721 679 679 679 680 679 679 536 536 649 649 649 649 464 464 464 464 464 464 464 589 537 537 553 553 530 530 530 530 464 464 464 496 464 464 464 465 465 416 357 357 357 358 358 358 358 383 383 383 358 358 358 284 327 327 240 240 254 254 254 240 240 266 266 257 202 202 202 202 202 210 210 202 177 177 127 127 127 127 127 127 127 126 104 104 72 72 72 41 41 41 41 26 26 26 26 26 4 4 4 
932 932 932 932 932 973 960 960 901 901 884 884 884 884 910 910 894 825 825 877 825 852 852 852 795 795 824 802 775 775 775 775 757 757 757 757 757 721 679 679 679 679 713 680 680 680 680 536 536 649 590 590 643 643 590 590 614 614 464 464 589 464 464 553 553 553 464 464 531 464 482 482 482 464 464 464 416 416 416 448 357 357 358 358 358 358 397 390 373 373 359 359 284 327 327 327 240 240 240 240 240 240 266 266 257 202 202 212 212 202 202 202 202 177 177 127 173 98 98 127 127 127 126 126 104 72 72 72 41 80 41 41 58 26 26 26 26 26 4 4 
932 932 932 988 932 973 960 960 901 901 901 931 931 884 884 894 894 825 883 795 795 795 859 795 795 795 795 802 775 775 775 775 757 757 757 757 758 721 679 679 679 680 680 680 680 680 680 680 649 649 590 590 643 643 590 590 614 614 464 464 464 464 464 464 464 464 464 464 464 464 482 482 482 482 482 477 416 420 420 420 420 420 420 270 405 405 390 390 373 373 359 359 284 343 314 314 314 314 240 240 246 246 246 246 257 202 202 212 212 224 212 202 202 177 177 177 98 98 98 127 127 127 127 127 104 114 104 72 41 41 41 41 41 41 41 26 26 26 5 5 
932 932 932 988 932 932 932 932 949 949 901 901 901 901 884 894 894 825 825 825 795 795 859 795 835 835 795 802 802 802 802 780 780 780 757 757 758 721 679 679 679 680 680 680 680 681 681 681 649 649 590 590 590 590 590 590 590 590 590 590 590 574 574 554 554 554 519 519 519 519 482 482 497 490 477 477 416 416 416 416 416 420 420 270 405 405 390 390 373 373 314 314 314 314 314 328 300 300 246 246 246 246 246 246 202 202 202 202 212 212 212 153 153 153 177 177 98 98 98 98 98 98 98 98 104 104 104 72 72 41 41 55 55 55 41 41 35 27 5 6 
932 932 932 988 932 932 932 932 949 949 901 901 932 884 884 894 894 884 884 825 795 795 795 795 835 835 795 795 802 802 803 780 780 780 757 758 758 721 721 721 679 679 679 679 681 681 649 649 649 649 590 590 590 590 590 590 596 590 590 579 579 574 574 554 554 519 519 471 471 471 511 490 490 490 477 437 437 437 437 437 437 270 270 270 405 405 390 390 373 373 314 314 314 314 300 300 300 300 246 246 246 246 246 246 202 202 202 202 225 225 153 153 153 153 178 178 98 98 98 98 105 105 98 98 98 98 98 98 72 81 72 55 55 35 35 35 35 27 5 6 
932 932 932 932 932 932 932 932 932 932 932 932 932 884 884 894 894 884 825 825 825 825 860 841 841 795 795 795 813 787 787 787 787 757 757 649 649 649 649 721 730 679 679 679 649 649 649 682 663 663 663 590 590 590 590 590 596 596 596 596 579 579 574 519 519 519 546 471 471 471 471 490 490 477 477 437 437 437 437 437 270 270 398 398 398 398 398 373 373 373 314 314 321 300 300 300 300 300 300 300 246 246 246 246 246 246 202 202 153 153 153 153 153 178 178 152 152 152 152 152 105 105 98 98 98 98 98 99 72 72 72 55 55 35 35 5 5 27 5 5 
932 932 974 932 932 932 932 932 943 943 943 884 884 884 884 884 884 884 825 825 825 825 860 841 795 795 795 795 813 787 787 787 757 757 649 649 649 649 649 721 721 721 649 649 649 649 649 682 663 663 663 590 590 644 590 590 519 519 519 519 519 519 574 519 519 466 466 466 466 466 471 490 490 477 483 470 470 437 437 437 270 270 270 270 270 270 270 373 373 373 314 314 321 300 300 300 300 306 300 300 246 246 267 267 202 202 202 202 153 153 153 153 153 178 178 152 152 152 152 152 105 105 105 115 115 98 98 7 7 56 56 55 55 5 5 5 5 5 5 5 
974 974 974 932 932 932 950 950 861 861 861 884 884 884 884 884 903 885 885 867 867 825 825 841 795 795 813 813 813 787 787 787 757 757 649 766 649 649 649 722 722 722 649 649 649 649 649 682 590 590 663 590 590 519 519 519 519 607 607 597 519 519 519 519 519 466 466 538 466 466 471 471 471 477 477 470 471 439 439 270 270 270 270 270 270 270 270 373 373 374 321 321 321 344 300 300 300 306 306 267 267 287 267 268 202 202 202 202 153 153 153 153 153 153 153 152 152 158 158 120 120 120 105 105 115 105 105 7 7 56 56 56 59 5 5 5 5 5 5 5 
974 974 974 974 974 950 950 950 861 944 861 861 911 911 911 911 903 885 885 867 867 867 825 825 842 795 795 795 787 787 787 787 757 757 649 766 649 649 649 722 649 649 649 682 682 682 682 682 590 590 663 590 650 519 519 519 597 597 597 597 519 519 519 519 519 547 466 538 466 466 466 504 471 477 477 470 471 439 439 270 438 270 270 270 270 270 399 270 270 270 321 321 321 321 333 300 300 267 267 267 267 267 267 268 202 202 202 235 153 153 153 153 195 195 153 158 158 158 120 120 120 120 133 105 115 105 105 7 7 7 67 56 56 5 5 5 5 5 5 5 
999 999 974 974 974 950 950 950 950 944 944 861 911 911 911 911 903 861 861 878 871 826 826 825 825 825 825 795 795 795 795 795 757 781 649 649 759 649 649 649 649 682 682 682 590 590 590 683 590 590 590 590 650 519 519 519 519 519 519 519 519 519 519 566 519 547 466 466 466 466 466 466 471 471 471 471 471 439 439 270 270 270 421 270 270 270 270 270 384 270 270 270 270 321 300 300 300 267 267 267 267 267 258 258 258 202 202 235 153 153 153 153 153 153 153 158 158 120 120 120 120 120 120 105 115 115 105 7 7 7 67 56 56 5 5 5 5 5 7 7 
999 999 989 989 974 974 950 950 950 950 861 861 933 861 861 861 903 861 861 878 871 826 826 826 826 826 826 795 795 796 796 796 757 757 757 649 649 649 742 649 649 682 682 682 590 590 590 590 590 667 645 645 645 645 519 519 519 519 519 519 519 575 575 566 519 547 547 512 512 466 466 466 466 466 466 466 466 439 439 449 439 270 270 270 270 406 270 270 384 270 270 270 270 321 300 300 300 248 248 248 248 248 258 258 258 202 202 235 153 213 213 153 153 187 187 158 158 120 120 120 128 128 120 105 105 105 105 7 7 67 67 56 56 56 7 7 7 7 7 7 
999 999 989 886 886 886 950 950 886 886 861 861 933 861 861 861 861 861 861 861 871 843 843 826 826 827 827 796 796 796 796 776 776 757 757 675 675 675 675 731 731 682 590 590 590 590 590 590 667 667 645 645 645 519 519 519 519 519 519 598 519 575 566 566 519 555 512 512 512 466 466 376 376 376 376 376 466 466 439 439 439 375 375 375 375 375 375 375 375 375 270 270 347 321 300 300 321 248 248 248 293 248 258 258 258 247 202 153 153 153 153 153 187 187 153 153 153 153 153 153 128 128 120 120 120 7 7 7 86 67 67 67 7 7 7 42 7 7 7 7 
989 989 989 886 886 886 886 886 886 886 861 861 861 861 861 861 861 861 861 861 871 843 843 843 843 796 796 796 796 796 796 776 776 776 776 675 675 682 675 731 731 682 590 590 590 684 684 684 667 667 645 645 651 519 630 630 576 576 519 519 519 566 566 566 519 555 512 512 512 520 512 376 498 472 472 376 376 376 376 439 439 375 375 375 375 400 375 375 376 376 270 301 301 321 321 321 321 248 248 248 248 248 248 247 247 247 202 153 153 153 153 153 153 153 153 154 154 153 153 153 128 128 120 120 7 7 106 7 7 82 67 67 7 8 8 42 7 7 7 8 
989 989 995 886 886 886 886 886 886 886 861 861 861 861 861 861 861 861 861 861 871 843 843 844 844 796 796 796 743 743 743 788 788 767 767 767 675 682 682 682 682 682 590 590 590 590 685 685 667 667 519 519 519 519 519 519 576 576 591 591 591 566 566 566 519 519 512 512 512 512 512 376 376 472 472 472 376 376 376 450 430 430 375 375 375 400 400 376 376 377 270 270 301 334 334 315 315 248 248 248 248 288 248 247 259 202 202 153 153 153 153 167 167 153 153 154 154 153 153 153 128 128 121 121 7 7 7 7 7 7 7 7 7 8 8 8 8 8 8 8 
989 989 886 886 951 951 951 886 886 886 926 926 934 926 886 886 886 886 886 861 861 861 861 844 845 796 828 743 743 797 743 788 788 767 767 675 675 749 675 675 675 675 714 590 590 590 685 685 667 667 519 519 519 519 519 519 519 576 576 576 576 576 576 519 519 519 512 512 376 376 376 376 376 472 472 472 376 430 430 430 430 431 375 375 375 376 376 376 377 377 369 270 301 301 315 315 315 248 248 248 289 248 248 247 259 202 202 153 153 153 214 167 167 154 154 154 154 154 159 154 145 128 121 121 121 7 7 87 87 73 73 7 7 8 8 28 28 9 9 9 
989 886 886 886 951 951 951 886 886 886 926 926 926 926 886 895 895 895 844 844 844 844 844 844 796 796 743 743 797 797 743 743 743 743 743 675 675 675 675 723 675 675 675 675 590 590 694 664 664 664 664 615 615 519 519 599 519 519 519 519 519 519 519 519 548 548 548 512 376 521 376 376 376 484 472 472 376 376 376 376 376 376 422 376 376 376 376 376 348 348 369 270 270 301 315 315 315 315 248 248 289 248 248 247 247 247 202 202 202 202 214 167 167 154 154 154 154 154 154 154 145 128 121 121 73 73 73 73 88 73 8 8 8 8 8 28 9 9 9 9 
989 886 886 886 951 951 951 954 954 886 886 886 927 927 886 895 895 895 844 844 844 853 853 853 796 796 743 743 797 804 804 797 751 751 743 675 675 750 743 723 675 675 675 675 590 590 590 664 664 664 664 615 615 615 615 599 599 599 599 478 478 478 519 519 548 376 376 512 376 376 376 376 376 484 484 472 472 376 376 376 376 376 376 376 376 376 376 376 348 348 348 270 270 301 301 301 301 301 301 301 289 289 248 248 247 247 202 202 202 202 202 167 167 167 167 167 167 167 145 145 145 128 121 121 73 73 73 73 73 73 8 60 60 8 8 28 9 9 9 9 
989 989 989 951 951 965 965 954 954 886 886 886 886 886 886 895 895 895 844 844 844 853 853 836 836 743 743 743 797 804 797 797 751 751 743 743 743 743 743 723 723 723 715 675 675 675 675 664 664 664 631 631 615 615 615 615 615 615 599 478 478 478 519 519 548 376 376 376 376 376 478 478 478 478 478 478 322 440 440 440 440 410 410 410 410 348 348 348 348 378 348 270 270 270 270 270 294 294 294 302 294 269 269 248 260 167 167 167 202 202 202 167 139 139 139 139 167 167 145 145 145 128 128 128 73 73 73 89 89 8 8 60 60 36 36 28 28 28 10 10 
989 989 989 951 965 965 966 869 869 869 869 869 920 920 920 912 895 895 844 844 844 837 837 836 836 743 819 819 797 797 797 751 751 751 751 751 751 751 686 686 686 686 715 708 675 675 675 664 664 664 631 631 631 631 636 622 622 616 599 599 478 478 478 478 548 376 376 376 376 376 478 505 441 441 441 479 322 440 440 451 410 410 410 410 410 348 378 378 378 378 348 348 348 270 270 270 294 294 294 294 294 269 269 248 248 167 167 167 167 226 167 167 139 139 188 139 139 168 145 145 122 122 134 73 73 89 89 89 90 8 36 36 36 36 36 36 36 10 10 10 
1000 1000 951 951 965 965 966 869 869 869 869 869 868 912 912 912 887 887 887 837 837 837 837 836 836 743 819 819 798 798 798 751 782 782 760 760 760 752 686 686 686 686 708 708 675 675 675 675 664 664 631 631 652 631 616 616 616 616 599 599 478 478 478 478 478 556 376 376 532 522 478 478 441 491 441 441 322 451 451 451 410 410 410 348 348 348 378 378 378 378 348 348 348 270 270 270 294 294 270 270 270 270 269 269 248 167 167 167 167 226 167 167 167 139 139 179 139 168 145 145 122 122 122 73 73 73 89 89 90 8 36 36 36 36 36 36 36 10 10 10 
1000 1000 951 869 869 966 966 869 869 869 868 868 868 912 912 887 887 862 862 837 837 837 837 836 743 743 819 819 798 798 798 751 782 760 760 768 752 752 686 686 686 686 708 708 686 686 686 675 675 652 652 652 652 631 631 631 623 600 600 600 478 567 567 567 478 478 478 522 522 522 478 478 441 441 441 441 322 322 322 322 322 322 423 348 348 348 348 385 385 348 348 349 349 270 270 270 294 294 270 271 271 270 270 270 248 167 167 167 167 167 167 167 167 139 139 139 139 139 139 139 146 139 122 73 73 73 90 90 90 8 36 36 36 36 29 29 29 29 10 10 
1005 951 951 869 869 966 869 869 869 869 868 936 935 887 887 887 904 862 879 879 837 837 837 836 836 836 819 819 798 798 798 751 751 760 760 760 752 752 686 732 686 686 708 708 686 686 686 686 652 652 623 623 623 623 623 623 623 600 600 600 478 567 567 567 562 557 478 478 478 478 478 506 441 441 441 441 441 467 322 322 411 322 322 322 322 322 348 348 348 348 322 322 350 270 270 270 270 270 270 271 271 271 271 271 248 248 167 167 167 167 167 167 167 139 139 139 139 139 160 139 139 139 122 122 122 116 90 91 91 8 61 61 61 29 29 43 29 29 11 11 
1005 951 975 869 869 869 869 961 955 868 868 936 935 887 887 887 887 862 879 879 872 837 837 686 686 686 686 686 686 686 798 798 777 777 777 760 760 686 686 732 686 724 708 708 686 686 687 687 652 652 623 646 646 646 617 617 617 617 601 601 478 580 523 523 562 557 478 478 478 478 506 506 441 441 441 441 441 441 441 441 411 411 411 411 411 322 322 322 322 322 322 322 322 322 322 322 270 270 261 261 272 272 272 272 248 248 167 167 167 167 167 203 203 139 139 139 139 147 147 147 147 90 90 90 90 116 90 91 91 8 61 61 61 29 11 11 11 11 11 12 
1005 951 975 869 869 869 967 955 955 868 935 935 935 887 887 887 887 862 862 862 872 837 837 837 846 837 814 814 814 686 805 777 777 777 760 760 760 686 744 732 686 686 708 708 686 699 687 687 652 652 623 623 646 646 617 617 617 601 601 602 478 478 523 523 523 557 478 478 478 478 506 506 441 441 480 480 401 401 401 441 441 411 411 401 401 322 322 322 322 322 322 351 351 322 322 322 322 261 261 261 272 272 272 272 261 167 167 167 204 167 167 203 203 139 139 139 139 147 147 147 147 90 90 90 90 90 90 100 8 8 61 61 61 29 11 37 37 11 11 12 
1005 951 975 983 983 869 869 955 955 868 945 935 935 868 868 868 888 888 888 862 862 862 862 837 837 837 814 814 814 686 805 777 777 777 760 760 686 686 744 732 732 686 686 686 686 699 687 687 632 632 632 623 653 623 623 632 617 601 601 478 478 478 523 523 523 557 549 478 478 478 441 441 441 492 426 426 401 401 401 452 401 401 401 401 401 322 386 386 386 322 322 324 324 323 323 323 323 261 307 261 261 261 275 261 261 167 167 167 204 215 215 203 203 139 139 139 139 147 147 140 140 90 90 117 117 117 100 100 8 83 61 61 29 29 11 11 38 11 11 12 
1005 951 975 975 975 975 869 869 869 868 945 868 868 868 921 868 888 888 888 862 862 863 863 837 837 799 799 799 815 686 686 753 753 753 778 686 686 686 686 686 686 725 688 688 688 699 688 688 632 637 632 623 623 623 623 632 617 617 478 478 478 478 523 523 549 549 549 478 478 478 441 441 441 441 426 426 401 401 401 452 401 401 401 407 401 322 322 322 322 322 324 324 324 323 323 324 324 261 307 295 295 261 261 261 249 249 167 167 204 204 204 204 204 139 139 139 139 147 147 140 140 140 90 117 118 118 100 8 8 29 29 68 29 48 48 11 11 11 11 12 
951 951 996 990 975 975 869 869 869 868 868 868 868 868 921 868 868 868 868 868 873 863 863 799 799 799 799 799 799 799 686 753 753 753 753 686 686 686 686 686 686 725 688 688 688 688 688 689 637 637 632 657 623 623 632 632 478 478 478 581 581 581 523 523 523 523 523 523 523 523 507 507 441 441 426 426 426 426 401 401 401 424 424 407 401 401 401 322 322 322 324 324 324 323 323 324 261 261 307 295 295 261 261 273 249 249 167 167 204 204 205 205 205 139 139 139 139 161 161 140 140 140 90 117 117 100 100 8 29 29 29 29 29 48 48 11 11 11 11 12 
951 1001 990 990 975 975 869 869 946 946 868 868 913 913 913 913 868 868 868 868 838 838 838 799 799 799 799 816 799 799 686 686 753 783 753 753 753 753 686 686 733 688 688 688 688 688 689 689 637 637 632 632 632 632 632 633 478 478 608 525 525 525 523 523 523 524 524 524 524 524 507 507 441 441 441 426 426 426 453 453 424 424 425 407 407 401 401 322 322 322 324 324 352 324 324 324 261 261 236 236 236 236 236 236 249 249 236 236 204 204 205 205 205 139 139 139 139 161 155 155 140 140 90 90 117 100 101 8 29 29 29 29 29 48 48 39 39 11 22 12 
951 1001 990 990 975 975 869 869 946 946 946 937 913 913 913 914 868 896 868 868 838 838 838 799 799 829 829 816 799 799 799 686 753 753 753 753 753 753 686 686 688 688 688 688 688 688 689 676 676 637 637 637 647 647 637 478 478 478 608 525 525 525 533 523 523 524 524 533 533 525 441 441 441 441 441 426 473 426 426 454 424 424 324 324 407 407 324 324 324 324 324 324 352 324 335 236 236 236 236 303 236 236 236 236 249 236 236 216 216 216 205 205 196 196 139 180 90 90 155 90 90 141 90 90 117 100 101 8 8 8 8 11 11 11 49 39 39 11 11 12 
951 951 951 951 976 976 869 937 937 937 937 937 913 913 913 914 868 868 868 868 838 838 838 811 811 811 811 816 816 811 799 686 686 753 753 753 753 754 686 738 688 688 688 688 688 688 689 676 639 639 639 637 637 637 637 478 478 478 525 525 525 525 533 550 550 550 550 533 534 525 441 441 441 485 485 426 473 426 426 324 324 424 324 324 412 324 324 360 360 360 360 324 324 324 335 236 316 316 303 303 236 236 236 236 236 236 241 216 216 216 216 196 196 196 139 180 90 90 90 90 90 141 90 90 100 100 101 101 8 8 8 11 11 11 11 11 11 11 11 11 
951 951 951 951 976 976 869 869 869 869 869 869 914 914 914 914 889 889 889 868 868 868 838 811 811 811 811 811 811 811 799 686 686 754 754 754 754 754 686 686 686 726 689 689 689 689 689 676 639 639 639 639 639 624 638 624 624 525 525 568 568 568 533 533 533 550 550 533 525 525 441 441 441 485 485 426 426 426 426 324 324 324 324 324 324 324 402 360 387 360 360 236 236 236 236 236 316 303 303 303 236 236 276 189 189 189 189 237 189 189 189 196 196 196 139 142 142 142 142 142 90 90 90 90 100 100 101 101 8 8 8 69 11 11 11 44 11 11 23 11 
951 1002 951 951 951 951 869 869 947 947 947 869 869 869 869 869 889 889 889 868 868 869 838 854 811 811 811 811 811 811 799 686 789 754 754 754 755 755 686 686 686 689 689 676 676 676 676 676 639 639 639 639 639 624 624 624 625 525 525 568 568 568 568 568 533 533 533 533 525 526 441 441 441 441 426 426 426 426 426 324 324 324 324 324 324 402 402 360 387 360 360 236 236 236 236 236 236 303 303 303 277 277 276 189 262 189 189 237 189 227 189 189 197 197 139 169 169 162 162 142 142 142 100 100 123 100 92 92 8 13 13 13 11 11 44 44 11 11 11 11 
951 951 951 991 951 951 947 947 947 897 897 897 897 922 922 869 869 869 869 869 869 869 838 838 838 806 806 806 806 799 799 686 686 754 686 686 686 686 686 739 689 689 702 676 676 676 676 618 618 639 639 658 639 639 624 624 625 618 525 525 568 563 563 563 563 533 533 525 525 526 441 441 441 441 426 426 426 426 426 426 426 426 324 324 324 388 388 360 360 360 360 360 236 236 236 236 236 317 189 189 277 276 276 189 262 189 242 189 189 217 217 189 189 189 139 139 169 162 162 142 142 143 100 100 100 100 92 92 8 8 8 13 13 13 44 24 24 24 24 13 
977 977 951 991 951 951 947 951 951 897 905 905 897 897 897 897 897 897 820 820 820 820 820 820 838 838 806 806 806 799 799 799 686 686 686 734 734 686 686 739 689 689 702 702 702 618 618 618 618 618 618 618 618 639 639 618 618 618 525 525 568 568 525 525 564 525 525 525 526 526 441 441 441 441 426 426 458 458 458 426 426 426 324 360 360 388 388 388 388 360 361 361 236 236 236 189 189 189 189 189 277 277 277 189 262 189 189 189 217 217 218 189 189 189 189 139 169 169 156 156 100 100 100 129 100 100 92 92 92 8 8 62 62 13 13 24 13 13 13 13 
977 977 951 951 951 951 951 951 951 951 905 905 905 897 897 897 897 897 820 820 820 820 864 820 838 838 806 806 806 806 799 799 790 761 761 734 734 734 734 734 734 689 709 709 618 618 618 618 618 618 659 618 618 618 618 618 619 619 525 525 525 525 525 525 525 525 539 539 526 526 513 441 441 441 426 426 458 458 442 442 442 426 324 324 360 360 360 360 360 360 189 189 189 189 336 189 189 308 308 189 189 189 189 189 262 238 238 238 217 228 190 190 190 190 190 139 169 169 156 156 100 100 100 100 107 107 107 8 8 8 70 50 50 50 13 13 13 13 13 14 
977 977 977 977 977 977 905 905 905 905 905 938 905 897 897 897 897 897 820 820 820 820 864 820 820 820 820 820 806 806 806 790 790 761 761 734 734 734 734 734 735 689 689 710 618 695 618 618 618 618 659 618 618 618 619 619 619 620 609 500 500 500 500 569 500 500 500 513 513 513 513 441 441 441 442 442 442 442 442 455 426 426 426 324 413 360 360 189 189 189 189 353 353 189 189 189 189 278 278 278 278 278 278 238 238 238 238 238 217 217 190 190 174 174 174 139 139 139 156 156 100 100 100 100 107 107 107 8 70 70 70 50 50 50 50 14 14 30 14 14 
977 977 977 977 978 978 905 905 905 905 905 905 905 905 905 905 905 898 820 820 820 817 817 855 847 817 817 821 806 806 806 790 761 761 761 761 761 689 689 689 689 689 689 710 618 695 695 618 668 668 659 659 603 603 603 603 603 603 609 500 582 582 500 500 500 558 500 513 500 500 514 444 444 441 441 442 442 442 442 455 426 426 426 324 324 360 360 189 189 189 189 353 189 189 189 189 278 278 278 278 278 279 279 238 190 190 190 190 190 190 190 190 174 174 174 181 174 139 139 139 100 135 135 107 107 108 108 8 70 70 70 70 50 51 14 14 14 14 14 14 
977 977 978 978 978 905 905 905 939 939 939 905 905 905 905 905 905 898 820 820 820 817 817 847 847 817 817 817 817 790 790 790 761 761 762 762 762 689 689 689 689 689 716 710 618 618 618 618 640 640 659 659 603 603 626 626 626 603 603 500 582 582 500 500 500 500 500 513 500 500 500 444 444 444 441 442 442 442 442 324 324 324 324 324 324 324 324 391 379 379 189 189 189 278 278 278 278 278 278 278 278 279 279 238 250 250 243 190 190 174 174 174 174 174 174 174 174 139 139 139 100 135 135 107 107 8 8 8 74 74 70 70 50 51 14 14 14 14 14 14 
1006 978 978 978 978 905 905 905 939 939 939 939 817 817 817 817 817 898 817 817 817 817 817 847 817 817 830 817 817 790 790 790 761 761 689 689 689 689 689 689 689 689 716 710 618 618 640 640 640 640 640 660 654 603 603 634 603 603 603 500 582 582 500 570 500 500 500 500 500 527 500 444 499 444 441 441 441 441 459 324 324 324 324 324 324 324 324 379 379 337 337 337 337 278 278 278 278 278 296 296 280 280 280 238 130 130 243 174 174 174 130 130 174 174 174 174 100 100 163 100 100 130 130 130 107 8 74 74 74 74 74 50 50 51 51 14 14 15 15 15 
1006 978 997 978 978 979 905 905 956 939 939 939 817 817 817 817 817 898 817 817 817 817 817 817 817 812 812 812 812 790 790 790 761 769 689 689 689 689 689 689 689 689 710 710 700 700 640 640 640 640 640 640 654 603 603 634 603 603 603 500 500 500 500 500 500 500 500 528 528 500 500 444 499 444 444 444 444 444 443 443 324 324 408 408 408 408 324 379 379 337 337 337 337 337 337 309 309 296 296 296 280 280 280 238 130 174 174 174 174 174 130 130 130 130 100 100 100 100 163 100 148 130 130 107 107 8 74 74 74 74 50 50 63 51 51 16 16 15 15 16 
978 978 978 978 984 979 905 905 905 905 915 915 817 817 817 817 817 817 817 817 817 817 817 817 848 812 812 812 812 812 807 761 761 769 769 769 689 689 689 689 689 689 710 710 700 700 640 640 640 640 640 640 640 603 603 603 603 603 603 500 500 500 500 500 500 500 500 528 528 500 500 444 444 444 474 444 444 444 443 443 443 324 324 324 324 324 324 370 370 337 362 362 337 337 338 309 309 296 296 296 238 238 238 238 130 130 130 130 130 229 130 206 206 130 100 100 100 100 100 100 148 130 130 107 107 8 8 8 74 74 50 50 50 16 16 16 16 16 25 16 
978 978 978 984 984 979 905 905 905 905 915 915 817 817 817 817 817 817 817 817 817 817 817 848 848 812 812 812 812 807 807 761 761 761 769 769 689 689 689 689 689 701 701 701 700 700 640 640 640 669 640 640 640 603 603 603 603 603 603 500 500 583 500 500 500 551 500 500 528 528 500 500 500 444 474 474 474 444 460 443 443 324 324 324 403 403 403 370 370 337 337 337 354 337 337 309 309 309 309 296 238 238 238 238 238 251 130 130 130 130 130 206 130 130 191 100 100 148 148 148 148 130 131 131 93 93 93 8 8 8 8 50 50 16 16 16 16 16 16 16 
978 978 979 979 979 979 905 905 905 905 915 915 915 915 915 915 817 817 817 817 817 817 817 848 848 812 812 812 812 807 807 761 761 761 769 769 689 689 701 701 701 701 717 701 701 701 640 640 640 640 640 640 640 640 640 603 603 603 603 603 500 500 500 500 500 551 551 500 500 500 500 444 444 444 486 474 474 444 444 444 444 324 324 324 403 403 403 370 370 370 370 337 337 337 337 309 309 310 310 296 296 238 238 238 238 251 130 130 130 130 206 206 130 130 130 130 130 130 130 130 130 130 131 131 93 93 93 93 93 8 8 50 50 16 16 16 16 16 16 17 
