898 898 952 882 882 882 882 902 902 902 902 882 882 882 852 852 852 753 753 753 753 753 753 753 753 753 753 753 661 661 661 739 739 739 678 678 678 678 678 678 678 678 678 678 669 623 623 623 623 623 623 623 570 570 570 570 570 556 556 523 523 523 523 523 523 523 523 450 450 507 450 450 450 450 450 450 450 450 414 414 414 414 371 371 371 371 371 371 371 353 353 344 344 344 273 273 273 273 273 273 273 273 273 248 248 248 240 177 177 177 177 177 177 171 171 171 171 138 138 70 70 70 70 95 95 95 95 95 95 1 1 1 53 53 42 1 1 1 1 1 
898 898 898 882 882 933 882 882 882 882 882 882 852 852 852 852 852 753 846 787 787 787 787 753 753 796 787 753 661 661 661 661 661 661 678 678 678 678 678 678 678 669 669 669 669 623 623 623 570 570 570 624 570 570 570 592 570 556 556 523 523 523 531 531 523 523 524 450 450 450 450 488 488 450 450 465 414 414 414 414 414 415 371 371 371 371 371 353 353 353 353 344 344 344 273 273 273 273 273 273 273 273 248 248 249 249 240 177 177 177 177 177 177 171 171 171 171 138 138 70 70 70 70 95 95 95 95 95 96 1 68 1 42 42 42 1 2 2 1 1 
898 959 898 898 882 898 898 882 882 898 898 898 852 852 852 852 862 753 787 787 787 787 787 804 804 787 787 753 661 661 661 661 747 661 678 678 678 678 678 678 678 669 669 669 669 623 627 627 627 570 570 624 570 592 592 592 570 556 556 556 556 556 531 531 531 531 450 450 450 450 482 482 482 482 465 465 414 451 364 364 425 371 371 390 390 371 371 353 353 353 353 353 283 283 283 283 283 299 299 248 248 248 248 230 230 230 240 230 230 165 165 209 177 177 177 177 155 155 138 138 138 138 70 70 107 107 95 95 96 1 68 1 42 42 42 1 2 2 2 2 
898 898 898 898 898 898 898 898 898 898 898 898 852 852 852 862 862 753 787 787 787 822 804 804 787 787 753 753 661 661 728 728 728 661 661 661 661 661 661 661 687 669 669 669 623 623 627 627 627 570 570 570 570 570 570 570 570 580 570 570 544 557 531 531 531 531 450 482 482 482 482 489 489 465 465 414 414 364 364 364 425 371 371 390 390 379 379 353 353 309 309 309 309 309 309 309 283 283 283 248 248 230 230 230 258 230 230 230 165 165 165 209 196 196 188 164 155 155 155 128 128 128 128 70 70 1 1 1 96 1 68 1 1 1 1 1 17 17 2 2 
939 939 898 898 898 934 898 898 898 898 898 899 852 852 852 852 852 753 753 787 787 822 804 804 787 787 753 780 753 753 728 728 728 728 728 728 661 661 712 661 687 669 669 669 623 623 627 627 644 635 570 570 605 605 570 570 570 570 570 544 544 544 544 544 450 450 450 482 513 489 489 489 465 465 414 414 364 364 364 364 425 371 371 405 390 390 379 379 309 309 309 309 309 309 333 309 309 309 283 248 248 230 230 232 232 250 232 232 165 165 165 196 196 188 188 164 164 164 139 139 139 70 70 70 70 1 1 1 96 1 68 68 31 31 1 1 17 17 2 2 
939 939 898 898 938 934 898 898 898 898 898 869 869 869 869 869 852 852 753 787 822 822 804 804 787 787 753 753 753 753 728 728 712 712 712 712 719 719 712 661 687 687 687 661 661 623 623 627 627 635 570 605 605 570 570 570 570 570 570 544 544 544 450 450 450 482 482 482 482 489 465 465 465 483 414 466 364 364 364 364 364 371 371 364 364 364 364 364 309 309 309 345 345 345 287 287 287 310 283 283 283 283 230 232 232 232 232 165 165 165 196 196 203 188 188 164 164 139 139 139 139 70 70 70 70 104 104 1 1 1 69 69 31 31 31 31 31 17 17 3 
939 939 944 898 898 934 898 869 869 869 869 869 877 869 869 829 829 829 753 787 787 787 787 787 787 765 765 771 771 753 753 753 712 720 720 712 712 712 712 661 661 661 661 661 661 661 623 623 627 627 570 570 615 570 570 570 570 450 450 558 558 558 450 450 482 482 482 482 482 489 465 465 414 414 414 435 435 364 364 364 364 364 364 364 398 383 383 364 364 364 309 309 309 309 287 287 287 287 300 283 283 230 230 232 210 210 210 165 165 165 165 165 165 165 165 164 164 139 139 139 139 139 70 70 70 70 70 70 70 87 69 69 31 31 31 38 18 18 18 3 
939 939 944 944 898 898 898 869 869 869 869 869 877 877 877 829 829 829 829 789 823 823 789 789 765 765 765 765 765 765 688 688 712 720 720 720 720 720 695 702 623 623 623 623 657 657 657 623 623 627 627 570 615 570 570 570 570 450 450 558 558 450 450 450 482 482 514 514 514 489 465 465 414 414 475 435 435 364 364 364 398 398 398 398 398 383 383 364 364 309 309 309 309 309 334 287 287 287 287 287 287 230 230 232 210 251 210 233 165 165 165 165 165 165 165 165 165 139 139 140 140 140 70 70 108 108 99 99 70 87 31 31 31 31 18 18 18 3 3 3 
939 939 945 854 854 854 854 854 854 854 869 869 883 863 863 863 829 829 829 789 823 789 789 789 765 765 765 765 766 766 688 688 712 712 712 712 721 721 695 695 695 670 670 623 657 623 623 623 623 636 628 570 570 570 587 587 587 450 450 450 450 450 482 482 482 482 489 489 489 489 414 414 414 414 435 435 435 435 435 435 398 398 398 398 398 309 309 364 364 309 309 309 309 309 334 313 313 275 275 287 287 230 230 232 210 210 210 210 165 165 215 165 165 165 165 165 165 165 140 140 141 141 129 99 99 99 99 70 70 31 31 31 31 31 18 18 18 3 4 4 
966 939 945 854 854 854 854 854 854 854 854 884 883 863 863 863 863 829 829 789 789 789 818 789 789 765 765 688 688 688 688 688 712 712 712 712 721 722 695 695 695 695 670 623 623 623 623 623 628 628 628 570 570 606 587 587 587 450 571 482 482 482 482 482 482 489 489 489 489 508 414 435 435 435 435 435 435 435 398 398 398 398 398 398 398 309 309 309 309 309 334 334 334 334 334 313 313 275 275 275 275 230 210 210 210 210 241 210 210 180 180 180 180 165 165 178 156 156 140 141 141 129 129 99 99 99 99 70 70 31 31 31 54 54 18 18 18 3 3 3 
966 939 945 945 854 854 854 854 854 854 854 884 883 883 863 863 863 829 829 829 829 789 789 789 789 765 765 688 688 688 754 688 712 712 712 721 721 696 696 696 696 696 670 679 670 623 623 623 628 628 587 587 587 587 587 450 450 450 571 482 482 482 482 532 532 489 489 489 414 414 414 435 435 435 435 435 452 398 398 398 398 398 411 398 398 309 309 309 309 365 334 334 311 311 311 311 311 275 275 275 275 230 210 210 234 234 234 234 210 180 180 180 180 180 180 178 156 156 140 141 147 129 129 54 54 99 99 100 70 70 70 70 54 54 18 18 18 18 3 3 
966 939 939 939 939 854 854 854 903 903 903 884 884 884 863 863 864 830 830 830 830 789 819 805 805 688 688 688 772 754 754 688 688 712 712 696 696 696 696 696 696 696 670 670 670 623 623 623 645 587 587 450 450 450 450 450 450 450 571 482 482 559 482 532 532 532 489 489 414 414 435 435 435 435 435 452 452 398 398 398 398 398 366 366 366 366 366 366 309 309 309 334 334 334 334 311 311 275 275 275 275 230 274 210 210 235 234 234 210 216 216 180 204 197 178 178 156 156 140 141 130 130 54 54 54 54 54 54 54 54 54 54 54 54 19 19 3 3 3 5 
940 940 940 939 939 854 854 854 854 912 807 807 807 885 830 830 864 830 830 789 789 789 819 805 805 688 788 772 772 754 754 754 688 712 712 696 696 696 696 696 696 696 670 670 671 623 623 623 623 587 629 450 450 450 450 450 571 571 571 482 482 482 482 532 532 532 489 489 489 489 435 476 476 476 476 452 452 452 398 398 416 366 366 366 366 366 366 366 309 309 309 323 323 323 334 311 311 311 275 275 275 230 230 230 210 235 234 234 210 216 216 180 180 197 178 178 156 156 140 141 130 130 54 54 54 54 54 54 88 88 33 54 54 19 19 19 19 3 3 5 
940 940 940 946 854 854 854 923 854 912 807 807 807 885 830 830 830 830 830 789 789 805 805 805 805 688 688 772 772 754 754 688 688 712 712 696 696 696 696 696 696 630 630 630 671 623 623 623 623 587 629 450 616 607 450 450 571 571 571 482 482 482 550 482 482 482 525 489 489 489 435 476 476 476 453 453 453 453 398 398 416 366 366 366 366 366 366 366 366 366 309 323 323 323 323 323 296 296 296 296 275 275 275 230 210 235 235 235 210 210 217 180 180 197 156 156 156 156 140 140 140 130 130 119 54 54 54 54 33 33 33 54 54 19 19 19 19 19 19 5 
940 940 940 854 854 935 854 854 854 807 807 807 807 807 830 830 830 830 830 830 789 789 805 805 797 797 688 773 773 688 688 688 712 712 712 729 688 688 703 703 630 630 630 630 630 630 630 623 623 587 587 450 607 607 450 450 571 571 571 482 482 482 482 482 533 482 525 519 435 435 435 476 476 453 453 467 436 436 446 436 416 416 366 366 366 380 380 380 309 309 309 354 302 302 324 324 296 301 301 230 230 230 230 230 210 210 242 210 210 210 217 180 205 156 156 179 156 156 140 140 119 119 119 119 54 54 54 54 33 60 60 60 60 5 5 19 5 5 5 5 
940 940 953 854 935 935 854 854 854 807 807 807 807 807 870 870 830 830 830 830 831 789 789 789 797 797 688 688 774 688 688 688 712 712 712 688 688 688 703 703 630 630 630 659 659 662 630 587 587 587 587 450 607 607 540 540 540 571 571 571 540 540 540 533 533 482 482 519 435 500 500 476 476 453 457 436 436 436 436 436 366 366 366 366 366 380 309 309 309 302 302 302 302 302 302 296 296 301 301 230 230 230 230 230 210 210 242 210 210 210 217 180 180 156 156 156 156 156 156 119 119 142 54 54 54 54 54 54 33 60 60 60 61 5 5 5 5 5 5 5 
940 940 953 854 935 935 854 913 854 854 854 807 807 886 807 807 807 807 798 798 798 789 789 789 789 789 789 688 774 688 688 688 688 688 688 688 689 688 688 688 688 688 659 659 659 630 630 637 637 450 450 450 450 450 540 540 540 571 571 571 540 540 540 533 533 533 482 482 435 500 435 435 435 453 457 436 436 436 436 436 366 366 366 380 380 380 309 309 372 302 302 302 302 302 302 302 302 301 301 288 288 230 230 230 210 210 242 210 210 210 217 210 180 156 156 156 156 166 156 142 142 142 54 54 54 54 54 54 33 60 60 60 61 5 5 5 5 5 5 5 
940 940 940 854 854 854 854 913 913 913 854 807 807 807 807 871 807 807 798 838 798 798 798 798 789 789 790 688 774 688 688 688 730 730 730 730 689 688 688 689 689 688 659 659 672 630 630 637 637 637 450 450 450 450 540 540 574 574 574 540 540 540 540 540 540 482 482 482 435 435 435 435 435 453 457 457 457 436 436 436 366 366 366 380 380 380 380 309 355 355 302 302 302 302 302 304 302 302 302 288 206 206 206 264 259 210 210 210 210 210 210 210 180 198 180 180 156 156 156 142 142 142 54 54 54 55 55 55 33 60 60 60 61 39 39 39 5 5 20 5 
960 940 940 947 854 854 914 904 904 904 854 854 807 807 878 871 807 853 798 798 798 798 798 798 806 790 790 688 774 688 688 688 713 713 713 731 689 689 689 689 689 688 688 659 658 658 630 630 630 630 630 450 450 599 599 540 540 540 540 540 541 540 540 541 541 482 482 482 435 435 435 435 453 453 477 417 417 454 436 436 417 417 366 366 366 366 366 309 355 355 355 355 302 302 302 304 304 303 303 288 206 206 206 206 259 210 210 210 210 210 210 211 180 180 180 131 131 142 142 142 131 131 54 54 54 55 55 55 33 33 33 33 33 39 39 39 32 5 5 5 
960 940 940 940 940 914 914 904 904 904 904 854 871 871 871 871 807 807 807 839 798 798 798 806 806 790 790 688 774 688 688 755 713 713 713 731 689 689 713 704 689 689 689 659 658 658 658 630 630 631 631 581 581 599 599 540 540 581 542 542 541 541 541 541 542 482 482 482 435 453 453 453 453 477 477 417 417 417 437 437 417 417 366 406 366 366 366 309 309 309 309 309 309 309 309 304 304 303 288 288 288 206 265 206 206 206 206 206 223 223 206 206 131 131 131 131 131 142 131 131 131 131 131 43 43 43 55 55 55 55 55 62 33 33 33 39 32 5 5 6 
960 960 940 940 914 914 924 924 904 904 854 854 871 871 871 871 807 807 807 839 824 824 798 798 798 798 790 688 774 760 760 713 713 713 713 713 713 713 713 704 659 659 690 659 658 658 658 630 630 581 581 581 581 581 581 581 581 581 542 542 542 542 542 542 542 482 482 482 435 453 453 453 453 453 478 417 417 417 417 417 417 417 366 366 366 366 366 309 309 358 358 335 335 304 304 304 314 303 288 288 288 206 265 265 260 243 243 206 206 206 206 206 131 131 131 131 131 142 131 120 120 120 132 43 43 43 55 43 43 43 55 62 62 55 33 32 32 5 5 6 
960 960 914 914 914 918 918 918 918 854 854 887 887 871 871 807 807 824 824 824 824 825 807 807 807 790 790 688 760 760 760 713 713 713 713 713 659 659 659 704 659 659 659 659 673 659 659 581 581 581 581 581 581 581 581 581 581 581 542 542 564 534 534 534 534 534 435 435 435 453 453 453 453 453 468 468 417 417 417 385 385 385 385 399 399 276 276 373 373 358 358 335 335 304 304 304 314 303 206 206 206 206 260 260 260 243 243 218 218 218 218 206 131 131 131 131 131 131 131 120 120 120 120 43 43 43 43 43 80 43 55 55 55 55 33 32 6 6 6 6 
960 960 914 914 914 918 918 918 918 854 887 887 887 807 807 807 824 824 824 824 824 824 807 807 807 790 790 688 760 760 760 740 740 740 659 659 659 659 659 704 659 659 659 659 673 659 660 581 581 581 581 625 564 564 564 564 564 564 564 564 564 534 534 534 534 435 435 453 453 453 484 484 484 484 468 468 417 417 417 385 385 385 385 276 276 276 276 276 367 367 335 335 335 346 335 304 314 303 206 206 266 266 260 260 260 243 243 218 218 218 206 206 131 131 131 181 121 121 157 120 120 120 120 43 43 43 43 43 80 43 43 43 43 43 33 33 6 6 6 6 
914 914 914 914 914 936 918 918 918 854 887 887 887 807 872 872 824 824 824 824 824 824 807 781 781 781 781 688 688 688 740 740 740 740 659 659 659 659 659 659 659 659 691 659 659 659 564 564 564 581 581 625 564 564 565 565 565 565 565 565 565 534 534 534 534 435 435 435 435 435 435 435 435 458 458 458 458 385 385 385 385 385 385 276 276 276 384 276 367 367 335 335 335 346 335 304 304 304 304 206 266 266 260 260 244 244 244 218 218 218 206 206 206 131 131 121 121 121 121 120 120 120 120 120 43 43 81 81 80 80 80 43 43 43 43 33 6 6 6 6 
914 914 954 930 930 918 918 918 918 854 887 887 887 807 807 807 807 807 807 807 807 807 807 781 799 799 781 781 688 688 740 740 740 740 659 659 659 659 659 659 659 659 659 659 564 564 564 564 564 564 564 564 564 564 565 565 565 435 435 435 435 560 435 435 535 535 435 435 435 435 435 435 435 458 458 458 459 385 385 385 385 385 385 276 276 276 384 276 374 367 335 335 335 335 335 325 315 206 206 206 266 266 266 266 244 252 244 218 218 43 43 206 206 131 189 121 121 121 121 121 121 121 121 121 43 43 81 81 89 89 81 56 56 43 43 33 6 6 6 6 
967 914 914 930 930 918 929 918 918 854 854 854 887 887 832 832 832 832 832 832 832 781 781 781 761 761 761 761 688 688 688 740 740 740 659 659 726 659 659 659 659 659 659 659 564 564 564 564 638 638 617 617 617 435 435 435 435 435 551 551 435 435 435 435 435 536 435 496 496 496 496 496 490 458 469 469 385 385 385 418 418 418 385 276 276 276 384 276 276 367 335 335 335 335 336 325 315 206 206 206 266 266 266 267 244 244 244 218 218 43 43 207 207 131 131 121 121 121 121 121 121 121 43 43 43 43 105 81 81 81 81 56 56 56 44 33 6 6 21 6 
967 914 914 930 930 918 918 918 905 905 905 854 887 887 832 832 832 761 761 761 761 781 781 761 761 761 761 761 761 767 688 756 705 705 726 726 726 659 659 659 659 692 692 659 564 564 572 572 572 572 617 582 582 582 582 582 551 551 551 551 435 435 435 545 435 435 435 496 496 509 490 490 490 458 469 469 385 385 385 418 418 418 385 400 400 276 276 276 276 276 276 325 325 325 325 325 315 206 206 206 266 266 266 267 244 244 231 231 43 43 43 43 43 43 131 121 121 121 121 121 43 43 43 122 43 43 97 97 97 81 81 44 44 44 44 33 33 6 21 6 
914 914 930 930 930 930 930 905 905 905 905 854 854 854 854 854 854 854 782 782 761 761 761 761 800 800 782 782 761 761 761 705 705 705 705 705 705 705 659 659 659 659 659 659 564 564 572 572 572 572 617 582 582 582 600 582 551 551 551 551 435 435 435 435 435 435 526 490 490 509 490 490 490 458 447 447 447 447 447 418 418 418 385 385 385 385 385 276 276 276 276 325 325 325 326 326 316 206 206 206 266 266 266 267 231 231 231 231 43 43 43 43 43 43 131 131 121 121 121 121 43 82 82 82 82 97 97 82 82 82 82 44 44 44 45 7 7 6 6 6 
914 930 930 941 941 905 905 905 905 905 855 855 855 855 879 854 854 855 782 782 782 782 761 761 800 800 782 705 705 705 705 705 705 705 705 732 705 705 659 659 680 680 680 564 564 564 564 646 646 572 572 582 582 582 600 582 582 582 551 551 435 435 435 435 521 521 520 520 490 490 490 490 490 458 447 470 438 438 438 438 418 418 386 386 386 386 386 276 276 276 276 325 276 276 326 316 316 206 206 206 276 276 276 231 231 231 231 231 219 219 43 43 43 43 43 43 172 167 43 43 43 43 82 82 82 97 97 82 82 44 44 44 44 44 7 7 7 6 6 7 
914 930 930 941 941 905 905 905 905 855 855 855 855 855 855 855 855 855 782 782 782 782 782 782 782 782 782 705 705 705 705 705 705 705 705 732 705 705 705 705 680 680 680 564 564 564 564 564 564 572 572 582 582 582 600 593 575 575 551 551 435 435 435 546 521 521 521 521 490 490 501 458 458 458 447 447 438 438 419 419 419 419 386 386 386 386 387 276 276 276 276 276 276 276 276 316 276 276 276 276 276 276 276 231 231 231 231 231 231 219 43 43 43 190 190 43 43 167 43 43 148 43 57 57 82 82 82 82 82 44 44 44 44 44 7 7 7 7 7 7 
914 914 930 930 942 905 905 914 914 855 855 855 855 857 856 856 856 856 840 840 782 782 811 811 782 782 782 783 705 705 757 757 748 705 705 714 714 714 714 706 680 680 680 680 564 564 564 564 564 572 600 600 600 600 600 593 575 575 575 551 551 551 551 521 521 501 501 501 501 501 501 458 491 448 448 447 447 438 419 419 419 419 386 386 386 386 386 276 276 276 276 276 276 276 276 276 276 297 297 297 289 284 231 231 231 231 231 231 231 219 219 43 43 57 57 182 43 167 43 43 43 43 57 57 57 57 57 57 71 71 71 71 44 44 7 7 27 27 7 7 
915 914 914 930 914 914 914 914 914 914 857 857 857 857 856 856 856 840 840 833 833 782 782 782 782 782 782 783 705 757 757 748 748 705 705 714 714 706 706 706 680 680 680 680 564 564 564 564 647 572 600 600 600 600 593 593 575 575 575 551 551 552 552 521 521 501 501 501 501 510 502 458 448 448 448 438 447 438 407 407 407 407 407 407 386 386 386 317 317 368 276 276 276 276 289 289 289 289 289 289 289 284 231 268 231 231 231 231 231 43 43 43 43 57 57 182 43 43 43 57 57 57 57 90 90 57 57 57 71 57 57 72 57 57 7 7 7 7 22 8 
915 915 914 914 914 914 914 914 915 915 857 857 865 865 865 865 865 840 840 833 812 812 812 782 782 782 783 783 705 757 757 748 748 705 705 733 706 706 715 707 664 664 664 564 564 564 564 564 564 572 572 600 601 601 593 593 575 575 575 521 521 521 521 521 521 501 501 502 502 502 502 458 448 448 448 438 438 438 407 407 426 407 407 408 317 317 317 317 317 276 276 276 347 347 289 289 289 290 290 290 290 284 231 231 231 231 231 192 192 43 43 43 43 57 57 57 173 158 158 57 57 143 90 90 90 57 57 57 71 57 57 72 57 57 7 7 34 7 8 8 
968 915 955 915 915 914 914 914 915 906 906 857 865 888 865 865 865 775 775 833 812 812 812 812 705 705 705 705 705 757 757 706 706 706 706 706 706 723 707 707 664 664 664 564 564 564 564 564 564 572 572 601 601 601 593 593 575 575 575 521 521 521 521 521 521 501 515 502 502 458 458 458 492 448 448 448 448 448 448 407 407 407 407 408 317 391 317 317 317 276 276 276 289 289 289 289 290 290 290 290 291 284 231 231 231 253 192 192 192 192 192 57 57 57 191 57 57 158 57 57 57 143 90 90 90 90 90 57 57 57 57 57 57 57 7 7 7 7 8 8 
968 915 915 915 915 914 914 915 915 906 857 857 865 865 865 865 865 775 775 775 813 813 813 813 705 705 705 705 705 706 706 706 734 706 706 734 707 707 707 708 664 664 664 564 564 564 564 652 572 572 601 601 601 601 601 572 572 572 572 572 521 521 521 521 521 501 515 515 515 458 458 492 492 448 448 448 448 455 427 427 407 407 407 407 317 391 360 360 317 317 317 356 289 348 289 289 290 290 284 284 284 284 231 231 231 253 192 192 192 192 192 57 57 57 57 134 57 57 57 133 133 133 133 90 90 109 90 90 90 90 57 57 7 7 7 35 7 7 8 8 
968 915 915 915 915 914 914 915 919 906 857 857 857 857 866 866 866 775 775 775 813 813 813 814 705 705 705 705 705 706 706 706 734 734 734 734 707 707 707 664 664 664 664 564 564 564 564 564 572 639 601 601 601 601 601 572 576 576 527 527 521 521 521 521 527 527 522 522 448 448 448 448 448 448 448 455 455 455 427 427 427 407 407 407 317 391 360 360 337 337 317 356 289 289 289 327 220 220 284 284 284 277 277 231 231 245 245 192 192 192 192 192 57 57 57 134 159 159 159 133 133 133 90 90 90 109 101 101 47 47 57 57 7 7 46 35 35 7 9 9 
968 915 948 948 915 915 915 915 919 906 857 857 894 857 857 857 775 775 775 775 813 813 813 814 705 705 705 705 705 706 762 741 741 741 734 734 707 707 707 664 648 648 648 648 648 564 564 564 572 572 608 608 608 608 602 572 572 576 527 527 566 527 527 527 527 527 522 522 448 448 479 479 479 479 479 455 455 317 317 428 428 407 407 409 317 360 360 360 337 337 317 317 349 349 317 317 220 220 220 245 245 277 245 245 245 245 224 192 192 192 192 192 57 57 57 134 134 134 134 152 144 144 90 90 63 63 63 63 47 47 47 47 47 7 7 7 7 7 9 9 
968 915 915 915 915 937 915 915 919 906 889 889 889 873 873 857 775 775 775 775 775 775 775 775 775 801 705 705 705 706 741 741 749 709 709 735 707 707 664 664 648 648 648 648 648 663 648 648 648 572 572 572 572 572 602 572 572 576 527 527 527 527 553 527 527 527 527 448 448 448 479 479 455 455 455 455 455 317 317 317 317 317 317 317 317 360 360 360 337 337 359 317 317 317 317 317 220 220 220 245 245 245 245 245 245 254 224 192 192 192 192 192 192 192 192 134 134 134 134 152 144 144 90 90 63 63 63 63 63 73 73 73 47 47 7 7 36 10 10 10 
968 916 916 925 925 925 925 880 880 906 889 889 889 873 873 857 857 857 841 841 815 815 815 815 775 775 791 775 775 741 741 749 749 709 709 735 709 709 664 664 664 648 648 648 648 648 648 649 649 640 632 603 603 572 572 572 576 576 527 537 537 537 537 537 537 497 497 448 448 448 479 479 455 455 317 317 317 317 439 439 317 317 392 392 392 392 360 360 337 337 359 337 337 317 317 317 317 220 220 220 220 220 278 254 254 254 224 192 192 192 192 192 192 192 192 134 134 134 134 144 144 144 90 90 63 63 63 63 63 63 63 63 63 47 47 28 28 10 10 10 
968 916 916 925 925 925 925 925 880 880 880 889 889 889 873 873 736 736 841 841 815 815 815 736 736 775 775 775 741 741 763 749 749 709 709 709 709 709 709 709 664 648 648 648 648 653 653 640 640 640 632 603 603 603 572 572 576 583 527 537 537 554 554 537 537 497 497 497 497 448 479 479 493 317 317 471 439 439 439 317 317 317 392 392 392 392 360 360 360 337 337 337 337 337 337 328 220 220 220 220 220 220 254 254 254 254 224 224 224 208 208 192 192 193 193 160 160 134 134 144 144 144 90 90 63 63 63 63 74 63 63 63 64 10 10 28 28 28 10 10 
916 916 916 925 925 925 916 916 916 916 880 874 874 890 873 873 736 736 736 736 736 736 736 736 736 775 775 784 741 749 749 749 749 709 709 709 709 716 716 664 664 664 664 681 653 653 653 640 650 632 632 603 618 603 603 576 576 576 576 537 537 537 537 537 537 497 497 497 497 448 448 448 448 317 471 471 439 439 439 317 317 317 392 392 392 392 381 381 360 369 337 337 329 329 286 328 220 312 220 220 220 279 254 254 220 220 220 220 224 208 208 208 208 193 193 160 160 134 134 134 134 134 134 123 98 98 98 102 74 63 63 63 10 10 10 10 10 10 10 11 
916 961 916 916 925 925 916 916 880 880 880 874 874 874 874 874 736 736 820 820 820 820 820 736 736 736 736 736 776 749 749 749 749 709 709 709 709 716 716 664 664 664 664 681 653 653 653 653 650 632 632 603 604 604 604 576 576 576 576 537 537 537 537 537 537 528 528 497 497 497 448 448 448 317 393 393 393 393 393 393 393 393 393 393 393 393 381 381 360 360 337 337 329 329 286 286 220 220 220 220 220 279 279 220 220 220 220 220 224 224 208 208 208 160 160 160 160 160 160 134 134 123 123 123 98 98 98 102 74 91 63 63 10 10 10 10 10 10 10 11 
916 916 916 916 925 925 925 916 880 907 907 874 895 874 874 874 736 736 820 820 820 820 736 736 808 736 736 736 736 768 716 716 716 716 738 716 716 716 716 654 654 654 664 664 664 664 654 654 650 603 603 603 604 604 604 504 576 576 576 537 537 537 537 537 537 528 528 516 516 497 448 448 317 317 393 393 393 429 429 429 429 420 393 393 401 394 329 329 329 360 360 329 329 329 338 286 286 220 220 220 220 220 220 220 246 246 246 220 225 225 208 208 208 160 160 160 160 160 161 124 124 124 124 124 98 98 98 98 74 74 74 10 10 10 10 10 10 10 10 11 
916 916 916 916 925 925 925 916 880 907 874 874 895 874 874 874 736 847 847 820 820 820 736 736 736 736 736 736 736 768 716 716 716 716 738 716 727 716 716 654 654 654 682 682 654 654 654 650 650 603 603 603 619 504 504 504 588 537 537 537 537 537 537 537 537 516 516 516 497 497 448 448 317 393 393 393 393 429 429 420 420 420 394 394 401 394 329 382 329 360 360 329 329 329 329 329 286 220 220 236 236 280 280 236 236 246 246 220 220 226 220 161 161 161 160 160 161 161 161 124 124 124 124 124 98 98 98 98 98 74 74 10 65 10 10 23 23 10 10 11 
916 962 916 916 916 916 916 916 880 907 874 874 874 874 874 736 736 848 848 820 820 736 736 736 785 785 785 736 736 768 716 716 716 738 738 716 727 724 654 654 700 654 654 683 654 654 654 650 650 603 603 619 619 504 588 588 588 537 537 537 537 537 537 537 537 516 516 516 497 497 497 497 317 393 393 317 317 420 420 420 420 420 394 394 394 394 329 329 329 329 329 329 329 329 329 330 286 286 236 236 236 236 236 236 236 255 236 236 220 220 220 161 161 161 161 161 161 92 92 92 92 92 92 125 92 92 98 98 98 74 74 10 10 10 10 23 23 23 23 11 
916 916 916 916 916 926 926 926 880 880 891 891 874 874 874 736 736 736 736 736 834 736 736 736 785 785 785 785 736 736 736 736 716 716 716 716 724 724 654 654 654 654 654 654 654 654 654 655 603 603 603 619 619 504 504 588 588 537 537 537 537 537 537 537 537 537 516 516 497 497 497 497 317 317 317 317 460 420 420 420 420 421 394 394 394 362 362 329 329 329 329 329 329 318 318 318 318 286 236 236 236 236 269 269 236 236 236 220 220 220 161 161 161 161 161 92 92 92 92 92 92 145 92 92 92 92 92 92 92 92 74 74 10 10 10 23 11 11 11 11 
943 943 943 943 943 926 931 880 880 880 891 891 891 891 858 858 858 858 849 736 736 736 736 736 809 785 769 769 769 769 736 736 716 716 736 736 724 693 693 693 693 693 693 654 654 665 603 603 603 603 603 626 504 504 504 594 584 584 537 537 537 537 537 538 537 537 485 485 485 485 485 485 485 485 460 460 460 420 420 420 420 421 394 394 394 362 362 318 318 318 361 329 329 318 318 319 319 286 236 236 292 236 236 236 236 236 236 220 220 220 221 161 161 161 194 92 92 92 92 92 92 110 110 92 92 110 93 93 93 93 48 48 66 10 10 11 11 24 24 12 
943 943 943 943 943 926 931 880 880 880 900 900 858 858 858 858 858 849 849 792 792 792 792 736 809 785 785 785 736 736 736 736 736 736 736 737 724 693 710 710 684 684 684 674 674 603 603 641 641 641 626 626 504 504 504 594 584 584 537 537 537 537 537 538 538 538 485 517 517 485 485 460 460 460 460 440 440 440 440 440 430 412 412 362 362 362 362 362 362 318 318 318 318 318 318 319 319 286 292 292 292 270 270 270 236 247 247 227 227 227 161 161 161 161 194 92 92 168 92 92 146 110 110 110 110 110 93 93 48 48 48 48 66 48 48 11 37 24 24 12 
943 943 943 949 926 926 931 880 880 880 900 900 858 858 858 858 849 849 792 792 792 792 792 736 736 736 736 736 736 758 758 758 742 742 693 693 724 693 710 710 684 684 684 674 674 603 603 603 603 603 626 504 504 609 504 561 561 543 543 543 543 543 543 543 543 539 485 485 485 485 460 460 486 486 440 440 456 456 430 430 430 412 362 362 388 388 388 362 362 339 339 339 318 318 339 286 286 286 292 293 293 270 270 270 236 227 227 227 161 161 161 212 161 183 183 183 92 168 92 153 146 146 110 110 93 93 93 93 48 48 83 48 48 48 11 11 24 24 24 12 
950 943 943 949 921 921 880 880 920 880 880 880 880 892 880 849 849 859 792 842 792 792 792 792 736 736 758 758 758 758 764 743 743 693 693 693 724 693 684 684 684 684 684 684 666 666 603 603 603 603 504 504 504 504 504 561 561 561 561 561 561 561 504 504 504 539 485 485 485 485 460 486 486 440 440 440 440 430 430 441 431 412 362 410 388 388 388 362 339 339 339 339 350 350 339 286 286 286 292 281 281 285 236 236 236 227 227 161 161 212 212 212 161 183 184 184 92 92 92 149 149 93 93 93 93 111 48 48 48 48 83 11 11 58 11 24 24 12 12 12 
950 943 943 921 921 921 880 880 880 880 908 880 880 880 880 849 849 849 792 842 792 792 821 792 743 743 743 743 743 743 743 743 743 693 693 693 724 693 684 684 684 684 666 666 666 666 611 611 603 603 504 577 577 577 577 561 561 561 561 561 561 561 504 504 504 504 529 503 503 503 460 486 486 440 440 440 440 430 430 430 431 412 362 362 362 362 362 362 339 339 339 339 339 339 339 320 320 286 286 298 281 285 236 236 227 227 227 161 161 161 161 161 161 183 174 174 162 162 162 149 149 93 135 114 114 48 48 103 48 48 83 11 11 11 11 24 24 12 12 12 
950 950 956 921 921 921 880 880 880 880 908 880 896 880 849 849 849 849 792 792 792 792 821 792 743 743 743 743 743 743 743 743 743 693 693 693 693 693 651 651 651 651 666 666 666 666 611 611 611 504 504 577 577 577 577 595 561 561 561 561 504 504 504 504 504 504 529 503 503 503 460 460 460 472 472 472 430 430 430 430 412 412 362 362 362 362 362 362 362 362 339 339 339 340 340 320 305 305 286 286 281 281 281 227 227 237 237 183 183 183 183 183 183 183 174 174 162 162 162 149 149 93 93 114 114 48 48 103 48 48 83 11 11 49 49 24 24 24 12 12 
950 950 956 921 921 921 921 875 875 875 875 880 880 880 849 849 849 821 821 821 821 821 821 792 743 743 743 777 777 743 743 743 743 743 651 651 651 651 651 701 701 651 666 666 666 666 611 611 611 504 504 504 504 610 577 577 589 561 561 504 504 504 504 504 504 504 504 503 503 460 460 460 460 430 430 430 430 430 430 442 412 412 362 362 362 375 375 257 257 362 339 339 339 340 320 320 305 305 305 286 294 286 227 227 261 237 237 183 183 183 183 183 154 154 174 174 174 154 154 154 116 116 93 93 93 93 48 83 83 83 83 75 11 49 49 24 24 24 12 12 
950 843 843 843 843 843 921 875 875 875 875 875 897 875 875 849 849 821 821 821 835 826 792 792 810 802 743 777 777 743 743 759 743 743 651 651 651 651 651 701 701 651 651 666 666 612 612 612 611 620 620 620 504 504 504 577 577 577 577 504 504 504 504 504 504 504 504 503 503 460 460 460 460 430 430 430 461 432 432 432 432 362 362 362 362 375 375 257 257 362 362 339 339 340 320 320 320 305 305 286 286 286 227 227 256 256 237 237 183 183 183 183 154 154 154 154 154 154 154 154 116 116 136 93 93 93 48 83 75 75 75 75 11 11 11 24 24 29 12 12 
950 843 843 843 843 843 921 921 921 875 875 875 875 875 875 875 850 850 850 803 803 826 792 802 802 802 743 743 777 743 743 759 743 744 651 651 651 651 651 651 651 697 651 685 612 612 612 612 611 611 611 620 620 611 504 504 504 504 504 504 504 504 504 547 504 504 494 494 503 503 503 498 473 473 473 430 430 432 362 362 433 362 376 376 395 395 375 375 257 257 257 340 340 340 340 227 227 227 227 227 227 227 227 227 256 238 238 238 183 183 222 154 154 195 195 84 84 84 84 84 116 116 115 115 115 48 48 83 75 40 40 11 11 11 11 24 24 29 12 12 
950 963 843 843 843 843 843 843 843 917 875 875 875 876 876 876 850 803 803 803 803 826 792 792 792 792 792 743 743 743 743 759 743 651 651 651 651 725 651 651 651 651 651 685 612 612 612 612 612 612 611 611 611 611 578 578 578 578 578 505 505 504 547 547 504 504 494 494 494 494 494 498 473 473 473 473 430 430 362 362 362 362 376 376 376 376 389 375 375 257 257 340 340 340 340 227 227 227 227 227 227 256 256 256 256 238 222 222 222 222 222 154 186 186 84 84 150 150 163 84 84 116 116 116 116 48 75 75 75 40 40 11 11 11 11 29 29 29 12 12 
950 950 957 950 843 843 843 843 843 843 843 875 875 876 850 850 850 803 803 803 803 826 803 803 803 803 793 743 743 743 743 743 743 651 651 651 651 725 651 651 651 651 651 651 651 612 612 651 651 612 612 612 611 611 578 578 590 578 578 505 505 504 504 504 504 504 511 511 511 511 494 494 494 473 473 474 430 430 362 362 362 376 376 402 402 376 376 376 376 257 257 340 340 227 227 227 227 227 227 227 227 256 256 256 238 238 222 228 222 222 154 154 186 186 84 185 150 150 150 150 84 84 84 116 116 48 48 48 48 40 40 76 11 11 11 11 11 11 11 11 
969 950 957 950 843 843 843 843 843 843 843 843 843 876 850 850 850 850 803 803 803 803 803 793 793 793 793 743 743 743 743 743 750 651 651 651 651 651 651 651 651 698 667 667 651 612 612 651 613 613 633 612 612 612 579 579 579 585 505 505 505 562 548 548 504 504 504 504 504 504 504 462 462 487 474 474 430 430 362 362 434 376 413 402 402 257 257 257 257 257 257 340 340 227 227 227 227 227 227 256 256 256 262 262 238 222 222 228 228 228 154 213 186 186 84 84 150 150 150 150 150 84 84 126 112 112 48 48 48 94 40 40 40 40 40 40 11 11 11 11 
950 950 957 950 927 927 927 927 843 843 843 843 843 843 843 850 850 850 803 803 803 803 803 793 793 770 770 770 750 750 743 743 750 651 651 651 651 651 651 651 651 667 667 667 651 651 651 651 613 613 613 613 621 579 579 585 585 585 505 505 562 562 548 548 504 504 504 504 504 504 504 462 462 487 474 474 430 430 362 362 376 376 403 403 403 257 257 257 257 257 257 340 340 341 341 227 227 227 227 256 256 256 262 262 262 222 228 228 228 229 154 154 186 186 186 84 84 84 84 84 84 84 84 84 112 112 48 48 48 48 48 48 67 50 50 41 11 25 25 13 
950 950 950 950 927 932 932 843 843 909 909 843 843 893 843 867 867 850 850 803 836 803 803 816 770 770 770 770 750 750 750 750 750 651 651 667 667 717 651 651 651 667 694 667 675 667 613 613 613 613 613 613 613 579 579 579 579 579 579 505 562 563 462 462 462 462 462 504 504 462 462 462 462 462 474 474 430 430 430 443 376 376 403 376 376 377 377 377 377 370 257 257 257 257 257 227 227 227 227 256 256 256 262 262 262 222 228 228 228 222 222 154 199 199 186 186 169 169 84 84 84 137 137 84 84 84 84 84 84 84 84 48 48 50 50 41 11 25 13 13 
964 964 950 950 927 927 927 843 843 843 843 843 843 843 843 843 843 843 850 803 803 803 816 816 770 770 770 770 770 770 745 745 745 745 667 667 667 717 717 667 667 667 694 667 667 667 613 613 613 613 622 622 613 613 579 579 505 505 505 505 562 563 462 462 462 462 462 462 462 462 480 480 480 462 462 462 462 430 430 422 422 376 376 376 376 357 357 357 357 370 257 257 342 342 257 331 256 256 256 256 257 257 263 262 262 222 228 228 222 222 222 154 199 175 175 175 169 169 84 84 84 117 117 117 117 113 85 85 85 85 41 41 41 50 50 41 11 13 13 13 
964 958 958 927 927 927 927 910 910 910 910 843 843 843 868 868 868 843 843 843 795 795 794 794 794 770 770 770 770 770 745 745 745 746 667 667 667 667 667 667 667 667 686 686 613 613 613 613 613 613 622 622 622 569 569 596 505 505 562 562 562 562 462 462 462 462 512 462 462 512 462 462 480 480 480 430 430 430 449 422 422 422 376 376 376 357 357 357 357 370 351 351 342 342 257 257 306 306 306 257 257 257 263 263 263 222 222 222 222 222 222 154 175 175 175 175 175 84 84 84 84 117 117 117 117 113 85 85 85 85 41 41 41 41 41 41 11 13 13 13 
964 958 927 927 927 927 927 910 910 910 911 843 843 778 778 778 844 844 844 844 795 795 794 794 794 770 770 770 770 770 745 745 751 667 667 667 667 667 667 667 667 667 686 676 613 613 642 642 642 642 569 569 569 569 569 569 569 505 562 562 562 562 462 462 462 462 512 512 512 512 462 462 480 480 430 430 463 423 423 423 422 422 376 376 357 357 357 357 357 357 351 351 351 342 342 257 257 257 257 257 295 257 257 257 257 257 239 239 154 222 222 154 175 200 175 175 175 84 84 84 84 117 117 113 113 113 85 85 85 85 85 41 41 11 11 11 11 26 26 14 
958 958 927 927 927 927 927 910 910 910 911 778 778 778 778 778 844 844 844 844 795 795 795 794 794 794 794 745 745 745 745 745 751 667 667 667 667 667 667 667 686 686 686 676 676 613 642 642 643 643 569 569 569 569 569 569 569 505 505 567 567 505 505 505 505 462 462 462 462 462 462 462 430 430 430 463 463 423 423 423 423 423 376 376 357 357 357 357 357 357 351 351 352 321 321 321 321 257 257 295 295 271 271 271 239 239 239 239 154 154 154 154 175 187 187 187 175 84 84 84 84 127 127 113 113 86 86 85 85 86 86 77 11 11 51 14 14 14 14 14 
958 965 927 927 928 928 928 928 910 910 911 778 778 778 778 778 778 778 851 795 795 827 794 794 794 794 794 745 745 745 745 745 751 667 667 667 667 667 667 667 686 686 668 668 677 613 643 643 643 569 569 569 569 569 569 569 569 586 505 505 568 505 505 530 505 505 505 505 505 505 505 430 430 430 430 430 464 357 357 444 357 357 357 357 357 357 357 357 357 357 357 357 321 321 343 271 271 257 257 271 271 271 282 272 239 239 239 239 214 214 154 154 175 187 187 187 175 84 113 113 113 113 127 127 113 86 86 86 86 86 77 77 11 11 11 14 14 14 14 14 
958 965 951 951 928 845 845 845 922 901 901 901 778 778 881 778 778 778 851 795 837 827 794 794 794 786 786 786 778 745 745 751 751 667 667 667 667 667 667 699 699 668 668 668 677 613 643 643 569 569 634 569 569 569 569 597 591 569 569 505 505 505 505 530 530 530 530 505 505 499 499 430 430 430 430 464 464 357 357 444 357 424 396 396 396 396 321 321 321 363 363 321 321 343 343 271 271 257 257 271 271 271 282 272 239 239 239 239 214 214 214 214 175 187 175 175 175 84 113 113 151 113 113 113 113 106 106 77 77 77 77 78 11 11 11 14 14 14 15 15 
958 965 951 951 928 845 845 845 901 901 901 901 845 845 881 860 860 778 778 795 795 827 794 794 786 786 795 778 778 745 745 751 711 711 711 711 667 667 667 699 699 668 668 668 668 613 656 656 569 634 634 569 569 614 569 569 591 569 569 569 569 505 505 530 530 530 530 499 499 499 499 499 430 430 430 464 357 357 357 357 357 424 396 396 396 397 321 321 321 363 363 321 321 271 271 271 322 307 307 271 271 271 282 272 239 239 239 239 214 214 214 214 175 175 175 84 84 84 113 113 113 113 113 113 113 106 77 77 77 52 52 52 52 11 11 14 14 30 15 15 
958 958 951 951 928 928 845 845 901 845 845 845 845 845 845 860 860 860 778 778 795 795 795 817 795 795 795 778 778 711 711 711 711 711 711 711 667 667 718 699 699 699 668 668 668 613 613 569 569 569 569 569 569 569 569 569 569 569 499 499 499 499 555 530 530 499 499 499 499 499 506 357 357 357 481 357 357 357 357 357 404 404 404 404 321 321 321 321 321 321 321 321 321 271 322 322 322 307 308 271 271 271 272 272 239 239 239 202 202 214 214 201 201 201 84 84 176 170 113 113 113 118 118 118 118 106 77 77 77 52 52 52 52 59 14 14 14 30 16 16 
958 958 951 951 845 845 845 845 845 845 845 845 845 861 845 845 845 845 845 778 778 828 795 795 795 778 778 778 778 711 711 711 752 711 711 711 718 718 718 711 668 668 668 668 668 668 613 569 569 569 569 569 569 569 598 598 569 569 573 549 549 499 499 499 499 499 499 518 518 506 506 357 495 357 357 357 357 357 357 357 404 404 404 404 321 321 321 321 321 321 321 321 321 271 271 271 271 307 271 271 271 271 272 272 239 239 239 202 202 202 202 201 201 202 84 84 84 170 113 113 113 113 113 113 106 106 106 79 79 79 52 52 52 59 14 14 14 30 16 16 
958 958 951 951 845 845 845 845 845 845 845 845 845 861 861 861 861 861 845 845 778 778 778 778 778 778 779 779 779 711 711 711 752 711 711 711 711 711 711 711 668 668 668 668 668 668 613 613 613 613 569 569 569 569 598 598 569 569 573 573 549 549 549 549 499 499 499 518 518 506 506 357 357 357 357 357 357 357 357 445 404 404 404 404 404 321 321 378 378 321 321 321 321 271 271 332 271 271 271 271 271 272 272 272 239 239 239 202 202 202 202 202 202 202 84 84 170 170 113 113 113 113 113 113 106 106 106 79 79 79 79 79 52 52 52 14 14 30 16 16 
