954 954 902 902 914 914 914 914 851 851 894 858 858 858 858 858 794 794 794 794 662 662 662 662 662 662 662 762 762 662 662 662 662 662 662 686 686 686 686 686 686 677 677 600 600 600 640 640 600 600 600 600 600 600 555 555 555 555 555 555 555 496 496 532 496 496 456 456 456 456 456 456 456 456 456 442 442 410 410 410 410 410 405 388 388 370 370 370 301 301 301 301 301 301 233 233 233 287 287 233 233 233 233 233 233 233 233 233 184 184 198 198 184 184 178 178 173 149 149 149 149 18 18 18 18 18 18 18 18 18 78 40 40 40 40 40 18 18 1 1 
902 902 902 902 851 851 851 851 851 851 894 858 880 835 835 835 794 794 794 794 662 662 662 662 662 662 662 762 662 662 746 746 662 662 662 686 662 662 662 686 686 677 677 600 600 600 600 600 600 600 600 601 601 601 555 555 555 555 555 555 496 496 496 496 496 496 456 456 456 456 456 456 456 456 456 442 443 410 410 410 413 405 405 388 388 370 301 301 301 349 349 301 301 301 233 233 233 233 233 233 233 233 255 255 167 167 184 184 184 184 198 184 184 178 178 173 173 149 149 149 150 18 18 133 85 85 85 85 85 18 78 40 40 18 18 18 18 18 18 2 
902 902 902 902 851 851 851 851 900 851 851 858 835 835 835 835 803 803 803 794 794 794 802 802 662 662 662 762 662 662 746 746 662 662 662 686 662 706 662 662 657 657 657 669 600 600 600 633 633 600 600 601 601 601 592 555 555 555 555 546 546 496 496 496 525 496 496 508 456 456 410 410 410 410 410 442 410 410 410 410 410 405 301 399 370 370 301 301 301 301 301 301 301 233 233 233 297 297 233 233 233 233 167 167 167 167 184 184 223 184 184 184 190 178 178 173 79 79 79 79 79 79 18 18 85 85 85 85 85 18 18 18 18 18 41 18 18 28 2 2 
962 902 902 902 902 851 851 851 851 851 851 858 835 835 835 835 803 803 803 822 822 794 794 794 794 783 662 762 762 662 662 662 662 662 662 662 662 706 662 662 657 657 657 657 600 600 645 611 611 611 611 611 586 586 592 555 555 568 568 546 546 496 496 496 525 525 496 496 496 410 410 469 469 460 410 410 410 410 410 410 410 405 301 301 370 370 301 301 301 301 301 341 301 233 233 233 233 233 233 233 233 167 167 246 246 167 184 184 167 167 190 190 190 157 157 173 79 79 79 79 151 79 79 79 79 114 85 85 85 85 58 58 58 58 41 41 2 2 2 3 
902 902 902 902 902 851 851 901 901 851 851 858 858 835 835 835 803 803 843 803 803 803 803 803 783 783 662 662 662 662 662 662 723 723 723 723 662 662 662 662 670 657 657 657 611 611 611 611 611 611 611 611 586 586 592 555 555 568 546 546 546 546 496 496 410 410 410 410 497 410 410 410 410 460 410 410 410 410 427 405 405 405 301 301 370 370 301 355 355 355 187 187 301 301 301 301 301 233 233 268 167 167 167 167 167 167 184 184 167 167 167 167 157 157 157 157 157 79 151 151 151 134 134 134 79 79 85 85 85 85 58 58 58 58 41 41 2 3 3 3 
902 902 902 902 902 926 851 901 901 851 851 851 851 851 851 835 850 803 803 803 785 785 795 795 783 783 752 752 752 723 723 723 723 662 662 662 662 662 662 662 670 657 657 657 611 611 611 611 611 611 611 612 586 586 586 586 546 546 546 410 410 410 410 410 410 410 410 410 410 410 410 410 410 460 450 450 410 427 427 405 405 405 301 301 301 301 301 187 187 187 187 187 187 187 302 302 302 187 187 268 167 167 167 167 167 167 167 167 167 206 206 167 157 157 157 157 157 79 151 151 151 134 134 126 126 79 79 79 79 79 79 58 2 2 2 2 2 3 4 4 
902 902 902 902 902 926 851 851 851 851 875 875 875 875 851 835 835 785 785 785 785 785 795 795 795 752 752 771 752 723 751 736 736 662 662 646 646 646 646 646 670 678 678 657 611 611 611 611 611 611 611 612 586 586 587 587 546 546 569 410 410 410 410 533 410 410 515 410 410 410 410 410 410 410 450 450 410 427 428 405 405 372 372 301 301 301 301 187 187 187 187 187 187 187 187 187 187 187 187 268 268 268 187 187 187 224 224 224 224 206 206 167 191 185 157 157 157 79 79 79 79 134 134 126 126 79 79 79 79 86 58 58 2 2 3 3 3 3 4 4 
902 947 947 919 919 919 919 902 902 875 875 885 851 851 851 851 835 785 785 785 785 785 785 795 795 752 771 771 752 723 751 736 736 736 662 646 700 700 700 646 670 670 657 657 661 611 611 634 634 586 586 586 586 586 546 546 546 546 569 499 499 499 410 410 410 410 410 410 498 410 410 410 410 410 410 410 410 427 427 405 405 372 371 371 371 377 377 187 187 187 187 187 187 187 187 309 187 187 187 283 187 187 187 256 187 187 216 216 216 216 167 167 185 185 157 157 157 157 157 157 79 79 79 126 126 79 79 92 92 58 58 2 2 2 2 42 5 5 4 4 
902 902 902 919 919 919 902 902 875 875 885 885 851 851 851 851 835 844 844 835 785 785 785 752 752 752 771 771 752 723 723 736 736 662 662 646 646 700 700 646 687 670 657 657 657 657 634 634 634 586 593 593 593 593 546 546 546 546 546 499 499 499 516 516 516 516 480 480 480 480 427 427 427 427 427 427 427 427 427 405 372 372 371 400 371 377 377 187 187 187 187 187 338 187 187 309 187 187 283 283 187 187 262 256 187 187 216 216 216 167 167 185 185 186 166 166 157 157 79 79 79 79 79 108 108 62 62 62 62 58 58 2 2 2 2 42 5 5 4 4 
902 902 902 919 902 902 902 875 875 896 885 886 851 859 859 859 835 835 835 835 785 785 785 752 784 784 771 771 752 752 723 723 736 662 730 662 662 707 646 646 687 670 670 670 657 657 634 634 634 586 586 593 593 593 546 546 546 546 546 499 499 547 516 516 516 516 516 480 480 480 427 427 427 461 427 427 429 429 429 405 372 372 372 400 371 383 371 371 356 356 329 329 329 187 187 187 227 187 187 187 187 187 262 256 187 225 225 216 216 167 207 167 167 167 166 166 157 157 79 79 79 79 108 108 108 62 62 62 62 62 58 72 2 2 50 5 5 5 5 5 
875 875 902 902 902 902 902 875 896 896 885 886 851 851 851 851 851 835 835 836 785 785 785 752 752 779 779 763 763 752 752 723 736 662 662 662 662 707 646 646 646 646 646 646 646 658 646 586 586 624 586 593 593 593 593 546 546 556 546 546 499 499 529 529 529 516 516 499 499 480 427 427 427 429 429 429 429 405 405 405 401 401 372 372 371 371 371 372 356 356 329 342 329 329 187 187 227 227 269 269 187 187 256 256 187 187 225 225 225 167 167 167 167 167 166 166 166 166 79 79 79 79 108 108 108 108 108 62 93 62 72 72 2 2 50 5 5 5 5 5 
875 875 875 875 875 927 875 875 885 885 885 886 860 860 860 785 785 785 785 785 785 752 752 752 752 779 763 763 752 752 752 723 723 723 672 672 662 662 701 671 671 671 646 646 646 646 646 586 586 586 586 613 588 588 588 588 556 556 570 499 499 499 517 517 517 517 517 499 499 480 427 427 429 429 429 429 429 405 405 405 401 401 401 372 372 372 372 372 356 356 329 310 310 330 187 187 187 227 269 269 269 269 256 247 247 187 187 187 208 208 167 167 167 166 166 166 138 138 79 79 79 79 108 108 108 108 109 62 62 62 72 72 2 2 5 5 5 5 5 5 
875 875 875 875 875 875 875 885 885 885 886 886 860 860 860 785 785 837 837 785 785 752 763 763 763 763 763 772 752 752 752 723 723 723 672 672 662 662 701 671 688 671 671 671 641 641 641 586 586 613 613 613 588 594 588 588 556 556 499 499 517 517 517 534 517 517 509 509 499 480 480 427 429 429 429 429 429 434 402 402 401 401 401 372 372 329 329 329 329 329 329 310 310 330 187 187 187 227 269 269 269 269 256 247 248 187 187 187 208 208 208 167 167 166 166 166 138 138 138 79 79 79 137 127 127 62 62 62 62 87 43 43 43 43 5 5 5 6 6 6 
955 875 875 875 875 881 881 885 903 885 886 886 824 824 860 860 785 837 837 837 823 752 763 763 763 785 723 723 723 723 723 723 723 723 672 672 662 681 681 671 671 671 662 662 641 641 641 641 586 586 613 613 588 594 594 541 541 556 499 499 499 499 499 499 499 499 509 499 499 481 481 427 427 429 414 414 434 434 402 402 401 401 401 401 389 329 329 329 329 329 329 310 310 310 320 227 227 227 288 269 247 247 256 247 247 187 187 187 226 208 208 167 167 167 179 179 138 138 138 79 79 79 127 127 62 62 62 62 62 87 43 43 43 43 51 5 5 6 6 6 
955 955 875 875 875 881 881 885 885 885 824 824 824 824 860 860 785 837 823 823 823 785 785 785 785 785 723 723 723 723 723 723 723 723 672 672 662 662 681 681 681 681 662 662 662 641 642 642 586 586 614 614 588 588 588 541 541 556 556 556 556 499 499 518 518 499 499 499 481 481 427 427 427 414 414 414 414 414 402 402 402 402 402 402 389 329 378 329 329 357 310 310 310 310 310 227 227 227 288 269 247 247 247 247 247 187 187 187 187 187 187 187 187 167 167 138 138 138 163 79 79 79 127 127 62 62 62 62 62 87 43 43 43 43 51 19 19 29 19 7 
906 906 906 941 881 881 881 881 885 885 824 887 824 824 860 860 785 785 823 823 823 785 739 739 739 786 723 723 764 723 723 723 723 723 672 672 715 662 702 681 681 662 662 616 616 641 642 642 586 614 614 588 588 588 588 541 541 541 541 541 541 541 541 518 518 518 518 481 481 481 427 427 427 414 414 414 414 414 414 402 402 389 389 389 389 329 329 329 357 357 310 310 310 310 310 227 227 227 227 269 247 247 247 227 227 187 187 187 187 192 192 192 187 187 167 138 138 138 138 79 79 79 128 127 128 62 62 62 62 43 43 73 43 43 51 19 19 19 19 7 
906 906 906 881 881 904 904 881 885 885 824 824 824 824 824 824 824 785 785 785 785 785 739 739 739 786 723 723 739 739 747 747 723 723 672 672 672 662 662 662 662 662 616 616 616 641 641 641 586 586 586 586 586 602 541 541 557 557 557 557 557 541 541 518 518 518 518 481 481 481 427 427 427 414 414 414 414 435 414 414 414 389 389 389 373 373 373 373 350 350 350 310 310 310 310 310 227 227 227 269 247 247 227 227 227 227 227 227 227 192 192 192 192 167 167 138 138 138 138 143 143 143 128 128 128 62 62 62 62 43 43 43 43 43 43 19 19 19 20 7 
906 906 948 881 881 904 881 881 881 881 881 881 861 861 861 861 824 838 838 838 806 806 806 739 739 739 739 739 739 739 739 739 739 731 731 724 672 672 672 672 616 616 616 616 616 641 641 641 586 586 586 586 586 541 541 557 557 500 500 500 500 500 500 500 518 500 500 510 500 407 407 473 427 414 414 414 415 415 373 373 373 389 389 389 373 384 271 271 350 350 303 303 303 303 303 311 227 227 227 227 247 247 227 227 227 227 199 199 193 193 192 192 192 167 138 138 138 138 138 143 143 138 138 100 100 115 62 62 62 59 59 59 59 59 43 43 19 19 7 7 
906 906 942 942 881 904 881 881 881 882 881 881 861 861 871 824 824 838 838 838 806 806 806 739 780 780 780 739 739 753 740 740 740 731 731 724 672 672 672 672 616 616 616 616 616 616 616 616 586 586 586 586 586 541 541 557 557 500 500 535 535 535 542 500 500 500 500 500 500 407 407 407 427 427 427 427 415 415 373 373 373 373 373 373 373 384 271 271 303 303 303 331 331 331 303 311 227 227 227 227 227 227 227 227 249 199 199 199 199 193 193 193 193 167 138 138 138 138 138 138 138 138 100 100 100 100 100 100 62 59 80 59 59 60 52 21 21 21 7 7 
906 906 942 881 881 904 904 904 904 882 881 881 881 861 824 824 824 824 824 824 824 806 806 739 780 739 739 753 753 753 740 740 724 724 731 724 672 672 672 672 616 616 663 616 616 616 616 616 635 625 586 586 586 541 541 500 500 500 500 535 535 535 535 535 500 500 407 407 407 407 407 407 415 415 415 415 415 415 373 373 373 373 373 373 384 384 271 271 303 303 303 303 332 332 303 303 227 227 227 284 257 257 257 257 199 199 228 228 199 199 193 193 167 167 174 174 174 138 138 138 152 100 100 116 116 100 100 101 62 59 59 59 59 52 52 21 33 21 21 7 
906 906 906 906 906 906 906 904 904 882 888 888 882 861 824 824 824 796 796 796 825 806 807 739 739 739 739 753 753 753 724 724 724 724 724 724 672 672 682 672 672 616 663 663 663 616 647 625 625 625 586 586 541 541 500 500 580 571 571 535 535 535 535 536 407 407 407 482 482 482 407 415 415 415 415 415 415 415 415 415 373 373 373 373 384 271 271 271 271 303 303 303 332 321 321 303 303 289 289 257 257 258 258 258 199 199 228 228 228 199 199 199 167 167 167 167 167 167 138 138 152 100 116 116 116 100 100 62 62 59 59 59 59 52 52 21 21 22 22 7 
906 906 906 906 906 928 906 905 905 882 882 882 882 796 796 796 796 796 796 796 796 796 796 796 739 739 739 757 757 753 724 724 724 724 724 724 672 672 682 682 672 616 616 616 616 616 647 625 625 625 541 541 541 603 500 500 580 571 571 535 535 535 535 536 407 407 407 407 407 482 407 407 462 462 444 444 444 415 415 415 373 373 373 373 384 271 271 366 366 270 270 270 270 321 289 289 289 289 257 257 258 258 217 217 217 199 199 199 217 217 100 100 183 183 183 167 167 100 100 158 152 100 116 62 62 62 110 62 62 59 59 59 59 61 34 34 21 21 7 7 
949 949 949 916 916 906 906 905 905 796 796 796 796 796 852 852 796 796 796 826 826 808 808 796 796 739 739 757 757 753 753 619 619 619 619 619 716 619 619 682 672 672 672 672 616 616 625 625 625 625 541 541 541 541 541 500 500 500 500 500 535 535 536 536 407 407 519 407 407 482 482 407 407 444 444 451 407 407 424 415 373 373 384 384 384 271 271 366 366 270 270 343 270 321 289 289 289 289 258 258 258 263 217 217 217 217 217 217 217 100 100 100 100 100 100 100 100 100 100 100 152 100 116 62 62 62 62 62 62 59 59 59 59 61 34 34 34 21 7 7 
949 949 916 916 916 906 906 905 905 796 796 796 796 852 852 852 852 826 826 826 827 808 781 781 781 739 739 757 757 757 619 619 619 619 619 619 619 619 619 682 689 682 616 616 616 616 625 625 625 625 541 541 541 541 541 500 500 500 500 500 500 536 536 530 530 407 407 407 489 489 407 407 407 444 407 407 407 407 424 415 415 384 384 384 384 271 358 358 358 358 270 270 270 270 270 270 289 289 258 258 258 263 263 217 250 240 217 217 217 100 200 200 102 102 102 100 100 102 102 100 100 100 116 116 62 62 62 62 62 59 59 59 59 59 7 7 7 21 21 7 
950 950 916 916 906 906 906 915 906 796 796 796 796 852 852 852 852 826 827 827 827 808 781 781 781 781 781 757 757 619 619 619 619 737 619 619 619 619 619 682 682 682 616 616 616 616 616 616 625 625 541 541 541 541 541 500 500 500 572 500 500 536 536 530 475 475 407 407 489 407 407 474 444 444 407 445 445 407 424 424 384 384 406 384 384 271 358 358 270 270 270 270 339 270 270 270 289 289 258 258 258 258 264 217 217 240 217 234 217 100 200 200 102 102 102 102 102 102 102 100 100 139 139 116 116 116 62 62 62 62 81 59 59 59 7 7 7 21 21 7 
950 950 950 916 906 906 906 906 906 796 796 876 876 876 852 852 852 826 827 827 827 808 808 781 787 787 758 758 758 619 754 619 737 737 619 619 619 619 690 690 682 682 616 616 616 616 616 616 541 541 541 615 541 541 581 581 581 500 500 500 500 500 530 530 475 475 475 475 489 407 407 407 444 407 407 445 445 407 424 424 384 384 384 384 390 271 358 358 270 270 270 270 339 270 270 270 270 270 270 270 270 258 258 259 217 217 217 217 217 100 209 102 102 102 102 102 102 102 102 102 102 139 102 102 102 102 102 102 94 62 81 59 59 8 7 7 35 7 7 7 
963 956 951 916 920 920 920 916 862 862 862 862 862 862 826 826 826 826 703 839 781 781 781 781 758 758 758 773 758 619 619 619 737 737 619 708 708 619 619 690 690 616 616 616 616 616 616 616 541 541 615 615 607 581 581 581 581 500 500 563 500 500 530 475 475 526 475 475 475 475 483 407 407 407 430 430 430 407 407 407 407 384 384 390 390 271 271 271 333 333 333 333 333 333 276 276 270 270 270 270 270 270 258 238 238 217 217 217 217 100 100 102 194 102 102 175 175 102 102 102 102 139 102 102 102 102 54 54 94 62 62 62 62 8 53 7 7 7 7 8 
956 956 951 916 916 916 916 916 862 862 862 862 862 862 826 826 826 826 703 839 781 781 781 781 758 773 773 773 758 758 619 619 741 619 619 708 708 708 619 691 691 616 616 616 616 616 616 616 636 541 541 607 607 581 595 581 582 500 500 500 500 548 475 475 511 511 475 475 475 475 483 407 407 407 430 430 430 430 407 407 407 407 407 379 379 379 379 271 333 333 333 344 333 333 276 276 276 276 276 276 276 258 258 238 238 238 238 217 217 218 100 102 102 102 102 54 54 102 102 102 102 102 102 102 129 117 54 54 54 54 66 66 62 8 8 8 7 30 7 8 
956 956 951 936 936 916 916 862 862 862 862 862 862 862 826 826 826 826 703 703 703 781 781 781 758 773 773 773 742 742 619 619 619 619 619 619 619 619 619 691 692 616 616 648 648 648 648 616 636 626 541 607 607 581 581 581 582 537 537 564 548 548 475 537 511 527 475 475 501 475 475 407 407 407 430 430 446 430 430 392 392 392 379 379 379 379 379 271 271 271 271 271 271 271 271 276 276 298 258 258 258 258 238 238 217 217 217 217 229 100 100 180 180 54 54 54 54 54 54 54 54 102 102 102 129 117 54 103 54 54 66 66 62 62 8 8 7 7 7 8 
951 951 951 936 936 862 862 862 907 862 862 862 862 862 862 862 826 826 703 703 703 703 781 781 797 773 773 773 742 742 619 619 619 732 732 619 619 691 691 691 648 648 648 648 648 648 649 616 541 626 541 541 541 541 541 589 582 537 537 537 548 548 475 537 511 527 475 475 490 490 475 475 463 463 452 452 446 392 392 392 392 392 379 379 379 380 380 374 351 351 271 271 271 271 271 271 271 298 258 258 258 258 238 217 217 241 217 217 100 100 180 180 180 54 54 54 154 154 54 54 54 102 102 102 117 117 54 103 54 54 66 66 66 8 8 8 8 8 8 8 
951 930 930 929 929 862 862 862 862 862 862 862 862 877 845 845 845 845 703 703 703 703 703 703 703 703 703 773 742 742 742 742 742 619 619 619 619 691 619 619 648 648 648 619 619 619 649 616 541 541 541 541 541 541 541 582 582 537 537 537 537 537 537 537 511 511 511 511 490 490 475 475 463 446 452 452 446 392 392 392 392 392 392 391 391 374 374 374 351 351 351 258 258 258 299 299 271 271 271 258 258 258 258 217 241 241 217 217 100 219 180 201 180 54 54 54 154 154 54 54 54 54 54 135 117 117 54 103 54 54 66 66 66 8 8 8 36 8 8 9 
951 930 930 943 929 929 862 862 862 862 862 862 862 877 845 846 846 846 703 703 703 814 788 788 703 703 703 703 765 703 703 703 743 619 619 619 619 619 619 619 619 619 619 619 650 619 649 616 616 616 541 541 596 537 537 582 582 537 537 549 549 549 463 463 463 463 463 463 463 490 484 463 463 446 446 446 446 392 392 392 391 391 392 391 392 374 374 351 351 258 258 258 258 258 299 299 299 299 271 271 271 271 258 217 217 217 217 217 100 100 180 180 180 180 180 180 154 154 164 54 54 54 54 135 54 54 54 54 54 54 54 54 54 54 54 9 9 9 9 9 
951 930 930 943 929 929 862 862 862 862 862 862 862 877 845 846 774 774 774 804 804 814 788 788 703 703 703 703 703 703 755 703 743 709 709 619 619 683 683 683 619 619 664 650 650 619 619 619 627 616 616 616 596 604 537 537 582 537 463 463 463 463 463 538 502 502 502 512 463 463 484 463 463 436 436 436 436 392 392 391 391 391 391 391 392 374 374 351 351 258 345 345 258 258 258 312 299 299 258 258 258 258 258 235 235 235 100 100 100 100 100 180 180 168 168 168 168 154 164 54 54 54 54 54 54 54 54 54 54 54 82 54 54 9 9 9 9 9 9 9 
930 930 930 930 929 929 908 908 908 862 862 889 883 853 853 774 774 774 774 804 804 814 788 788 703 703 703 703 703 755 755 703 703 709 709 709 619 619 619 683 683 683 664 650 650 650 650 619 627 627 619 596 596 604 596 537 582 537 463 463 463 463 463 463 502 502 502 502 502 463 463 463 463 436 436 436 436 436 392 392 392 392 392 392 392 374 351 351 351 258 345 258 258 258 258 312 299 299 258 258 258 258 235 235 235 235 100 100 100 100 100 100 100 168 168 168 168 154 154 95 95 95 95 95 95 95 95 95 95 82 82 67 67 9 23 23 23 23 10 10 
930 930 930 930 937 908 908 889 889 889 889 889 883 853 853 774 774 774 804 804 804 804 788 788 788 788 703 703 703 755 755 703 703 709 709 709 709 709 619 619 683 683 664 651 651 651 651 619 637 619 619 596 596 596 596 537 537 537 463 463 463 463 463 463 502 502 520 470 470 485 485 470 470 436 436 386 386 386 416 392 392 393 393 347 347 374 351 351 258 258 258 258 258 258 258 258 258 258 258 258 258 258 235 235 235 235 235 100 100 100 100 100 100 168 168 168 168 168 154 95 140 95 95 118 118 118 82 82 82 82 44 44 44 9 9 9 9 23 10 10 
930 930 930 930 937 908 908 889 889 889 889 883 883 853 853 863 774 774 774 774 828 804 804 804 789 789 703 703 703 759 703 703 733 733 733 703 703 703 703 619 664 664 664 651 651 651 652 619 619 619 608 608 608 583 583 583 583 565 565 565 463 463 463 463 502 520 520 470 470 485 470 470 453 453 457 386 386 386 416 416 416 393 347 347 374 374 351 351 258 258 258 346 258 313 313 242 242 272 272 272 272 272 235 235 242 242 235 235 100 100 100 100 100 168 176 176 176 154 154 95 140 140 140 118 118 118 82 82 96 44 44 44 44 9 9 9 9 23 23 10 
930 930 944 930 930 930 908 889 889 883 883 883 853 853 853 774 774 840 840 774 774 815 789 789 789 774 774 703 703 759 703 703 703 703 703 703 703 703 704 619 664 664 664 664 664 651 620 620 620 620 608 608 608 583 583 583 583 565 565 565 463 463 539 539 502 520 520 470 470 470 470 476 453 453 453 453 386 386 416 416 417 393 347 374 374 385 351 351 258 258 258 258 258 313 313 313 242 272 272 242 242 273 242 242 242 100 100 100 100 100 100 100 100 168 176 176 176 154 154 95 153 95 95 118 118 82 82 82 96 44 44 44 44 44 44 9 9 24 24 10 
921 921 944 944 930 930 908 909 909 883 890 890 853 872 872 774 853 840 840 840 774 815 789 789 774 774 774 703 703 703 703 703 697 697 693 693 693 704 704 619 619 619 651 651 651 651 620 620 620 620 620 597 597 597 583 583 583 565 565 565 463 463 539 539 502 520 520 470 486 486 486 476 453 454 454 454 386 437 416 416 393 393 347 347 347 347 351 351 258 278 278 278 278 313 313 313 242 242 242 242 242 273 242 242 242 100 100 230 100 100 195 195 195 168 168 168 176 154 154 95 95 95 95 82 82 82 104 104 96 44 44 74 44 44 44 44 9 9 9 10 
921 921 908 908 931 931 908 909 909 883 890 890 853 853 853 853 853 840 774 774 774 815 774 774 774 774 774 703 703 703 703 703 697 697 693 693 693 704 704 693 693 619 651 651 659 659 621 621 621 621 621 597 597 597 597 573 573 577 573 539 539 539 539 539 502 520 520 470 486 486 453 453 453 454 438 438 386 386 386 386 393 393 393 393 393 347 351 351 258 258 352 278 278 334 290 290 300 300 242 242 242 242 242 242 242 100 100 230 230 168 168 168 168 168 168 168 176 154 165 154 154 95 95 82 82 119 44 44 96 44 44 44 44 44 9 9 9 9 9 9 
921 921 921 908 908 908 908 909 909 883 883 883 854 854 854 854 854 840 774 774 774 774 774 774 774 774 774 774 697 697 697 748 697 697 697 725 693 704 704 693 694 619 651 651 659 659 621 621 621 621 621 573 573 573 573 573 573 573 573 539 539 539 502 502 502 520 520 470 470 470 453 453 453 438 438 438 386 386 386 386 386 386 386 386 394 347 351 351 258 258 278 278 290 290 290 290 300 300 242 242 242 242 242 100 100 100 168 168 168 168 210 176 176 176 176 176 176 154 154 154 155 95 95 82 82 119 44 44 44 44 44 44 9 9 9 9 9 9 9 9 
921 921 921 921 921 932 854 854 910 883 883 883 854 840 840 840 840 840 841 841 809 809 774 774 774 774 774 775 697 697 697 748 697 697 697 725 693 693 693 693 651 651 651 673 653 653 653 621 621 621 621 573 590 590 590 590 531 531 531 531 531 531 502 502 502 502 502 502 503 470 470 453 453 438 438 386 386 386 386 418 418 386 386 386 394 347 381 258 258 359 278 290 290 335 322 290 290 290 290 242 242 242 242 100 100 100 168 220 220 220 210 176 176 176 82 82 82 82 82 82 82 82 82 82 119 119 44 44 44 44 44 44 9 9 55 9 9 9 9 9 
921 921 921 921 921 932 854 854 854 854 854 883 854 840 840 840 840 840 841 841 809 809 774 774 774 775 775 775 697 697 738 738 738 697 697 697 697 710 693 693 651 651 651 651 653 653 653 621 621 590 590 617 590 590 590 531 531 550 550 550 558 531 502 502 502 502 521 502 503 453 453 453 464 464 438 386 386 386 408 408 408 408 408 386 394 347 347 258 359 359 278 278 322 322 322 278 278 290 290 242 277 242 265 100 100 100 168 220 210 210 210 176 176 176 82 82 82 82 82 159 82 82 82 119 119 120 44 44 97 44 44 44 68 9 9 9 9 9 11 11 
921 921 921 921 921 921 854 854 897 897 854 854 854 840 840 840 840 840 842 842 829 809 809 766 766 766 766 766 766 697 738 738 738 697 697 717 697 697 697 697 651 651 651 651 653 643 643 643 590 590 590 590 590 605 531 531 550 550 574 550 550 531 531 540 531 502 502 502 503 453 453 453 453 453 438 386 386 386 408 408 419 408 408 386 386 386 347 258 258 258 258 278 278 278 278 278 278 291 291 242 242 242 265 100 243 243 168 210 210 211 211 181 181 181 181 82 82 169 82 82 82 144 82 75 75 75 75 75 75 75 75 75 37 37 9 9 9 11 11 12 
957 921 921 921 921 921 921 854 854 854 854 854 857 840 840 840 840 842 842 829 829 816 760 760 760 766 766 767 767 697 697 697 738 738 697 717 717 679 679 679 651 651 643 643 643 643 643 643 590 590 590 590 605 605 531 584 550 550 550 550 550 550 531 531 531 502 502 453 453 453 453 453 453 453 438 386 386 386 408 408 386 386 386 386 386 386 347 367 367 258 258 278 278 278 278 314 278 278 278 278 278 260 260 100 100 100 168 210 231 211 211 181 181 181 181 181 169 169 82 82 82 82 82 75 121 121 111 75 75 88 76 76 37 37 37 37 9 9 9 12 
957 957 921 921 921 922 922 854 854 854 854 854 857 840 840 840 840 842 829 829 816 816 760 760 760 790 767 767 749 749 749 697 697 697 697 717 717 679 679 679 679 679 643 643 643 643 643 643 590 590 590 590 605 551 551 584 584 550 550 550 550 550 453 453 453 502 502 453 491 491 453 453 453 453 438 386 386 386 425 425 386 386 386 386 386 386 347 367 367 347 347 279 279 279 279 279 279 260 260 260 260 260 260 260 100 100 168 210 231 212 212 181 181 181 181 169 169 82 82 141 141 82 82 75 111 111 111 76 76 76 76 76 37 37 37 37 37 9 9 12 
958 958 938 938 938 922 922 854 854 854 854 854 857 878 873 840 840 829 829 829 816 816 760 760 767 767 767 749 749 749 749 749 718 718 734 718 718 679 679 679 679 679 679 622 622 622 622 622 628 628 590 590 551 551 551 584 584 559 559 559 559 550 453 453 453 453 453 453 491 491 453 453 438 438 438 386 386 386 386 386 386 386 386 386 368 368 347 347 347 347 347 279 279 315 315 315 279 260 260 260 260 100 100 100 100 168 168 210 231 212 212 181 181 181 181 169 169 82 141 141 141 141 75 75 111 76 76 76 98 76 76 76 37 37 37 38 38 9 12 12 
958 938 938 922 922 922 922 854 854 895 895 854 857 857 873 855 855 829 829 829 830 760 760 760 767 767 767 749 768 749 749 749 718 718 718 718 679 679 679 695 695 622 622 622 622 622 628 628 628 551 551 551 551 551 551 585 585 559 575 550 550 550 453 453 492 492 492 492 492 492 438 438 438 438 438 438 438 438 386 420 420 386 386 386 368 368 368 368 368 347 347 347 279 315 279 279 279 292 292 260 260 100 100 100 251 168 168 210 182 182 182 188 188 82 82 82 82 82 141 141 141 141 75 75 76 76 76 76 77 77 77 38 38 38 38 38 39 9 12 12 
958 938 938 922 922 922 922 854 854 895 895 854 854 857 873 855 856 829 829 829 760 760 810 760 760 760 760 749 749 749 718 718 718 718 726 726 679 711 679 695 695 622 622 622 622 622 628 628 628 551 551 551 551 551 598 559 559 559 575 550 493 493 493 493 492 492 492 493 493 493 438 438 438 438 438 438 439 439 386 386 386 386 386 386 382 382 360 360 369 347 347 347 279 279 279 304 304 292 279 279 100 100 100 100 210 210 210 210 182 213 182 182 188 82 141 141 141 141 141 141 141 141 141 75 76 76 76 76 77 77 77 38 38 63 9 9 9 9 25 12 
923 923 923 923 923 923 923 854 854 895 895 857 857 857 855 855 829 829 829 829 760 760 760 760 760 760 760 776 749 749 718 718 718 718 726 679 679 711 679 679 695 622 622 622 622 622 622 622 622 629 551 598 598 598 598 559 559 559 575 550 493 493 543 493 493 528 493 493 504 431 431 477 431 431 431 447 439 439 411 411 411 411 386 386 382 382 360 360 360 279 279 279 340 279 279 279 279 292 279 279 210 210 266 210 210 210 210 210 182 213 213 182 188 82 141 141 141 170 141 141 141 141 141 75 122 122 76 76 99 77 77 77 38 63 9 31 9 9 12 12 
923 923 923 933 933 933 911 911 857 857 857 857 855 855 855 829 829 829 829 760 760 817 760 760 760 760 782 756 756 718 718 726 726 726 726 679 679 711 705 679 680 622 622 654 654 622 622 622 622 629 551 551 551 551 551 551 559 559 550 550 560 493 493 493 493 493 493 504 504 431 431 431 431 431 431 447 447 440 411 411 411 411 386 386 382 382 360 360 360 279 279 279 279 279 316 316 279 279 279 279 210 210 210 210 252 210 210 210 214 182 182 182 188 188 141 141 141 141 141 141 141 75 75 75 122 122 76 76 99 77 77 38 38 9 9 31 31 31 12 13 
923 923 923 933 933 911 911 911 857 857 857 857 864 864 874 829 829 829 760 760 760 760 760 760 760 791 756 756 756 756 756 726 726 727 727 727 679 679 705 679 680 680 680 654 654 654 654 622 622 622 622 551 551 544 544 551 551 551 550 550 560 493 493 493 493 493 493 493 319 431 431 465 465 431 440 440 440 440 411 411 411 412 353 353 353 382 382 360 360 360 279 348 316 316 316 317 279 279 279 279 210 210 210 252 252 236 236 214 214 182 182 182 182 182 182 182 160 160 160 160 75 75 142 83 83 83 83 83 83 83 83 38 69 9 9 9 9 32 12 13 
959 959 923 923 923 911 911 911 911 891 891 857 864 864 874 864 760 760 760 818 818 818 811 798 798 791 756 756 756 756 719 719 719 719 719 719 719 679 679 679 630 630 630 654 654 655 655 638 638 609 609 609 544 544 544 551 551 551 566 566 493 493 493 493 493 522 522 493 319 494 431 431 465 465 440 440 440 411 411 426 411 353 353 403 353 353 353 360 360 360 279 279 316 279 279 279 279 279 279 279 210 210 252 252 253 236 236 214 214 214 214 202 160 160 160 160 160 160 160 161 75 142 142 83 112 112 112 38 38 89 38 38 69 45 45 45 9 9 12 13 
959 923 923 923 923 911 911 911 911 891 891 857 857 864 864 864 760 760 760 760 760 760 811 798 791 791 756 756 719 719 719 719 719 719 719 728 630 630 630 630 630 684 630 630 630 630 630 638 638 609 609 609 544 544 544 551 551 551 566 566 493 493 493 493 493 493 493 493 319 494 431 431 466 466 440 440 440 411 411 411 411 353 353 353 387 387 353 353 353 353 353 279 279 279 323 279 279 279 279 279 279 210 252 236 236 236 236 236 214 214 202 202 160 160 160 160 75 75 75 75 75 142 83 83 112 112 112 38 38 38 38 38 38 45 13 13 13 9 13 13 
959 923 923 923 923 911 911 911 891 891 891 891 857 864 864 865 857 760 760 831 831 760 760 798 791 791 756 756 719 719 719 719 719 719 719 630 630 630 630 684 684 684 665 665 665 630 630 606 606 606 606 609 544 544 544 544 544 551 551 551 551 493 493 493 493 505 505 505 319 319 431 431 431 431 440 440 448 411 411 421 421 353 353 353 353 353 353 353 353 353 279 279 279 305 305 305 305 279 279 279 279 210 236 236 236 236 236 236 202 202 202 203 160 160 160 160 75 75 162 162 142 142 83 83 112 112 112 38 38 38 84 38 38 13 13 13 13 9 13 14 
959 923 923 923 923 911 911 912 891 891 891 891 857 864 864 865 857 760 760 831 819 819 760 760 799 750 750 750 750 750 719 719 719 719 630 630 720 630 630 684 684 684 665 666 666 630 630 606 606 606 606 609 544 544 545 545 544 544 544 544 551 551 544 493 493 493 493 505 505 319 319 319 319 431 431 431 431 431 431 363 363 363 363 324 324 324 324 353 353 353 279 279 279 305 305 305 305 279 279 280 280 210 236 236 236 236 239 202 202 202 202 202 160 160 160 160 160 75 162 142 142 83 83 83 112 112 112 38 38 38 38 38 70 13 56 13 13 13 13 14 
923 923 945 945 924 924 924 912 912 891 891 891 857 864 864 857 857 831 831 831 832 812 812 760 750 750 750 750 769 750 750 630 630 630 630 712 712 712 685 685 685 685 665 666 630 630 630 606 606 606 606 609 609 544 545 545 545 545 544 544 551 551 544 493 493 493 493 493 506 471 471 471 319 319 458 319 319 319 319 363 363 363 363 324 324 324 324 324 324 361 306 306 336 336 305 305 293 293 293 280 280 210 210 210 244 236 236 202 202 202 202 202 160 160 160 160 160 75 75 142 83 83 123 123 112 112 46 46 46 46 46 70 70 13 13 13 14 13 13 14 
923 945 945 924 924 924 924 912 912 891 891 891 857 879 857 857 831 831 833 833 812 812 760 760 750 750 750 750 769 760 750 630 632 632 632 660 660 660 685 685 685 685 665 674 630 630 630 630 630 630 606 606 606 544 544 544 544 545 544 544 544 544 544 467 467 467 467 493 506 471 471 471 471 319 319 319 319 319 319 319 363 363 363 395 395 324 324 324 324 306 306 306 306 306 305 305 293 294 294 210 210 210 210 210 244 244 236 236 196 196 196 196 196 75 75 160 160 171 75 142 83 145 123 123 130 46 46 15 15 15 46 70 46 46 46 46 14 14 14 14 
923 923 923 924 924 934 892 892 892 892 892 857 857 857 857 866 831 820 820 833 833 820 760 777 777 750 769 769 769 760 750 630 630 632 632 660 660 660 660 660 660 660 665 660 660 660 544 544 631 631 606 606 606 606 544 544 544 545 545 545 561 544 544 467 467 467 493 493 441 441 441 478 441 441 319 319 319 319 432 319 363 363 409 395 395 324 324 324 324 306 306 306 306 306 306 306 306 294 294 210 210 210 204 204 204 204 204 204 196 196 196 196 75 75 75 75 171 171 75 142 83 123 123 123 83 83 83 15 15 15 46 46 46 46 46 47 15 15 15 15 
960 923 923 939 939 892 892 913 913 892 892 857 857 857 866 866 831 820 820 820 820 820 760 760 777 750 750 750 750 760 750 750 630 632 632 632 632 632 660 660 660 660 660 660 667 544 544 544 631 544 544 544 544 544 544 576 576 545 545 545 545 544 544 467 467 467 493 513 441 441 487 441 441 441 319 319 319 319 319 319 422 363 363 396 396 324 324 324 324 362 306 337 337 337 306 306 307 294 294 210 210 210 204 204 204 204 204 204 196 196 215 75 75 75 75 75 171 75 75 142 83 123 123 123 83 123 83 90 90 15 46 46 57 46 46 47 15 15 15 16 
960 923 952 939 939 892 925 913 913 892 892 857 857 867 866 866 831 820 820 820 760 760 760 760 777 777 777 777 760 760 750 750 630 632 632 632 632 632 660 660 660 660 660 667 667 544 544 544 631 544 544 544 610 576 576 576 576 576 567 567 545 544 544 467 467 467 493 493 493 441 441 441 472 441 449 449 319 319 319 319 319 319 363 363 397 324 324 324 324 362 306 306 306 306 306 295 295 295 295 210 210 274 204 204 204 204 204 204 221 221 75 75 197 75 75 75 75 75 142 142 83 146 123 123 123 123 83 90 90 15 65 65 57 64 57 15 15 16 16 16 
960 923 923 939 939 892 892 892 898 898 892 892 884 867 866 866 831 831 831 760 760 821 792 792 792 792 760 760 760 761 630 630 630 632 632 713 713 713 660 660 544 544 544 544 668 544 544 544 544 544 544 544 610 576 576 576 576 576 567 567 545 552 545 467 467 467 467 467 472 472 472 472 472 441 449 449 449 319 319 319 319 319 363 363 375 375 324 324 324 324 324 324 324 324 324 295 295 295 295 281 210 210 267 204 204 204 204 204 221 221 75 75 75 75 75 75 75 131 131 131 83 146 83 83 83 83 83 90 90 15 15 65 57 64 57 15 15 16 16 16 
960 960 923 923 940 892 892 892 898 898 831 831 884 867 867 867 847 847 831 760 792 792 792 800 800 760 760 761 761 761 630 744 744 632 632 713 696 696 696 698 544 544 544 544 544 544 544 644 632 632 544 544 544 576 576 576 576 576 576 567 545 545 545 467 467 467 467 467 472 467 467 441 441 441 449 449 449 319 319 319 319 319 363 363 375 375 375 375 363 363 286 325 308 308 308 308 308 295 295 281 281 210 210 204 204 204 204 204 204 204 125 125 75 75 75 75 75 131 131 131 83 83 83 105 105 83 83 105 90 90 15 65 57 57 57 15 15 16 16 16 
960 960 923 923 940 892 892 892 831 831 831 831 831 868 867 867 847 847 831 760 760 760 800 800 760 760 761 761 761 761 744 744 632 632 729 696 696 696 696 698 544 544 544 675 544 544 544 644 632 632 544 618 544 576 576 576 567 567 567 567 553 553 467 467 467 467 467 467 467 467 467 441 441 441 441 441 441 441 319 319 319 319 364 363 363 363 363 363 363 364 286 325 308 308 308 318 210 210 210 210 210 210 210 204 254 204 204 237 204 204 125 125 125 125 75 75 75 131 131 131 131 83 83 105 105 105 113 105 91 91 15 65 65 65 15 15 16 16 26 16 
960 960 923 946 935 935 831 831 831 744 744 744 831 868 868 868 847 847 831 760 760 760 760 760 760 793 761 761 761 761 744 744 632 735 729 721 721 696 696 696 696 632 632 632 632 656 656 632 632 632 544 544 544 576 576 576 567 567 567 567 553 553 467 467 467 467 467 467 467 479 467 467 467 467 441 441 433 433 319 319 319 319 364 363 363 364 364 364 364 364 286 325 308 308 308 318 210 210 210 285 282 210 210 204 204 204 222 222 204 204 204 125 125 125 75 75 75 131 131 147 131 131 131 106 106 105 105 105 91 91 15 15 15 15 15 48 16 16 16 16 
961 961 923 923 935 935 831 831 831 744 744 744 831 831 831 831 831 848 831 831 760 760 760 760 760 778 778 778 761 761 744 744 632 735 729 729 722 714 632 632 632 632 676 676 632 656 656 632 632 623 623 554 554 576 554 554 554 578 562 562 562 468 468 467 467 467 467 467 467 479 479 479 468 468 459 433 433 433 319 319 319 319 364 364 364 364 364 364 364 364 286 325 325 325 325 210 210 210 210 210 282 210 210 210 210 222 222 222 222 222 204 125 189 189 125 125 177 125 125 147 147 147 131 106 106 106 106 106 49 49 15 15 15 15 48 48 16 16 16 16 
923 923 953 923 935 935 917 917 831 899 744 744 869 869 869 869 831 831 831 831 760 760 760 801 801 778 778 778 744 744 744 632 632 735 735 722 722 714 632 699 632 632 676 676 632 632 632 632 632 623 623 554 554 554 554 591 554 554 562 562 562 468 468 468 467 467 467 467 495 495 479 479 468 459 459 433 433 433 319 398 398 398 398 398 398 319 319 319 319 365 286 286 286 326 326 210 210 210 296 210 210 210 210 210 210 222 222 222 222 222 204 125 125 125 125 125 125 125 125 125 147 147 131 136 124 124 49 49 49 49 49 49 49 49 48 48 16 16 16 16 
923 923 923 923 831 831 917 918 831 899 744 744 869 869 869 870 834 834 834 834 834 760 760 744 744 778 744 744 744 744 744 632 745 722 722 722 714 714 632 676 676 676 676 676 639 639 639 639 639 623 623 554 554 554 599 554 554 554 468 468 468 468 468 468 514 514 523 514 495 495 468 468 468 459 459 433 433 319 319 398 398 398 398 319 319 319 376 376 319 365 319 319 286 286 286 286 286 286 286 286 210 210 210 210 222 222 222 222 232 222 204 204 156 156 156 156 156 156 125 125 148 148 131 131 131 125 49 49 49 49 49 71 71 49 49 49 27 27 27 17 
923 923 923 923 831 831 917 918 831 831 744 744 869 869 869 870 834 834 834 834 744 744 813 744 744 744 744 744 744 744 744 632 632 722 722 722 714 714 632 676 676 676 676 639 639 639 639 639 639 623 623 554 554 554 599 554 554 554 554 468 468 554 468 514 514 514 514 514 468 468 468 468 468 468 433 433 433 319 319 423 423 398 398 319 327 327 376 376 319 319 319 319 319 319 319 319 245 245 245 245 261 261 261 261 222 222 222 222 222 222 205 205 156 156 156 156 156 156 125 125 125 125 125 125 125 125 49 49 49 27 27 27 27 27 27 27 27 17 17 17 
923 923 923 923 831 917 917 918 831 831 744 744 744 869 869 744 744 744 744 744 744 744 744 744 770 770 770 770 770 632 632 632 632 722 722 632 632 714 632 676 676 676 639 639 639 639 639 639 579 579 579 579 579 554 554 554 554 554 554 554 554 554 468 514 468 468 524 468 468 468 488 468 468 468 433 455 433 433 319 319 319 319 319 319 327 327 327 327 319 319 354 327 327 327 327 245 245 245 245 245 245 245 245 245 245 245 222 222 222 222 205 205 156 156 156 156 156 172 156 156 156 132 132 125 125 49 49 107 49 27 27 27 27 27 27 27 27 17 17 17 
923 923 923 923 831 831 831 831 831 893 893 893 744 744 744 744 849 849 744 744 805 805 805 805 770 770 770 770 770 632 632 632 632 632 632 632 632 632 632 676 676 676 639 639 639 639 639 639 579 579 579 579 579 579 579 579 579 579 554 554 554 554 468 468 468 468 468 468 507 468 468 468 468 468 433 433 433 433 433 319 319 319 319 404 327 327 327 327 327 327 327 327 327 327 328 245 245 245 245 275 275 275 245 245 245 245 222 222 222 222 205 205 156 156 156 156 156 156 156 156 156 132 132 132 132 49 49 49 49 27 27 27 27 27 27 27 27 17 17 17 
