1001 1001 1001 1001 933 933 933 933 933 933 933 933 933 933 933 925 892 892 892 892 892 821 821 872 821 821 829 829 829 811 811 788 788 748 748 748 748 748 748 748 720 720 720 720 686 686 644 644 644 644 644 590 590 590 590 618 618 618 596 596 596 562 562 562 562 562 517 517 517 517 517 517 439 439 439 439 439 447 447 447 447 418 418 418 418 397 397 397 351 351 351 351 351 351 323 323 323 323 248 248 279 279 293 261 261 261 261 109 109 109 109 109 109 204 204 107 107 107 107 107 107 107 136 136 120 95 95 95 1 1 1 1 1 57 1 1 1 1 1 1 
1001 1001 1001 1001 933 933 933 933 933 940 940 940 940 940 925 925 892 892 892 900 821 821 821 821 821 821 829 829 829 811 811 788 788 748 748 748 748 762 754 720 720 686 686 721 686 644 644 644 644 644 644 590 590 590 590 590 590 619 596 596 596 562 562 562 562 517 517 517 517 439 439 439 439 439 439 484 439 447 447 447 448 418 430 424 397 397 351 351 351 351 351 351 361 323 323 323 323 324 248 248 248 279 261 261 261 109 109 109 109 109 109 109 109 107 107 107 108 108 108 107 107 107 107 120 120 95 95 95 1 1 1 1 1 57 1 41 1 1 2 2 
1001 1001 1005 994 994 933 933 940 940 940 940 940 940 925 925 926 821 821 821 821 821 885 821 821 821 821 821 821 811 811 788 788 788 788 748 748 720 720 754 720 720 686 686 686 686 644 644 644 644 644 644 655 655 650 590 590 590 590 607 584 584 584 506 506 506 517 517 517 517 439 478 478 478 478 478 484 439 439 439 439 448 418 418 424 397 411 351 351 351 351 351 351 361 323 345 323 323 324 248 248 248 279 261 261 261 109 109 109 109 109 109 221 107 107 194 194 108 179 108 107 107 107 107 120 120 95 100 100 1 1 1 1 1 1 1 1 36 27 2 3 
1005 1005 1005 994 995 960 960 940 940 940 940 940 940 925 926 926 821 821 821 893 893 885 821 821 821 846 846 821 811 820 788 801 801 789 748 748 720 720 720 749 720 686 686 722 686 686 686 696 644 644 650 650 650 650 590 590 620 590 590 584 584 584 506 506 506 517 517 517 517 439 439 439 439 439 478 478 478 461 461 439 439 439 418 424 397 404 404 351 351 351 351 323 323 323 345 302 302 324 248 248 248 279 294 109 109 109 109 256 109 109 109 221 107 208 194 194 108 108 108 107 107 107 107 120 120 95 100 100 1 1 1 1 1 1 53 1 36 27 2 3 
1005 1005 1005 994 995 960 960 974 964 964 925 925 925 925 926 821 821 821 821 893 885 885 821 821 846 846 821 821 811 811 788 788 788 789 748 748 720 720 720 720 720 737 686 686 686 686 686 686 686 644 650 650 650 650 547 547 620 620 590 590 597 584 584 506 506 563 517 517 439 439 439 439 505 439 485 485 412 412 462 412 412 440 418 424 397 404 323 323 323 380 323 323 323 323 302 302 302 324 248 248 248 279 279 109 109 109 109 109 109 221 221 221 107 208 107 107 108 108 146 146 146 146 107 107 107 95 95 95 95 1 1 1 1 1 1 1 27 27 2 2 
1009 1009 995 995 995 960 964 964 964 965 925 925 925 925 926 821 846 846 846 846 885 885 846 846 846 847 821 821 821 811 811 811 788 788 748 748 720 720 720 720 720 720 731 697 697 686 686 686 644 644 608 608 608 608 547 547 547 547 547 590 590 590 506 506 563 563 517 517 439 439 524 439 439 439 412 412 412 412 412 412 412 412 418 418 419 323 323 323 323 380 323 323 352 352 302 339 302 317 317 248 248 248 279 279 279 109 262 109 109 221 209 209 107 107 107 107 108 108 108 108 108 108 108 108 107 107 107 78 78 78 78 1 1 1 27 27 27 27 4 4 
1009 995 995 995 995 960 960 975 965 965 925 925 941 941 821 821 846 846 907 846 846 846 846 861 847 847 835 835 821 821 788 788 788 788 720 720 720 720 720 720 720 720 697 697 697 697 697 697 644 677 608 608 656 608 621 621 621 621 547 547 591 591 506 506 563 563 506 506 506 439 439 439 439 412 412 479 479 370 370 370 449 412 431 418 419 323 323 323 387 323 323 323 302 302 302 339 302 317 248 248 248 248 280 279 279 109 262 109 109 109 209 209 209 209 187 187 108 108 108 108 108 109 109 108 108 108 108 78 78 78 78 18 18 18 18 27 27 27 4 4 
1009 995 1006 988 988 988 960 960 965 965 925 941 941 942 821 821 846 846 894 894 894 877 877 861 847 847 835 836 788 788 788 790 790 790 720 720 720 720 697 697 697 697 697 723 644 644 697 697 644 644 669 608 656 608 608 608 608 608 608 547 547 506 506 506 506 506 506 530 506 529 439 439 439 489 370 370 370 370 370 370 412 412 431 418 418 398 398 323 323 323 302 302 302 302 302 302 302 248 248 301 248 248 280 279 279 109 262 109 247 109 187 187 209 209 187 187 187 180 109 109 157 109 109 121 121 109 109 96 96 78 78 18 18 18 18 42 18 18 4 4 
1009 995 995 988 960 960 960 960 965 965 925 925 821 821 821 821 846 846 894 877 877 877 878 861 847 847 847 788 788 788 788 790 790 791 720 720 697 697 697 750 697 697 697 697 644 644 644 644 644 644 608 608 622 622 608 608 630 608 608 547 547 506 506 506 506 564 557 530 506 506 506 506 506 489 370 370 463 463 370 370 412 412 412 418 418 398 398 398 370 370 302 302 362 302 302 333 333 248 248 301 301 301 280 286 280 109 109 109 109 109 187 187 187 210 187 180 180 180 109 109 109 109 109 121 121 109 101 96 96 79 79 18 18 18 18 42 18 18 18 5 
1009 1010 995 988 960 960 960 960 903 925 925 925 821 821 821 821 846 846 894 877 878 878 878 861 847 847 847 788 788 812 812 812 697 697 779 697 697 750 750 750 697 697 697 697 644 644 702 698 661 661 661 661 622 622 622 622 630 547 547 547 543 543 506 506 557 557 557 530 530 518 518 506 506 489 489 370 463 463 463 370 370 370 412 412 412 412 370 370 370 370 376 302 302 302 302 302 302 325 248 248 248 248 280 280 280 109 109 257 109 109 187 187 187 187 187 180 109 109 109 158 158 147 109 109 109 109 101 96 96 79 79 54 54 54 18 18 18 5 5 5 
1009 1009 995 988 988 960 960 960 903 925 925 925 925 925 925 821 846 877 877 877 846 846 879 861 788 788 788 788 788 812 812 812 697 697 697 697 750 750 750 750 732 732 697 697 697 644 644 698 661 661 661 661 622 622 622 622 630 547 547 604 543 543 543 543 557 557 543 543 530 518 518 370 370 370 370 370 468 468 326 326 326 370 370 370 370 370 370 370 370 370 376 370 302 302 302 302 302 302 302 302 302 248 248 287 248 248 248 248 248 109 109 109 109 109 109 180 109 109 109 158 158 147 122 122 109 109 101 101 86 86 37 37 37 54 18 18 37 5 5 5 
1009 1009 995 995 988 989 980 960 903 903 903 903 903 903 821 821 846 846 846 901 846 886 879 861 861 697 697 697 697 697 697 697 697 697 697 750 750 750 750 750 732 732 697 697 697 708 644 687 687 661 661 651 651 651 622 622 622 622 547 574 574 574 574 543 543 543 543 544 530 518 518 370 370 370 370 370 370 469 326 326 326 326 425 425 370 370 388 388 388 370 370 370 302 302 189 189 189 318 318 230 302 302 248 248 248 248 248 248 248 109 109 211 211 211 109 109 109 147 147 147 147 147 122 122 122 97 97 97 97 37 37 37 37 54 54 37 37 5 5 5 
988 988 1007 988 988 989 980 960 960 960 960 903 903 903 821 821 846 846 846 901 846 879 879 861 861 822 822 822 697 697 697 697 697 697 697 750 750 750 708 708 708 732 732 708 708 708 644 687 687 651 651 651 651 651 644 547 547 623 547 574 574 574 574 574 543 543 525 525 530 530 518 518 370 370 486 486 370 326 326 326 326 326 388 388 388 388 388 388 388 370 370 371 363 189 189 189 189 230 230 230 230 230 295 230 230 230 230 230 230 230 230 211 109 109 109 109 147 147 123 123 123 123 122 122 123 97 97 97 97 37 37 37 37 37 37 37 38 5 19 5 
988 988 988 988 989 989 980 946 946 961 961 903 821 821 821 821 908 908 846 846 846 879 853 853 853 822 822 822 822 822 697 697 697 697 697 750 750 750 708 708 708 708 708 708 713 644 644 687 687 651 651 651 651 644 644 547 547 623 547 547 547 592 574 574 525 525 525 525 525 525 525 507 507 370 486 486 370 326 388 388 388 388 388 388 388 388 388 326 326 326 326 326 363 189 189 189 189 230 230 230 230 230 295 230 230 270 249 249 249 125 125 211 109 109 109 109 147 147 123 123 123 123 123 123 123 97 97 102 97 87 37 37 37 37 5 5 5 5 19 5 
980 1011 988 988 980 980 980 946 946 903 903 903 821 821 821 821 821 908 908 846 846 766 853 853 853 853 822 837 822 822 792 792 697 697 780 750 750 750 751 708 708 708 708 713 713 644 703 644 644 651 651 651 651 644 547 547 547 547 605 605 547 525 525 525 525 546 546 531 531 531 507 507 508 370 370 370 370 326 326 326 326 326 326 388 388 399 399 326 389 326 326 326 363 189 189 340 189 230 230 296 230 230 295 230 230 270 249 249 125 125 125 211 109 109 109 109 147 147 123 123 123 123 123 123 123 97 97 102 97 87 37 37 37 37 5 5 5 5 5 5 
980 1011 980 980 980 990 946 946 946 903 903 903 821 821 821 821 821 909 909 902 766 766 853 853 853 853 822 837 822 822 792 792 697 697 763 763 763 763 751 751 708 688 688 713 713 644 644 644 644 644 644 644 644 644 547 547 547 547 605 605 547 525 571 571 571 546 546 531 531 531 507 508 508 370 370 370 370 326 326 441 441 326 326 399 399 399 399 326 326 326 326 326 326 326 340 340 189 230 230 296 230 303 230 230 281 125 125 125 125 211 211 211 109 109 109 109 147 181 116 116 116 116 116 116 116 116 87 87 97 87 37 37 37 37 37 20 20 6 6 6 
980 1011 980 980 980 990 946 946 946 946 903 903 943 943 821 821 902 902 902 902 766 887 853 853 853 854 822 822 822 822 792 792 792 792 763 763 763 708 751 751 708 708 688 724 688 688 688 688 688 644 644 644 644 644 645 547 547 547 547 547 547 525 525 546 546 546 546 507 507 507 507 508 509 370 370 370 370 441 441 441 441 326 326 399 399 399 399 399 326 326 364 364 364 326 326 341 189 189 189 296 230 230 230 281 281 125 125 125 125 125 222 222 147 147 147 147 147 147 116 124 116 116 116 116 124 87 87 87 87 87 37 37 58 58 37 20 20 6 6 6 
980 980 980 1002 966 966 966 946 946 946 903 903 903 934 934 888 888 888 888 766 766 887 853 853 862 848 848 822 822 813 813 813 764 764 764 769 769 708 708 708 708 708 688 724 688 688 688 678 678 678 644 644 657 644 644 547 624 624 598 598 525 525 525 546 546 546 546 507 507 507 508 508 509 432 432 432 432 432 432 456 441 441 326 326 326 326 399 399 326 326 342 342 342 342 326 326 326 326 189 296 296 296 296 271 271 125 125 189 189 125 125 125 147 125 125 147 147 147 116 124 124 124 124 137 124 87 110 88 88 88 37 37 58 37 37 20 20 6 6 6 
1002 1002 1002 1002 966 966 966 967 967 946 954 954 903 934 934 888 888 914 888 766 766 766 862 862 862 793 793 793 793 813 813 813 764 764 764 764 764 670 670 670 670 670 688 688 688 704 704 678 678 678 644 644 657 644 644 547 624 624 598 598 525 575 575 575 546 558 558 507 507 507 508 508 508 432 432 432 432 470 432 432 432 432 432 390 390 326 326 326 326 381 342 342 342 342 342 342 327 327 189 314 189 189 189 271 271 271 189 189 189 189 231 125 125 125 125 125 188 116 116 124 124 148 124 124 124 87 87 88 88 88 37 37 37 37 55 20 20 6 6 6 
1002 1012 966 966 966 966 966 966 966 946 946 946 903 903 888 888 888 888 888 888 888 766 766 862 862 793 793 793 793 793 793 793 764 764 773 773 764 670 741 741 741 670 670 699 699 699 699 699 670 670 670 644 644 644 547 547 547 547 598 598 525 525 576 576 546 558 545 545 507 507 508 508 508 432 432 450 450 450 450 457 450 433 433 390 390 413 390 390 342 342 342 372 328 328 328 328 327 327 189 314 189 189 189 263 263 272 189 189 239 189 189 125 125 205 205 125 125 125 125 124 124 125 125 125 125 87 87 89 89 89 59 59 37 37 55 43 20 28 20 6 
1002 1002 966 966 966 966 981 966 966 946 946 946 946 903 888 915 915 888 888 888 888 888 766 766 766 793 793 793 793 818 818 793 773 773 773 774 764 741 741 741 733 733 670 699 699 699 699 670 670 679 631 631 631 547 547 547 547 547 547 598 598 525 576 576 546 558 545 546 507 532 450 450 450 490 490 450 471 471 450 450 450 433 390 390 390 390 390 390 342 342 342 372 328 328 346 328 328 189 189 189 189 189 263 263 263 263 263 189 239 239 189 189 189 189 189 189 189 125 125 166 125 125 143 87 87 87 89 89 90 90 59 59 59 59 43 43 20 20 20 6 
1017 1002 966 966 966 966 981 966 966 944 944 944 903 903 888 888 915 915 888 888 888 888 815 815 766 766 766 793 793 818 818 793 773 773 773 774 764 741 741 741 733 733 670 670 670 670 670 670 631 631 631 662 631 547 547 547 587 587 547 606 585 585 507 507 546 546 546 546 507 532 450 450 450 490 490 450 471 471 458 458 433 433 390 390 390 390 390 390 342 342 342 342 342 328 328 328 328 189 189 189 304 189 189 189 189 189 189 189 250 217 217 217 217 182 182 182 182 125 125 125 125 143 143 87 126 6 6 6 6 6 59 59 65 60 43 22 22 6 6 6 
1017 1002 966 966 966 966 981 976 966 944 962 944 903 903 903 888 888 888 888 903 889 889 815 815 815 815 766 766 766 766 766 793 773 773 631 631 764 742 742 742 733 733 733 631 631 631 631 631 631 631 631 631 631 631 631 638 587 587 547 606 585 585 585 507 507 507 507 507 507 450 450 450 450 450 450 450 433 433 458 433 433 391 391 391 391 414 390 390 390 365 365 342 342 353 328 328 328 328 189 189 304 304 297 273 273 273 217 217 217 217 182 182 182 182 195 195 182 182 87 87 87 87 87 87 6 6 80 6 6 6 59 59 65 60 43 22 22 6 6 6 
1002 1002 966 966 966 966 976 976 966 944 944 944 944 944 903 903 920 903 903 903 889 863 863 863 863 815 838 838 766 766 766 793 793 631 631 631 764 742 742 742 742 733 733 631 671 671 671 671 671 631 631 631 631 631 631 638 587 609 547 547 547 533 533 533 533 533 533 507 507 450 450 450 450 497 450 450 433 433 433 433 391 391 391 391 391 414 391 391 391 365 365 373 328 328 328 328 319 319 264 264 264 264 297 273 273 273 217 258 217 217 182 182 182 195 195 182 182 87 87 167 117 117 87 87 6 98 80 80 80 80 80 43 43 60 43 22 22 22 21 6 
1002 1002 966 966 966 966 976 966 966 917 917 917 947 935 935 903 920 903 903 903 889 889 863 863 864 815 815 815 802 802 766 814 793 793 631 631 764 764 742 742 742 733 733 631 671 671 671 671 671 680 658 658 658 631 631 638 587 609 547 547 547 533 533 533 533 565 533 533 533 533 450 450 450 433 433 433 433 391 391 391 391 442 391 414 414 414 391 391 391 365 365 365 328 328 328 328 319 319 264 264 264 264 264 282 282 217 217 258 240 240 182 182 182 182 182 182 182 87 170 117 117 117 117 138 6 98 98 98 98 43 43 43 43 43 43 22 22 21 21 6 
966 966 966 966 966 966 976 966 917 917 917 917 935 935 903 903 903 903 815 815 815 815 815 815 815 815 815 815 802 802 766 766 766 766 631 631 631 765 742 742 742 631 631 631 714 705 705 700 671 671 631 631 631 631 631 638 587 609 547 547 547 547 586 547 547 547 547 547 433 433 433 433 433 433 433 433 480 391 391 391 442 442 391 414 414 414 391 391 391 365 377 365 365 328 328 319 319 319 319 264 264 264 264 264 264 217 217 258 240 240 196 196 196 196 182 182 182 87 87 117 117 117 117 138 6 98 98 103 43 43 43 43 66 43 43 44 22 21 21 6 
966 966 966 966 966 966 966 966 917 917 917 917 935 935 903 903 903 815 815 815 815 815 815 815 815 855 802 802 802 802 802 802 802 766 766 775 631 631 755 631 631 631 660 660 714 705 705 700 671 671 631 631 631 631 631 638 587 609 609 547 547 547 547 547 572 539 539 539 539 510 510 391 391 391 391 391 480 391 382 382 442 442 391 391 391 391 391 365 365 365 377 319 319 354 319 319 319 319 319 264 264 264 264 264 264 274 217 217 240 240 196 196 198 196 196 196 182 182 87 144 144 144 117 117 6 98 98 43 43 43 43 23 23 44 44 44 22 29 6 6 
966 966 966 966 966 966 966 966 917 917 917 917 935 935 815 815 815 815 830 830 865 865 865 815 815 855 802 802 802 802 802 794 794 794 766 766 766 631 631 631 743 660 660 660 660 705 705 700 671 681 631 631 631 631 646 638 587 609 609 587 587 587 587 539 539 539 539 539 540 510 510 391 498 498 391 391 391 391 382 382 382 382 382 382 382 382 405 365 365 319 319 319 319 319 319 319 319 319 319 288 288 288 288 288 264 264 264 217 241 241 232 196 198 197 197 197 182 182 87 127 127 144 144 117 6 6 6 43 43 43 43 23 23 23 23 23 22 29 6 6 
966 966 966 966 966 966 966 966 966 966 917 917 935 935 815 815 815 815 830 830 865 865 865 865 865 802 802 802 802 802 802 794 803 766 766 766 766 631 631 660 660 660 660 660 660 700 700 700 671 671 631 631 638 638 638 638 587 610 610 587 599 539 539 539 548 548 539 539 510 510 510 391 391 391 391 487 391 382 382 382 382 382 420 420 420 382 405 319 319 319 366 366 366 319 319 319 334 319 319 288 288 289 289 289 217 217 217 217 232 232 232 196 198 197 197 197 182 182 87 127 127 144 144 117 117 117 6 6 43 43 43 23 23 23 23 23 22 22 22 6 
966 966 1008 966 966 966 966 966 966 917 917 917 948 935 935 815 815 815 910 830 830 830 830 830 830 802 839 839 802 802 794 794 803 766 766 766 766 766 756 660 660 660 660 690 690 700 671 671 671 671 671 631 631 631 639 639 587 587 587 587 539 539 577 577 548 548 548 548 510 510 510 510 510 391 391 391 391 382 382 382 382 382 420 420 420 382 382 319 392 382 217 217 217 217 217 217 217 217 217 288 288 289 289 217 217 275 212 212 232 232 232 196 198 198 198 198 182 182 87 127 127 127 127 127 127 111 111 6 75 75 75 75 23 23 23 23 23 23 23 6 
970 970 970 966 966 966 966 966 966 917 917 927 927 935 935 815 916 916 830 830 830 830 830 830 830 802 802 802 802 802 794 794 803 776 776 776 756 756 756 660 660 660 660 660 690 671 671 689 689 671 671 631 631 631 631 640 631 587 587 539 539 577 577 548 548 511 511 511 511 511 511 511 511 391 391 391 464 464 382 382 382 434 434 348 348 382 382 400 382 382 217 217 217 217 217 217 217 217 217 217 217 217 217 217 283 275 212 212 212 233 233 196 212 212 171 171 171 183 87 127 127 127 127 127 127 111 112 6 75 75 75 75 6 6 6 30 30 30 6 6 
970 970 970 966 966 966 966 966 966 917 917 927 927 927 927 815 815 830 830 904 830 830 830 830 840 802 802 802 830 794 794 794 803 776 776 776 756 756 756 660 660 660 660 660 690 671 671 671 671 671 647 647 647 647 631 631 631 587 587 539 600 577 577 548 548 511 511 511 511 511 511 512 512 391 391 391 391 464 382 382 382 348 348 348 348 382 382 382 382 383 217 217 367 217 217 217 217 217 217 217 217 298 298 283 283 275 212 242 212 196 196 196 212 212 171 171 171 87 87 87 87 149 127 128 128 111 111 6 6 6 76 76 6 56 6 6 6 6 6 6 
970 970 996 966 966 966 977 966 966 917 917 917 927 927 927 927 815 830 904 904 830 830 830 830 840 840 840 840 830 794 794 794 794 776 776 776 756 756 756 660 660 738 660 725 690 690 690 690 690 647 647 626 626 647 647 632 632 587 587 539 600 577 577 578 548 566 511 511 511 511 511 391 391 391 488 488 391 464 464 382 382 348 348 348 348 348 401 393 393 217 367 367 367 217 335 335 217 217 217 217 217 298 299 212 212 275 212 242 212 234 234 212 212 212 171 171 171 87 87 87 87 87 87 87 87 87 111 87 87 6 6 6 6 56 56 39 39 6 6 6 
970 970 996 966 966 966 977 966 966 917 917 917 917 917 917 917 815 830 830 830 880 880 830 830 830 856 830 830 830 794 794 794 794 776 776 776 756 756 756 752 660 738 660 660 715 690 690 691 691 647 626 626 626 626 632 632 611 611 611 539 567 567 578 578 548 548 548 548 511 511 511 391 391 391 488 488 391 391 382 382 451 348 435 348 421 348 401 393 393 217 217 217 217 217 335 335 335 315 315 315 298 298 212 212 212 212 212 242 212 212 212 212 171 171 171 171 171 171 171 150 150 150 139 139 129 87 87 87 81 81 81 6 6 39 39 39 7 7 6 6 
970 1013 996 996 996 991 977 977 968 917 917 955 917 917 917 917 815 815 815 830 830 880 830 873 830 830 830 831 831 794 794 794 794 795 776 776 752 752 752 752 660 660 660 660 691 691 691 691 692 647 626 626 659 626 626 626 626 539 539 539 567 567 567 567 567 567 511 511 511 511 391 391 391 391 491 391 391 391 382 459 348 348 435 348 348 348 401 401 384 384 347 347 347 347 335 335 335 315 298 298 298 298 212 212 265 265 265 242 242 242 212 212 171 171 171 171 7 7 172 150 150 7 7 7 129 81 81 81 81 91 7 7 45 39 39 7 7 7 7 7 
970 1013 982 982 982 991 977 977 968 917 917 955 917 936 936 917 917 917 815 905 830 880 830 873 830 830 831 831 804 804 794 794 804 776 776 752 752 752 752 660 660 660 660 660 691 663 663 692 692 647 672 626 626 626 626 626 539 539 539 539 539 579 579 579 391 391 511 511 511 511 391 391 391 391 391 391 472 472 382 459 348 348 435 348 348 348 406 384 384 347 347 347 347 347 347 315 315 315 298 298 298 298 212 212 265 265 265 153 153 153 218 218 218 7 7 7 7 7 7 7 7 7 7 7 129 81 113 7 7 91 7 7 45 45 39 7 7 7 7 7 
970 1013 982 982 982 982 968 968 968 917 917 955 917 917 917 917 918 918 815 905 830 880 830 830 830 849 831 831 804 804 804 804 804 776 752 752 752 752 757 660 660 660 660 660 691 663 663 647 647 647 647 647 647 647 647 626 539 625 539 539 539 391 391 391 391 391 391 511 511 534 391 391 391 499 472 472 472 473 382 382 452 348 348 348 348 348 406 384 394 347 347 347 355 355 348 315 298 298 298 305 305 305 212 212 265 265 266 153 251 153 153 153 153 7 7 7 7 7 173 7 7 151 7 7 129 81 81 7 7 7 7 7 67 45 45 45 7 7 8 8 
970 970 970 982 982 982 968 968 918 918 918 918 949 917 917 918 918 815 815 905 830 880 880 830 830 849 849 832 832 804 804 815 776 776 752 752 752 752 757 660 660 660 660 663 663 663 663 647 647 647 647 647 647 647 647 626 539 539 539 539 539 580 580 541 541 541 391 534 534 534 391 391 391 391 472 472 472 382 382 382 382 382 348 348 348 348 406 384 394 348 348 355 355 348 348 315 315 315 212 212 212 212 212 212 153 153 266 153 251 153 153 219 153 206 206 7 7 7 173 7 7 7 7 7 7 81 81 7 7 7 82 7 7 7 7 7 7 31 8 9 
1018 970 970 1003 982 982 982 968 918 918 918 918 918 917 917 918 921 815 905 905 830 830 830 830 866 815 815 832 815 815 815 815 776 776 781 744 744 744 744 660 660 660 660 663 663 663 663 701 673 673 673 647 647 647 647 626 539 539 539 539 539 580 580 580 541 541 391 391 391 391 391 391 391 391 472 472 472 382 382 382 382 382 436 385 385 348 348 402 348 348 348 348 348 348 349 343 315 315 212 212 212 306 212 212 153 153 153 153 251 153 153 219 153 7 7 7 184 184 153 153 130 130 130 140 7 7 7 7 82 82 82 7 7 8 8 8 8 8 8 9 
1018 970 1003 1003 982 982 968 968 918 918 918 918 918 917 917 918 921 815 815 815 815 815 874 874 815 815 815 815 815 815 815 816 776 776 744 744 744 744 744 744 744 660 660 663 663 663 663 663 673 647 647 647 647 647 647 626 626 626 612 539 539 580 559 559 541 541 541 541 541 535 391 391 513 500 472 472 409 382 382 453 453 382 382 385 385 385 348 348 348 356 356 356 356 356 349 343 315 315 309 309 212 212 212 290 153 153 153 153 235 235 235 219 153 153 199 199 153 153 153 153 130 152 130 130 130 7 7 68 68 68 68 47 47 8 8 8 40 9 9 9 
1018 970 963 963 963 992 968 968 968 918 918 918 918 918 918 918 906 906 906 906 895 815 874 874 815 815 815 815 776 776 816 816 776 782 744 744 744 744 660 660 660 660 734 663 663 663 706 663 673 647 647 647 647 647 647 612 612 612 612 539 559 559 559 559 559 559 500 500 500 535 500 500 500 500 472 472 409 409 382 382 382 382 382 385 385 385 407 385 385 356 356 356 356 349 349 343 315 315 309 309 309 153 153 153 153 153 153 153 235 235 235 219 219 153 199 199 153 153 153 153 130 130 130 114 114 114 114 68 68 68 68 47 47 47 8 8 8 9 9 9 
1018 970 963 963 963 992 963 963 963 963 963 937 937 937 937 906 906 906 895 895 895 815 815 815 815 815 841 841 776 776 776 776 776 782 782 770 770 758 660 709 709 739 682 682 716 663 663 663 663 663 663 647 647 539 539 612 612 612 539 539 559 588 588 559 559 559 500 549 500 500 500 519 500 500 472 472 472 409 409 437 437 437 437 385 385 385 385 385 385 385 356 356 356 349 349 343 315 315 309 309 153 153 153 153 284 153 153 259 223 223 223 223 153 153 199 199 153 153 153 153 153 130 130 114 114 114 114 68 68 68 68 47 47 47 8 46 8 8 10 10 
970 970 963 963 963 963 963 969 969 956 956 937 937 895 895 906 906 906 895 895 890 890 815 815 867 857 770 770 770 805 805 805 805 770 770 770 771 758 660 660 709 682 682 682 682 682 663 663 663 663 663 663 539 539 539 539 539 539 539 559 559 588 559 559 568 568 500 500 500 500 519 519 472 472 472 472 472 474 409 437 437 409 409 415 415 385 385 349 349 349 349 349 349 349 349 343 203 203 203 153 153 307 223 223 223 223 223 223 223 224 224 224 153 153 153 153 153 185 159 159 153 153 131 131 114 114 115 68 68 68 68 68 68 47 8 8 8 8 10 10 
970 963 963 963 963 983 983 969 969 956 956 937 937 895 895 895 895 895 895 895 890 857 857 857 857 857 770 833 770 770 770 770 770 770 783 771 771 758 758 660 709 682 682 682 682 682 663 663 663 663 674 664 539 613 613 613 613 613 613 559 559 559 559 559 559 500 500 500 500 500 465 465 472 472 472 472 423 423 409 409 409 409 409 415 415 415 349 349 374 374 349 349 343 343 343 343 203 203 203 203 203 203 223 223 223 223 223 260 224 224 160 160 160 213 200 200 154 154 159 159 153 153 131 131 131 114 114 68 68 68 83 69 69 47 47 47 8 8 10 10 
970 963 963 963 963 983 983 969 969 956 956 956 950 895 895 890 890 890 895 895 890 857 868 868 868 770 770 833 833 823 806 806 806 771 771 771 759 759 759 660 709 709 682 682 682 682 682 682 682 652 652 664 539 539 539 633 627 627 614 559 559 559 559 559 559 559 559 466 466 466 465 465 465 465 465 465 423 423 423 409 409 409 409 415 415 415 374 374 374 374 374 374 343 343 203 203 203 203 320 203 203 203 223 285 285 267 267 224 224 243 160 176 160 200 200 201 154 154 154 159 153 153 131 114 114 114 114 69 69 69 69 69 11 11 11 11 32 32 24 11 
970 997 997 963 963 983 983 956 956 956 956 956 950 895 895 890 890 890 890 890 890 891 770 770 770 770 806 806 806 823 806 806 806 771 771 771 759 759 759 660 726 709 682 682 682 682 682 682 682 652 652 652 652 652 539 633 633 614 614 550 550 550 550 550 550 550 560 466 466 466 465 465 465 501 465 465 423 423 423 409 409 409 409 415 415 374 374 395 395 374 374 343 343 343 203 203 203 203 203 203 203 203 223 223 223 268 268 224 243 243 160 176 160 200 207 201 154 154 154 159 159 131 131 114 114 114 69 69 69 69 69 69 11 12 12 11 24 24 24 11 
970 997 997 997 997 970 970 956 956 956 956 956 950 895 928 928 890 890 890 891 891 891 770 770 858 858 806 806 806 806 806 817 759 759 759 771 759 767 660 660 726 709 717 717 682 682 693 693 693 652 652 652 653 653 539 633 633 614 614 550 581 581 581 581 573 550 560 466 466 475 475 475 475 465 465 481 481 423 423 460 409 422 422 422 422 374 408 374 374 374 374 343 343 343 203 344 336 203 223 223 223 223 223 223 223 268 268 224 160 160 160 176 160 200 200 200 154 154 174 131 131 131 132 132 114 114 69 69 69 69 69 69 11 11 12 11 24 24 11 11 
970 970 970 970 970 970 970 970 970 956 956 895 895 895 928 928 891 891 891 891 896 770 770 770 770 770 806 806 824 824 819 759 759 759 759 771 759 767 660 726 726 709 717 717 717 682 682 675 675 675 675 539 539 539 539 633 633 614 614 550 550 550 550 550 573 550 550 550 466 475 520 520 475 465 465 481 481 423 423 460 409 409 409 409 409 374 374 374 386 386 374 374 343 343 350 336 336 203 223 223 310 223 223 223 223 276 224 224 160 160 160 176 160 160 200 200 190 154 174 131 132 132 132 132 132 14 14 69 69 69 11 11 11 11 12 11 11 11 11 12 
984 984 1004 1004 984 984 984 951 951 951 895 895 895 895 895 928 891 891 891 891 891 770 770 770 770 770 806 806 824 819 819 759 807 759 759 759 759 660 660 726 745 709 709 709 718 682 682 675 675 675 675 539 539 539 641 550 550 550 550 550 550 550 550 550 573 551 551 551 466 475 475 475 475 502 465 465 465 465 423 423 423 443 409 409 409 409 409 374 374 374 374 374 350 350 350 336 203 203 223 223 310 223 223 223 223 276 224 224 160 160 160 176 176 160 160 160 190 154 154 154 132 132 14 14 14 14 14 14 14 92 11 61 61 61 12 12 12 12 12 12 
984 984 984 984 984 984 984 951 957 951 951 951 895 895 895 928 891 891 891 891 891 770 770 875 770 770 850 824 824 819 759 759 759 759 784 759 759 660 660 726 726 726 726 709 718 682 682 682 682 682 665 665 641 641 641 550 615 615 615 550 550 550 550 551 551 551 561 466 466 475 475 475 492 492 492 465 465 465 423 423 423 423 423 423 423 350 350 374 350 350 350 350 350 203 203 336 203 203 223 310 310 223 223 223 223 223 223 224 244 244 160 225 176 176 176 160 160 160 175 154 154 154 14 14 14 14 14 14 14 92 11 61 61 62 11 11 11 11 12 12 
984 984 984 984 984 984 984 951 957 957 957 951 951 895 895 891 891 891 891 891 869 869 869 869 777 777 850 824 819 819 759 759 759 784 784 768 768 768 660 746 746 726 726 709 709 709 682 682 683 683 665 665 641 550 550 550 615 615 615 550 550 550 550 551 551 561 561 466 466 466 526 475 492 492 492 465 465 465 465 410 410 410 438 350 350 350 350 350 350 350 350 368 368 203 203 203 203 203 223 310 310 223 223 223 223 277 223 224 252 245 160 160 160 214 176 176 191 160 160 160 160 14 14 14 14 14 14 14 14 92 11 62 62 62 11 11 11 11 12 12 
1014 1014 984 984 984 984 984 951 957 957 957 957 911 911 911 891 891 891 891 891 869 869 869 869 777 777 850 824 819 825 759 759 808 784 784 768 768 768 660 746 746 726 726 726 710 710 682 682 683 665 665 665 641 550 634 634 634 616 616 550 550 550 550 551 551 551 551 466 466 466 526 475 475 475 475 475 482 465 465 410 410 410 410 350 350 350 350 350 350 350 350 368 203 203 203 203 329 329 223 223 223 223 223 223 223 223 223 224 224 245 226 226 160 214 176 176 161 161 161 160 160 14 14 14 14 14 104 104 14 92 11 11 11 63 11 11 11 11 12 12 
999 999 999 984 984 984 984 951 971 911 911 958 911 911 911 929 891 891 891 897 869 869 869 869 777 777 777 824 819 819 819 777 777 785 785 768 768 768 660 746 746 660 660 727 710 636 636 683 683 665 665 665 641 550 550 550 550 616 616 550 550 550 550 551 551 551 551 552 466 466 526 521 493 493 493 475 475 475 410 410 410 410 410 350 350 416 350 350 350 350 350 368 203 203 203 203 329 329 311 311 311 291 291 291 223 223 223 224 224 245 226 227 160 160 176 202 161 186 161 168 161 14 14 118 118 118 104 104 14 14 11 11 11 11 11 11 11 11 12 12 
999 1015 998 998 998 984 984 951 911 911 911 911 911 911 911 929 911 911 897 897 897 870 870 869 777 777 777 777 777 777 819 777 777 785 785 777 768 768 660 660 660 660 660 710 710 636 636 683 683 665 665 665 641 641 641 641 550 550 616 550 550 550 550 551 551 551 551 466 466 526 526 521 493 493 493 475 475 410 410 454 454 410 410 426 375 375 375 350 350 350 350 368 368 203 203 203 203 329 311 311 311 291 291 291 223 223 223 224 224 245 226 226 160 160 176 161 161 186 161 161 161 14 14 118 118 119 14 14 14 14 77 77 70 11 11 11 11 13 13 13 
999 999 999 998 998 951 951 951 911 911 911 911 922 922 911 911 911 911 897 897 897 870 870 869 869 777 777 777 777 777 777 777 777 777 777 777 719 719 719 719 719 719 660 710 710 636 636 636 636 666 666 666 636 636 641 641 550 550 616 550 593 593 551 551 551 551 551 466 521 521 521 521 493 493 445 445 445 410 410 410 410 410 410 410 375 375 375 375 375 375 375 375 357 357 203 203 203 329 203 203 312 203 203 292 203 203 203 203 226 226 226 226 160 160 176 176 192 162 162 169 34 34 34 34 118 34 14 93 93 93 77 77 70 11 48 48 11 13 13 14 
999 999 999 998 998 951 951 951 951 911 911 911 922 922 922 922 922 911 911 897 897 870 870 870 870 842 842 842 777 777 777 777 796 796 777 777 719 760 760 719 719 719 660 710 710 636 636 636 636 636 676 636 636 636 595 595 550 550 550 550 593 594 551 551 551 551 551 466 521 521 466 466 493 493 445 445 445 410 410 444 444 410 410 410 410 375 375 375 375 357 357 357 357 357 203 203 203 203 203 203 203 203 203 203 203 236 203 203 226 160 160 160 160 160 160 176 176 162 162 162 34 34 34 34 34 34 14 14 14 14 84 70 70 11 11 49 11 13 13 14 
999 999 985 985 985 985 985 951 951 911 911 911 922 922 923 870 870 870 870 870 870 870 842 842 842 842 843 843 777 777 777 777 719 719 719 719 719 760 719 719 719 719 660 728 707 707 707 636 636 636 636 636 636 636 595 595 593 593 550 550 593 594 551 551 503 503 503 466 466 466 466 466 466 466 494 445 445 410 410 444 444 444 410 410 410 417 375 396 396 357 378 357 357 357 330 330 337 203 203 253 203 203 278 278 236 236 203 226 226 160 160 160 160 160 160 176 176 162 162 162 34 34 141 141 34 34 14 14 14 14 84 70 71 64 11 11 11 13 13 14 
999 999 985 985 985 985 986 951 951 911 911 922 922 922 923 870 870 870 898 898 898 842 842 842 842 844 787 787 787 826 777 777 719 719 719 719 719 719 719 753 719 719 660 660 707 660 660 636 636 636 636 667 636 636 595 595 635 593 593 593 593 503 503 503 503 569 503 553 503 503 503 514 514 466 466 445 445 445 445 455 455 445 410 410 410 410 375 375 357 357 330 330 358 358 330 330 330 330 321 253 203 203 278 278 236 203 203 226 160 160 160 160 160 160 176 176 162 162 162 162 34 34 34 34 34 34 14 14 14 14 14 70 64 64 11 11 14 14 14 14 
999 978 978 978 978 978 978 978 951 951 911 922 945 945 923 930 870 870 842 842 842 842 881 871 871 844 844 844 787 826 777 777 786 719 719 719 753 753 753 753 719 719 735 660 660 660 660 660 660 660 660 636 636 636 595 595 595 628 595 595 601 503 503 503 527 527 503 503 503 522 503 503 503 503 466 466 476 476 445 445 445 445 410 410 410 410 410 375 357 357 330 330 358 358 330 330 330 321 321 253 308 308 278 278 236 203 203 203 160 160 160 160 160 160 176 162 162 162 162 162 34 34 34 34 34 34 34 51 51 51 14 64 64 14 14 14 14 33 15 15 
999 978 978 978 979 979 979 979 911 911 911 922 945 945 923 870 870 919 842 842 842 842 842 871 834 834 844 844 787 787 787 787 786 786 786 719 753 603 603 603 719 719 603 603 711 711 660 660 660 660 660 636 636 636 595 595 595 595 595 595 601 503 503 527 527 527 527 527 527 522 522 522 495 495 495 466 476 476 445 445 445 445 410 410 410 410 410 375 375 330 330 330 358 358 330 330 330 321 321 253 308 308 278 278 236 236 236 203 203 246 203 203 203 215 176 162 162 162 162 162 162 155 34 34 34 34 34 51 51 51 14 64 14 14 16 16 15 15 15 16 
999 978 978 978 979 979 911 911 911 932 932 922 932 945 923 870 870 919 842 842 842 842 842 871 834 834 834 834 834 787 787 787 786 786 719 719 603 603 761 603 603 603 603 603 603 694 694 684 684 684 660 636 636 636 636 636 636 503 503 595 595 595 503 503 503 554 554 554 527 495 495 495 495 504 496 466 466 466 445 445 445 445 322 322 322 322 322 375 375 330 330 330 358 358 330 338 338 321 321 253 253 308 278 278 236 236 236 236 203 203 203 203 203 215 176 176 193 176 176 155 155 155 34 34 133 99 99 51 51 51 14 14 14 16 16 16 15 15 15 16 
999 999 999 999 999 911 911 972 972 932 932 959 932 945 923 931 870 919 870 870 870 842 842 834 834 859 834 834 834 787 787 787 797 797 719 719 603 603 603 729 603 603 729 729 603 694 694 684 684 684 660 660 660 654 503 503 503 503 503 503 503 503 589 503 503 554 554 555 527 495 495 496 496 496 496 466 466 466 466 427 427 427 427 427 322 322 322 375 375 330 330 330 330 359 330 253 253 321 321 253 253 300 300 278 278 269 269 236 236 236 236 203 220 203 203 176 193 176 155 155 163 34 34 34 34 99 99 51 51 51 72 72 72 16 16 16 15 15 15 16 
1016 1016 911 911 911 911 973 972 972 932 932 932 932 932 923 923 870 870 870 870 870 842 842 834 859 859 834 834 834 787 787 787 787 798 719 719 603 603 603 729 729 729 729 603 603 694 694 694 694 603 603 642 642 654 503 642 617 617 617 503 503 503 503 503 523 523 555 555 527 536 495 495 515 496 496 466 466 466 467 427 446 446 427 427 322 322 322 322 322 330 330 330 330 330 330 253 253 253 253 253 313 300 300 278 278 269 269 236 236 237 237 203 203 203 203 176 176 176 155 155 34 34 34 142 34 99 99 99 99 51 72 72 72 16 16 16 16 25 25 16 
1016 1016 911 911 911 993 973 973 973 932 932 932 932 932 938 923 870 870 912 870 870 842 842 834 851 851 851 834 834 810 810 787 787 798 719 778 772 603 603 729 729 603 603 603 603 603 695 603 603 603 603 642 642 642 642 642 637 523 523 523 523 503 503 582 523 523 555 527 527 527 527 495 515 496 496 466 466 466 467 427 446 428 428 428 322 322 322 322 322 330 330 330 369 330 330 253 253 253 253 316 313 300 300 278 269 269 269 253 253 177 177 177 203 203 203 203 155 155 155 155 34 34 34 34 34 105 105 51 51 51 72 72 72 50 50 50 16 16 16 16 
911 911 911 911 911 993 924 924 952 952 932 932 932 932 932 923 923 882 882 882 882 882 882 834 851 834 834 834 810 810 810 787 787 787 719 719 772 603 603 603 603 603 736 603 603 603 695 603 603 603 603 603 603 603 603 603 637 523 523 523 523 523 523 523 523 523 555 527 527 527 515 515 515 477 477 477 477 477 427 427 446 428 428 428 322 322 322 403 330 330 330 330 330 330 330 322 322 331 253 253 313 300 300 278 278 269 269 253 177 177 238 177 177 177 203 203 177 177 177 164 164 34 145 34 34 105 105 51 51 94 51 51 73 50 51 51 26 26 26 17 
911 911 911 911 911 924 924 924 952 952 952 952 952 932 932 932 852 882 882 882 882 883 883 834 834 834 845 845 810 827 799 799 809 787 787 719 719 719 719 712 740 740 736 603 603 603 695 695 695 603 643 643 648 648 648 603 603 603 603 523 523 523 523 523 542 523 523 523 537 537 515 515 477 477 477 477 477 477 427 446 446 428 428 428 322 322 322 403 330 330 330 330 330 360 330 322 322 322 322 253 313 253 253 253 278 278 253 253 177 177 177 216 216 177 177 177 177 164 164 164 165 34 34 134 134 105 105 105 51 94 51 51 51 51 51 51 26 26 26 17 
911 911 911 911 911 924 924 924 953 953 953 953 953 932 932 932 852 852 913 882 882 883 884 834 834 810 810 810 810 799 799 799 809 799 747 747 719 719 719 712 712 712 736 603 603 603 603 603 603 603 643 643 643 643 643 643 603 603 603 602 602 523 523 583 542 556 556 523 523 538 515 515 477 477 477 427 483 427 427 446 446 428 428 428 379 379 322 322 322 322 322 322 322 322 330 322 332 322 322 253 253 253 253 253 253 253 253 253 254 177 177 216 216 216 177 177 164 164 178 156 156 156 34 106 106 106 106 106 51 94 51 51 74 51 51 51 26 26 17 17 
911 911 911 911 911 924 924 924 924 924 924 924 939 939 939 924 924 852 882 882 899 852 852 852 852 810 810 828 828 799 799 799 799 799 747 747 719 719 719 719 719 712 712 730 712 712 685 685 685 685 643 668 643 643 643 629 629 629 603 602 602 523 523 583 542 556 556 556 523 523 515 515 516 427 427 427 427 427 429 429 429 429 428 428 379 379 379 379 379 379 379 322 322 322 322 322 332 332 253 253 253 253 253 253 253 253 253 253 177 177 228 164 164 164 164 164 164 178 178 156 135 135 34 106 106 106 106 106 51 51 51 51 74 34 34 52 26 26 17 17 
1000 1000 911 911 911 987 987 924 924 924 924 924 939 939 939 924 924 852 882 882 852 852 852 852 852 860 810 810 828 828 799 799 799 800 747 747 719 719 719 719 719 719 712 712 712 685 685 685 685 685 643 643 643 643 643 629 629 629 603 602 602 542 542 542 542 570 556 556 542 523 528 523 427 427 427 427 427 427 429 429 429 429 428 428 379 379 379 379 322 322 322 322 322 322 322 322 253 253 253 253 253 253 177 177 177 177 177 177 177 229 228 228 164 164 164 164 164 178 178 135 135 135 34 34 34 34 34 34 34 34 34 34 74 34 34 34 34 34 17 17 
1000 1000 1000 1000 1000 987 987 924 924 924 924 924 924 924 924 924 924 852 852 852 852 876 876 876 852 852 852 810 810 810 810 810 810 747 747 747 747 747 747 747 747 719 719 719 719 685 685 685 685 685 643 643 643 643 649 629 629 629 603 603 603 542 542 542 542 542 542 542 542 523 523 523 427 427 427 427 427 427 429 429 429 429 429 429 379 379 379 379 322 322 322 322 322 322 322 322 253 253 253 253 253 253 177 255 255 255 255 255 255 229 229 229 164 164 164 164 164 178 178 135 135 135 135 135 135 34 34 34 34 85 85 34 34 34 35 35 35 35 17 17 
