907 907 907 907 907 907 907 907 907 865 865 865 865 865 853 853 821 821 821 833 833 821 821 796 796 796 698 698 698 698 698 698 708 708 708 727 727 708 708 708 696 696 593 593 593 593 653 653 593 593 593 593 593 593 593 593 553 553 553 553 553 501 501 501 501 510 510 405 405 405 405 405 405 405 405 405 405 405 405 412 412 405 369 369 369 369 354 354 354 338 338 338 296 296 296 296 296 283 283 283 283 193 193 193 193 193 193 193 205 205 205 205 193 181 181 108 108 108 108 108 108 108 108 108 108 104 81 81 81 46 46 46 46 46 46 1 1 1 1 1 
907 907 880 880 935 907 907 919 896 865 865 865 853 853 853 853 821 821 821 821 834 821 796 796 802 698 698 776 776 698 698 698 698 698 708 708 708 708 709 709 696 619 593 593 593 593 653 593 593 553 553 618 553 553 553 553 553 501 501 501 501 501 501 501 501 510 510 405 405 405 405 405 405 405 405 405 405 405 405 405 405 405 369 386 386 354 354 361 354 338 338 338 296 296 296 302 296 283 283 283 193 193 193 193 193 193 193 193 205 205 205 193 193 181 181 108 151 108 108 108 134 125 125 81 81 104 81 81 82 46 71 46 46 46 46 1 16 16 16 2 
880 880 880 880 880 880 880 896 896 865 865 865 853 853 853 853 821 821 821 821 821 821 796 698 698 698 698 698 776 698 698 760 747 747 737 737 709 709 709 696 696 619 619 593 593 593 593 593 645 553 553 553 553 599 599 594 501 501 501 501 532 532 532 532 501 499 511 405 405 405 405 405 405 405 405 405 405 405 405 405 406 406 369 386 386 354 355 355 354 354 332 332 332 319 319 302 296 296 283 283 193 193 193 257 193 193 193 193 193 193 193 193 108 108 181 108 151 108 108 108 134 125 125 81 81 81 81 81 82 1 1 1 58 1 1 1 16 2 2 2 
880 880 880 943 936 880 880 896 896 896 896 865 865 853 853 853 821 821 821 821 821 826 796 698 698 797 698 698 776 776 698 698 747 747 737 737 709 709 696 696 700 697 619 593 593 664 553 553 645 553 553 553 594 594 594 594 501 501 501 501 501 501 532 532 501 499 511 405 405 405 405 405 405 405 405 405 405 405 419 419 406 406 369 369 387 354 354 355 355 355 332 332 332 319 319 302 233 233 233 233 193 193 193 193 193 193 193 193 193 206 206 206 108 108 108 108 151 151 151 151 134 134 81 81 109 81 81 81 1 1 1 1 58 1 16 16 16 2 2 2 
880 936 936 936 936 880 880 880 880 880 880 880 865 865 865 853 853 821 821 821 796 796 796 698 698 797 698 698 698 698 698 698 698 737 737 737 709 709 696 619 619 697 619 664 664 664 553 553 553 553 553 553 594 594 554 554 554 501 501 501 501 501 501 501 501 499 499 499 405 405 475 475 405 465 405 405 447 413 413 413 413 388 388 369 369 369 354 333 333 333 332 339 332 319 319 302 233 233 233 233 233 233 253 253 253 233 233 233 108 108 108 108 108 187 182 126 126 126 126 126 126 126 81 81 81 81 89 1 1 16 1 1 1 1 16 16 16 2 2 2 
880 880 880 880 880 924 924 880 880 867 867 880 880 866 866 853 853 821 821 821 796 796 796 698 698 698 698 748 748 748 698 698 698 737 737 737 709 724 696 619 619 619 619 664 665 665 553 553 553 553 628 613 613 594 554 554 554 501 501 566 501 501 501 501 501 501 500 500 405 475 475 405 405 465 405 447 447 413 429 413 413 388 388 388 388 369 369 333 333 333 332 332 332 319 319 302 302 233 233 275 275 233 233 233 233 233 108 108 108 215 215 182 182 182 182 126 126 126 126 126 141 126 126 119 81 81 89 1 1 16 72 16 16 16 16 17 17 17 17 3 
956 956 880 880 880 924 924 867 867 867 867 880 880 866 866 851 851 851 796 796 796 748 748 748 748 792 792 748 748 748 698 709 709 709 709 709 709 696 696 619 619 619 619 664 664 666 658 553 553 553 553 613 613 594 595 595 554 554 554 566 501 501 501 501 501 501 500 500 405 475 475 405 465 465 405 413 413 413 413 414 414 407 379 379 379 379 333 333 333 333 333 332 332 315 315 315 233 233 292 275 275 275 233 233 233 233 108 108 207 207 216 182 182 182 126 126 126 126 120 120 119 119 119 119 83 83 89 89 1 16 16 16 16 16 16 17 33 17 17 3 
956 956 880 937 937 928 867 867 867 867 867 867 867 866 866 851 851 851 796 796 796 748 748 748 748 748 748 748 748 748 698 709 709 709 709 728 728 696 619 619 619 619 619 664 664 666 658 553 553 553 553 555 555 594 594 594 578 578 554 566 554 501 501 533 523 501 500 500 405 405 485 405 405 405 405 413 413 413 413 414 414 407 379 379 379 333 333 362 333 333 333 333 333 315 315 233 233 292 292 275 275 265 265 108 108 108 108 108 207 207 216 207 182 182 126 126 126 120 120 120 119 119 83 83 83 83 83 83 1 1 63 63 16 16 16 17 17 17 3 3 
961 880 880 937 937 928 867 900 900 900 867 867 867 867 867 851 851 851 796 811 811 748 748 748 748 748 793 748 748 748 698 698 698 728 728 728 696 696 619 619 619 619 619 619 619 619 658 553 553 553 553 555 594 594 594 594 578 578 554 554 554 523 523 523 523 501 501 492 492 405 405 472 472 405 405 379 379 420 420 420 407 407 379 379 379 333 333 333 333 350 350 233 233 233 233 233 292 292 265 265 265 265 265 108 195 195 207 207 207 207 207 207 182 182 126 126 126 120 120 120 120 83 83 110 110 52 52 83 83 1 63 63 1 16 16 18 3 3 3 3 
961 880 880 880 880 928 867 867 900 900 867 867 867 867 867 851 851 851 796 811 811 811 748 748 798 748 793 748 777 748 748 761 698 728 728 728 696 696 696 701 701 679 679 679 619 619 658 629 629 629 629 555 555 555 600 555 555 555 555 555 555 523 523 512 512 517 501 492 492 492 405 405 405 458 458 379 379 420 420 407 407 379 379 392 370 370 370 254 254 350 350 233 233 233 265 265 265 265 265 265 265 265 265 108 195 195 195 195 221 221 194 194 120 120 120 120 120 120 120 120 120 83 83 83 83 52 52 90 84 1 64 64 1 1 1 18 3 3 3 3 
961 880 880 880 880 901 901 867 867 867 867 867 867 867 867 851 851 851 811 811 835 811 811 811 798 748 748 748 777 777 748 761 698 698 698 728 696 696 696 701 670 679 679 619 619 658 658 629 629 629 630 555 555 555 555 555 555 555 550 550 550 550 512 512 512 512 501 501 495 448 448 448 405 458 458 379 379 379 379 407 379 379 392 392 370 370 370 254 254 350 350 233 334 233 265 303 303 265 265 265 284 265 265 108 195 239 239 195 221 221 194 194 120 120 120 120 159 159 159 120 120 120 120 120 83 52 52 90 84 1 64 64 1 1 1 18 3 3 3 3 
961 880 880 880 880 901 901 867 867 881 881 881 881 867 867 851 851 851 811 811 811 811 811 798 798 798 778 778 778 778 748 748 748 748 698 698 698 696 696 670 670 670 670 619 619 619 659 629 629 629 630 555 555 555 555 550 550 550 550 567 550 550 512 512 512 512 512 495 495 448 448 448 405 458 458 379 379 430 379 379 379 379 392 392 370 370 370 254 254 254 351 233 233 233 265 303 304 293 293 208 208 208 208 108 195 108 108 195 221 221 194 194 194 120 120 120 91 91 91 91 91 91 120 120 111 52 52 52 84 1 1 1 1 1 1 18 18 18 3 3 
860 860 880 880 880 880 901 867 867 881 881 881 881 867 867 851 851 851 794 794 794 811 811 798 798 798 778 778 778 762 762 698 698 698 698 698 698 696 718 670 670 670 670 670 670 619 659 629 629 629 619 619 614 550 550 550 556 556 556 556 556 512 512 512 512 512 512 495 495 448 448 448 405 405 405 379 379 430 430 379 379 379 400 392 254 254 254 254 254 254 254 254 233 233 265 303 293 293 208 208 208 208 208 108 108 108 240 195 225 194 194 194 194 91 91 91 91 142 142 142 142 91 91 111 111 52 52 52 52 79 4 4 47 47 47 18 18 18 4 4 
860 860 880 880 880 880 901 901 901 901 860 860 860 860 860 860 854 794 794 812 794 794 794 781 781 799 660 660 660 762 762 698 729 729 698 698 729 696 696 670 670 680 680 670 670 619 619 619 619 619 619 614 614 550 556 556 556 579 512 512 512 512 534 534 495 495 502 502 495 448 448 448 405 405 405 453 448 430 430 421 379 379 392 392 254 380 254 254 254 340 340 254 254 265 265 303 293 293 208 208 208 240 240 240 240 240 240 195 195 194 194 194 195 91 142 142 142 142 160 127 127 127 91 111 111 52 52 91 52 79 4 4 34 34 34 34 18 18 4 4 
860 860 880 880 880 880 860 860 860 860 860 882 882 875 854 854 854 794 794 812 812 781 781 781 781 660 660 660 660 762 762 698 698 729 698 698 729 696 696 696 696 680 680 680 550 654 654 654 614 614 614 614 550 550 512 512 512 512 512 568 512 512 534 534 495 495 502 495 495 448 448 448 405 405 405 448 448 430 430 421 379 379 392 393 254 352 352 254 254 340 340 340 254 254 293 293 293 293 208 208 208 208 208 240 240 240 240 234 195 195 195 195 195 91 91 174 142 142 127 127 127 127 91 91 91 91 91 91 52 4 4 4 34 4 4 34 18 18 18 4 
860 860 929 929 929 929 860 860 860 882 882 882 875 875 854 854 854 794 794 839 812 812 812 812 781 660 660 660 660 660 762 762 698 729 729 729 729 696 696 696 696 680 680 550 550 550 550 550 614 614 614 620 550 550 512 512 512 512 574 568 512 512 538 495 495 495 502 495 496 448 448 448 448 448 448 448 438 438 421 421 254 254 392 392 254 352 352 352 352 352 352 335 335 254 254 305 305 286 286 285 285 208 208 258 208 208 208 234 195 195 188 188 188 188 91 174 163 163 127 127 127 127 127 99 99 99 99 52 52 4 4 4 4 4 4 34 34 4 4 4 
860 860 860 860 860 860 860 860 860 875 875 875 875 845 845 861 854 794 839 839 794 794 813 813 781 781 781 781 781 660 660 660 698 698 729 729 719 719 719 696 696 698 671 550 550 550 550 550 614 614 614 550 550 550 512 512 512 512 574 568 538 538 538 495 524 495 495 495 496 448 448 476 448 448 459 438 438 439 421 421 254 254 392 392 254 356 352 352 335 335 335 335 326 326 254 305 305 286 286 286 286 208 208 208 208 222 208 208 208 208 188 188 188 188 91 174 163 99 99 152 99 99 99 99 99 99 52 52 85 4 4 65 4 4 4 4 4 4 19 5 
860 860 944 944 908 908 908 908 908 875 883 883 883 845 845 845 854 794 839 839 794 794 794 794 794 794 782 782 782 660 660 660 660 698 698 698 719 719 719 696 696 698 671 681 550 550 550 550 614 550 550 550 580 580 580 580 580 580 574 568 538 538 495 495 524 495 495 438 438 438 438 438 448 448 438 438 431 431 431 421 254 254 254 254 254 356 356 356 335 335 335 335 326 254 254 305 305 286 286 286 286 266 266 250 250 222 222 222 222 208 208 208 91 91 91 174 163 99 99 99 99 91 91 91 99 99 52 52 52 4 4 4 4 4 4 4 4 25 5 5 
875 875 875 945 908 909 909 909 909 875 883 883 884 845 868 845 845 794 794 794 794 763 763 814 794 794 794 763 763 763 660 660 660 742 742 698 719 719 698 698 698 698 671 671 671 550 550 550 614 550 550 580 580 606 586 586 539 539 574 568 495 495 495 438 438 438 513 438 486 486 486 438 438 438 438 438 438 421 421 421 254 371 371 254 254 381 356 356 335 335 306 306 336 254 320 254 254 254 250 250 250 266 266 250 250 250 218 218 222 222 208 208 91 163 163 163 163 99 91 91 91 91 112 91 91 91 52 52 52 52 52 20 20 20 4 4 4 25 5 6 
875 875 875 875 908 908 908 908 908 875 883 883 884 845 845 845 845 845 845 763 763 763 763 763 794 794 794 763 783 763 660 660 754 742 742 698 698 698 698 687 687 687 687 672 672 550 550 550 614 614 550 580 580 606 586 586 539 539 539 568 495 539 539 438 525 438 438 438 486 486 486 438 438 438 438 438 438 421 421 254 254 371 371 356 356 356 356 363 356 356 306 306 306 254 254 254 306 254 250 250 250 250 250 250 250 218 218 218 218 217 217 209 91 163 163 163 99 99 91 91 91 135 112 112 112 91 52 52 86 52 52 20 20 20 20 5 5 5 5 6 
962 875 875 875 908 908 925 908 908 875 883 883 845 845 845 845 763 763 763 763 743 743 743 763 763 763 763 763 783 763 763 660 660 742 742 698 698 720 720 687 688 688 688 672 660 660 660 550 550 550 550 580 580 606 586 586 539 539 539 539 557 539 540 438 438 438 503 503 486 486 486 438 438 438 438 449 449 421 421 254 254 371 371 356 356 356 356 356 356 306 306 341 306 306 306 316 306 254 250 250 250 250 250 250 250 218 218 218 218 217 217 209 91 175 175 175 99 99 91 91 91 73 73 73 73 91 52 52 86 52 52 52 20 20 20 5 5 5 5 6 
875 875 875 875 875 875 875 908 875 875 845 845 845 845 845 845 763 828 743 743 743 827 743 743 803 763 763 743 743 763 763 763 660 742 742 698 698 660 660 687 672 672 672 672 660 580 580 580 580 550 550 580 535 535 535 586 586 539 539 539 539 539 540 477 477 438 503 503 486 486 473 473 473 460 460 449 449 421 421 421 254 254 371 371 371 371 371 306 306 306 327 327 327 236 306 306 306 254 250 250 250 250 267 218 218 218 218 218 209 209 209 209 91 91 91 91 99 99 91 91 91 73 128 73 73 91 73 73 73 73 73 52 20 20 20 20 5 5 5 5 
875 875 875 875 875 875 875 875 875 845 845 845 845 845 845 845 763 828 743 743 743 743 743 743 743 763 763 743 743 763 763 763 660 660 660 660 660 660 660 660 672 672 672 660 660 580 580 580 580 580 580 580 535 607 535 535 535 558 558 558 558 540 540 477 477 438 438 438 486 486 422 422 422 460 460 422 422 422 254 254 254 254 401 306 306 372 372 306 327 327 327 327 327 236 236 236 236 254 254 254 254 254 254 218 218 196 196 196 209 209 209 209 196 189 91 91 99 91 91 91 91 73 128 73 73 73 73 73 73 26 26 52 52 52 20 20 35 5 5 5 
875 875 875 875 875 875 910 910 910 845 845 845 845 845 845 845 763 828 828 828 743 743 743 815 743 743 743 743 743 743 743 743 743 743 743 702 702 702 702 660 660 672 672 660 580 580 621 621 621 621 621 621 535 535 535 535 535 535 535 558 558 540 541 535 477 422 422 438 422 422 422 422 422 422 422 422 450 422 254 254 254 401 401 306 306 306 306 306 327 327 327 327 327 327 236 236 236 287 287 287 287 254 254 259 218 241 241 196 196 196 209 209 196 189 91 91 99 91 153 91 91 73 73 73 73 73 73 73 73 26 26 26 52 52 20 20 20 20 20 5 
875 875 875 875 875 875 910 897 897 897 845 891 845 845 869 763 763 828 828 828 828 828 743 743 743 743 787 787 743 743 743 743 743 743 743 702 725 725 702 702 660 660 689 660 580 580 580 622 622 622 622 622 581 581 601 535 535 535 535 559 559 540 541 535 477 422 422 422 422 422 422 422 466 466 422 422 423 422 422 422 254 402 402 306 306 306 306 306 327 327 327 327 294 294 294 294 236 236 236 236 236 254 259 259 218 218 242 196 196 196 196 196 196 189 91 91 91 91 153 153 26 26 26 26 73 73 73 73 73 26 74 26 26 26 26 26 20 20 5 5 
875 875 952 875 875 875 897 897 897 897 845 845 845 763 763 763 822 822 822 822 822 822 822 743 743 743 787 787 743 743 743 743 743 743 743 702 702 702 702 702 702 660 689 660 660 667 580 622 622 622 623 623 581 581 581 581 581 581 535 535 535 540 535 535 477 422 422 422 425 425 422 422 466 466 451 451 423 423 423 423 254 402 402 306 306 306 306 306 327 327 327 327 294 321 321 294 294 294 294 236 236 254 254 254 254 218 218 218 218 218 218 176 176 189 91 91 91 154 154 154 26 26 26 26 73 73 73 92 26 26 26 26 26 26 26 26 26 26 5 5 
875 875 875 875 875 926 897 897 897 897 897 763 763 763 822 822 822 823 823 823 823 829 823 804 804 673 673 673 743 743 743 743 738 738 738 738 711 711 703 710 703 660 660 660 660 660 580 580 580 624 623 623 581 581 581 561 582 582 535 535 535 535 535 477 477 504 504 422 425 425 425 451 451 451 451 451 423 423 423 423 254 254 402 306 306 306 306 306 342 342 327 327 294 321 294 294 294 236 236 236 276 276 260 260 176 176 176 235 176 176 219 176 176 176 176 176 143 143 143 143 143 26 26 113 73 73 26 26 26 48 26 26 26 53 26 26 26 21 21 5 
875 875 875 875 875 926 926 763 763 763 763 763 763 763 822 855 855 823 840 840 823 823 823 804 804 673 673 673 779 779 738 738 738 738 739 739 711 711 703 703 703 690 690 660 660 660 602 602 602 624 624 624 615 542 542 561 561 560 560 560 560 535 535 477 504 504 504 422 422 493 425 425 451 451 451 451 451 254 254 254 415 254 402 306 306 306 306 306 342 342 342 342 294 321 294 294 294 236 236 288 236 236 260 176 176 251 176 176 176 176 219 176 176 176 143 143 143 143 143 26 26 26 26 113 113 26 26 26 26 48 26 26 26 26 26 21 21 21 22 5 
875 875 875 875 875 763 763 763 911 822 822 885 885 822 822 823 823 823 823 823 823 823 823 673 673 673 673 673 779 779 738 738 738 738 739 739 711 711 703 703 690 690 602 602 602 602 602 655 602 602 615 615 615 542 542 542 561 560 560 560 560 477 477 477 504 518 504 504 422 422 422 425 467 467 451 454 451 254 254 254 254 254 306 306 306 306 306 306 342 294 294 294 294 321 294 294 297 297 236 236 236 236 236 176 176 176 243 176 176 176 176 176 176 176 143 143 143 143 143 26 26 26 26 26 26 26 93 93 48 48 54 54 54 54 48 21 36 22 22 5 
875 875 875 875 875 763 763 911 911 822 822 885 822 822 823 823 823 823 823 823 823 823 823 673 673 673 738 738 738 738 738 764 738 738 744 711 711 711 703 703 690 690 602 602 646 646 646 646 646 602 602 602 602 542 542 542 561 561 561 561 477 477 477 477 504 504 504 505 422 422 422 425 467 467 451 451 451 306 306 306 306 306 306 394 373 373 373 342 342 294 294 294 317 317 317 317 297 297 236 236 277 277 236 236 236 176 176 176 176 183 183 183 183 183 183 143 143 143 143 155 144 26 26 26 26 26 93 48 48 54 54 54 54 48 48 21 36 22 5 5 
763 763 763 763 763 763 763 822 822 822 822 822 822 870 823 823 823 823 823 823 823 823 673 673 673 673 738 738 738 738 738 738 749 749 744 711 730 711 711 711 690 690 691 602 602 602 602 602 602 637 602 602 602 542 542 542 575 575 575 561 477 477 477 477 477 477 477 477 422 422 422 425 425 467 306 306 306 306 306 306 306 306 306 306 373 373 374 342 294 294 294 294 294 307 307 307 297 297 277 277 277 278 176 176 236 236 236 236 176 176 183 183 183 183 170 170 170 144 144 144 144 129 129 26 26 26 93 48 54 54 54 48 48 48 49 21 21 22 5 5 
763 822 822 938 938 822 822 822 898 898 898 822 822 870 870 823 823 823 823 836 836 823 673 673 673 673 673 738 738 738 738 738 673 673 744 711 711 711 711 711 690 690 691 602 602 602 602 602 602 608 608 625 602 542 542 542 542 542 542 561 561 477 477 526 526 477 477 477 422 422 422 422 425 425 306 306 306 306 306 306 306 306 306 306 306 373 374 342 294 294 294 294 294 322 322 307 297 297 277 176 176 176 176 176 176 176 176 176 176 176 183 183 183 183 170 170 144 144 145 145 129 129 26 26 26 26 26 48 54 54 54 48 48 48 27 27 21 21 21 5 
763 763 822 822 939 822 852 852 852 852 852 852 852 852 852 823 823 823 823 823 823 823 673 673 673 673 673 673 673 673 673 673 673 673 711 711 711 699 699 699 704 699 691 602 602 602 602 602 647 608 608 625 602 602 542 542 569 569 542 542 542 542 542 477 477 477 506 506 422 422 422 422 468 425 425 306 306 306 306 306 408 408 306 306 306 373 374 342 294 294 294 294 308 308 308 307 307 277 277 176 176 176 176 190 190 190 226 226 226 144 144 144 144 144 170 170 144 144 145 145 129 129 26 26 26 26 26 48 48 48 48 48 55 55 27 27 27 27 21 5 
763 763 912 822 939 822 822 825 825 825 892 892 852 852 852 852 852 823 823 823 823 824 824 673 673 769 769 769 784 673 673 765 673 673 711 711 711 699 721 699 699 699 691 602 602 603 603 608 608 608 608 608 608 602 602 569 569 569 569 569 461 461 543 477 477 477 477 477 477 477 477 477 468 468 425 425 440 306 306 424 306 306 306 306 373 373 373 342 342 342 343 308 308 308 308 308 308 277 277 176 176 176 176 190 190 190 226 226 226 144 197 197 197 144 144 144 144 144 145 145 129 129 114 114 114 26 94 94 75 75 75 5 5 56 27 27 27 27 21 5 
763 763 912 822 822 822 822 825 912 825 892 892 862 862 862 862 852 823 823 795 795 795 795 795 795 769 769 769 765 765 765 765 673 740 740 740 699 699 721 691 691 691 691 673 673 603 603 603 603 603 626 626 608 608 603 569 587 461 461 570 461 461 461 487 487 487 507 507 487 487 487 469 469 469 461 425 440 440 306 306 306 306 306 306 373 373 373 344 344 343 343 308 308 308 309 309 309 268 268 268 268 268 268 190 190 244 244 190 190 144 144 198 198 177 177 177 144 144 145 145 129 129 114 121 26 26 94 75 75 5 5 5 5 5 5 5 5 5 21 5 
763 763 912 912 912 912 912 912 912 825 892 892 862 852 852 852 852 852 795 795 830 830 795 795 795 769 769 769 765 765 765 765 673 740 740 740 699 699 699 691 691 691 673 673 603 603 661 603 603 603 626 626 603 603 603 569 587 461 461 570 461 551 461 487 487 487 487 487 487 461 461 469 469 469 461 425 425 425 432 395 395 395 395 395 344 344 344 344 344 343 343 268 268 268 268 268 268 268 201 201 190 190 190 190 190 190 190 190 190 190 190 190 199 177 177 164 164 164 145 145 145 114 114 121 26 26 26 75 5 5 5 5 39 39 39 39 37 5 5 5 
763 763 940 940 930 930 912 912 913 825 825 825 862 852 852 852 852 852 795 795 795 795 795 795 795 795 795 769 769 765 765 765 673 673 673 673 673 699 699 712 673 673 673 682 603 603 661 603 603 603 603 603 603 609 569 569 587 461 461 461 461 551 461 461 461 461 461 461 461 461 461 461 461 461 461 425 425 425 425 395 395 395 395 396 344 344 344 344 344 344 343 268 268 328 268 268 268 201 201 201 190 190 190 190 190 190 190 190 190 190 190 190 190 177 177 164 161 161 161 145 145 114 114 114 26 26 26 5 5 37 37 37 37 37 37 37 37 7 7 7 
940 940 940 940 940 931 902 902 902 825 825 825 862 862 862 852 852 788 788 788 788 795 795 795 795 795 795 788 769 769 769 750 750 750 673 673 673 673 673 712 673 673 673 603 603 603 603 638 638 638 603 603 603 569 569 569 461 461 461 461 461 461 461 527 527 470 470 461 461 470 470 474 474 452 452 452 452 441 425 425 364 364 396 396 364 364 364 344 344 344 343 343 268 328 268 268 268 201 201 201 269 269 269 190 190 245 245 190 190 190 200 200 190 190 164 164 161 161 161 115 115 114 114 114 95 95 95 5 37 37 5 66 59 37 37 40 7 7 7 7 
940 940 946 946 931 931 902 902 902 902 825 825 871 871 871 831 831 788 788 788 788 795 795 795 795 788 788 788 755 755 755 750 750 750 705 705 673 673 673 673 673 603 603 603 603 603 603 638 638 639 603 569 569 569 569 569 461 583 461 461 461 461 461 470 470 470 470 470 470 470 470 474 474 452 452 452 452 441 364 364 364 364 364 364 364 364 364 364 344 344 344 344 268 268 323 310 310 270 270 201 269 269 201 201 245 245 190 190 190 190 200 164 164 164 164 161 161 161 161 115 115 114 114 114 95 95 95 5 5 5 5 59 59 7 7 40 7 7 7 7 
963 931 931 947 931 902 902 902 902 903 825 825 871 831 831 831 831 788 788 788 788 795 795 788 788 788 788 755 755 756 755 755 755 705 705 705 722 722 722 673 673 603 603 603 603 603 638 638 638 639 603 569 569 569 569 461 461 583 461 461 461 461 544 470 519 519 470 470 497 470 470 478 452 452 452 452 441 441 364 389 389 389 389 364 364 364 364 364 344 344 344 268 268 268 323 310 310 270 270 201 201 201 201 201 201 201 190 190 190 190 200 164 164 164 161 161 161 115 115 115 115 114 114 114 95 95 95 95 7 7 7 59 59 7 7 7 7 7 7 7 
931 931 931 931 931 902 902 902 902 825 825 825 831 831 863 863 831 831 841 841 788 788 788 788 788 788 788 755 755 756 770 692 692 745 745 705 705 705 673 673 673 603 603 683 603 603 638 638 638 603 603 569 569 569 569 461 461 461 461 461 461 461 544 470 470 470 470 470 497 470 478 478 452 452 452 452 441 442 364 389 389 389 389 389 364 364 268 268 268 344 344 268 337 329 310 310 310 270 270 220 220 220 220 220 220 201 201 190 190 190 200 210 200 164 161 161 161 115 115 115 115 115 115 115 95 95 95 95 7 7 7 59 59 7 28 28 28 28 8 8 
931 931 953 920 920 920 902 902 914 825 872 872 831 831 831 831 831 831 831 831 831 831 788 788 800 800 755 755 755 756 756 692 692 692 692 692 705 705 673 673 673 603 603 683 603 648 648 648 648 603 631 569 569 569 569 461 461 461 461 461 461 461 461 461 514 514 514 470 470 470 470 470 470 470 441 441 441 364 364 389 389 389 390 389 389 268 268 268 268 357 268 268 337 329 310 310 270 270 270 220 220 220 220 220 220 246 201 190 190 223 200 200 200 164 178 178 115 115 115 115 115 115 130 115 115 7 7 7 7 7 7 7 7 7 28 28 28 28 8 9 
931 931 953 920 920 920 920 920 825 825 872 872 872 872 872 846 846 846 831 831 816 816 816 816 755 755 755 755 755 756 756 692 692 692 692 692 705 705 705 705 705 603 603 603 603 603 648 648 649 603 631 569 569 569 569 588 588 562 562 562 562 545 545 461 514 514 470 470 470 470 470 479 441 441 441 441 441 364 364 364 364 409 390 390 390 268 268 268 268 268 268 270 270 329 310 310 270 270 279 279 279 279 270 261 220 246 201 201 201 201 201 201 201 164 115 115 115 115 115 156 117 117 117 117 7 7 76 76 76 76 76 7 7 7 28 28 9 9 9 9 
931 825 825 825 920 920 920 920 825 872 872 886 886 872 872 846 856 846 846 816 816 816 816 755 755 785 785 785 785 756 771 692 692 692 692 692 692 692 632 632 632 603 603 603 603 603 648 648 649 603 603 569 569 588 588 588 589 562 562 562 546 546 546 461 514 514 470 470 470 479 479 479 441 441 441 455 364 364 364 364 364 364 403 382 382 382 268 268 270 270 270 270 270 329 270 270 270 270 279 279 279 270 270 261 220 246 246 220 220 220 220 201 201 164 115 115 115 115 115 117 117 136 117 117 7 7 7 7 7 7 7 7 7 7 50 41 9 9 9 9 
931 825 825 825 825 825 825 825 825 872 886 886 887 842 842 846 846 847 847 816 816 816 755 755 785 785 789 785 785 756 771 692 692 692 692 692 692 726 632 632 632 632 684 684 603 603 603 603 603 603 603 569 569 588 588 588 546 546 546 546 546 547 547 461 461 479 479 479 479 479 441 441 441 441 441 455 364 433 433 364 364 364 364 382 365 365 365 365 270 270 270 345 270 270 270 270 270 270 270 270 270 270 271 261 220 220 220 220 227 220 220 211 164 164 184 179 115 115 115 117 117 117 117 96 96 96 7 7 87 7 7 57 57 57 41 41 9 9 9 10 
931 957 825 872 872 825 825 825 825 872 872 872 887 842 842 842 846 847 842 842 755 816 755 817 785 785 789 789 756 756 771 692 692 692 692 692 692 632 632 632 706 632 632 632 632 632 662 603 603 588 588 588 588 588 588 588 546 576 576 546 546 547 528 528 528 479 479 479 441 441 441 480 455 455 455 455 364 364 434 364 364 364 364 382 365 365 365 270 270 358 270 270 270 270 270 270 298 261 261 261 261 261 261 261 191 191 227 227 227 211 211 211 164 164 164 179 115 115 115 115 146 117 117 96 96 96 96 96 7 7 57 57 42 42 42 42 9 9 9 10 
931 825 825 872 872 825 825 915 915 872 872 872 842 842 842 842 846 842 842 843 755 816 755 817 785 785 756 756 756 756 756 756 756 692 692 692 692 632 632 632 706 656 656 674 674 632 632 632 650 588 588 588 588 588 588 588 546 546 563 563 563 528 528 498 498 498 479 479 479 441 441 455 455 455 455 455 364 364 364 364 364 364 382 382 365 365 365 270 270 358 270 270 270 289 270 270 298 298 280 280 280 280 261 261 191 191 191 191 228 211 211 212 164 164 164 179 115 115 115 115 146 137 117 122 96 96 96 7 7 42 42 42 42 9 9 43 9 9 23 10 
931 825 825 948 872 872 872 872 872 872 842 842 842 876 842 842 842 842 843 843 755 755 755 801 801 801 756 790 756 756 766 766 693 693 692 692 692 632 632 632 656 656 656 656 656 656 663 632 632 632 632 588 588 546 546 546 546 546 563 563 528 528 548 498 529 479 479 479 479 488 488 455 455 455 462 364 364 435 364 364 410 410 382 382 382 365 365 366 270 270 270 324 324 289 289 289 289 299 280 262 280 280 262 262 191 191 191 191 211 211 211 164 164 164 164 164 164 137 137 137 137 137 117 116 116 7 7 7 7 42 42 42 9 9 9 9 9 9 10 10 
931 958 825 825 872 872 927 825 825 825 842 842 842 842 842 842 842 801 801 801 801 801 801 801 805 756 756 790 756 766 766 766 693 693 692 692 692 692 692 713 656 656 656 656 656 656 656 656 632 632 546 546 546 546 528 528 528 528 528 528 528 548 548 498 529 479 479 479 479 479 489 455 455 398 398 364 364 435 435 364 364 311 311 311 311 311 311 311 311 270 270 324 324 324 289 289 289 280 280 262 262 262 262 191 191 191 191 191 211 211 164 164 164 164 164 164 164 137 137 137 147 117 117 116 116 7 7 7 7 42 42 42 9 9 44 44 9 9 10 10 
931 931 954 825 825 927 927 825 916 825 825 825 825 842 842 857 857 801 806 806 806 806 801 801 756 756 756 756 756 766 766 766 693 693 693 731 731 692 692 713 656 656 685 685 656 656 656 546 546 546 546 546 546 610 528 584 528 528 528 528 564 548 548 498 529 479 479 479 479 479 489 481 398 398 398 398 364 435 435 364 364 311 397 397 311 311 367 367 311 311 311 311 325 324 324 289 289 280 280 280 280 191 191 191 191 191 191 237 211 211 164 164 164 191 164 164 157 157 157 157 147 117 116 116 116 7 7 42 42 42 77 42 60 9 9 9 9 10 10 10 
931 931 825 825 825 927 927 825 916 825 825 825 825 842 842 857 801 801 806 806 806 806 818 818 756 756 756 780 780 780 766 766 693 693 693 731 731 692 692 713 656 656 685 668 668 668 656 546 546 546 633 610 610 610 528 584 528 528 528 528 498 498 498 498 529 479 479 479 479 479 481 481 398 398 398 398 364 364 364 364 416 311 311 311 311 311 311 311 311 311 311 311 325 325 325 289 289 289 289 289 191 191 191 191 191 191 191 237 211 191 191 191 191 191 157 157 157 157 157 147 147 117 116 116 116 7 7 42 42 42 42 42 11 11 10 10 10 10 10 10 
931 825 825 825 825 825 825 825 916 904 825 825 888 842 842 857 801 801 806 806 806 806 818 780 780 780 780 780 751 751 751 751 751 751 693 732 692 692 692 713 692 692 668 668 675 656 656 546 546 546 610 610 610 610 528 584 528 528 528 571 498 498 498 529 529 479 479 481 479 479 481 481 398 398 398 443 443 443 398 398 398 398 398 398 383 383 311 311 311 311 346 346 311 311 311 311 289 289 191 191 191 192 192 192 192 191 247 211 211 191 191 191 202 157 157 157 171 158 158 158 117 117 116 116 7 7 100 11 42 42 11 11 11 11 10 10 10 10 10 10 
931 825 825 825 825 825 904 904 904 904 825 825 825 857 857 857 858 801 801 801 801 806 806 780 780 780 751 751 751 757 751 751 757 752 693 732 692 692 713 713 692 692 668 668 668 656 656 546 546 546 610 610 610 528 528 584 528 528 528 498 498 508 508 508 508 508 515 481 481 481 481 481 398 398 398 443 443 398 398 417 417 384 384 384 383 383 311 311 311 311 311 311 311 311 311 311 311 290 290 290 192 192 192 192 192 191 191 211 211 191 191 191 191 157 157 157 158 158 158 158 117 117 117 117 7 88 100 11 11 11 11 11 11 11 10 10 10 10 10 10 
931 931 889 889 889 889 889 904 904 904 825 825 825 825 857 857 848 848 848 844 801 801 806 806 806 751 751 772 772 757 757 757 757 752 693 732 732 692 692 692 692 692 692 668 668 669 546 546 546 546 546 546 611 528 528 584 528 528 528 498 498 508 508 508 520 508 508 508 398 398 398 398 398 398 398 398 398 398 417 417 418 384 404 384 383 383 311 311 311 311 347 312 312 312 312 312 290 290 255 255 192 192 263 263 192 192 191 191 191 191 191 191 191 165 165 165 158 158 158 158 117 117 131 117 7 88 88 97 88 11 78 11 11 11 10 10 10 10 10 10 
889 889 889 949 941 889 889 904 904 904 893 893 889 825 873 825 825 825 825 844 801 801 825 751 751 751 751 751 772 772 772 757 757 752 693 732 732 693 693 693 693 693 693 668 668 669 546 546 546 634 634 546 611 611 528 584 584 584 528 572 498 498 498 508 520 520 508 508 398 494 398 398 456 456 463 444 444 444 384 384 384 384 404 384 384 384 311 311 311 311 347 312 312 312 312 312 290 290 255 255 192 192 192 192 192 192 192 238 192 192 192 213 203 165 165 165 165 158 158 158 148 117 117 117 7 105 88 88 88 11 11 11 61 11 10 10 10 10 11 11 
889 959 941 941 941 889 921 921 904 904 893 893 889 825 825 825 791 791 825 825 825 825 825 751 751 751 751 751 751 773 773 734 734 752 693 693 733 693 693 714 693 693 693 668 668 634 634 634 634 634 635 546 546 546 528 528 528 585 528 572 498 498 498 508 398 398 398 398 398 494 456 456 456 456 463 444 444 444 384 384 384 399 399 399 385 385 311 311 347 347 347 312 312 312 312 312 312 255 255 255 192 192 192 252 252 252 192 192 192 204 192 192 203 192 166 166 165 165 148 148 148 117 117 117 7 105 11 11 11 11 11 11 11 11 11 11 11 11 11 12 
889 959 941 941 941 889 889 889 889 889 899 889 889 825 825 791 791 791 791 791 791 832 791 791 807 751 751 751 751 773 773 734 734 752 693 693 693 693 693 714 693 693 693 668 676 634 634 634 634 634 635 546 546 546 596 596 528 528 528 572 552 552 498 398 398 398 398 398 398 494 456 456 456 456 456 384 384 384 384 426 399 399 385 385 385 368 368 368 347 347 347 347 255 255 255 318 255 255 255 255 272 272 272 252 252 229 229 229 229 204 204 192 203 192 166 166 165 165 148 148 148 132 132 117 7 7 11 67 67 67 67 67 11 11 11 11 11 11 11 12 
922 922 941 941 922 922 922 922 917 889 889 889 859 859 859 791 791 791 791 791 791 791 791 791 807 791 791 751 751 767 767 734 734 734 693 693 693 693 693 668 668 668 668 668 676 634 634 634 640 640 635 546 546 546 596 590 590 552 552 552 552 498 498 398 398 398 398 398 398 399 399 399 399 399 456 456 399 399 426 426 399 399 385 391 391 368 368 353 353 353 353 255 255 330 255 255 255 300 255 255 255 255 273 264 229 229 248 204 204 204 204 192 192 192 166 166 166 166 148 149 149 132 132 117 117 7 11 67 67 67 11 11 11 11 11 11 11 11 11 12 
922 922 941 941 922 932 791 791 917 877 877 877 877 877 859 859 859 791 791 791 837 808 808 791 791 791 791 791 767 767 767 767 758 734 734 734 734 693 693 668 668 676 676 676 676 634 635 635 635 641 635 546 590 590 590 590 591 552 546 546 565 498 498 521 521 398 398 398 398 399 490 399 399 399 399 399 399 399 399 399 399 399 385 391 391 368 368 353 353 353 353 255 255 330 255 255 313 255 255 255 255 255 255 264 229 229 229 204 204 204 204 204 204 167 167 167 172 148 148 149 106 106 106 106 106 7 11 11 80 80 11 62 62 11 11 11 11 11 11 12 
922 950 950 950 922 791 791 791 791 877 877 877 878 878 849 849 849 849 849 791 837 808 808 808 808 774 774 774 767 767 767 767 758 668 668 668 668 668 668 668 668 676 676 677 677 634 634 657 635 635 635 546 590 590 590 546 546 552 546 546 546 546 498 498 521 521 498 498 498 399 399 399 399 399 427 427 427 436 436 399 399 360 360 360 360 360 375 353 353 256 256 256 255 255 255 255 255 255 281 281 281 281 255 264 229 229 229 204 230 204 204 167 167 167 185 167 172 148 148 149 106 138 123 123 106 7 101 11 11 11 11 38 38 38 38 11 29 29 11 11 
922 922 922 922 922 791 791 791 791 877 877 877 878 878 849 791 791 791 791 791 837 808 819 808 808 774 774 774 774 774 774 758 758 668 668 668 668 715 715 715 668 668 694 616 616 634 634 616 616 635 635 546 546 546 604 546 546 546 546 483 483 483 483 498 498 498 498 483 483 483 399 399 399 399 427 427 427 436 436 427 360 360 376 376 376 360 360 360 360 256 256 256 301 301 301 301 314 301 281 255 255 282 255 255 229 229 229 204 204 204 204 167 167 167 167 167 167 167 148 148 106 106 123 123 106 7 7 13 13 11 11 38 38 51 38 11 11 11 11 11 
960 960 934 934 933 933 923 923 791 877 877 877 890 849 849 791 791 791 791 791 837 808 819 819 774 774 774 774 774 758 758 758 753 753 668 668 668 668 668 668 668 668 668 616 616 616 616 616 616 642 616 616 616 546 604 546 592 546 546 483 483 483 483 483 483 483 516 483 483 483 399 482 399 399 399 399 427 427 427 427 360 360 376 376 376 376 376 348 348 256 256 256 256 256 256 301 301 301 281 255 255 255 255 255 224 224 224 231 204 204 204 133 133 167 167 102 102 168 148 148 150 123 123 123 106 106 7 13 13 13 13 38 38 51 38 38 38 30 11 11 
934 934 934 934 933 923 923 791 791 877 877 890 890 849 849 849 849 791 791 808 808 808 820 774 774 774 774 774 774 758 768 753 753 753 668 668 668 668 668 668 668 668 668 616 616 616 616 616 616 616 616 627 546 546 546 546 592 573 573 483 483 483 483 483 483 483 483 483 483 483 399 399 399 399 464 399 399 399 399 399 399 360 360 376 376 376 377 348 348 256 348 348 256 256 256 281 281 281 281 255 255 255 255 255 224 224 224 231 231 133 133 133 133 167 167 102 102 102 148 150 150 123 123 123 7 7 7 13 13 13 13 38 38 51 51 30 30 30 13 13 
934 934 942 933 933 923 923 791 791 791 791 791 791 874 874 791 791 791 791 808 808 808 820 774 774 774 774 786 786 758 768 753 753 753 668 668 668 668 723 668 668 668 668 678 616 616 616 616 651 627 627 627 546 546 546 592 592 573 573 573 457 457 549 536 483 483 483 483 483 483 491 399 399 399 399 399 399 437 399 399 399 399 360 376 376 376 348 348 348 348 348 256 256 256 256 281 281 281 256 256 255 255 274 255 255 224 224 231 231 133 214 214 133 173 173 173 173 102 148 102 102 123 123 7 7 7 7 13 13 68 68 68 30 30 30 30 31 31 13 13 
934 934 942 933 933 923 923 791 791 905 894 894 791 874 874 791 791 791 791 808 838 820 820 774 774 774 774 786 786 758 768 768 735 735 746 668 668 668 723 716 668 668 678 678 678 616 616 627 627 627 617 617 617 605 605 592 592 537 537 457 457 530 530 536 483 483 483 483 483 483 483 483 399 471 399 399 399 437 437 399 399 399 360 360 376 376 348 348 256 256 256 256 256 256 256 256 281 281 256 256 256 256 256 256 256 224 224 224 232 133 214 214 133 173 173 180 102 102 148 102 102 139 7 7 118 13 13 98 13 13 30 30 30 45 45 45 31 31 13 13 
934 955 942 933 933 894 894 894 894 894 894 894 791 879 791 791 791 791 808 808 838 820 820 820 809 786 786 786 786 758 775 735 735 735 735 735 735 668 668 716 668 668 678 678 678 616 627 627 643 643 617 617 617 605 605 592 592 537 537 457 530 530 530 530 530 522 483 483 483 483 483 399 399 399 399 399 399 445 399 399 360 360 360 360 378 378 378 256 256 256 256 349 256 256 256 256 256 256 256 256 256 133 133 133 133 133 224 224 232 133 133 133 133 186 186 180 102 169 102 102 102 102 13 13 13 13 13 13 13 13 30 69 24 24 24 31 31 31 13 14 
934 955 942 942 942 894 894 894 894 894 894 894 791 791 791 791 791 791 808 808 838 808 808 809 809 786 786 786 758 758 735 735 735 735 735 736 736 668 668 716 668 668 695 686 616 616 616 616 643 643 617 617 617 605 605 592 592 537 537 457 457 457 457 457 457 522 483 483 483 483 483 399 399 399 445 445 445 445 399 428 360 360 360 359 359 359 359 256 256 256 256 256 256 331 256 256 256 291 291 291 249 249 249 133 133 133 224 224 224 224 133 133 162 162 162 180 102 102 102 140 102 102 13 13 13 13 13 13 30 30 30 24 24 24 24 31 31 31 13 13 
934 955 955 942 942 894 894 918 918 906 894 894 791 791 864 864 791 791 850 808 808 808 808 809 758 758 758 758 758 735 735 735 735 741 741 736 736 668 668 668 668 686 686 686 616 616 616 616 652 636 636 612 612 612 597 597 577 577 537 537 537 537 537 537 457 457 457 457 484 484 399 399 399 399 399 445 445 446 399 359 359 359 359 359 359 359 359 359 295 295 295 295 256 256 256 295 295 291 291 291 249 249 249 249 249 133 133 133 224 224 133 133 162 162 162 162 162 102 102 140 102 102 102 124 107 107 102 13 30 30 30 24 24 24 24 24 24 24 24 13 
934 934 934 934 934 934 895 895 895 906 894 894 791 791 864 850 850 850 850 808 808 808 808 808 758 758 758 735 735 735 735 735 759 741 741 741 707 707 707 717 707 616 616 616 616 616 616 616 636 636 612 612 597 597 597 598 577 577 577 537 537 537 531 531 531 509 509 457 457 484 484 484 457 457 399 399 399 446 399 359 411 411 359 359 359 359 359 359 295 295 295 295 295 295 295 295 295 295 295 249 249 249 249 249 249 133 133 133 133 133 133 133 133 133 133 133 162 162 162 140 140 140 102 102 107 102 102 13 30 30 30 70 24 24 24 24 32 32 13 13 
934 934 951 951 934 934 895 895 895 895 895 895 791 791 864 850 850 850 850 808 808 808 808 808 810 758 758 735 735 735 735 759 759 741 741 741 707 707 707 707 707 616 616 616 616 616 616 636 636 644 612 612 597 597 598 598 577 577 577 537 537 537 531 531 531 509 509 509 457 457 457 457 457 457 457 457 399 399 399 359 359 359 359 359 359 359 359 359 359 359 295 295 295 295 295 295 295 295 295 249 249 249 249 249 249 249 249 133 133 133 133 133 133 133 133 133 133 133 133 133 133 133 133 102 102 102 103 13 13 13 13 13 13 13 13 13 13 13 13 15 
