964 964 964 964 834 834 834 834 855 855 855 909 876 876 876 876 876 812 812 848 812 812 812 812 812 812 754 754 754 777 770 770 754 754 653 653 610 610 610 689 689 689 610 610 610 610 610 618 618 618 618 618 610 517 517 517 517 537 537 537 537 537 502 502 502 502 502 492 445 445 445 445 449 449 402 402 402 402 402 397 397 397 367 367 367 341 341 316 316 316 316 316 316 316 316 261 261 261 261 261 261 261 261 246 246 224 224 224 171 171 171 171 171 171 171 171 115 115 115 141 115 115 109 109 109 52 52 80 80 52 52 62 52 52 42 1 1 1 1 1 
964 964 964 834 834 834 834 921 855 876 876 876 876 876 876 877 877 812 812 812 812 754 754 754 754 754 754 754 754 777 777 754 754 653 653 653 610 610 610 610 610 610 610 660 660 660 610 610 610 610 610 610 610 517 517 517 517 517 568 517 517 538 502 502 502 435 435 492 445 445 445 445 449 449 402 402 402 402 402 397 397 397 367 382 341 341 341 316 316 316 316 261 261 261 261 261 261 261 289 261 261 272 246 246 224 224 142 142 171 171 171 171 171 171 171 171 115 115 115 141 115 115 115 115 52 52 52 52 52 52 52 62 52 42 42 1 17 17 1 1 
971 971 971 834 834 834 834 921 855 876 876 876 876 876 876 877 812 812 754 754 754 754 824 653 653 754 754 754 794 754 754 754 653 653 747 653 610 610 682 682 682 682 682 660 660 660 653 610 610 598 598 598 598 517 517 517 569 517 517 517 517 538 435 435 435 435 435 492 466 466 445 445 449 449 445 402 402 402 402 402 402 367 367 382 341 366 341 341 316 316 316 261 261 261 261 261 261 296 246 246 246 246 246 224 224 142 142 142 142 210 142 142 142 142 162 162 115 115 115 115 115 116 116 116 52 101 52 52 52 52 52 52 52 42 43 1 17 17 1 1 
950 950 950 950 950 950 834 921 855 876 876 855 855 855 855 877 812 868 754 754 754 824 824 653 653 653 786 754 754 754 778 653 653 747 747 653 722 722 682 682 682 682 682 660 660 660 653 642 642 598 598 598 598 517 517 591 569 572 517 517 517 435 435 435 435 435 435 492 466 466 445 445 445 445 445 402 402 402 409 409 403 367 382 382 341 341 341 341 341 341 341 261 261 317 317 290 290 290 246 246 246 224 224 224 235 142 142 225 142 142 142 142 142 142 162 162 162 142 142 142 52 52 126 52 52 52 52 52 52 52 52 52 57 42 1 1 17 2 2 2 
950 972 972 951 951 951 834 921 855 855 855 855 897 897 855 855 812 812 854 754 754 824 824 824 653 653 786 786 786 786 653 653 747 747 653 653 722 653 653 708 653 653 683 653 653 653 653 642 619 635 598 598 598 598 517 591 569 569 517 517 546 435 435 435 435 435 492 492 485 466 466 466 435 435 435 435 402 402 403 403 403 367 367 367 367 367 308 308 308 308 308 308 308 317 317 290 302 290 290 246 246 224 250 250 235 235 142 142 142 142 142 142 142 162 162 162 162 142 142 52 52 52 126 52 52 52 52 52 52 52 70 52 57 42 1 1 17 2 2 2 
950 940 940 951 951 951 834 921 921 921 855 855 897 855 855 855 878 812 812 812 812 800 800 800 653 653 653 653 653 787 653 771 747 747 653 653 653 653 653 653 653 653 653 653 653 653 653 642 619 635 598 598 611 598 517 517 578 569 569 517 517 539 435 435 435 485 485 485 485 435 435 467 435 435 435 436 402 402 403 403 403 367 367 368 368 368 308 308 308 308 308 308 308 317 317 290 290 290 290 246 246 224 250 251 226 226 229 142 142 193 193 193 142 162 162 162 162 142 142 52 136 52 127 52 52 52 52 52 52 52 52 52 42 42 1 1 17 17 17 2 
940 940 940 940 952 952 834 933 834 834 855 855 897 855 884 884 869 869 855 812 812 800 800 800 800 800 800 800 653 653 653 771 755 755 653 653 653 653 653 653 700 653 653 653 653 626 626 642 619 619 619 619 611 598 598 517 578 556 556 556 517 527 527 527 435 435 435 435 435 435 435 435 435 450 403 403 403 403 403 403 403 383 383 368 368 308 308 308 308 308 308 308 308 308 308 308 290 290 290 246 246 224 250 250 226 226 226 142 142 197 193 193 142 142 142 142 142 142 52 52 136 52 52 52 52 52 90 90 75 75 1 1 42 1 1 21 21 21 2 2 
940 940 940 940 952 952 834 834 834 834 834 897 897 855 855 855 869 855 855 812 812 800 800 812 800 800 800 800 653 653 755 755 755 756 740 740 653 653 714 700 700 653 653 653 626 626 626 626 636 636 626 611 611 573 573 573 573 556 557 557 517 527 527 517 517 435 435 478 478 478 435 435 455 403 403 437 308 308 308 308 404 383 383 383 308 308 335 335 334 334 334 334 309 309 308 308 290 290 291 246 246 224 250 250 226 226 226 226 142 197 197 142 142 131 131 131 131 131 52 52 52 52 52 102 52 52 90 90 75 76 1 1 1 1 44 21 21 22 2 3 
940 940 940 940 940 940 940 903 903 903 834 834 834 834 834 855 855 855 834 834 812 812 812 812 813 813 808 755 755 755 755 755 755 755 740 740 653 653 700 700 690 690 626 626 626 654 654 626 626 626 626 611 573 573 573 573 573 556 556 517 517 527 527 517 518 493 493 478 478 478 435 435 403 403 437 437 308 308 308 308 308 308 308 308 308 335 335 335 334 334 334 334 309 309 309 309 290 290 291 262 262 262 250 250 230 230 230 142 142 198 198 142 142 131 131 131 131 131 52 52 52 52 52 102 102 102 75 75 75 76 1 1 1 22 22 22 22 22 2 2 
965 965 940 940 940 940 940 903 916 903 903 903 898 898 834 834 834 834 834 834 812 812 772 772 772 772 808 755 755 755 755 755 755 755 700 700 700 700 700 701 690 691 626 654 654 654 654 646 637 637 611 611 573 573 573 573 573 573 556 517 547 517 517 517 518 493 493 493 486 451 451 451 451 451 414 414 414 308 308 308 308 279 279 335 335 335 335 335 335 335 335 335 309 309 309 297 297 297 262 262 262 262 262 230 230 230 230 142 198 198 142 142 142 131 131 149 149 149 52 52 52 52 52 102 102 103 75 76 76 76 1 1 1 22 23 23 23 23 2 2 
965 965 965 965 940 940 940 903 916 903 903 903 898 898 888 834 834 856 856 834 834 834 772 772 772 772 808 755 755 700 700 700 700 700 700 733 700 700 701 701 690 690 626 654 654 654 654 646 637 637 611 620 573 573 573 573 579 556 556 517 517 517 532 494 494 494 486 486 486 451 451 451 451 452 414 414 414 308 308 308 405 279 279 335 335 335 335 279 279 335 335 336 279 279 279 297 297 297 262 262 262 262 230 230 142 142 142 142 198 142 142 142 142 131 131 149 149 149 149 52 52 52 52 103 103 103 75 75 75 58 58 58 58 22 23 23 23 23 2 2 
965 965 965 941 941 940 940 903 916 916 916 903 903 898 888 885 856 856 857 829 829 835 772 772 772 772 808 755 755 700 700 700 748 748 748 733 733 723 701 701 701 690 626 654 626 626 626 646 611 611 611 620 573 573 573 573 556 556 556 556 414 414 532 494 494 494 494 494 479 479 451 451 451 414 414 414 414 279 279 279 279 279 279 279 279 279 279 279 279 279 279 279 279 324 279 279 279 279 262 262 262 262 230 247 142 236 142 142 142 142 142 142 131 131 131 149 149 150 150 117 117 117 19 19 19 19 91 91 75 58 58 58 22 22 23 23 23 23 2 2 
953 953 953 941 941 941 941 903 916 916 916 898 898 898 888 885 856 857 857 829 829 835 772 772 772 772 772 772 795 700 700 700 700 700 723 723 723 723 690 690 690 690 626 626 626 611 611 611 611 620 620 620 548 548 573 573 556 556 556 548 548 414 532 494 494 494 494 495 479 451 451 414 414 414 431 414 414 279 279 279 406 369 369 369 369 369 324 324 324 324 324 324 324 324 279 279 279 279 262 262 262 230 230 247 142 142 142 227 142 142 142 142 131 151 151 149 149 150 150 117 117 117 19 19 19 19 19 19 75 58 58 58 22 35 23 23 23 24 2 2 
953 977 953 941 941 903 903 903 916 916 916 898 888 888 888 856 856 857 829 829 829 829 829 772 772 801 801 772 772 700 700 772 700 700 723 723 723 723 690 690 690 690 548 626 626 611 611 611 548 548 620 620 548 548 548 548 548 548 548 548 549 414 532 494 494 479 479 479 479 451 451 414 438 431 431 414 414 279 279 406 406 369 369 369 359 359 324 324 324 324 324 324 324 310 310 310 279 279 279 263 263 263 263 247 247 237 142 142 142 199 199 142 131 131 151 157 157 157 151 117 117 117 19 19 19 97 97 19 19 22 22 58 22 35 35 35 23 24 2 2 
953 953 953 941 941 903 903 903 916 916 898 898 888 888 888 856 857 857 829 829 772 772 772 772 772 801 801 801 772 772 772 772 700 749 749 692 692 692 692 692 690 690 548 548 548 548 611 611 548 548 548 548 548 581 548 548 580 558 558 558 414 414 414 414 414 479 479 479 414 414 451 414 438 431 431 431 414 414 279 279 369 369 369 369 359 359 359 350 350 303 303 303 303 310 310 303 303 298 279 263 263 263 237 237 237 237 142 142 142 142 142 142 184 131 151 151 151 151 151 117 117 117 117 117 97 97 19 19 19 22 22 22 22 45 45 23 23 24 2 2 
953 953 953 953 953 903 903 903 903 922 898 910 898 898 857 857 857 857 858 772 772 836 772 772 772 801 684 684 684 684 700 700 700 749 692 692 709 709 709 692 692 692 599 599 599 548 548 548 548 627 627 548 548 581 581 581 558 558 414 414 414 540 414 414 414 479 479 414 414 414 414 414 438 431 431 431 431 414 414 279 369 369 369 369 359 360 360 350 350 303 303 303 303 303 303 303 298 298 279 279 279 237 237 237 237 238 142 142 142 142 142 142 142 131 158 158 158 158 131 131 131 131 110 110 97 97 19 81 81 22 22 22 22 45 23 23 4 4 2 2 
953 953 954 954 953 953 903 934 903 903 898 910 898 857 857 857 857 857 858 772 772 836 772 772 772 772 684 684 684 684 700 700 700 692 692 709 709 709 709 709 692 692 599 599 599 599 599 599 599 627 627 599 599 599 581 581 558 558 414 414 414 414 414 414 414 414 414 414 456 456 456 456 438 438 438 438 415 415 279 279 369 369 369 359 359 303 303 303 346 346 303 303 303 303 280 280 298 298 264 264 264 237 237 237 237 238 142 142 142 142 142 142 142 131 158 158 131 131 131 110 110 110 110 110 110 97 19 19 19 19 22 22 22 45 23 4 4 4 4 4 
983 953 953 954 954 954 903 903 903 903 898 898 898 857 857 857 857 857 837 837 836 836 772 772 772 772 684 684 684 684 684 684 684 692 750 709 709 709 715 702 702 599 599 599 638 638 647 647 599 627 627 599 599 599 581 581 558 558 559 559 550 480 480 519 519 480 480 496 456 456 456 456 456 411 411 415 415 415 279 279 369 369 369 359 359 303 361 303 346 346 303 329 329 280 280 280 280 280 280 280 264 264 237 237 237 237 128 128 128 128 128 128 172 131 131 131 131 131 131 110 111 111 111 110 110 97 97 19 19 19 22 22 22 45 23 4 33 4 4 4 
953 953 953 966 953 953 935 935 899 899 899 899 904 857 857 857 857 857 837 837 836 836 772 772 684 684 684 684 684 684 684 684 692 692 750 684 684 684 684 702 702 599 599 599 638 638 647 648 599 599 599 599 599 599 599 581 581 550 550 550 550 480 480 480 480 480 480 480 480 456 456 457 457 411 411 415 415 415 415 303 303 303 303 359 359 303 361 303 303 303 303 329 329 280 299 299 280 280 286 280 280 264 264 237 237 237 128 211 211 128 128 128 172 131 131 172 163 143 143 143 111 110 110 110 110 92 92 19 19 19 19 22 22 22 23 4 4 4 18 4 
953 966 966 966 953 953 935 935 899 899 899 899 904 857 857 857 857 857 837 837 837 837 684 684 684 814 684 684 684 684 692 692 692 750 750 684 684 684 684 684 684 684 684 599 638 638 647 648 638 638 604 604 604 604 541 541 541 550 550 550 550 480 480 480 498 497 497 497 480 480 457 457 458 411 411 411 411 426 303 303 303 303 303 359 359 303 303 303 303 303 303 280 280 280 299 299 299 299 286 286 273 273 237 237 237 128 128 211 211 128 128 128 172 172 172 172 163 143 143 111 111 110 110 110 110 92 92 92 82 19 19 22 22 22 23 23 23 4 4 4 
953 966 966 953 953 889 889 889 899 899 899 899 899 857 857 857 857 809 809 809 809 838 684 684 684 684 684 773 684 684 684 684 684 750 684 684 716 716 716 710 675 675 685 599 638 638 647 638 638 604 604 541 541 541 541 592 541 574 541 541 550 480 480 498 498 497 497 497 457 457 457 458 458 411 412 412 411 411 303 410 303 303 362 362 362 362 303 303 303 303 303 280 280 280 280 299 299 273 273 273 273 274 237 237 237 128 128 128 211 128 128 128 128 163 163 163 163 137 137 111 111 111 111 111 111 92 92 82 82 19 19 19 59 19 19 19 19 4 4 4 
953 953 953 953 953 889 942 889 889 889 889 889 899 899 857 857 809 809 859 809 809 809 809 809 809 815 809 773 796 684 684 684 684 750 684 717 716 716 716 710 675 675 685 599 668 638 638 638 643 604 604 541 612 541 541 541 541 541 541 541 541 541 480 498 498 498 503 457 457 481 458 458 411 411 412 412 432 411 303 303 303 362 362 362 362 362 362 303 303 303 303 280 280 325 280 280 304 273 273 273 273 265 265 237 237 128 128 128 211 211 128 128 128 176 176 173 137 137 137 144 137 111 111 111 111 82 82 82 71 71 71 19 19 19 20 20 19 19 19 4 
953 953 953 967 953 889 889 889 889 889 889 889 889 889 889 809 809 830 830 809 809 809 830 809 809 815 809 773 773 788 779 684 684 684 684 717 717 717 717 710 675 675 675 599 599 661 638 638 638 639 604 541 541 541 541 541 541 541 560 560 480 480 480 499 499 498 457 457 457 457 458 458 411 411 439 412 412 411 411 411 303 303 303 362 362 362 362 303 318 318 318 318 318 318 318 280 280 273 273 273 273 265 266 200 200 200 212 212 212 212 128 128 185 173 173 173 137 159 137 137 137 111 111 60 60 82 60 60 71 71 71 63 46 46 20 20 19 19 19 4 
959 959 953 953 953 889 889 889 889 889 889 889 889 890 890 809 870 830 830 830 830 830 830 809 809 809 809 802 773 773 779 684 684 734 734 734 734 717 717 710 675 693 675 675 599 661 638 638 638 639 604 604 541 541 541 541 541 541 541 561 480 480 480 499 499 498 457 457 457 457 458 458 411 411 439 439 412 412 412 412 303 303 303 378 378 303 303 303 318 318 318 318 318 318 280 280 280 273 273 265 265 265 265 200 200 200 200 200 200 200 200 128 185 173 173 173 137 137 137 137 60 60 60 60 60 60 60 60 71 71 63 63 46 46 20 20 19 19 19 4 
959 959 959 959 889 889 936 936 889 889 889 889 905 890 890 809 870 830 830 830 830 825 825 825 802 802 802 802 773 773 734 766 766 734 734 734 735 710 710 710 675 675 675 676 599 599 638 638 628 628 628 583 583 542 542 541 541 541 541 542 542 542 480 499 499 498 457 457 482 482 458 458 411 411 411 411 411 411 412 412 303 303 303 303 303 303 303 303 318 318 318 318 330 280 280 280 280 300 265 265 265 265 265 200 200 200 231 201 201 186 186 128 128 173 173 173 164 137 137 137 60 118 118 118 60 60 93 93 83 63 63 63 46 46 20 20 25 25 20 4 
959 959 959 959 959 917 917 917 917 900 900 900 900 900 809 809 870 870 830 830 825 825 825 825 802 802 802 802 773 789 734 767 767 734 734 735 735 710 710 710 662 662 662 662 669 599 599 599 628 583 583 583 542 542 542 542 570 541 541 542 480 480 480 499 499 498 498 498 458 458 458 458 459 411 411 411 411 411 303 303 303 303 370 370 370 370 239 239 239 239 319 319 330 280 280 300 300 300 265 281 281 265 265 200 200 200 231 201 186 186 186 186 128 128 164 164 164 137 137 137 60 60 60 60 60 60 60 60 83 63 63 63 46 46 20 20 20 20 20 4 
973 973 917 917 917 917 917 917 917 900 900 900 809 809 809 871 871 871 774 774 825 825 825 825 802 802 802 802 773 789 734 734 734 734 734 735 724 724 662 662 662 694 686 662 662 662 599 599 628 583 583 542 542 542 575 542 570 570 570 542 480 480 480 499 520 499 499 499 458 458 458 458 459 411 411 411 411 411 303 303 303 303 370 370 370 239 239 239 239 239 319 319 319 319 280 300 300 300 265 281 281 265 248 252 248 239 201 201 186 186 186 186 186 128 164 164 164 137 137 137 128 128 128 94 94 94 94 60 83 63 63 63 46 46 20 20 20 20 20 4 
973 973 917 917 917 917 917 917 917 923 917 809 809 891 891 871 871 774 774 774 774 803 803 803 803 803 803 803 773 773 734 734 757 757 735 735 724 724 662 686 686 686 686 662 662 662 599 599 599 599 583 542 542 542 575 542 542 542 542 542 480 480 480 499 499 499 468 468 468 468 458 458 440 440 440 440 303 303 303 303 384 384 384 370 370 239 239 239 239 239 319 319 319 319 280 280 280 280 265 265 265 265 248 248 248 239 201 201 201 201 201 128 128 128 164 128 128 137 137 137 128 129 129 94 94 94 94 60 83 63 63 63 46 46 4 4 4 4 4 4 
973 973 973 917 917 917 943 937 917 917 917 809 891 891 774 774 774 774 774 774 774 803 774 774 803 803 774 774 790 773 773 773 757 758 735 741 724 724 662 662 662 695 662 662 662 662 599 599 599 599 583 583 542 542 575 582 582 542 542 551 533 533 480 480 510 510 468 468 468 468 468 440 440 441 441 441 303 303 303 303 384 384 384 384 239 239 239 239 239 239 319 319 319 319 280 280 280 280 280 280 265 265 239 239 239 239 194 194 194 201 201 128 128 128 128 128 128 128 128 128 128 104 104 94 94 104 94 60 60 77 63 63 46 46 4 4 34 4 4 4 
973 973 973 917 960 917 937 937 929 891 891 891 891 892 774 879 879 774 774 774 774 774 774 774 774 774 774 774 790 790 757 757 757 735 735 724 724 662 662 662 662 662 662 677 662 663 599 599 629 629 629 583 583 583 575 575 575 542 542 551 551 533 533 480 480 480 468 468 468 468 468 440 440 441 441 441 303 303 384 384 384 384 384 384 239 239 239 239 239 239 239 239 319 319 319 311 280 280 280 239 239 239 239 239 239 240 194 228 194 194 202 128 128 180 98 98 152 152 128 128 104 104 104 104 104 104 94 94 60 60 60 60 60 46 46 4 4 4 4 4 
973 973 973 917 917 917 937 937 929 891 891 891 891 892 774 774 774 774 774 774 819 819 819 819 774 774 774 774 791 791 757 757 757 735 735 724 724 662 662 662 662 662 662 662 662 663 629 629 629 630 630 583 583 583 593 593 575 575 562 562 552 534 534 480 480 480 504 427 427 468 468 468 440 453 441 441 427 427 384 385 385 371 371 371 371 371 239 239 239 239 239 239 311 311 311 311 280 280 280 239 239 239 249 239 239 194 194 194 194 194 194 194 98 98 98 98 152 152 152 119 119 119 119 119 98 98 98 64 64 64 64 64 4 4 4 4 4 5 5 5 
973 973 911 911 955 955 911 911 929 891 891 891 891 892 892 886 774 774 774 819 819 831 831 819 819 774 774 774 774 774 774 774 757 757 724 724 724 725 662 662 703 662 662 663 663 663 629 629 629 630 630 583 583 583 593 593 575 575 562 562 552 534 534 504 504 504 504 427 427 483 440 440 440 453 427 427 427 428 384 384 385 385 385 385 239 239 239 239 239 239 239 239 311 311 311 312 280 280 280 239 275 275 249 249 249 194 194 194 194 203 203 98 98 98 98 98 152 152 152 119 119 119 120 120 98 105 64 64 84 4 4 4 4 47 47 4 4 5 5 5 
911 911 911 911 911 911 911 911 911 891 891 891 891 860 860 886 774 819 819 819 831 831 774 774 774 774 797 797 774 774 724 724 724 724 724 724 724 703 703 703 703 640 640 640 640 640 640 631 631 630 630 583 583 583 600 594 575 575 552 552 552 534 534 504 511 511 427 427 427 483 440 440 440 440 427 427 427 427 384 384 407 239 239 239 239 363 363 239 239 239 239 239 239 239 239 239 239 239 239 239 275 276 187 187 187 187 194 194 194 203 203 98 98 98 98 98 165 152 152 119 119 119 120 120 98 105 64 64 4 4 72 47 47 47 48 4 26 5 5 5 
911 911 911 911 911 944 944 911 911 911 911 911 860 860 860 860 774 774 831 831 831 839 774 826 774 774 797 797 797 724 724 724 724 724 724 736 736 703 703 703 640 640 670 670 670 586 586 631 631 631 631 583 583 594 594 594 552 552 552 552 552 504 504 504 511 511 427 427 427 483 427 427 440 440 427 427 427 427 384 384 407 239 386 386 363 363 351 351 351 239 239 239 239 239 239 239 239 239 239 239 275 187 187 187 187 187 194 194 194 213 98 98 98 98 98 165 165 152 152 119 119 119 130 98 98 78 78 4 4 4 4 47 48 48 48 4 26 5 5 5 
911 911 911 911 961 944 944 911 911 911 861 861 860 860 860 860 880 774 774 831 831 839 774 797 797 797 797 804 724 724 724 724 724 759 736 736 736 726 640 640 640 696 670 670 671 586 586 586 586 631 631 621 583 594 594 552 552 576 552 552 552 504 504 528 512 512 427 427 427 427 427 427 427 427 427 384 384 384 384 384 407 239 386 386 363 351 351 352 352 239 239 337 239 239 239 239 239 239 292 275 275 187 253 187 241 241 194 194 187 187 98 98 98 174 98 98 98 152 152 119 119 119 98 98 112 78 78 4 4 4 4 47 48 48 4 4 26 26 5 5 
978 978 911 911 911 944 944 806 806 861 861 861 861 860 860 860 860 860 774 774 774 774 774 797 797 797 724 724 724 792 724 742 742 759 736 736 736 726 640 640 696 696 664 664 664 586 586 586 586 586 586 621 583 583 594 552 552 552 552 505 505 543 504 504 512 513 427 427 427 460 460 460 460 339 339 384 339 339 339 339 407 239 239 239 363 351 364 320 320 347 239 239 239 313 313 313 292 292 292 275 275 187 253 187 187 187 187 187 187 187 187 187 187 174 174 174 98 152 132 132 132 119 98 98 78 78 78 78 4 4 4 47 4 4 4 27 27 27 5 6 
978 978 911 911 911 944 945 806 806 861 806 806 861 861 861 881 881 860 860 845 845 774 774 774 774 816 724 805 724 724 724 742 742 742 742 742 726 726 718 640 696 696 664 664 664 664 586 586 586 586 586 583 583 583 594 594 552 552 552 505 505 543 504 504 512 513 427 427 427 339 339 339 339 339 339 339 339 416 416 339 407 239 239 363 363 351 351 320 320 320 239 239 292 292 292 292 292 187 187 275 275 187 253 253 187 187 187 187 214 214 188 188 188 98 98 98 98 152 132 132 132 119 119 98 78 78 78 78 78 78 4 4 4 4 4 27 27 27 5 5 
979 911 911 911 944 944 806 806 806 806 806 806 806 806 861 861 861 861 861 845 845 774 774 774 774 774 724 724 724 742 742 742 726 726 726 726 726 718 718 640 704 640 640 640 664 664 586 649 586 586 586 583 583 605 583 583 552 552 552 563 505 543 504 504 512 427 427 427 427 339 472 461 461 442 442 442 433 339 339 339 339 351 351 351 351 351 351 320 353 320 326 326 292 292 314 314 187 187 187 187 187 187 253 253 187 187 187 187 187 177 188 188 189 98 98 98 98 152 132 132 132 119 119 98 27 27 78 27 27 27 36 36 36 36 36 36 27 27 7 7 
979 911 911 911 806 806 806 806 806 924 806 806 906 806 862 862 862 872 744 744 744 774 774 774 774 774 798 798 798 742 742 742 726 726 726 743 719 719 719 640 640 640 640 640 640 665 586 586 586 640 586 622 583 583 583 583 583 505 505 505 505 505 505 512 512 427 427 427 427 461 461 461 442 442 443 443 433 339 339 339 339 351 351 351 379 351 351 320 320 320 326 326 326 292 292 292 187 187 187 242 242 242 267 187 187 187 187 187 187 177 188 188 189 98 98 175 98 152 98 98 132 132 98 98 27 27 27 27 38 27 27 27 27 53 27 27 27 7 7 8 
979 979 911 911 806 806 806 806 806 806 806 806 806 806 862 862 862 744 744 849 744 774 774 744 744 744 760 760 760 760 760 760 728 728 726 726 726 726 697 697 640 640 640 650 640 640 640 640 640 640 586 586 586 583 583 584 584 505 505 505 505 505 505 505 505 505 505 427 427 461 461 461 462 433 433 433 433 339 417 398 398 351 351 351 339 339 365 320 320 320 320 338 326 326 320 292 187 187 187 187 282 242 267 187 187 187 187 187 204 177 177 177 177 177 177 175 98 98 98 98 98 98 98 121 27 27 27 27 38 27 27 65 27 27 27 27 27 7 8 8 
980 980 925 925 925 925 925 925 925 925 918 806 806 806 806 862 862 744 744 744 744 744 744 744 820 744 760 760 760 760 760 760 728 728 728 726 726 726 697 697 697 678 678 650 650 650 640 640 640 623 623 623 586 606 584 584 505 505 505 529 529 529 505 505 521 505 505 427 487 461 461 461 462 433 433 433 433 339 398 398 398 339 339 339 339 339 339 320 320 320 320 320 320 320 320 292 187 187 187 187 187 242 242 254 187 187 187 187 204 204 204 190 190 175 175 175 98 98 122 122 122 122 27 27 27 27 27 27 38 38 38 38 38 38 38 27 27 7 8 8 
980 980 925 925 925 925 925 925 926 926 918 901 901 901 806 863 862 862 862 744 744 744 820 820 820 744 760 760 760 760 760 760 760 760 728 697 697 727 697 697 697 678 678 678 650 650 640 640 640 623 623 623 586 606 585 585 505 505 505 529 529 529 529 529 505 505 505 427 427 461 473 462 462 380 380 380 433 339 398 398 398 339 339 339 343 343 339 339 339 320 320 320 331 320 320 292 187 293 187 187 187 242 242 254 187 187 195 195 195 195 205 190 190 175 175 122 122 122 122 122 138 122 122 106 106 106 27 27 38 38 38 38 38 38 38 37 7 7 8 8 
907 907 907 968 907 907 946 907 907 907 918 901 901 901 806 863 863 863 863 850 840 840 820 820 820 744 744 744 744 744 744 775 768 728 728 697 697 697 697 697 697 652 652 652 650 650 650 650 632 632 632 586 586 606 585 585 585 564 564 564 522 522 522 522 505 505 505 427 427 461 473 462 462 380 446 380 380 339 398 398 398 339 339 339 343 343 339 339 339 320 320 320 292 292 292 292 187 293 293 187 187 242 242 242 242 242 195 195 221 195 195 195 178 178 122 122 122 122 153 122 133 133 122 106 106 106 66 66 66 79 38 38 38 38 38 37 7 9 8 8 
907 907 907 907 907 907 907 907 907 907 907 907 901 901 806 806 806 806 850 850 840 780 780 780 744 744 744 744 744 744 744 744 768 728 728 728 697 697 697 697 697 652 652 652 672 650 650 651 632 632 632 586 601 601 585 585 585 564 565 565 522 535 535 522 522 427 427 427 488 461 461 462 462 380 380 380 380 339 339 339 398 398 339 339 343 343 339 339 354 320 320 320 292 305 292 292 187 187 187 187 277 277 232 232 232 232 232 195 195 195 178 178 178 178 122 122 122 122 122 122 133 133 122 122 66 66 66 66 66 79 66 66 61 54 38 37 7 9 9 9 
907 907 907 907 956 956 947 907 907 927 907 907 907 893 893 806 806 806 864 840 840 780 832 780 744 744 744 744 780 780 780 744 768 728 728 728 728 728 697 697 697 697 652 652 652 652 655 586 586 586 586 586 601 601 585 585 564 564 565 565 522 535 535 522 522 427 506 461 461 461 461 380 380 380 380 380 380 418 418 339 339 339 339 387 343 343 343 339 339 348 320 320 320 305 305 305 305 187 187 187 277 232 232 255 232 232 232 195 195 215 178 178 178 178 178 122 160 160 73 73 73 133 122 122 66 66 66 66 66 79 66 61 61 54 38 38 7 9 9 10 
907 907 907 907 907 907 947 907 907 907 907 907 907 893 894 806 864 864 864 840 840 780 780 780 780 780 780 780 780 780 780 744 744 751 751 729 729 729 705 705 697 697 652 652 666 652 586 586 641 641 586 586 601 601 601 595 564 577 565 565 522 544 506 506 506 514 506 461 461 461 461 380 380 380 444 444 380 418 418 380 380 387 387 387 380 343 343 356 339 348 320 320 320 321 321 187 187 187 187 187 277 232 255 255 232 232 232 195 195 178 178 178 178 181 122 122 160 160 73 73 73 73 123 123 66 66 66 95 66 66 66 61 54 54 38 38 7 9 9 10 
919 919 919 907 907 948 907 907 907 907 919 893 893 893 894 806 864 864 864 851 821 821 780 780 780 780 810 780 780 780 780 744 744 751 751 729 729 729 705 705 705 698 652 652 666 666 586 586 586 586 586 586 586 586 586 595 564 577 565 565 522 544 506 506 506 506 506 461 461 461 461 380 380 380 444 444 380 380 380 380 380 380 380 380 380 343 343 356 339 339 339 339 207 207 187 187 187 187 187 187 277 232 216 216 216 233 233 195 195 178 178 178 179 179 122 154 154 154 154 73 73 73 73 73 73 73 73 73 73 73 73 61 54 54 38 38 7 9 9 10 
919 919 919 919 919 948 907 907 907 907 919 893 893 894 894 806 851 851 851 851 821 821 821 821 821 780 780 780 781 781 744 744 761 761 744 744 706 706 711 711 706 698 652 652 652 652 586 586 586 613 613 624 613 586 586 564 564 577 565 565 522 544 506 506 523 507 507 461 461 461 461 380 380 380 380 380 380 380 419 413 380 380 380 380 343 343 343 339 339 339 339 339 207 207 187 187 187 187 187 187 277 232 216 256 216 216 167 167 167 167 167 179 179 179 122 122 166 122 122 145 73 73 73 73 73 73 73 73 73 28 28 61 28 28 28 28 7 7 7 10 
984 981 938 938 919 948 948 907 907 919 919 912 893 893 895 806 851 851 851 806 806 841 821 821 821 781 781 781 781 781 744 744 744 744 744 745 706 706 706 706 706 698 652 652 652 652 586 586 586 613 613 613 613 586 586 564 564 564 564 522 522 523 523 523 523 507 380 380 380 380 380 380 380 380 380 380 380 380 419 413 380 393 393 380 343 343 343 339 339 339 339 339 207 207 207 207 207 187 187 232 232 232 216 216 216 216 167 167 222 216 167 179 179 179 179 122 166 122 122 122 122 122 73 73 73 87 87 73 73 28 28 28 28 55 28 28 28 28 7 10 
981 981 938 938 919 919 919 919 919 919 919 912 893 893 895 806 806 806 806 806 806 806 821 821 821 781 781 781 781 781 781 706 706 706 706 706 706 706 706 673 673 698 652 667 667 667 656 607 607 607 607 607 607 607 586 596 564 564 564 522 553 523 523 523 523 507 380 380 380 474 474 380 380 380 380 413 413 413 413 413 380 380 380 380 343 343 343 357 342 342 339 339 315 315 315 315 207 207 207 207 207 207 216 216 216 216 216 216 216 216 167 167 167 167 122 122 122 122 122 122 139 122 73 73 73 87 56 85 85 28 28 28 28 55 28 28 28 7 7 10 
981 981 938 938 938 938 938 938 919 919 919 912 893 902 882 882 873 873 842 842 846 806 806 817 817 817 806 806 782 782 782 706 706 706 706 673 673 673 673 673 673 652 652 667 667 667 656 607 607 607 625 625 508 508 586 596 586 564 564 522 553 523 523 507 507 507 380 380 380 380 380 380 380 380 380 380 420 420 420 394 394 394 394 372 372 372 343 357 342 342 342 315 315 315 315 257 257 257 283 283 283 207 216 216 216 216 216 217 217 217 122 167 167 167 122 122 122 139 139 139 139 122 73 73 73 87 56 85 85 28 28 67 28 28 49 28 28 7 7 10 
974 974 974 962 962 930 930 930 930 893 893 912 893 902 882 882 873 873 842 842 842 842 806 817 817 817 806 782 782 783 783 706 706 706 706 673 730 730 673 673 673 652 652 652 652 652 657 607 607 607 625 508 508 508 586 586 586 564 564 522 553 536 536 507 515 515 489 489 489 469 469 469 380 380 380 380 420 394 394 394 408 399 372 372 373 373 343 357 355 332 332 315 315 315 315 257 257 257 283 207 207 207 216 216 216 216 216 217 217 217 122 167 167 167 167 167 167 122 122 122 122 122 73 73 113 87 56 86 86 28 28 28 28 28 39 39 7 7 7 10 
974 962 962 962 963 930 930 930 930 893 893 893 893 883 883 882 882 842 842 842 842 842 806 806 806 806 806 782 769 769 769 706 706 752 752 673 673 673 673 673 673 673 673 652 652 652 607 607 607 508 508 508 614 508 508 597 587 522 522 522 553 536 536 507 507 507 507 463 463 469 469 469 380 380 380 380 420 394 421 394 399 399 372 372 372 374 343 357 355 332 332 332 332 257 322 257 257 257 257 207 207 207 207 216 216 218 218 217 217 217 122 122 167 167 167 167 168 122 155 134 134 134 73 73 113 87 56 56 56 56 56 28 28 28 39 39 7 29 10 10 
974 962 963 963 963 930 930 930 930 893 913 913 883 883 883 882 882 842 865 842 827 827 827 827 818 818 782 782 769 769 769 769 769 737 737 737 673 673 673 673 673 673 673 673 673 652 607 607 607 508 508 608 608 608 508 597 587 522 522 522 522 522 522 522 475 475 475 475 463 469 469 469 463 380 380 395 395 394 394 394 399 399 388 388 372 374 343 343 355 332 332 332 332 257 257 257 301 301 257 257 278 278 207 207 207 218 218 218 218 218 206 122 122 122 122 122 122 122 155 134 134 87 87 124 87 87 56 56 87 56 56 39 39 39 39 39 7 29 10 10 
974 962 962 969 930 930 930 930 930 893 913 914 883 883 883 883 883 842 842 842 827 827 827 827 818 818 782 799 799 769 769 769 769 737 737 737 673 673 699 699 699 699 673 673 673 652 658 607 607 508 508 608 608 608 508 508 587 508 508 508 508 508 508 522 475 475 475 475 463 463 463 463 463 395 395 395 395 395 395 395 399 399 388 388 372 344 344 343 343 332 332 257 257 257 257 257 257 257 257 257 257 268 268 207 207 218 206 206 206 206 206 122 122 122 155 122 122 155 155 88 88 87 87 87 87 87 87 87 87 56 74 39 39 39 50 7 7 10 10 10 
974 974 962 969 930 930 930 931 931 893 913 883 883 883 853 853 852 852 852 852 827 827 818 818 818 818 782 799 799 776 776 776 737 737 737 737 737 673 699 699 699 673 673 673 673 652 652 607 607 508 633 608 608 508 508 508 587 508 508 508 508 508 508 508 508 475 475 475 484 484 475 395 395 395 395 395 422 422 422 395 395 395 395 372 372 344 344 358 343 343 343 257 257 257 257 294 294 294 257 257 257 268 268 207 207 218 206 206 206 219 207 122 191 122 155 155 155 155 88 88 88 87 87 87 87 87 88 88 88 56 56 56 56 56 50 7 30 10 10 10 
974 974 962 962 931 931 931 931 931 893 913 883 883 883 853 853 852 852 852 847 847 843 818 818 818 782 782 799 799 776 776 776 737 738 737 737 738 673 720 673 673 673 679 679 508 508 652 607 607 508 615 615 615 508 545 545 545 545 545 508 508 508 508 508 508 475 475 475 475 475 475 395 395 395 395 395 423 422 422 395 395 395 395 372 372 375 344 344 344 344 306 306 306 306 257 294 294 294 294 257 257 257 257 257 207 207 206 206 206 207 207 122 122 122 146 146 155 155 88 88 88 88 88 88 88 88 88 89 89 56 56 56 56 50 50 7 30 30 10 10 
962 962 975 962 931 931 931 931 931 893 893 893 893 893 853 853 852 852 852 847 847 843 818 818 818 782 782 782 782 776 784 737 737 738 738 738 738 673 673 673 673 673 679 679 508 508 652 652 508 508 615 615 615 508 545 545 566 566 545 545 545 545 508 508 508 508 508 464 464 476 476 395 395 395 447 395 423 423 400 400 400 400 389 389 372 375 344 344 344 344 306 306 306 306 257 294 294 257 257 257 208 208 269 208 208 207 207 207 207 207 208 182 182 182 146 146 155 155 99 99 99 99 99 99 99 99 99 41 41 56 56 56 56 50 51 7 7 11 11 11 
962 962 962 962 931 931 853 853 853 928 893 893 853 853 853 853 853 853 853 843 843 843 753 753 753 753 782 782 782 776 776 737 737 737 738 738 712 712 673 673 673 673 679 679 508 508 508 508 508 615 615 615 615 508 602 554 554 566 566 566 508 508 508 524 524 464 464 464 464 470 470 395 395 395 395 395 434 423 400 400 400 400 389 390 372 372 344 344 344 344 344 306 306 327 257 257 257 257 257 257 208 208 208 208 208 243 234 208 208 220 208 182 182 146 146 146 146 146 99 99 99 135 99 99 99 99 99 41 41 41 50 50 50 50 51 7 7 11 12 12 
962 962 957 957 957 957 853 939 853 853 853 853 853 866 866 866 866 874 853 843 843 753 753 828 753 753 753 753 753 776 776 737 737 737 746 746 712 712 712 712 707 679 679 508 508 615 615 615 615 615 634 508 508 508 602 554 554 554 554 554 508 508 508 508 525 464 464 464 464 470 470 470 395 395 395 429 429 423 423 389 389 389 389 372 372 372 344 344 344 344 345 306 327 327 306 306 257 257 287 287 208 208 208 208 208 208 234 208 208 208 208 182 182 146 146 146 146 146 99 99 99 135 99 99 99 99 99 41 41 41 50 50 50 50 50 7 11 11 12 12 
985 957 957 970 853 853 853 853 853 853 853 853 853 866 866 866 866 874 853 853 843 753 753 753 753 753 753 793 753 753 753 753 753 737 737 731 731 731 707 707 707 679 687 508 615 615 659 644 644 508 508 508 588 588 588 588 588 554 554 554 554 508 508 508 516 516 464 464 490 470 470 464 464 424 424 429 429 429 424 389 389 389 389 372 345 345 345 345 344 344 345 306 306 306 306 306 257 257 287 287 208 208 208 208 208 208 208 208 208 208 208 161 161 161 169 146 146 146 156 99 99 100 100 125 100 100 100 41 41 41 50 50 50 50 50 7 11 11 13 13 
985 957 970 970 853 920 920 853 853 853 853 853 853 866 887 887 866 866 853 853 843 753 753 753 753 753 753 793 753 753 753 753 753 753 753 731 731 707 707 679 679 679 687 508 615 615 615 644 645 508 508 508 508 508 508 508 508 508 508 508 508 508 508 508 516 464 464 464 464 464 464 464 424 424 424 429 429 424 424 389 389 389 389 372 345 345 345 345 345 345 345 306 306 306 306 306 306 284 284 288 244 244 208 208 208 208 208 208 208 208 208 161 192 161 169 169 169 146 156 99 100 100 100 100 100 107 41 41 41 41 50 50 50 7 7 7 11 11 11 14 
957 957 970 970 853 853 920 853 853 853 853 853 853 866 866 866 866 866 866 843 843 753 753 753 753 753 753 793 793 793 753 753 753 762 732 732 731 707 707 679 508 508 508 508 615 615 615 644 603 603 603 603 603 508 508 555 555 555 555 555 555 464 464 464 516 464 509 464 464 464 464 465 424 424 424 424 429 424 425 389 389 372 372 372 345 345 345 345 323 323 323 306 306 306 306 307 307 284 284 284 284 244 244 244 244 208 208 208 161 161 161 161 192 161 161 169 169 146 146 99 99 99 107 107 107 107 41 96 41 41 50 50 50 7 7 40 11 31 11 14 
957 957 957 970 853 853 920 853 853 853 853 853 853 853 866 866 866 866 866 843 843 844 753 753 822 753 753 753 753 753 753 753 753 762 732 731 731 707 707 679 508 674 674 674 674 615 615 644 603 603 603 603 603 603 603 555 555 555 571 464 464 464 464 464 464 464 509 464 464 464 464 465 465 424 424 424 424 424 425 389 389 376 376 376 376 376 323 323 323 323 323 333 333 284 284 284 284 284 258 258 258 244 244 244 244 208 208 161 161 161 161 183 183 183 161 161 161 161 146 146 140 99 107 107 108 108 41 96 41 41 50 50 50 7 7 40 11 11 11 14 
957 957 957 957 853 958 920 853 932 853 853 915 853 853 866 823 823 823 823 823 823 844 753 753 753 753 811 807 753 753 753 753 762 762 732 731 731 731 679 679 508 674 688 590 590 555 555 644 616 616 616 616 616 609 555 555 555 555 571 464 464 464 464 530 464 464 500 500 477 477 477 396 396 454 424 424 424 424 425 401 401 376 376 376 376 377 323 323 323 323 323 323 323 284 259 259 284 284 258 258 258 244 244 244 244 244 161 161 161 209 209 183 183 183 140 140 140 140 140 140 140 99 99 107 107 41 41 96 41 41 41 41 41 7 7 7 7 7 7 7 
957 957 957 957 853 920 920 853 932 853 853 915 853 853 853 823 823 823 823 823 823 844 753 753 753 753 753 807 753 732 732 732 732 732 732 739 731 731 679 713 508 674 590 590 590 555 555 555 616 616 616 616 609 609 555 555 555 555 555 464 530 530 530 530 500 500 500 501 477 477 477 396 396 454 424 424 401 401 401 401 401 376 376 391 381 377 323 323 323 323 323 340 323 284 259 259 259 258 258 258 258 258 270 258 245 245 161 161 161 183 183 183 183 183 140 140 140 140 140 140 99 99 99 107 107 41 41 41 41 68 68 68 41 41 41 41 7 7 7 7 
957 976 976 949 949 920 920 853 853 853 853 853 853 853 853 823 823 823 823 823 823 753 753 753 753 763 753 753 753 732 732 732 732 732 732 739 739 679 679 508 508 590 590 590 590 555 555 555 555 616 616 616 555 555 555 555 555 555 555 464 530 530 530 531 500 500 500 501 477 477 477 396 396 454 396 396 401 401 401 401 401 401 391 391 381 377 323 323 349 349 323 323 323 284 259 259 259 258 258 258 258 258 258 258 245 245 183 183 183 183 183 183 183 183 140 140 140 140 99 99 99 99 99 107 114 41 41 68 68 68 68 68 41 41 41 41 15 15 15 15 
957 976 976 949 949 949 920 920 920 920 920 853 853 853 896 823 823 875 823 823 823 753 833 753 753 763 753 753 785 785 785 763 763 763 732 679 679 679 721 508 508 590 590 590 590 590 555 555 555 616 616 555 555 589 589 555 555 464 464 464 530 530 530 531 491 491 491 501 396 396 396 396 396 396 396 396 401 401 401 401 401 401 391 392 381 377 349 349 349 349 323 323 323 284 284 259 259 295 295 258 258 271 271 259 245 245 183 183 223 183 183 196 99 183 99 99 170 99 99 99 99 107 107 107 114 41 41 68 68 68 68 68 41 41 41 41 15 32 15 15 
957 957 957 949 949 949 949 920 920 920 920 853 908 853 867 867 823 823 867 823 823 753 753 753 823 763 753 753 763 763 763 763 764 764 732 679 679 679 679 679 508 681 680 680 590 590 555 555 555 555 555 555 617 589 589 589 589 464 567 567 526 526 526 531 491 491 491 396 396 471 471 471 448 448 448 396 396 396 396 391 391 391 391 377 377 377 349 349 349 349 323 323 323 328 284 284 259 259 259 259 285 259 259 259 245 245 183 183 223 183 99 99 99 99 99 99 99 99 147 147 107 107 107 107 41 41 41 68 68 68 68 68 15 15 15 15 15 16 16 16 
982 982 957 957 957 949 949 920 920 920 920 853 853 853 867 867 867 867 867 823 823 823 823 823 823 763 763 763 763 763 763 764 764 765 732 732 732 732 679 679 508 681 681 681 590 590 590 590 590 590 590 590 590 590 590 590 590 464 567 567 526 526 526 526 526 491 491 491 491 471 471 471 448 448 448 396 396 430 396 396 396 396 396 377 377 377 349 349 349 349 323 323 323 323 323 284 284 259 259 259 259 259 260 260 245 245 183 183 183 183 99 99 99 99 147 147 147 147 147 148 107 107 107 107 41 41 41 68 68 68 68 69 15 15 15 15 16 16 16 16 
