913 913 913 913 913 913 913 913 913 913 913 913 913 864 864 864 864 864 864 864 786 786 786 786 786 786 786 786 795 795 770 770 769 743 743 743 743 576 576 576 594 594 594 594 594 594 594 662 662 594 594 594 594 594 594 594 594 594 576 576 576 485 485 560 485 485 436 532 436 436 436 497 480 480 480 436 436 444 444 403 403 403 403 403 314 314 314 314 314 314 314 314 345 314 314 314 292 292 284 284 266 266 266 138 138 138 138 138 154 154 154 154 154 154 177 162 162 154 119 119 119 119 119 58 58 58 58 58 58 58 58 58 58 1 1 1 1 1 1 1 
913 913 966 966 973 913 913 935 935 935 928 864 864 864 786 786 786 786 786 786 786 786 786 786 786 786 786 786 795 795 770 770 769 743 743 576 576 576 733 576 594 576 576 695 576 576 594 594 594 594 647 594 594 629 576 576 576 576 576 577 485 485 485 560 485 485 436 436 436 518 436 436 480 480 436 436 436 436 445 403 403 416 416 314 314 314 314 314 314 314 363 314 314 314 314 314 292 292 284 284 284 275 138 138 244 244 244 138 154 154 154 154 198 154 154 162 154 154 119 120 119 119 119 58 58 58 58 58 58 59 59 59 59 1 18 18 18 18 1 1 
913 913 966 966 958 958 958 935 936 936 928 898 898 898 786 786 786 786 786 786 857 786 786 786 832 786 786 807 786 786 786 770 770 743 743 576 576 576 576 576 594 576 576 576 576 576 576 629 629 629 629 629 629 629 576 576 595 595 577 577 485 571 485 485 485 485 541 436 436 485 485 436 480 480 436 436 436 436 445 403 403 416 416 314 402 314 314 314 314 314 314 314 314 314 314 314 314 292 292 292 275 275 138 138 138 138 138 138 154 154 211 154 184 184 154 154 154 119 119 120 119 119 119 58 58 58 58 86 86 59 59 59 59 1 18 18 18 18 1 1 
913 984 966 966 958 958 935 935 928 928 928 898 898 898 898 797 797 867 867 786 786 786 786 786 786 786 786 786 786 796 655 655 771 743 743 576 576 576 576 576 576 576 701 696 675 675 576 576 576 576 576 629 629 576 576 576 595 577 577 583 485 485 564 485 485 485 541 485 485 485 485 436 436 436 436 436 436 436 445 403 403 424 314 314 314 314 314 314 314 314 314 314 314 314 332 303 303 285 285 285 275 275 138 138 138 138 138 231 231 154 154 154 184 119 119 119 119 119 120 120 120 120 120 99 99 99 99 80 80 80 59 59 59 1 1 1 1 18 18 2 
913 984 984 966 966 958 935 935 928 928 928 898 898 899 899 797 797 797 797 797 796 796 796 796 796 796 796 796 796 796 655 655 655 655 655 655 655 655 655 655 655 655 696 696 675 675 675 655 655 655 576 576 576 576 576 576 576 577 577 577 577 485 485 485 485 485 485 485 485 485 485 455 455 454 454 436 436 436 445 436 403 403 314 314 314 379 314 314 314 369 314 314 314 314 332 303 303 285 285 285 285 138 138 249 249 249 138 138 138 221 154 154 184 119 120 120 120 120 120 137 120 121 121 99 99 99 99 80 80 3 73 60 60 1 1 1 1 2 2 2 
913 985 985 966 966 958 958 935 935 928 928 898 898 898 898 797 797 797 797 797 796 796 796 796 820 820 813 796 796 797 655 655 655 655 655 655 744 655 655 725 655 655 696 696 655 655 655 655 655 655 576 576 621 621 576 576 576 576 577 577 542 542 485 485 485 485 485 485 485 485 491 455 455 454 454 454 454 436 436 436 403 403 314 314 403 379 314 314 314 314 314 353 285 285 285 303 303 303 285 293 138 138 138 138 256 238 238 238 138 119 119 119 119 119 120 120 120 120 120 120 120 121 121 108 108 108 80 80 80 3 60 60 60 1 2 2 2 2 19 3 
913 985 985 966 966 966 913 913 913 913 929 923 898 898 898 797 797 797 797 858 796 796 813 813 813 813 813 797 797 797 655 655 655 655 756 655 744 655 655 655 655 702 702 655 655 655 655 668 640 640 640 640 621 621 621 576 576 576 577 577 542 542 542 542 542 542 542 525 525 485 491 455 455 455 473 473 454 454 403 403 403 403 403 403 403 379 387 314 314 285 285 285 285 285 285 285 285 285 285 293 138 138 138 138 238 238 238 238 138 212 212 119 119 185 138 138 120 120 147 138 108 108 108 108 108 108 80 80 3 3 60 60 60 1 1 39 3 3 19 3 
913 913 913 913 913 913 913 913 913 913 923 923 898 898 797 797 797 797 797 858 858 797 797 797 797 797 797 797 803 775 775 775 655 655 655 655 744 655 655 655 655 655 655 655 682 682 640 640 640 596 596 596 596 596 596 606 606 565 565 565 565 565 565 525 525 525 525 525 526 485 491 498 491 455 455 455 455 455 403 403 403 403 403 403 379 379 387 278 278 285 285 354 285 285 333 286 286 285 285 286 286 276 138 138 238 238 238 238 138 212 212 138 138 138 138 138 138 138 138 138 108 108 108 74 74 109 80 80 3 61 61 61 1 1 1 39 3 3 3 3 
986 986 986 913 913 913 913 913 913 913 923 898 898 898 797 882 797 797 797 858 858 797 804 804 804 775 775 803 803 775 775 775 757 757 717 717 717 717 717 717 717 688 688 688 682 640 640 640 640 596 633 633 633 596 596 606 606 565 565 565 565 566 566 525 525 525 485 485 485 485 491 498 491 446 446 346 346 346 346 346 408 408 408 408 379 379 379 278 278 278 285 285 285 315 315 286 286 286 298 286 276 276 232 232 238 238 238 238 138 222 138 138 138 138 155 155 163 155 139 139 129 129 108 74 74 74 74 74 3 3 3 61 61 3 3 3 3 3 3 4 
986 877 877 913 913 877 877 877 942 923 923 898 898 898 797 882 882 797 797 858 858 797 804 804 804 775 775 775 775 775 775 775 757 757 717 717 683 683 683 683 683 688 688 688 688 640 640 640 640 596 633 633 633 596 622 596 596 565 565 584 565 565 565 525 525 485 485 533 519 519 491 491 491 446 446 446 346 346 446 346 408 408 408 409 373 373 379 379 278 278 364 285 285 285 315 315 315 286 286 286 276 276 232 232 232 232 232 232 138 138 138 204 138 138 155 155 155 155 139 139 129 129 108 74 74 100 100 74 74 74 3 66 3 3 20 20 20 20 4 4 
986 877 877 913 913 877 950 877 877 923 797 797 797 797 797 892 797 797 797 797 859 797 804 804 775 775 775 775 775 775 775 775 757 757 757 717 717 717 710 710 683 688 688 683 683 683 640 640 640 596 596 596 633 596 622 596 596 596 561 561 565 565 565 525 525 485 533 533 519 499 499 491 491 446 446 446 446 446 446 346 346 346 346 373 373 373 373 278 278 337 337 285 285 285 334 316 316 287 287 287 287 276 232 261 232 232 232 232 232 148 148 148 148 148 148 148 164 139 139 139 129 129 108 108 74 74 74 74 74 74 3 3 3 20 20 20 20 20 4 4 
986 877 877 877 877 877 950 950 877 877 797 797 797 797 892 892 797 797 868 797 797 797 804 775 775 821 775 775 775 775 775 750 750 750 750 750 717 717 710 710 683 683 683 683 683 683 640 640 656 656 648 596 633 596 596 596 607 597 561 561 561 565 565 525 525 485 485 485 519 499 499 499 484 484 446 446 464 430 430 430 430 346 346 373 395 395 373 278 278 278 337 337 337 337 316 316 317 287 288 288 288 276 232 261 232 165 165 165 165 148 148 148 148 148 148 148 164 139 139 139 129 122 122 74 74 74 74 74 74 74 74 54 54 20 20 20 20 20 20 4 
877 877 877 877 877 877 877 877 943 877 797 797 914 797 797 797 797 797 797 865 846 846 804 775 775 775 775 775 775 775 775 750 750 750 750 750 711 711 711 710 710 710 683 683 683 683 676 648 648 648 648 596 596 596 596 596 596 597 561 585 561 565 567 520 520 520 485 485 485 485 485 485 485 485 446 446 464 430 437 437 346 346 417 373 373 396 373 373 373 278 278 355 287 287 316 316 287 287 288 288 288 276 232 232 232 165 165 165 165 213 213 165 165 165 165 148 148 148 148 129 129 122 123 74 74 74 74 74 74 74 75 54 54 54 20 20 20 25 4 4 
877 987 877 877 877 877 877 877 943 877 877 877 877 877 877 893 797 797 797 865 846 846 804 775 775 775 775 775 775 775 750 750 750 750 750 750 711 711 711 711 711 711 689 689 689 676 676 648 648 648 649 596 596 596 596 596 596 597 561 561 561 565 565 520 520 520 485 485 485 500 485 485 418 418 418 418 464 430 430 430 346 346 346 346 373 346 346 346 346 346 278 278 287 287 287 287 287 304 165 165 165 276 165 165 165 165 165 165 165 165 165 165 186 186 165 148 148 129 129 129 122 122 123 74 74 74 74 74 74 74 75 54 54 54 21 21 21 25 4 4 
877 987 987 877 877 877 877 951 884 884 915 915 915 877 877 893 797 797 869 846 846 846 804 775 775 775 775 775 775 775 750 750 750 745 745 745 745 711 726 726 684 684 689 684 684 676 648 648 648 648 649 634 634 561 561 561 561 561 561 561 561 565 565 520 520 520 543 485 485 500 500 500 418 418 418 418 418 430 430 430 425 425 418 346 373 346 370 370 370 346 365 278 278 278 278 304 304 304 165 165 165 276 165 262 165 165 165 165 187 187 187 186 186 186 165 165 165 129 140 140 122 111 111 111 111 74 74 55 55 55 75 54 54 54 21 40 21 21 21 4 
877 877 877 877 877 877 877 884 884 884 884 884 916 877 877 877 877 869 869 846 846 846 804 775 775 822 775 775 775 775 787 750 750 745 745 745 745 711 711 711 684 684 684 684 684 684 648 648 648 634 634 634 561 561 598 598 598 598 561 561 561 561 561 520 520 520 520 520 520 520 507 418 418 418 418 418 418 418 418 418 425 425 418 346 373 346 346 380 370 346 365 356 278 278 278 278 304 304 165 165 165 165 165 262 165 165 165 165 187 187 187 186 186 186 166 166 166 129 129 141 122 111 111 111 111 101 101 55 87 55 55 55 54 54 21 21 21 4 4 4 
886 886 886 886 886 877 877 884 884 884 884 884 884 884 883 883 877 869 869 846 846 804 804 839 804 804 808 808 776 776 745 745 745 745 745 745 745 711 711 711 684 684 690 690 690 685 648 648 663 634 634 634 561 561 598 598 572 572 572 572 572 572 561 561 520 520 507 507 507 507 507 418 492 418 418 418 465 418 418 418 431 418 418 346 346 346 346 380 370 346 346 356 278 278 278 278 305 305 165 165 165 165 165 189 189 165 165 239 187 187 187 187 187 187 166 166 167 129 129 141 122 122 111 55 55 101 55 55 87 76 76 55 55 55 5 5 21 4 4 4 
886 886 886 886 886 952 952 952 884 884 884 883 883 883 883 883 877 877 823 823 823 804 804 804 804 804 804 804 776 776 745 745 745 745 745 745 745 711 711 684 684 684 690 685 685 685 657 657 657 634 634 634 634 561 598 598 572 572 572 572 573 507 507 507 507 507 507 534 493 493 493 418 418 418 418 418 447 447 447 418 418 418 388 388 388 357 357 357 370 370 346 356 278 278 278 305 305 165 165 165 165 165 165 189 189 189 189 239 223 223 187 187 188 166 166 166 112 112 112 112 122 122 111 55 55 55 55 87 87 76 76 5 5 5 5 5 21 4 4 4 
886 886 988 886 886 952 952 884 884 884 884 883 883 883 883 883 883 823 823 823 823 847 823 823 823 823 804 804 776 776 776 776 751 751 745 745 711 711 711 684 684 712 685 685 685 685 657 657 657 657 561 561 561 561 612 612 572 572 572 572 573 507 507 507 557 549 493 493 493 521 493 493 418 418 474 474 447 456 426 426 426 388 388 388 388 357 381 381 357 357 346 346 346 338 278 305 305 165 165 165 165 165 165 189 250 250 189 189 223 205 205 188 188 166 168 168 112 112 112 112 112 112 111 55 55 110 102 26 26 76 76 5 43 43 43 5 21 4 4 4 
886 886 886 886 886 952 952 884 884 924 924 924 883 883 883 884 884 823 870 823 823 823 823 824 824 824 804 804 804 758 758 758 751 751 751 751 711 711 684 684 684 712 685 685 657 657 657 657 657 657 561 612 612 612 612 586 586 586 572 572 573 573 507 507 549 549 493 493 493 493 493 493 448 448 474 457 457 426 426 426 426 388 388 388 388 357 357 357 357 357 357 357 338 338 278 318 318 165 165 165 165 165 165 189 189 251 189 189 205 205 205 188 188 166 168 168 112 112 82 82 112 112 111 111 55 55 102 26 26 5 5 5 43 43 5 5 21 21 21 5 
959 886 886 976 886 952 952 953 884 924 924 924 883 883 883 884 885 823 823 823 823 823 824 824 824 824 814 758 758 758 788 758 751 751 758 746 746 684 684 718 718 665 665 657 657 657 657 669 561 561 561 561 561 623 623 586 608 586 586 586 573 573 507 549 549 549 493 493 493 493 493 493 493 448 474 457 457 426 426 426 388 388 388 388 388 388 388 357 357 357 357 278 278 278 278 318 318 165 165 165 165 165 165 189 189 251 189 205 205 224 205 205 188 188 168 168 112 112 82 82 112 112 124 55 55 55 102 26 26 26 26 26 43 43 5 5 5 5 5 5 
959 959 959 959 886 886 886 886 884 884 884 884 884 884 884 884 823 823 823 823 823 823 824 833 833 814 814 758 758 758 788 758 772 758 758 746 746 684 684 684 719 665 665 657 677 677 677 561 561 561 561 561 561 623 623 586 586 586 586 586 507 507 507 549 549 549 493 493 493 493 493 486 486 448 448 457 457 457 426 426 388 388 388 388 389 389 389 357 357 357 357 278 324 324 324 324 241 241 241 241 277 277 189 189 251 251 189 205 205 205 205 205 188 188 168 168 112 112 82 82 82 112 124 55 55 55 102 81 81 26 26 26 43 43 32 32 32 5 5 6 
959 959 959 959 954 954 954 886 886 886 900 884 884 884 884 823 823 823 823 823 823 823 824 833 833 814 814 758 746 746 788 758 758 758 746 746 746 684 684 684 684 665 665 665 677 677 677 561 561 650 650 561 561 599 599 599 586 586 586 586 507 507 568 549 549 550 527 527 527 522 486 486 486 486 448 475 433 433 433 426 432 426 388 388 389 389 389 357 374 357 357 278 278 278 278 325 241 241 241 241 277 277 189 189 251 189 189 225 205 205 178 178 188 188 178 168 168 82 82 142 82 112 112 112 112 102 102 81 81 26 26 26 43 43 32 32 32 5 5 6 
959 991 959 959 954 954 954 954 944 886 900 900 900 884 884 823 823 823 823 823 823 823 824 833 833 758 758 758 746 746 746 746 746 746 746 752 747 684 684 684 684 665 665 665 677 677 664 664 664 650 650 599 599 599 599 599 569 569 558 558 558 507 507 507 507 527 527 528 528 522 486 486 486 487 448 475 433 433 433 426 426 426 341 341 341 341 390 357 357 357 357 278 278 339 278 278 241 241 241 294 267 267 267 189 189 189 245 225 225 225 178 178 178 178 178 168 168 82 82 82 82 82 82 82 82 102 82 82 81 81 77 26 26 26 26 26 26 26 6 6 
959 959 959 959 959 954 954 944 944 886 900 900 900 900 900 823 823 860 823 823 823 823 824 824 824 758 758 758 746 746 746 746 746 746 752 752 747 734 734 697 697 665 665 665 665 665 664 670 599 599 599 599 635 599 599 569 569 569 558 587 558 558 558 558 507 527 522 522 522 522 508 486 486 448 448 475 448 448 433 433 433 341 341 410 341 341 371 371 357 357 357 278 278 319 319 278 278 278 241 241 267 241 241 189 189 189 189 178 178 178 178 189 189 189 82 82 82 149 149 82 82 82 82 82 82 82 82 82 82 82 77 26 26 44 44 6 6 27 6 7 
989 989 959 959 959 959 959 944 945 886 900 900 906 906 901 860 860 860 823 823 840 840 840 840 824 758 758 758 746 746 746 746 746 746 747 747 747 734 697 697 697 665 665 665 665 665 664 670 599 599 599 599 635 599 599 569 569 569 558 558 558 558 558 558 507 507 522 508 508 508 508 486 486 448 448 448 448 448 448 433 433 341 410 410 341 371 371 371 371 371 340 340 340 319 319 319 319 278 278 241 241 241 241 189 189 189 189 189 189 189 189 189 82 82 82 173 82 82 82 82 82 82 82 82 82 82 95 95 88 77 77 62 62 44 44 6 6 27 6 7 
992 989 989 944 944 959 959 944 945 886 886 886 906 901 901 860 860 860 860 860 840 840 840 840 824 758 758 758 746 746 746 777 746 746 747 734 734 734 697 697 697 713 665 665 665 664 664 665 665 599 599 599 599 599 599 613 569 569 592 569 569 558 558 558 558 507 507 535 508 508 509 486 486 448 448 476 449 449 449 433 433 341 410 410 341 371 371 341 341 340 340 340 340 340 319 319 306 306 278 278 278 278 241 241 241 189 189 189 189 200 200 82 82 82 82 82 156 156 82 82 82 82 82 82 82 82 95 95 88 77 62 62 6 6 6 6 6 6 6 7 
992 992 990 944 944 944 960 944 930 930 930 886 901 901 871 871 871 871 871 860 860 840 840 840 824 758 758 758 746 746 746 746 746 734 734 734 734 734 697 697 720 697 697 697 665 665 665 665 614 614 599 599 599 599 599 613 569 569 569 569 569 574 501 501 501 535 507 535 509 509 509 438 438 448 448 476 449 449 449 341 341 341 375 375 341 341 341 341 341 340 366 340 347 341 306 306 306 307 299 241 241 241 241 241 241 189 189 240 233 200 82 82 199 82 82 82 156 156 82 82 82 82 82 88 88 88 88 88 88 77 77 6 6 45 45 33 33 6 6 6 
990 990 990 944 944 944 944 944 930 930 930 886 901 907 871 871 871 871 848 848 848 840 840 840 824 824 809 809 746 746 746 746 746 734 734 734 734 735 735 697 697 697 703 698 665 665 678 671 614 614 614 614 614 614 599 599 569 569 569 569 569 574 501 501 501 535 535 535 509 509 438 438 438 438 481 450 450 449 449 341 341 341 419 375 375 375 375 375 341 340 340 340 347 341 306 306 306 306 299 241 241 241 241 241 241 189 189 189 233 200 82 82 82 179 179 157 157 157 82 143 88 88 88 88 103 103 103 78 78 28 28 6 6 9 9 33 33 6 6 6 
990 990 990 944 944 944 944 955 930 930 886 886 901 907 871 871 871 871 848 848 848 780 780 840 780 780 809 809 746 746 746 778 746 764 734 734 734 735 735 698 698 698 698 698 678 678 678 671 614 614 614 614 614 614 624 599 599 599 569 569 569 501 501 501 501 535 535 509 509 509 438 438 438 438 481 450 450 450 450 341 341 348 348 348 404 375 375 375 341 341 341 341 341 341 306 306 306 306 241 241 241 241 241 241 241 252 246 189 189 200 82 82 82 82 82 157 157 157 82 143 88 88 88 115 113 78 78 78 78 28 28 28 6 9 9 9 8 8 8 8 
990 990 990 938 938 961 961 886 886 886 886 901 901 907 871 894 871 871 848 848 848 848 780 780 780 780 809 809 746 746 746 746 746 764 698 698 739 739 698 698 658 658 658 658 678 671 671 671 578 578 614 614 614 614 614 614 569 569 569 569 569 501 501 501 501 501 536 509 509 509 438 438 438 450 450 450 466 341 341 341 341 348 348 348 404 391 391 375 375 341 341 358 348 306 306 306 306 308 241 241 241 241 241 241 241 241 246 189 189 200 200 200 200 190 82 82 82 82 82 143 88 88 113 113 113 78 89 78 78 28 28 28 63 9 9 9 8 8 8 9 
938 938 938 938 938 961 961 886 886 886 886 886 907 907 871 871 871 871 815 815 849 849 834 834 834 780 779 779 779 779 779 779 764 764 698 698 698 698 698 658 658 658 658 658 658 671 671 671 578 578 578 578 614 569 569 569 569 569 569 569 569 569 501 501 501 501 536 536 501 501 501 501 438 450 450 438 438 341 341 341 341 341 348 348 391 391 375 375 375 348 348 358 348 306 306 306 306 308 241 241 241 241 241 241 241 241 241 189 158 158 158 158 158 190 82 82 82 144 144 125 125 88 78 78 78 78 89 78 78 78 28 28 9 9 9 9 9 22 22 9 
938 993 938 938 938 967 946 946 878 878 878 886 886 886 886 886 886 815 815 815 815 815 834 834 834 780 779 779 779 779 779 779 764 764 698 698 736 736 736 658 704 704 704 658 658 671 671 671 578 578 578 578 569 569 569 569 569 569 588 588 569 569 501 501 501 501 536 536 501 501 501 502 438 438 438 438 438 458 341 341 341 341 348 391 391 397 375 375 375 348 348 348 348 241 241 241 241 241 241 247 247 247 241 241 241 241 241 189 226 226 158 158 158 158 82 174 82 144 144 125 125 88 78 78 78 78 89 78 78 28 28 9 9 41 41 41 9 9 23 9 
938 993 938 938 938 967 946 946 878 878 878 925 886 886 887 887 887 815 872 815 815 815 815 815 835 780 779 779 779 779 780 780 698 698 698 698 736 736 736 658 658 704 704 658 691 671 671 672 578 578 578 578 569 569 569 569 569 569 578 578 569 569 501 501 501 501 537 537 501 501 501 502 438 438 467 467 438 458 341 341 341 341 348 391 391 348 348 348 348 348 349 349 349 241 300 300 300 300 300 247 289 247 247 247 247 247 247 189 189 189 189 189 191 158 82 82 82 144 144 125 125 88 88 78 78 78 89 78 78 28 41 41 41 41 41 41 34 9 9 9 
938 938 938 938 938 946 946 878 878 878 878 925 886 886 878 878 878 815 815 815 815 815 841 815 815 780 780 780 779 779 780 780 698 753 698 698 737 737 721 721 658 658 658 658 691 658 658 658 658 578 578 578 578 625 625 569 569 569 578 578 578 569 501 501 501 501 537 537 501 501 501 494 494 467 467 467 438 438 451 438 427 427 348 411 348 348 348 348 349 349 349 350 350 241 241 326 241 241 241 247 247 247 247 247 247 253 241 241 189 189 189 189 191 158 158 158 150 150 144 144 125 88 88 78 78 78 89 89 89 28 28 34 34 46 46 34 34 28 9 9 
938 938 938 938 938 946 962 878 937 937 878 878 878 878 878 895 878 878 815 815 815 815 841 841 815 815 815 780 780 780 780 780 698 753 698 698 737 737 721 721 721 658 658 658 658 658 679 673 658 658 609 609 578 578 578 578 578 578 578 579 579 569 569 501 501 501 501 501 501 501 501 494 495 467 467 467 467 438 438 438 427 427 348 348 348 398 349 349 349 268 268 268 268 268 241 241 241 309 241 241 247 247 241 241 241 241 241 242 189 189 189 191 191 191 158 158 150 150 150 125 125 88 88 78 78 78 78 78 78 78 28 34 34 46 34 34 28 28 9 9 
938 938 938 974 974 946 962 878 878 878 878 878 878 902 902 895 850 879 815 815 815 816 816 816 825 825 816 765 765 765 765 765 698 753 753 753 748 737 721 721 658 658 658 658 658 673 673 673 658 658 609 609 609 609 609 578 578 600 575 575 575 575 544 544 544 544 544 501 501 494 494 494 467 467 467 452 452 452 452 349 349 349 420 349 349 349 349 349 349 268 268 268 268 268 268 268 268 268 301 241 241 279 241 242 242 242 242 242 189 189 214 191 191 191 158 116 116 116 116 125 125 88 88 78 78 78 78 78 90 78 28 34 34 34 34 34 28 10 10 10 
977 977 938 974 974 946 946 946 946 878 878 878 908 902 902 895 850 850 850 850 850 816 845 816 816 816 816 765 789 789 789 765 765 765 759 748 748 737 737 727 658 658 658 658 658 673 630 630 630 630 609 609 609 609 609 609 609 600 575 575 575 544 544 545 545 551 503 503 503 494 494 494 467 467 467 452 452 452 453 349 349 349 349 349 382 382 382 268 268 268 268 268 268 327 327 327 268 268 268 268 241 279 241 241 248 248 248 206 206 206 206 206 191 191 158 158 158 158 116 125 125 125 125 78 104 104 104 78 78 78 28 34 34 34 34 34 28 10 11 11 
977 977 938 938 938 878 878 878 878 878 931 878 908 908 895 895 850 850 850 850 850 816 816 816 817 817 817 765 765 765 790 759 759 759 759 748 748 727 727 727 714 714 630 630 630 630 630 666 666 630 630 630 609 609 609 609 600 600 562 562 575 544 544 545 545 551 503 503 503 510 510 494 494 452 452 452 459 459 412 412 412 412 412 412 382 382 382 268 268 268 268 268 268 327 327 327 268 268 268 268 241 241 241 241 248 248 206 206 201 201 201 201 201 180 180 116 116 116 116 125 125 125 126 78 78 78 78 78 78 78 28 34 34 34 34 28 28 10 11 11 
977 977 977 977 938 878 878 878 878 878 878 878 917 895 895 896 850 850 850 850 850 850 816 816 817 817 817 765 765 765 759 759 759 759 749 749 748 727 738 714 714 630 630 630 630 630 630 666 666 630 630 630 615 615 615 615 600 600 562 562 562 544 544 545 559 494 494 494 503 503 503 503 494 452 477 477 459 459 412 412 413 412 412 382 382 382 382 382 268 268 268 268 268 268 268 268 268 269 269 268 268 268 268 248 248 248 206 206 201 201 201 207 180 180 116 116 169 151 151 125 125 96 96 96 96 105 105 91 91 78 28 28 28 28 47 28 10 10 12 12 
977 977 978 978 938 938 963 932 932 932 932 895 895 895 765 765 850 850 873 861 861 816 816 817 817 817 817 765 765 791 759 759 759 759 749 749 749 727 738 714 714 630 705 630 630 630 630 666 666 630 630 630 615 615 615 615 600 600 562 589 562 544 544 545 545 545 545 494 494 494 494 494 494 452 477 477 459 459 412 412 413 382 382 382 383 383 383 383 376 268 359 359 268 268 328 328 268 268 269 269 268 268 248 248 201 201 201 201 201 227 215 180 180 180 116 175 169 151 151 127 127 96 96 96 96 105 91 91 92 78 78 28 28 28 47 28 10 10 10 10 
978 978 978 904 904 938 963 932 932 932 932 895 895 895 765 765 765 880 861 861 816 816 765 765 765 826 765 765 765 791 791 759 759 759 749 749 749 727 727 727 659 659 705 630 630 630 630 666 666 630 630 630 630 630 593 593 593 593 562 562 562 562 544 544 544 452 452 494 494 523 511 452 452 452 460 460 460 460 412 413 413 382 382 382 382 383 383 376 376 268 359 359 342 342 268 268 268 268 268 269 280 280 248 248 201 201 201 201 215 215 215 180 180 180 116 169 169 145 145 127 127 96 96 96 96 91 91 92 92 78 78 28 28 28 28 28 29 10 10 10 
978 978 978 904 904 938 938 938 938 938 932 895 895 895 895 895 765 765 861 816 816 765 765 836 765 765 765 765 765 791 791 759 759 759 749 749 749 727 727 659 659 659 659 659 659 659 659 659 659 659 630 630 630 616 616 616 552 593 593 562 562 562 562 562 544 544 452 452 452 511 511 452 452 460 460 421 421 412 412 413 413 413 413 413 382 392 392 376 376 268 268 342 342 342 268 329 268 268 268 269 269 269 269 201 201 201 201 201 215 215 216 192 192 192 116 169 169 145 145 127 127 96 96 96 96 96 96 92 92 64 64 64 64 29 29 29 29 10 10 10 
978 978 904 904 904 904 904 938 938 932 932 903 903 903 903 888 888 765 765 816 765 765 836 836 836 759 759 759 759 781 781 759 759 760 760 728 728 727 727 659 692 642 642 642 642 642 642 642 660 660 630 641 630 616 552 552 552 593 593 552 552 552 562 562 544 544 524 524 452 511 511 452 452 421 421 421 421 412 412 412 311 311 311 311 382 382 382 376 376 268 268 342 342 342 268 268 320 268 268 269 269 281 270 201 201 201 208 208 215 215 192 192 193 193 116 131 131 145 145 145 127 96 96 96 96 96 96 96 64 64 14 14 14 29 29 29 29 10 10 10 
978 978 904 968 968 968 904 904 947 932 932 903 903 903 888 888 889 765 765 816 765 851 836 836 836 759 759 759 759 781 781 781 759 760 760 728 728 659 659 659 692 642 642 642 642 642 642 642 660 660 630 630 630 616 552 552 552 552 552 552 580 552 552 552 552 552 524 524 452 452 511 452 496 421 400 400 400 461 412 412 311 311 311 311 311 399 382 268 268 268 360 342 342 268 268 268 268 268 268 295 290 270 270 201 208 208 208 208 208 228 192 192 116 116 116 131 131 145 145 145 127 127 96 96 96 64 64 64 64 64 14 67 14 14 29 29 29 10 10 10 
978 994 904 968 968 968 956 904 904 904 904 904 897 897 897 897 765 765 816 816 765 765 842 842 759 759 759 759 759 759 759 782 759 760 760 728 728 659 659 659 692 715 692 692 692 642 642 660 660 660 630 630 616 616 552 552 552 552 546 546 546 552 552 563 552 552 546 524 529 452 452 452 421 421 400 400 400 400 412 412 434 311 311 393 311 311 382 268 268 268 360 360 268 268 268 310 310 310 268 268 290 270 270 201 208 208 208 208 208 228 192 192 116 181 181 131 131 131 131 145 131 127 96 96 96 64 64 64 64 64 14 14 65 14 29 29 35 10 10 10 
978 994 904 904 904 904 956 956 939 939 904 904 897 897 897 897 765 765 816 765 765 765 842 842 759 827 759 759 759 798 759 759 759 761 728 728 728 728 728 659 692 692 692 693 693 642 642 642 642 642 642 642 616 631 552 552 552 552 546 546 546 546 546 546 546 546 546 524 529 452 452 452 421 400 400 400 468 400 400 400 400 393 393 393 405 311 311 311 311 268 367 268 268 268 268 310 310 310 268 268 290 270 270 201 201 208 208 208 208 208 208 208 116 181 181 131 159 159 131 131 131 127 127 116 14 14 64 64 14 14 14 14 65 14 48 29 29 29 13 13 
978 994 904 904 904 904 904 904 939 939 904 904 904 904 904 765 765 765 816 765 765 765 765 842 759 827 759 810 759 792 792 759 759 761 728 728 728 728 728 659 659 706 706 693 651 651 642 642 616 616 616 616 616 631 546 546 546 546 546 546 554 554 554 554 553 553 524 524 529 452 452 452 421 400 400 400 439 439 439 439 400 393 393 405 405 311 311 311 311 268 268 268 268 268 310 310 268 268 268 296 270 270 263 263 201 208 208 208 229 229 116 116 116 181 181 131 131 116 116 116 116 116 116 116 14 14 14 64 14 14 14 14 65 14 14 36 36 13 13 13 
978 994 904 904 904 969 904 904 948 918 918 843 843 843 843 765 765 765 765 765 852 852 765 765 759 759 759 810 792 792 659 659 659 761 761 728 728 728 728 728 659 706 651 693 651 651 651 616 616 651 651 601 601 546 546 546 546 546 546 546 554 554 554 554 554 554 524 524 524 524 452 452 421 400 400 478 439 439 439 439 400 400 393 405 405 311 311 311 311 311 268 268 268 268 268 268 268 268 268 296 270 270 263 263 201 201 201 234 116 116 116 194 194 194 131 131 131 116 116 116 116 116 116 116 14 106 14 14 14 14 14 14 56 56 14 14 14 13 13 13 
978 978 904 904 904 969 957 957 948 918 918 843 843 843 843 765 765 874 874 765 852 765 765 765 759 759 810 810 792 659 659 762 659 659 659 754 729 729 729 659 659 706 651 651 651 651 651 616 616 651 601 601 601 546 546 546 546 546 505 505 505 505 505 505 505 504 504 504 504 504 512 504 421 462 462 462 439 439 400 400 400 400 393 414 393 393 393 377 377 311 311 311 311 268 268 321 321 203 203 203 270 270 182 182 182 201 201 234 116 116 116 131 131 131 131 116 116 116 132 132 14 14 14 14 14 106 14 14 68 68 68 68 56 56 42 42 14 30 14 14 
978 978 904 979 904 969 957 957 948 918 918 918 918 843 843 874 874 874 875 765 765 765 765 765 759 759 792 792 792 762 762 762 766 766 659 659 729 729 729 659 659 706 706 651 651 651 651 651 651 651 601 601 601 601 626 546 546 505 505 505 505 556 556 505 505 504 504 538 530 504 504 504 421 462 462 462 462 400 400 440 428 428 393 393 393 377 377 377 343 343 311 311 311 268 268 321 321 203 203 203 270 270 182 182 182 234 234 234 116 116 217 131 131 131 131 116 116 116 132 132 132 42 42 42 42 106 106 42 42 42 42 69 42 42 42 42 14 30 14 15 
904 904 904 904 904 969 948 948 948 843 843 843 919 843 843 862 862 862 862 862 765 765 828 828 828 792 792 792 792 762 783 783 766 766 762 659 729 729 729 729 659 706 706 686 686 686 651 651 651 651 652 601 601 601 601 601 610 505 505 505 505 556 505 505 555 555 504 504 530 504 505 505 421 421 421 421 462 400 400 440 428 428 312 312 406 377 377 377 343 343 351 351 311 311 311 311 311 203 203 203 203 203 182 182 182 234 234 234 234 116 116 116 116 116 116 116 133 133 133 133 133 42 42 42 42 42 42 42 83 83 42 42 42 42 42 42 14 14 14 15 
904 904 904 904 975 969 948 948 948 843 843 843 843 843 843 862 862 862 862 862 862 853 828 828 828 792 792 792 792 762 762 784 773 762 762 659 659 740 729 729 659 707 707 686 686 653 653 653 653 653 636 636 601 601 601 601 610 505 505 590 505 556 505 505 505 505 505 504 504 504 505 469 469 421 421 421 462 462 400 400 400 428 312 312 406 377 377 377 343 343 351 351 351 343 311 311 311 311 283 283 203 203 182 182 182 182 182 182 182 182 182 116 116 170 170 170 133 133 133 133 133 42 42 42 42 42 42 42 42 49 49 49 49 49 49 15 15 15 15 15 
995 980 980 980 969 969 927 927 927 927 843 926 843 843 843 843 843 843 843 862 862 853 843 843 828 828 792 792 792 799 762 762 773 762 755 755 659 659 659 659 659 707 686 686 686 653 653 653 653 653 636 636 636 601 601 601 505 505 505 505 505 556 556 556 556 556 505 505 505 505 505 469 469 469 469 421 421 441 441 441 400 428 312 312 312 377 377 377 343 343 343 361 343 343 311 311 322 312 283 283 203 282 271 182 254 254 235 235 235 182 182 195 195 170 170 170 170 160 133 134 134 42 42 42 42 42 42 42 42 49 49 49 49 49 50 15 37 15 15 15 
995 980 980 980 969 970 927 927 927 927 843 843 920 843 843 843 843 843 843 843 843 853 843 811 811 811 811 811 774 774 774 762 762 762 755 755 686 686 686 686 722 686 686 699 680 680 680 653 653 653 653 636 636 601 617 617 505 505 505 505 505 513 513 513 513 513 505 505 505 505 505 488 488 488 469 479 421 441 441 400 400 428 312 415 312 312 312 384 343 343 343 343 343 312 312 312 312 312 283 283 203 203 271 182 257 182 235 235 235 182 196 195 195 195 133 133 133 160 133 133 135 117 128 85 85 15 15 15 15 15 15 15 15 15 50 15 15 15 24 15 
981 981 981 981 969 969 927 927 927 927 933 843 843 843 843 843 890 854 854 854 843 843 843 811 829 829 812 812 774 800 774 774 774 767 741 741 686 686 686 686 686 686 680 680 680 680 680 653 653 653 601 601 637 601 617 617 601 601 505 505 505 513 513 513 513 513 531 531 505 505 505 488 488 488 469 479 421 421 441 400 428 428 312 400 400 400 312 312 312 312 312 352 352 312 323 323 323 283 283 283 283 203 203 182 257 182 182 182 182 182 196 196 196 196 133 133 133 160 133 133 117 117 128 85 85 15 15 15 15 70 15 15 15 15 50 15 15 15 15 15 
981 981 981 982 971 971 927 927 927 927 927 927 843 909 854 854 890 854 866 854 854 854 811 811 829 829 812 812 774 774 774 774 774 767 741 741 741 741 686 686 716 716 680 661 661 661 661 661 661 661 601 601 601 601 627 601 601 602 505 505 505 513 513 513 513 513 513 531 531 513 513 488 488 488 469 469 469 421 441 400 400 400 400 400 400 400 335 335 335 372 312 312 312 312 323 323 323 283 283 283 283 283 203 182 182 202 202 202 202 202 202 202 202 171 171 133 133 133 133 146 117 117 117 85 85 85 15 15 15 70 70 70 15 15 15 15 16 16 16 16 
981 981 949 949 971 949 949 949 949 940 927 927 843 843 854 854 854 854 866 866 854 854 811 837 837 830 805 805 805 801 774 763 763 767 741 741 741 686 686 686 680 680 680 661 661 661 661 661 643 643 601 601 638 601 601 601 611 505 505 505 505 513 513 513 513 513 513 531 531 513 470 470 470 470 470 470 470 421 421 421 421 421 400 400 400 400 335 385 335 335 335 335 335 335 335 323 323 283 283 264 264 264 203 203 182 182 182 182 236 209 209 209 171 171 133 133 152 152 152 117 117 117 117 85 85 85 15 15 15 71 71 71 15 15 15 38 16 16 16 16 
949 949 949 949 949 949 940 940 940 940 843 843 921 843 854 854 891 811 811 811 811 855 811 811 830 830 805 805 805 801 774 774 763 763 763 730 730 686 686 686 680 680 700 661 661 643 643 643 643 643 654 601 601 601 618 618 505 505 591 591 513 513 513 513 547 547 513 513 513 513 470 470 470 470 470 470 470 421 421 429 429 421 400 400 400 400 335 335 335 335 335 335 335 335 265 265 264 264 264 264 264 264 264 203 258 203 203 182 236 209 218 171 171 133 133 133 133 152 152 117 117 117 117 117 85 85 85 85 15 71 71 15 15 15 15 38 38 16 16 16 
949 949 949 940 940 940 940 843 843 843 843 843 843 843 905 854 854 811 811 811 811 811 811 811 830 830 805 805 805 801 774 774 774 680 680 730 730 730 730 730 723 680 700 700 661 643 643 643 643 643 643 643 632 632 618 619 505 603 591 591 513 513 513 513 547 547 547 513 513 514 514 470 470 470 470 470 470 421 421 429 429 421 421 400 400 401 265 265 335 335 335 335 335 335 265 265 264 264 264 264 264 264 264 203 203 203 203 182 236 209 209 171 176 133 133 133 133 152 152 117 117 117 117 118 85 15 15 15 15 15 15 15 51 51 51 38 38 16 16 16 
949 949 949 940 940 940 940 843 843 843 910 910 910 910 905 854 854 811 811 811 811 811 811 811 811 811 818 801 801 801 774 774 774 680 680 730 730 730 730 723 723 680 708 661 661 643 643 643 643 643 643 632 632 618 618 505 505 505 505 505 513 513 513 513 547 547 506 506 506 506 506 506 368 368 368 471 471 463 429 429 378 378 378 400 400 378 378 265 265 265 265 265 265 265 265 265 264 264 264 264 291 264 264 264 203 203 203 182 182 209 209 171 176 176 176 176 171 153 153 117 117 117 117 118 85 15 15 15 15 15 72 72 51 51 51 16 16 16 16 16 
996 949 949 964 964 940 940 941 941 843 910 910 910 910 905 854 854 854 811 811 811 811 811 811 811 811 818 801 801 680 680 680 680 680 680 730 730 680 680 680 680 680 708 661 661 661 643 643 644 644 644 632 632 618 628 505 505 505 505 505 581 513 513 513 513 547 506 506 506 490 490 368 368 489 368 471 463 463 429 442 378 378 378 378 378 378 378 265 265 265 265 362 265 265 336 265 265 265 265 291 291 272 272 265 203 203 203 203 182 182 182 171 171 171 171 171 171 153 153 136 136 94 94 85 85 84 84 84 84 84 72 52 52 52 16 16 16 16 16 16 
949 949 949 949 964 940 940 940 941 843 843 843 843 905 905 818 818 811 811 811 844 844 844 844 838 818 818 680 680 680 793 785 680 680 680 680 680 680 680 680 604 604 604 604 604 604 604 644 644 645 644 644 604 604 604 604 604 604 505 581 581 513 513 513 513 547 506 506 506 490 490 368 368 368 368 471 463 463 429 378 378 378 378 378 378 378 378 265 265 330 330 362 330 330 330 330 297 297 265 265 265 272 272 265 220 220 220 203 203 203 182 182 171 171 172 172 172 153 153 136 94 94 94 85 114 84 84 97 72 72 72 52 52 52 16 16 16 16 16 16 
949 949 949 949 964 964 964 940 941 843 843 843 843 905 905 818 818 811 811 811 844 844 838 838 838 818 819 680 802 802 785 785 680 680 680 680 724 724 731 731 604 604 604 604 604 687 604 644 644 645 645 645 604 604 604 620 505 505 505 581 581 516 516 513 513 516 516 539 490 490 490 490 490 490 368 368 368 368 429 378 378 378 378 378 378 386 386 265 265 330 330 330 330 330 330 331 297 297 297 297 265 265 265 265 220 255 220 220 220 203 219 182 182 197 172 172 172 153 153 136 94 85 85 85 114 93 93 72 72 16 16 16 52 52 52 16 16 16 16 16 
997 949 949 972 972 940 940 940 941 934 934 843 843 911 905 818 818 818 818 818 856 856 838 838 818 818 680 680 802 802 785 785 680 680 680 724 724 724 731 731 604 604 604 604 604 687 604 674 604 604 604 604 604 605 605 605 505 505 505 505 505 516 516 516 516 516 548 490 490 490 490 368 368 368 368 368 368 368 429 443 378 422 422 378 378 386 386 386 378 330 330 330 330 330 331 331 297 313 220 220 265 265 220 220 220 243 243 243 220 203 203 203 182 182 182 172 172 153 153 136 94 85 85 93 93 93 93 93 93 16 16 16 52 52 16 16 16 16 16 16 
983 983 983 972 972 940 965 941 941 934 934 843 843 905 905 818 818 818 818 818 856 856 818 818 818 680 680 806 794 794 794 785 680 680 680 680 680 724 724 732 724 604 604 604 604 604 604 604 604 604 604 639 639 605 605 605 605 605 505 505 582 516 516 516 548 548 548 490 490 490 368 368 368 368 482 368 368 368 429 443 378 378 378 378 378 386 386 386 378 330 330 330 330 330 297 297 297 313 220 220 220 220 220 220 243 243 230 230 220 220 220 203 182 182 183 172 172 153 153 136 94 130 85 93 85 85 85 85 85 16 57 57 57 57 16 16 16 16 16 16 
983 983 983 983 972 940 965 941 941 941 934 843 922 905 905 881 881 881 818 818 818 818 818 831 831 680 680 806 806 785 785 785 680 680 680 680 680 742 724 732 724 604 604 604 694 604 681 604 667 605 605 605 605 605 605 570 570 570 570 570 570 570 570 516 548 548 515 515 515 515 368 368 368 482 482 368 368 368 429 429 429 429 378 378 378 378 394 378 378 330 330 330 344 297 297 313 313 313 220 220 273 273 273 220 220 220 230 230 237 220 220 203 203 161 161 172 172 136 136 136 94 94 85 85 85 98 98 98 85 16 16 16 16 53 53 16 16 16 16 16 
983 983 972 972 972 940 940 940 934 934 934 818 912 912 881 881 881 881 818 818 818 818 818 831 680 680 680 785 785 785 785 785 680 768 680 680 680 680 724 724 724 604 604 604 694 604 681 604 605 605 646 605 605 605 605 570 570 570 570 570 570 570 570 516 515 515 515 540 515 515 515 368 368 482 482 368 368 368 368 368 368 368 423 368 368 378 378 378 368 368 368 330 344 297 297 313 297 297 297 220 220 220 220 220 220 220 230 230 237 210 210 210 161 161 161 172 172 136 136 136 136 94 94 94 94 94 79 79 85 85 16 16 16 53 16 16 31 16 16 16 
972 972 972 972 972 940 940 940 934 934 934 818 912 912 881 881 818 818 876 818 818 831 831 831 680 680 680 785 785 785 680 680 680 768 680 680 680 680 680 604 604 604 709 604 694 604 681 604 646 646 646 646 605 605 605 570 570 570 570 570 570 570 570 516 515 515 515 515 515 516 516 368 483 483 483 368 472 435 435 368 368 368 368 368 368 368 378 378 368 368 330 330 344 344 297 297 297 297 297 259 259 259 259 259 259 230 230 230 230 210 210 210 161 161 161 161 161 161 136 136 136 94 94 94 94 94 107 79 79 79 16 16 16 16 16 16 31 31 16 16 
972 972 972 972 972 972 934 934 934 934 934 818 818 818 818 818 818 818 818 818 863 831 831 831 831 831 680 680 680 680 680 768 768 768 680 680 680 680 680 604 604 604 604 604 694 604 604 604 646 646 646 646 605 605 605 570 570 570 570 570 570 570 570 516 516 516 516 516 516 516 517 368 368 368 368 368 472 435 435 435 435 368 368 407 407 368 368 368 368 368 330 330 330 330 330 297 297 297 302 259 259 259 274 260 260 230 230 230 230 230 210 210 161 161 161 161 161 161 136 136 136 94 94 94 94 94 94 94 94 79 79 16 16 16 16 16 16 16 16 17 
