938 938 938 897 897 897 897 879 879 879 879 879 881 855 855 855 855 855 837 837 837 805 805 805 805 784 784 784 732 732 732 732 732 732 732 718 718 654 654 654 654 654 654 654 654 637 637 637 637 637 562 562 562 579 568 568 568 568 568 568 568 523 523 523 523 523 523 472 472 472 482 482 482 427 427 427 427 442 442 426 426 420 262 262 262 262 262 365 365 365 262 262 262 262 262 262 262 262 262 262 262 262 262 262 262 235 235 235 235 191 191 191 191 180 180 180 180 159 159 159 85 85 85 85 85 85 85 85 85 85 77 28 28 28 28 28 28 28 1 1 
890 890 890 897 897 897 897 879 879 879 879 879 879 855 855 855 855 855 837 805 805 805 820 813 784 784 732 732 732 732 732 718 718 718 718 718 719 654 707 654 654 654 654 680 654 637 637 637 637 638 562 562 562 579 568 568 568 568 568 568 568 523 523 505 505 472 472 472 472 472 472 472 472 427 427 427 427 427 426 426 420 420 262 392 392 262 262 365 262 262 262 338 262 262 262 262 301 301 301 267 267 267 263 263 263 235 235 235 236 191 191 191 191 180 180 180 180 159 159 159 85 85 85 85 5 5 85 85 86 86 77 28 28 28 28 28 28 29 1 2 
890 890 890 890 897 897 897 897 897 897 879 887 879 855 855 855 855 855 837 805 805 805 805 813 784 784 732 732 732 732 732 718 742 742 719 719 719 654 707 654 654 654 686 680 654 637 637 637 650 627 627 562 562 579 579 579 579 579 579 562 562 562 505 505 505 472 472 472 472 505 472 472 472 472 427 427 453 427 426 426 420 420 262 262 392 262 262 262 262 356 356 338 338 338 262 262 301 301 267 267 267 267 263 263 263 235 235 235 236 191 191 191 191 199 5 5 5 159 159 5 5 5 5 5 5 5 5 5 86 77 77 1 1 1 1 1 28 1 1 2 
943 890 890 890 897 897 897 897 897 879 879 887 879 879 873 837 837 856 837 805 805 805 805 813 763 763 763 732 732 718 718 718 742 742 719 719 719 654 707 654 654 654 686 680 654 637 637 637 627 627 627 562 562 562 562 579 579 562 562 562 505 505 505 505 505 472 472 505 505 505 427 427 427 427 427 453 453 427 426 426 427 294 294 262 392 392 262 262 262 356 262 262 262 262 262 262 267 267 267 267 267 267 276 236 236 236 236 236 236 228 191 191 191 199 5 186 5 5 5 5 123 5 5 122 122 106 106 5 5 77 77 30 30 30 30 1 1 1 15 2 
943 890 890 890 890 897 897 897 897 879 887 887 873 873 873 837 837 837 837 805 805 805 763 763 763 798 763 763 763 718 718 718 718 718 719 719 720 654 707 654 654 654 654 680 654 654 654 654 627 627 627 627 615 615 562 579 579 562 562 575 505 505 505 505 505 505 505 505 506 506 427 488 427 427 467 453 453 427 427 427 427 294 294 262 262 262 262 370 262 262 262 262 262 262 262 262 267 267 267 267 267 267 276 236 236 228 228 228 228 228 191 209 199 199 186 186 149 149 5 5 123 5 5 122 122 106 5 5 5 77 77 30 30 30 30 44 36 2 2 2 
943 890 890 890 890 897 897 897 897 879 873 873 873 873 873 837 857 857 763 763 763 763 763 763 798 798 777 777 763 763 763 718 718 718 720 720 720 654 654 654 654 654 654 674 674 615 615 615 615 615 615 615 615 616 562 600 562 562 562 563 563 563 505 505 505 505 505 506 506 507 427 459 459 459 459 459 428 428 443 294 294 294 294 406 262 262 385 370 370 262 262 294 294 339 330 294 294 294 294 294 267 267 276 236 236 228 228 228 191 191 191 209 199 199 149 149 149 149 165 123 123 132 132 122 122 106 5 5 5 77 5 5 30 30 30 30 36 2 3 3 
943 943 890 923 923 923 910 910 879 879 873 873 867 867 874 837 857 763 763 763 763 763 763 763 798 798 777 777 777 767 718 718 718 718 720 720 720 654 654 654 654 674 674 674 615 615 615 615 615 616 616 616 616 616 562 562 562 563 563 563 563 563 505 505 505 506 506 506 507 507 427 459 459 459 428 428 428 428 428 294 294 421 294 402 402 371 371 371 371 294 294 294 294 294 330 294 294 288 288 288 288 267 267 236 236 228 228 228 191 199 199 209 209 199 149 149 149 149 165 123 123 123 133 122 122 65 65 65 5 5 5 5 30 30 31 30 36 2 2 4 
890 890 890 923 923 923 910 910 879 867 867 867 867 867 867 837 837 837 821 821 821 763 763 778 778 798 791 743 743 767 718 718 718 718 733 720 720 654 654 654 654 669 669 615 615 615 615 615 615 616 616 616 616 601 601 601 517 517 563 563 505 505 505 505 505 506 506 516 507 507 427 428 428 428 428 427 427 427 428 428 294 294 294 402 402 371 371 371 371 294 294 294 345 294 294 294 294 288 228 228 228 228 267 267 252 252 228 228 191 199 199 199 199 199 191 149 149 149 149 149 149 123 123 122 122 65 65 65 87 87 5 5 58 31 31 30 30 30 2 4 
890 890 879 879 879 879 879 910 879 867 888 888 867 867 867 867 821 821 821 821 821 763 763 778 778 778 791 743 743 743 743 718 718 733 733 720 720 696 696 696 696 669 669 615 615 615 615 615 639 639 601 601 601 601 601 517 517 517 564 564 505 554 554 505 505 505 505 505 505 508 427 428 428 428 427 427 454 427 444 428 428 294 294 407 393 393 371 294 294 294 288 288 288 288 288 288 288 288 228 228 289 228 228 228 252 228 228 240 191 199 191 191 191 191 191 149 149 123 123 150 150 123 123 65 65 65 5 5 5 5 5 58 58 31 31 45 2 2 2 4 
950 890 879 920 920 924 879 879 879 867 867 867 867 867 868 868 821 821 763 763 763 763 763 763 778 778 791 743 743 743 743 718 718 733 720 720 720 696 696 696 696 669 669 669 669 669 639 639 639 601 601 628 601 601 601 517 517 517 564 564 505 505 505 542 542 534 505 505 505 508 427 427 427 427 427 454 454 427 444 428 428 294 294 294 393 371 371 294 294 357 288 288 288 288 289 289 289 289 289 295 289 277 277 228 228 228 228 228 191 191 191 192 192 192 192 149 149 123 123 123 123 123 134 65 65 65 5 5 5 5 5 58 58 58 31 31 2 4 4 4 
890 890 879 879 920 920 920 890 890 890 867 867 867 867 861 861 861 821 763 763 763 763 763 763 778 778 778 778 743 743 743 755 720 720 720 720 720 696 696 697 639 639 639 639 639 639 639 601 601 601 601 617 617 601 601 517 517 517 564 564 564 564 505 505 505 534 505 505 508 508 483 483 483 427 427 454 454 427 427 429 429 294 386 386 393 371 371 294 294 357 357 288 346 289 289 302 302 302 289 289 289 277 245 245 228 228 228 228 222 222 222 192 192 192 192 149 149 123 160 160 123 123 134 65 88 88 88 88 88 88 5 5 5 5 5 31 2 4 4 4 
890 890 890 930 930 890 890 890 905 890 867 867 867 867 861 869 862 821 821 821 821 821 821 744 744 744 744 778 743 743 743 743 720 720 720 720 721 696 696 697 697 639 639 639 670 670 601 601 601 601 601 617 617 617 517 517 594 517 517 517 564 564 517 517 505 505 505 505 508 508 483 455 455 450 450 427 427 427 427 429 429 294 294 386 371 371 371 294 294 294 288 288 289 289 331 302 316 302 302 277 277 277 245 245 245 245 222 222 222 192 192 192 192 192 192 149 149 123 160 123 123 123 123 65 88 88 88 65 65 65 65 65 65 59 5 31 31 4 4 4 
934 934 890 890 890 890 891 891 891 890 890 861 861 861 861 862 862 821 821 821 821 821 821 744 799 799 744 778 778 743 743 743 696 696 696 696 696 696 696 696 639 639 639 639 670 601 601 640 601 601 617 617 595 595 517 517 517 517 535 517 517 517 517 517 517 517 517 517 483 483 483 455 455 450 450 427 427 427 427 436 294 294 294 386 386 386 386 294 294 294 288 288 289 289 289 302 302 278 278 277 290 245 245 245 245 245 222 222 222 192 192 210 210 192 192 78 78 123 123 123 123 142 123 65 65 65 65 65 65 65 59 59 59 59 5 5 31 31 5 5 
934 934 891 891 891 891 891 911 891 891 891 861 861 861 861 862 862 821 821 821 821 821 821 744 799 799 744 764 764 764 743 743 696 696 696 696 696 696 696 696 639 639 639 601 601 601 641 640 640 640 595 595 595 595 595 595 595 517 535 555 555 555 555 535 535 524 524 483 483 455 455 455 455 450 450 450 450 450 445 294 294 294 294 294 294 387 387 294 294 294 358 288 289 289 302 302 302 278 278 277 277 245 245 245 253 253 200 200 200 200 192 192 192 192 78 78 78 172 123 161 123 142 123 123 123 65 65 99 99 59 59 72 59 59 50 5 5 5 5 6 
934 934 891 891 891 891 911 911 870 870 870 870 861 861 861 862 862 712 712 712 838 712 712 744 744 744 744 764 764 764 743 743 696 696 696 708 708 708 708 687 687 639 639 601 601 601 641 641 641 641 595 595 595 602 517 517 596 517 535 555 555 555 535 535 535 524 524 483 455 455 462 462 455 473 460 460 422 422 445 294 294 294 294 294 294 294 294 294 358 358 358 288 289 289 302 302 302 278 278 278 277 277 277 245 253 253 200 200 200 200 200 200 200 200 78 78 78 78 123 123 123 128 128 99 99 99 99 99 89 89 50 50 50 50 50 5 5 16 16 6 
934 934 934 934 925 925 911 912 870 870 870 870 861 861 861 712 712 712 712 712 712 712 712 806 806 744 744 785 764 764 764 743 743 743 696 708 708 708 708 687 687 687 687 601 601 601 601 642 642 642 595 622 622 602 517 517 596 517 535 535 535 535 535 549 535 524 524 455 455 462 462 462 455 455 460 422 422 422 294 294 294 294 294 294 388 388 388 288 288 358 358 288 288 288 302 302 302 278 278 278 245 245 277 245 245 245 245 200 200 229 211 211 211 181 181 181 181 78 123 123 135 128 128 99 99 99 99 89 89 90 50 50 50 37 37 37 37 16 16 6 
934 934 934 934 925 925 911 870 870 870 870 861 861 861 861 712 712 858 712 842 712 712 712 806 806 744 744 744 779 756 756 756 743 743 696 722 722 696 696 696 687 687 688 595 595 595 601 642 642 595 595 622 622 602 517 517 517 517 580 535 535 549 549 549 535 535 525 455 474 462 462 462 462 455 460 422 422 422 294 294 294 294 294 294 388 288 288 288 288 288 288 288 288 288 302 302 302 278 278 245 245 245 245 245 245 245 246 211 211 211 211 211 212 181 181 181 181 78 78 78 135 143 128 128 78 78 78 89 78 78 78 50 50 37 37 37 37 16 16 6 
934 934 934 934 911 911 911 870 870 898 870 861 882 861 861 870 712 858 712 712 712 712 712 712 712 744 744 744 744 756 756 744 744 744 696 722 696 696 696 696 687 687 687 595 643 595 601 595 595 595 602 602 602 602 517 517 517 455 455 455 455 455 556 525 525 525 525 455 474 509 462 462 462 455 455 461 422 422 446 294 294 294 294 408 288 288 288 288 372 282 282 352 282 282 282 282 309 309 278 245 245 245 245 245 245 245 246 211 211 211 211 211 181 181 181 162 162 162 78 78 135 135 135 78 78 111 78 78 78 91 50 50 50 50 50 17 17 17 17 6 
944 911 911 911 911 911 913 913 870 898 870 861 882 861 870 870 712 858 825 825 825 825 736 736 712 712 744 786 744 744 744 744 744 744 696 722 696 675 675 675 687 687 687 595 643 595 595 595 651 643 602 602 602 602 602 517 517 455 455 455 569 455 455 525 525 525 526 455 474 474 489 489 462 462 455 455 455 422 422 294 294 294 294 288 288 298 298 282 282 282 282 282 282 332 332 282 282 282 278 291 291 278 278 264 264 254 241 241 211 211 211 211 181 162 162 162 162 162 78 78 78 78 78 78 107 107 107 66 66 66 50 50 50 50 50 17 18 18 18 6 
944 911 911 911 911 911 913 913 870 870 870 861 861 861 870 712 712 825 825 825 825 825 736 736 712 712 744 744 744 744 744 757 727 727 696 696 696 675 675 675 675 675 689 595 643 643 643 655 643 643 602 602 602 602 602 517 517 581 581 455 569 455 455 525 525 525 525 455 455 474 474 474 474 462 462 462 437 437 422 422 422 294 294 288 373 298 298 282 282 282 282 282 282 332 332 282 282 282 278 278 278 278 264 264 254 254 241 162 162 162 162 162 181 162 162 162 162 162 78 78 78 78 78 78 107 107 107 66 66 66 50 50 17 17 17 17 6 6 6 6 
944 944 911 911 911 911 870 870 870 870 870 870 870 870 870 712 863 825 825 825 826 826 736 736 712 712 712 712 712 712 712 727 727 727 727 675 675 675 675 675 675 675 689 595 595 595 643 643 643 619 619 618 618 618 602 517 517 581 455 455 569 455 455 455 455 455 525 455 455 497 490 490 474 474 462 462 437 437 437 437 422 422 288 288 373 373 298 298 298 310 310 310 282 282 282 282 317 282 296 296 278 278 264 264 254 254 241 162 162 162 215 162 162 162 162 162 162 162 162 162 151 124 124 124 124 102 107 102 66 66 73 73 17 17 17 17 6 6 7 7 
899 899 899 899 899 870 870 870 870 870 883 883 712 712 712 712 839 839 843 843 826 826 736 736 736 736 736 736 768 768 712 727 727 727 727 675 675 675 675 675 675 675 595 595 595 595 619 619 619 619 619 618 618 618 602 602 581 581 455 455 455 485 485 485 485 455 455 455 512 497 490 490 438 438 438 438 437 437 447 438 288 288 288 373 373 373 298 298 298 298 298 310 310 282 282 282 282 282 296 282 282 282 264 264 241 241 241 241 162 162 215 215 162 162 162 187 151 151 151 163 151 124 136 124 124 102 107 102 66 66 73 73 66 17 17 38 38 6 6 8 
899 945 899 899 899 870 921 870 883 883 883 883 712 712 712 839 839 839 839 839 839 736 736 807 807 736 736 736 736 712 712 727 727 727 727 727 675 675 675 675 675 675 595 595 595 595 619 652 652 619 619 619 619 602 602 602 581 582 582 455 455 485 485 485 485 485 518 518 497 497 497 438 438 438 438 438 438 438 438 438 288 288 288 373 373 373 373 376 359 359 298 298 310 282 282 282 282 282 296 282 268 268 268 268 241 241 247 241 162 162 162 216 162 162 162 187 151 151 151 151 151 124 124 124 124 102 102 102 66 66 66 66 66 17 17 38 38 6 6 8 
899 935 935 899 899 870 870 870 883 883 883 883 712 839 839 839 849 849 849 839 839 736 736 736 736 736 736 736 736 712 712 758 734 734 734 675 675 675 675 675 675 675 595 595 595 595 619 619 619 619 633 629 619 602 602 602 581 581 581 455 557 557 557 485 485 485 518 518 497 497 497 438 438 468 468 438 438 438 438 439 288 288 288 394 394 394 373 376 359 359 359 298 310 310 310 282 282 282 296 282 268 269 269 269 241 241 241 241 230 230 162 162 162 187 187 187 151 151 151 151 152 124 124 124 66 66 66 66 66 66 66 38 38 38 38 38 38 6 6 6 
899 935 935 899 899 899 870 870 906 844 844 883 883 839 839 839 839 839 839 840 840 822 822 736 736 736 792 736 736 712 712 758 734 734 734 675 675 675 700 700 675 675 595 595 595 595 595 656 500 633 633 629 619 619 500 500 581 581 581 455 455 455 485 485 485 485 497 497 497 497 484 484 438 438 438 439 439 439 439 439 411 411 411 394 394 394 373 373 373 298 298 298 298 340 310 282 282 282 282 282 268 269 269 269 255 255 241 241 230 193 193 162 162 187 187 188 151 151 151 151 152 124 124 124 66 112 66 66 38 38 38 38 38 38 51 19 19 19 19 6 
899 899 935 899 899 899 870 870 906 844 844 844 844 839 839 839 864 839 839 827 827 822 822 736 788 736 736 787 736 712 712 712 734 734 734 712 712 712 700 700 675 694 675 675 675 595 595 656 500 500 500 629 620 620 500 500 500 581 581 500 500 565 485 550 485 485 497 497 497 497 484 484 438 438 438 411 411 411 411 411 411 412 412 395 395 395 373 373 298 298 298 298 298 340 310 282 282 297 297 268 268 255 255 255 255 256 230 230 230 193 193 144 144 144 144 144 153 153 153 153 129 129 124 124 66 66 66 103 38 38 79 19 19 51 51 19 20 20 20 6 
899 899 935 899 906 906 870 870 906 844 844 844 844 839 839 839 839 839 850 827 827 827 736 736 788 788 736 736 736 769 712 712 734 712 712 712 595 595 700 700 675 675 675 681 595 595 660 644 644 644 500 500 620 500 500 603 500 500 500 500 500 565 485 485 485 536 527 498 498 498 498 484 484 438 438 411 456 411 411 411 411 412 412 395 396 396 341 341 298 298 298 298 298 298 310 310 310 297 297 268 292 255 255 255 255 230 230 242 237 193 193 193 193 193 193 144 153 153 153 153 129 129 129 129 66 66 66 79 79 79 79 19 19 19 19 19 20 21 21 6 
899 935 935 899 899 906 906 906 906 899 844 844 844 839 839 871 839 839 850 827 827 827 736 736 788 788 793 736 736 769 712 712 712 712 723 595 595 595 681 681 681 681 681 681 595 644 644 644 644 608 608 500 500 500 608 500 500 500 500 500 500 565 485 485 485 485 527 498 498 485 485 485 438 438 411 411 456 411 411 411 430 395 395 395 341 341 341 341 298 298 298 347 347 298 298 310 310 297 297 268 268 255 255 270 230 230 242 242 237 193 193 193 193 201 144 144 182 153 153 153 129 129 129 129 66 66 66 79 79 79 79 19 52 19 19 20 20 6 6 6 
899 935 935 935 899 914 914 914 899 899 844 844 844 844 844 844 850 850 850 844 823 823 823 736 788 788 788 788 736 736 736 736 723 723 723 595 595 595 681 681 595 595 682 682 595 644 644 644 644 608 608 608 608 608 608 500 500 500 500 500 500 500 500 500 485 485 498 498 498 485 499 485 438 438 411 456 456 411 411 411 430 395 395 395 341 341 389 341 298 298 298 347 341 341 298 310 310 310 297 297 268 270 270 270 230 242 242 237 237 194 194 201 201 201 144 189 182 153 153 153 129 129 113 113 60 60 60 60 60 92 60 60 52 52 52 20 20 6 6 6 
899 946 935 935 899 899 914 914 899 892 892 844 844 844 875 844 844 844 844 844 823 823 823 736 736 800 788 788 736 750 750 736 723 723 735 595 595 595 681 681 595 595 682 595 595 644 608 608 608 608 571 571 609 609 609 500 500 500 500 570 570 558 558 500 485 498 498 485 485 485 499 485 485 411 411 456 456 423 423 423 423 423 341 341 341 341 341 341 347 347 347 347 341 298 298 298 298 298 298 298 268 268 268 271 230 242 242 237 237 194 194 194 202 202 144 144 182 153 153 153 153 144 113 113 60 60 60 60 60 60 60 60 52 52 20 20 20 20 20 6 
899 946 931 931 931 899 899 899 899 892 892 844 844 844 844 844 844 859 823 823 823 823 801 801 736 736 736 736 736 750 750 736 736 723 723 723 723 595 681 681 595 595 595 595 644 644 608 608 608 608 571 571 609 609 610 583 583 583 583 570 570 558 558 500 485 485 485 485 513 475 475 475 475 411 411 411 423 423 448 423 423 341 341 403 341 341 341 377 341 341 341 341 341 298 298 298 218 218 298 298 230 230 268 271 230 237 237 237 237 194 194 194 194 194 194 144 144 144 144 144 144 144 113 113 113 113 60 60 60 60 67 60 60 60 20 20 20 20 6 6 
899 899 931 900 900 900 907 907 907 747 747 747 747 747 844 844 844 823 823 823 823 823 801 801 801 801 750 750 750 750 750 750 736 736 736 723 723 595 595 595 595 595 595 595 644 644 644 644 608 608 571 571 571 571 571 583 588 588 571 571 571 558 558 500 500 500 500 513 513 475 491 491 475 475 411 411 423 423 423 423 423 341 413 403 341 341 390 341 341 341 341 341 341 342 218 218 218 218 218 218 230 230 268 268 230 237 237 237 237 194 194 194 194 194 173 173 173 173 154 154 154 113 113 114 114 114 60 60 60 60 67 67 67 61 20 20 39 6 6 9 
951 899 931 900 926 900 900 747 747 747 747 747 747 747 747 747 747 823 851 823 823 828 801 801 801 801 750 750 750 765 765 750 750 736 736 723 723 709 709 595 595 690 690 595 644 644 644 644 645 645 571 621 621 621 571 583 571 571 571 571 571 464 464 464 543 500 500 500 500 475 475 475 475 475 411 411 423 423 423 423 423 341 341 403 403 341 341 341 342 342 342 342 342 342 218 218 218 218 218 218 230 230 230 268 230 237 237 237 237 223 223 194 194 194 173 174 174 174 154 155 155 113 137 80 80 80 108 80 80 80 80 61 61 61 6 6 39 6 6 6 
951 899 899 900 926 900 900 747 747 747 747 747 747 880 845 845 747 823 851 823 823 828 801 801 808 801 750 750 750 750 759 759 745 745 737 723 723 709 709 701 595 690 690 595 644 644 661 644 645 646 571 621 621 621 571 571 571 464 464 464 464 464 537 464 543 500 500 500 500 500 475 475 475 475 411 411 423 423 431 431 397 397 341 341 341 341 341 341 342 324 324 324 218 218 218 323 218 218 218 218 230 230 230 230 230 223 223 223 223 223 224 104 104 173 173 174 174 174 154 155 155 113 113 80 80 80 80 80 61 61 61 61 61 61 6 6 6 6 6 6 
951 899 899 900 926 900 900 747 747 747 747 747 845 845 845 845 747 823 823 823 823 801 801 801 808 801 750 750 750 750 759 759 745 746 737 701 701 701 701 701 595 690 690 595 644 644 644 644 645 571 571 630 571 571 584 584 584 464 464 464 464 464 537 537 537 537 464 464 464 500 500 411 411 411 411 463 431 431 431 431 397 397 397 397 397 341 341 341 342 324 324 324 218 218 218 218 218 218 218 218 230 230 230 230 230 223 223 223 223 231 224 104 104 173 173 173 173 154 154 155 155 61 113 80 80 80 80 61 61 81 61 61 62 62 6 6 6 22 6 6 
951 899 939 900 926 926 900 747 747 747 747 747 845 845 845 845 747 823 823 823 823 801 801 814 801 801 750 750 750 770 745 745 745 746 737 701 701 702 702 702 595 595 595 595 644 644 644 645 645 571 571 571 571 571 584 584 584 464 464 464 464 464 464 551 537 537 464 519 464 464 501 411 431 431 431 431 431 431 431 431 431 391 391 397 397 397 341 341 341 341 324 324 324 324 218 218 318 218 218 218 218 283 230 230 230 257 223 223 223 224 224 104 104 203 173 173 173 154 166 154 154 61 113 113 61 61 61 61 81 81 61 61 53 53 53 40 40 22 22 10 
899 899 939 900 900 900 900 747 747 747 747 747 845 845 747 747 747 823 823 823 823 829 801 814 801 802 794 737 737 737 745 745 745 737 737 701 701 702 702 703 645 645 645 645 645 645 662 645 645 571 571 571 571 571 571 584 584 584 584 552 552 552 464 464 537 537 464 464 464 464 501 411 411 411 411 431 431 433 433 431 431 391 391 397 397 397 341 341 341 341 341 333 333 324 324 324 284 284 284 284 218 218 218 218 218 218 218 223 223 224 104 104 104 203 173 173 173 154 154 154 154 61 138 113 61 61 61 61 81 81 81 53 53 54 54 40 40 23 23 10 
899 899 899 899 900 900 922 900 900 900 845 845 845 845 747 747 841 841 841 823 823 829 801 814 801 794 794 737 737 737 737 737 737 737 738 701 724 702 702 703 645 645 645 645 645 645 645 645 645 571 571 571 571 571 571 572 572 584 584 552 552 552 552 464 538 538 464 464 464 464 464 411 411 476 411 411 433 433 433 391 391 391 391 391 391 398 341 341 341 341 341 333 333 333 333 325 284 311 284 284 279 279 279 218 218 258 218 218 104 104 104 217 104 104 173 173 173 175 154 154 154 61 61 113 113 61 104 104 81 81 81 53 11 11 11 11 40 23 10 10 
899 899 899 899 900 900 922 900 900 845 845 889 884 845 747 747 841 841 841 801 801 801 801 814 801 747 747 747 737 737 737 737 737 738 738 701 724 702 702 663 663 645 645 683 597 597 597 597 597 634 634 571 571 611 611 572 572 572 572 572 552 552 552 464 464 464 464 520 464 464 464 464 464 464 464 464 433 391 391 391 414 414 391 391 391 391 391 378 341 348 348 348 348 325 325 325 284 284 303 279 279 279 279 248 248 248 248 218 104 104 104 104 213 104 173 173 167 167 167 145 145 145 61 61 61 61 104 47 81 81 81 53 11 11 11 11 11 23 10 10 
947 947 899 899 900 900 900 900 900 845 845 845 884 845 747 747 841 841 841 801 801 801 801 801 801 747 747 747 737 737 737 728 728 728 728 701 701 702 702 663 663 676 676 683 597 597 663 597 597 634 634 571 571 611 572 572 572 572 585 572 572 552 552 464 464 539 520 520 464 464 464 464 464 464 433 433 433 433 414 414 414 414 414 378 378 399 378 378 341 348 348 348 348 325 312 312 312 284 284 279 279 279 248 248 259 259 218 218 232 232 225 104 213 104 104 190 167 167 145 145 146 146 61 61 61 61 104 47 47 47 82 53 53 11 11 46 11 11 10 10 
947 947 899 899 900 900 900 900 900 845 845 845 845 845 876 747 747 747 841 841 841 747 747 747 747 747 747 789 737 737 747 747 747 747 728 728 701 663 663 663 663 663 676 676 663 663 663 597 635 635 635 571 571 611 572 572 572 552 552 552 552 552 552 552 544 520 520 492 492 492 464 464 464 464 433 433 433 433 414 414 414 414 415 378 378 378 378 379 341 353 353 353 325 325 312 312 312 312 284 299 284 284 248 248 259 259 218 232 232 225 225 104 104 204 104 104 104 104 145 145 145 61 61 61 115 115 104 47 47 47 47 47 47 11 11 11 41 11 11 11 
936 936 936 936 900 900 900 900 900 901 845 845 845 845 845 845 845 747 841 841 747 747 747 747 803 803 747 747 747 771 747 747 747 705 705 701 701 663 663 663 663 663 663 676 663 663 663 597 623 623 623 623 623 597 597 597 597 552 529 529 529 529 552 552 544 520 520 492 492 492 492 492 486 433 433 433 433 433 433 414 414 415 415 378 378 378 378 341 341 353 325 325 325 334 334 312 313 313 284 284 284 248 248 248 259 259 218 232 232 225 104 104 104 204 104 104 104 104 145 145 145 61 61 61 115 104 104 11 11 93 47 47 47 11 11 11 11 11 11 11 
936 936 915 915 900 900 900 900 901 901 877 877 877 877 877 845 845 747 747 747 747 830 747 747 803 803 747 747 747 747 747 747 747 705 705 701 701 663 663 663 663 663 663 676 676 663 663 597 623 623 623 623 597 597 612 552 552 552 529 529 573 529 529 529 544 486 486 492 492 486 486 493 486 433 469 433 433 433 433 416 416 415 415 378 378 378 378 341 341 341 341 341 334 334 335 312 313 313 284 284 293 248 248 248 259 218 218 218 218 225 104 104 104 104 104 104 104 104 168 104 104 147 61 61 115 104 104 11 11 48 48 48 47 11 11 47 11 11 11 11 
902 902 915 915 915 915 915 915 901 901 877 877 845 845 845 845 845 845 845 845 809 809 809 809 780 780 780 780 780 747 747 747 747 705 701 701 701 663 663 663 663 663 663 676 676 663 664 597 597 597 597 597 597 612 612 552 552 552 552 529 529 529 529 529 544 486 528 492 486 486 486 486 486 433 440 440 433 433 449 416 416 415 415 354 354 380 380 380 341 341 360 334 334 312 312 312 313 313 286 286 293 248 248 259 259 218 218 218 218 225 195 214 214 104 104 104 183 104 104 104 104 104 104 104 104 104 104 11 11 48 48 48 47 47 47 47 11 11 11 12 
902 902 902 902 902 915 915 860 860 860 893 877 845 845 845 845 845 845 845 846 809 809 809 809 780 780 780 781 781 747 747 747 747 705 701 725 725 663 663 698 663 663 663 663 663 663 597 597 597 597 597 597 624 552 552 552 552 552 552 559 559 529 529 529 544 486 486 492 486 470 470 470 470 433 440 440 440 440 416 416 416 415 415 354 354 334 334 334 366 366 334 334 349 312 312 312 313 286 286 286 285 285 248 248 248 248 248 218 218 225 195 195 195 104 104 148 148 116 116 116 116 116 116 104 104 116 11 11 11 11 48 48 48 48 48 48 11 11 11 12 
952 902 902 902 902 860 860 860 860 860 893 877 877 877 860 860 865 845 845 815 815 831 809 809 780 804 781 781 772 772 747 747 705 705 701 701 701 710 698 698 698 684 684 684 663 663 597 597 597 597 597 597 624 552 552 552 552 552 552 559 559 559 559 529 529 529 486 486 486 470 470 470 470 433 440 440 440 440 416 416 416 416 416 354 334 334 334 334 334 334 334 286 286 312 286 286 286 286 304 286 286 286 248 248 248 248 248 218 218 218 218 218 195 205 104 148 148 116 116 116 116 116 116 130 116 116 11 11 100 11 55 55 55 55 55 11 11 11 11 12 
952 927 927 902 902 860 916 916 860 860 860 860 860 860 860 860 860 860 815 815 815 815 809 809 780 780 781 781 772 772 748 748 705 705 739 701 701 710 698 704 698 684 684 684 591 591 591 591 591 591 624 624 624 552 552 552 552 552 552 559 559 559 530 530 530 529 529 486 486 486 470 470 470 433 433 440 440 440 440 440 432 416 416 354 334 334 334 334 334 334 334 354 286 286 286 326 286 286 304 272 272 272 248 248 248 248 226 226 226 226 226 195 195 205 104 148 148 116 116 116 116 116 116 130 116 11 11 11 100 11 11 11 11 11 11 11 11 25 12 12 
952 927 927 902 902 860 860 860 860 860 860 872 872 860 860 872 852 852 815 815 815 815 809 809 809 780 781 781 772 772 748 748 748 705 701 701 726 710 698 698 698 684 684 684 591 591 591 591 591 591 624 631 591 591 589 589 589 589 566 566 559 559 530 530 530 530 530 486 486 486 470 470 470 477 433 433 433 432 432 432 432 417 417 354 400 400 354 354 354 354 354 354 286 286 326 326 304 304 304 272 272 272 272 272 226 226 226 176 176 176 227 195 205 205 104 148 148 116 116 116 116 139 139 116 116 11 11 94 94 94 11 11 68 63 11 11 11 25 12 13 
952 948 927 902 932 902 902 860 860 894 894 872 872 872 872 872 852 852 852 815 815 815 815 815 780 780 781 781 772 748 748 748 748 705 701 701 710 710 710 698 698 684 691 591 591 591 591 591 591 591 624 631 591 591 589 589 589 590 566 566 566 566 530 530 530 531 531 471 471 471 471 471 470 470 470 465 433 433 433 433 433 417 418 354 354 401 354 354 361 361 361 350 350 319 319 319 319 304 304 272 272 273 273 273 226 176 176 176 176 176 176 195 195 206 104 148 148 148 148 116 116 139 116 116 105 105 11 11 11 11 83 11 68 63 25 25 25 25 12 13 
948 948 927 902 902 902 902 860 860 860 885 885 885 860 860 852 852 852 852 815 815 815 815 780 780 795 795 772 772 748 748 748 748 705 729 729 710 710 710 705 684 684 691 591 677 671 591 591 624 624 624 631 591 591 589 589 589 566 566 533 533 530 530 553 530 531 531 471 471 471 471 471 471 471 465 465 451 451 417 417 417 417 409 409 354 354 354 354 361 361 361 350 319 319 320 320 320 226 226 226 226 226 226 226 226 176 176 176 176 233 176 176 195 195 195 148 148 148 148 116 116 116 116 131 105 105 11 11 95 11 11 11 68 63 25 32 24 24 12 12 
948 949 927 927 927 927 902 860 860 860 885 885 860 860 860 815 815 815 815 815 815 780 780 780 780 795 795 772 772 772 748 748 748 705 729 705 705 705 705 705 684 691 691 591 591 671 591 591 591 591 636 591 591 591 589 589 589 566 566 533 533 530 530 530 530 532 471 471 471 510 471 471 471 471 465 465 451 451 417 417 417 417 409 354 354 354 354 361 361 361 361 350 319 319 320 320 321 226 305 226 226 226 260 260 260 176 176 176 176 233 176 176 196 196 196 176 176 176 148 148 148 148 140 125 125 105 105 105 95 95 63 63 63 63 25 32 42 24 24 12 
948 949 895 895 927 927 902 860 860 860 860 860 860 860 860 815 815 815 815 832 832 780 780 780 780 740 740 773 772 772 748 751 751 705 729 705 705 705 684 684 684 691 591 591 591 591 591 591 591 591 636 591 591 591 591 591 591 591 533 533 533 533 530 530 545 532 471 521 471 471 502 471 471 471 465 465 382 382 417 417 417 417 409 354 354 354 354 361 361 361 361 350 350 319 320 320 226 226 305 226 226 226 260 260 260 260 164 243 233 233 176 176 196 196 197 176 177 177 109 109 109 109 140 125 125 109 109 101 101 63 63 63 63 25 25 32 32 32 25 12 
948 895 895 933 933 902 902 860 860 860 860 860 860 860 815 815 815 815 815 815 832 780 780 780 780 740 740 773 773 773 748 751 751 705 705 705 684 684 684 684 684 684 591 591 591 591 665 591 591 591 636 591 591 604 604 604 576 576 533 533 533 533 533 533 533 532 532 494 494 471 471 471 478 471 382 382 382 382 382 382 417 417 381 381 381 381 381 381 361 361 361 319 319 319 226 226 226 314 305 249 249 287 261 261 261 261 164 164 233 198 198 176 197 197 197 176 177 109 109 109 109 109 109 125 125 109 110 101 101 63 63 63 25 25 25 25 25 25 25 12 
895 895 895 895 895 902 908 908 908 860 860 860 860 860 815 815 815 815 815 815 832 832 780 780 810 740 740 740 774 774 748 748 748 748 740 684 684 684 684 684 684 684 685 685 647 647 647 591 591 591 591 591 604 604 604 604 576 576 576 576 540 540 540 533 533 532 532 494 494 494 478 478 478 471 382 382 382 382 382 382 382 382 381 381 381 381 381 361 361 361 319 319 319 319 226 305 305 305 305 249 249 249 261 261 261 261 249 164 233 198 198 176 176 176 176 176 176 109 109 109 109 110 109 109 109 109 110 96 96 96 63 63 25 25 25 33 33 33 26 12 
895 895 895 895 895 902 902 902 902 902 860 860 815 815 815 815 815 816 816 816 816 816 816 780 780 740 796 740 740 740 740 760 748 748 740 684 713 713 684 684 684 684 685 647 647 647 647 653 653 591 591 604 604 605 605 605 576 576 577 577 540 540 540 533 533 533 533 494 514 494 478 478 478 471 471 382 382 382 382 382 382 382 381 381 381 382 382 361 361 361 319 355 319 319 226 226 305 305 306 249 249 249 280 249 249 249 249 164 233 198 198 198 207 207 176 176 176 178 169 117 117 110 109 109 126 110 110 96 96 96 33 33 33 33 56 33 33 26 26 12 
895 895 940 895 895 895 895 917 860 860 860 860 815 815 815 815 815 816 816 833 833 833 816 816 780 740 740 740 740 775 740 760 740 740 740 684 713 706 706 706 684 647 647 647 647 647 666 653 653 604 604 604 625 576 576 576 576 576 577 540 540 540 540 546 546 494 494 494 514 494 494 494 478 478 452 452 457 382 382 382 382 382 382 382 382 382 382 382 374 367 319 355 319 319 319 226 226 226 226 226 249 249 249 249 265 164 164 164 233 198 198 198 207 207 198 169 169 169 169 117 117 110 110 110 110 110 96 96 96 96 33 33 33 33 33 33 33 26 12 12 
895 895 895 895 895 928 895 917 860 860 860 860 860 811 811 811 811 811 811 833 833 833 816 816 780 761 761 761 761 761 740 740 740 684 684 684 713 713 706 706 684 647 647 647 647 647 647 647 653 604 604 604 625 576 576 576 540 540 540 540 574 560 560 546 547 494 494 494 503 503 503 452 452 452 452 452 452 452 434 434 434 374 374 382 382 374 374 374 374 367 319 355 319 319 319 319 226 226 307 226 226 226 226 274 265 164 164 164 233 198 198 219 207 207 198 169 169 169 169 164 117 117 127 127 127 96 96 96 96 96 49 49 33 33 33 49 26 26 12 12 
895 895 895 895 895 928 895 860 860 860 860 860 860 811 834 834 834 834 811 811 811 811 811 817 780 761 761 761 761 761 761 740 740 684 684 684 684 684 684 684 684 695 692 647 647 667 667 647 647 647 625 625 625 576 576 576 540 592 540 540 574 560 560 546 547 494 494 494 503 503 503 452 452 466 466 466 434 434 434 435 435 374 374 374 374 374 362 362 362 367 319 319 319 319 319 319 226 226 226 226 226 226 226 265 265 164 164 244 220 220 198 198 207 207 198 169 169 169 169 164 117 117 117 117 117 96 96 96 96 96 49 49 49 33 33 49 26 12 12 12 
895 895 937 895 895 895 895 860 860 860 886 886 886 811 811 866 866 834 834 834 834 834 811 817 780 780 761 761 761 776 761 761 752 730 730 730 684 684 692 692 692 692 692 647 647 667 667 657 625 625 625 625 625 576 576 576 540 540 540 540 540 540 540 546 494 494 494 511 511 503 503 452 452 466 452 452 434 434 434 435 435 374 374 374 374 374 362 383 362 362 362 343 343 322 322 322 226 226 226 226 226 226 226 226 170 170 164 164 220 220 220 198 198 198 198 184 184 164 164 164 117 117 117 118 117 117 96 96 96 96 49 74 49 57 57 49 26 12 12 14 
895 895 937 895 895 895 895 918 860 860 824 824 824 811 811 824 824 824 824 824 824 824 811 811 811 780 780 761 761 752 752 752 752 730 730 730 684 684 692 692 692 672 672 647 647 667 667 657 625 625 522 522 522 522 522 522 522 593 586 540 540 540 540 546 494 494 494 511 504 504 504 452 452 452 452 452 362 362 434 434 435 374 374 374 374 374 362 383 362 362 363 343 343 322 322 322 226 226 226 226 226 226 226 226 170 170 170 164 164 164 220 220 164 164 164 184 164 164 141 141 117 117 141 118 117 117 96 96 96 49 49 74 69 49 49 49 26 27 12 12 
895 895 937 937 895 895 918 918 903 903 824 824 824 811 824 824 797 797 797 797 797 824 824 780 780 780 780 780 782 752 753 753 753 730 730 730 711 711 692 692 692 692 672 672 672 658 658 658 625 625 522 522 598 598 598 598 522 593 586 540 540 540 540 546 546 511 511 511 504 504 504 452 452 452 452 452 362 362 362 362 362 362 419 362 362 362 362 383 368 368 327 327 343 343 322 322 226 226 226 226 275 275 275 275 170 170 170 164 164 164 164 164 164 208 164 184 164 164 141 141 141 141 141 118 118 118 96 96 96 49 49 49 69 49 49 26 26 27 27 12 
941 941 941 848 848 895 895 895 903 824 824 824 824 811 824 853 797 797 797 797 797 797 797 780 780 780 780 780 782 752 753 753 754 730 730 730 711 711 711 672 672 672 672 672 672 658 668 625 625 625 625 522 598 598 613 598 522 593 586 540 540 540 540 540 540 511 511 511 511 511 479 479 487 479 452 452 362 362 362 368 368 362 362 362 362 362 383 383 368 327 327 327 327 344 322 322 322 221 221 266 266 266 266 266 266 170 170 164 164 164 164 164 164 208 164 164 164 164 141 141 141 141 141 119 119 119 70 70 70 70 70 49 49 49 49 26 26 12 12 12 
941 941 848 848 848 848 848 895 903 824 824 811 811 811 824 853 797 797 797 797 835 835 797 818 780 780 780 790 752 752 749 749 749 749 714 714 711 711 711 672 672 672 672 672 678 658 658 625 625 648 625 522 626 598 613 598 522 522 586 540 540 540 540 540 540 540 479 479 479 479 479 479 479 479 452 452 362 362 362 368 368 368 368 368 368 368 368 368 368 327 327 327 327 327 327 327 221 221 221 266 266 281 281 221 221 170 170 170 238 164 164 164 164 208 156 156 156 156 156 156 156 141 141 119 119 119 70 97 97 97 70 70 70 49 49 26 26 12 12 12 
941 941 848 848 848 848 848 895 895 904 824 811 824 824 824 853 797 797 797 797 835 797 797 780 780 780 780 752 752 752 749 749 749 714 714 714 714 714 673 673 673 673 673 672 672 672 658 658 625 625 625 632 626 598 598 598 598 522 522 567 567 567 540 540 540 540 479 479 479 495 495 495 479 479 452 452 362 441 441 441 368 368 368 368 404 336 336 336 375 327 327 327 336 336 336 221 221 315 221 221 221 221 221 221 221 221 221 170 170 170 156 156 156 208 156 179 179 179 170 157 157 119 119 119 119 119 70 97 84 84 84 75 12 12 12 12 12 12 12 12 
941 942 942 848 848 848 848 919 895 824 824 811 824 824 824 853 853 853 853 835 835 797 797 780 780 780 780 752 752 752 766 749 749 714 715 715 715 715 673 673 673 673 673 679 679 673 658 658 649 649 561 561 561 598 598 606 561 561 522 522 522 522 522 541 541 541 522 522 479 479 479 479 479 479 452 452 362 441 441 441 424 424 368 368 368 336 336 336 375 369 336 336 336 337 337 221 315 315 221 221 221 221 221 221 221 221 221 239 239 170 156 156 156 208 156 179 179 179 170 157 157 119 119 119 70 70 70 97 84 98 75 75 12 12 12 12 12 12 12 12 
941 848 848 848 848 848 848 895 895 824 824 824 824 878 878 853 853 853 853 835 835 835 797 819 780 780 780 783 783 714 714 714 714 714 715 715 561 561 561 673 673 673 673 673 673 673 658 658 649 649 561 561 561 598 561 561 561 561 578 578 561 561 522 541 541 541 522 480 480 480 362 479 479 479 362 362 362 441 441 441 424 425 368 410 368 336 336 336 336 369 336 351 351 337 337 221 221 221 221 300 221 221 221 221 221 221 234 234 234 170 156 156 156 156 156 179 179 170 170 157 157 97 97 97 97 70 70 97 84 98 75 75 12 12 12 12 12 12 12 12 
941 848 929 929 848 848 848 895 909 895 895 878 878 878 878 847 847 847 847 847 835 835 797 819 780 780 780 714 714 714 762 762 714 714 741 731 561 561 561 673 673 673 673 673 673 673 561 561 561 561 561 561 561 561 561 607 599 561 561 561 561 561 522 522 548 522 522 480 515 480 362 362 362 479 362 362 362 362 441 441 424 424 368 368 368 308 308 384 336 336 336 351 328 328 328 328 221 221 221 300 221 221 221 221 221 221 234 234 234 170 170 170 170 170 170 170 170 170 158 158 97 97 97 97 97 97 97 97 84 84 84 35 71 64 12 43 43 34 12 12 
848 848 929 929 929 929 895 895 909 895 896 878 878 878 878 847 854 854 854 836 836 797 797 797 797 797 797 714 714 714 762 716 716 731 731 731 561 561 561 699 699 561 561 561 561 561 561 561 561 587 587 614 614 614 614 599 599 561 561 561 561 561 561 522 522 522 480 480 515 480 362 362 362 362 362 458 458 362 424 424 424 424 308 308 405 308 308 308 308 308 308 308 328 308 308 308 221 221 221 251 251 251 251 251 251 221 250 234 234 234 185 185 185 170 170 170 170 171 158 158 97 97 97 97 120 120 76 76 76 76 84 35 35 64 12 12 12 34 12 12 
848 848 848 848 848 848 895 895 895 895 896 878 878 878 878 847 854 854 854 836 836 797 797 797 812 714 714 714 714 714 714 716 716 716 716 716 716 716 561 561 561 561 693 587 587 587 587 587 587 587 587 614 614 614 614 599 599 561 561 561 561 561 561 522 522 522 480 515 515 480 480 496 480 480 362 362 362 362 424 424 424 424 308 308 308 308 308 308 308 364 364 308 328 308 308 308 308 221 221 251 251 251 251 251 251 221 221 221 221 221 185 185 185 170 170 170 170 171 158 158 158 97 97 97 120 120 76 76 76 76 76 76 35 64 35 35 12 12 12 12 
953 848 848 848 848 848 848 848 848 848 848 848 848 848 848 848 848 848 848 848 836 836 797 797 812 714 714 714 714 714 714 716 716 716 716 716 717 717 561 561 587 587 587 587 659 659 659 659 587 587 587 587 587 587 587 587 587 587 587 561 561 561 561 522 522 522 480 480 480 480 480 480 480 481 362 362 362 362 424 424 424 424 308 308 308 308 308 308 308 364 364 308 308 308 308 329 308 308 308 251 251 251 251 251 251 251 251 221 221 221 221 221 185 185 185 185 185 171 171 158 158 97 97 121 121 121 76 76 76 76 76 76 35 35 35 35 35 35 12 12 
