963 963 963 963 963 963 963 886 886 886 886 886 903 903 903 886 886 775 775 853 853 853 775 775 775 775 775 795 795 795 795 775 775 775 762 762 653 653 653 732 653 653 653 653 686 653 653 653 653 650 563 563 563 563 563 563 563 563 583 563 563 492 492 492 492 492 524 492 492 463 463 463 463 472 463 437 437 437 437 437 426 364 364 364 398 398 390 346 346 346 346 346 282 282 282 259 259 259 259 259 259 259 259 259 259 247 247 233 233 228 193 193 193 164 164 164 164 45 45 45 45 142 120 120 120 102 102 102 1 1 1 1 1 51 1 1 1 1 1 1 
963 963 963 963 963 886 886 886 886 886 926 886 886 904 904 886 887 775 775 775 853 853 775 830 830 775 775 775 775 775 775 775 762 762 762 763 653 745 653 653 653 705 705 653 653 653 673 653 653 650 563 563 563 563 563 563 595 563 583 563 563 492 551 492 492 492 492 492 492 463 463 463 463 463 463 437 437 437 426 426 426 364 364 364 390 390 390 346 346 346 282 282 282 282 282 259 259 259 259 259 259 281 247 247 247 247 233 233 228 228 193 193 193 164 164 164 164 45 45 45 45 45 120 120 121 102 102 102 1 1 1 1 1 1 1 1 1 15 15 2 
992 992 992 960 960 886 886 886 886 886 926 926 886 904 904 886 775 775 869 775 775 854 775 830 830 775 775 775 810 762 762 788 762 763 763 763 653 688 688 688 688 688 706 687 687 650 650 650 650 650 492 492 492 492 492 595 595 563 563 563 563 492 492 492 492 492 492 492 492 492 463 463 463 463 440 440 426 426 426 426 364 364 364 364 390 390 364 364 364 364 282 347 339 282 282 282 282 282 259 294 259 247 247 252 252 252 233 242 228 211 211 193 193 193 164 164 164 164 45 45 45 45 120 120 102 102 102 102 1 1 2 2 2 1 1 1 1 2 2 2 
992 992 992 960 960 886 886 886 897 897 897 897 886 886 886 886 775 846 846 865 775 775 775 830 830 830 775 775 810 762 762 762 762 653 653 653 653 688 688 688 724 650 650 687 687 650 650 650 650 492 492 625 625 492 492 595 595 563 563 557 557 557 492 492 492 492 493 493 503 492 492 492 440 440 440 440 426 426 426 426 364 364 364 364 364 364 364 364 364 302 302 302 339 320 320 320 282 282 259 294 259 247 252 252 228 228 233 242 228 211 159 159 159 159 165 165 165 165 45 124 124 124 124 124 102 45 45 45 81 81 2 2 2 1 1 22 2 2 2 2 
992 992 992 960 960 886 886 886 897 897 897 897 897 897 775 775 775 775 846 865 841 841 841 841 830 830 762 762 810 762 762 789 653 653 746 746 746 746 737 688 650 650 650 650 687 650 650 650 650 492 492 625 625 492 608 557 557 557 557 557 557 557 492 541 492 492 493 493 503 503 493 493 440 440 440 440 440 440 440 427 427 364 364 410 364 364 364 302 302 302 355 302 339 320 320 282 282 301 259 259 259 247 252 252 228 228 228 228 228 211 159 203 203 159 159 45 45 45 45 45 45 45 45 45 102 45 45 45 45 45 56 2 2 2 2 22 2 2 2 2 
992 992 992 960 960 975 960 960 897 897 897 927 897 897 775 775 888 775 846 865 841 841 841 841 837 762 762 762 762 762 762 789 653 653 653 653 653 653 737 688 707 707 707 650 687 650 492 492 492 492 492 631 625 492 608 557 557 557 557 557 564 492 492 541 492 492 493 493 504 504 493 440 440 440 440 440 440 441 441 427 364 364 416 364 364 364 364 368 368 365 355 302 320 320 320 282 282 301 301 287 287 247 265 265 228 234 234 234 234 211 159 159 159 159 159 45 45 45 45 45 53 53 53 45 45 45 45 91 91 45 56 56 56 52 2 22 22 22 2 2 
1003 993 993 960 960 960 960 941 941 941 921 921 897 897 775 775 888 775 846 846 846 846 846 837 837 762 689 689 780 780 780 780 653 653 653 653 747 653 653 688 707 660 660 650 650 650 492 492 492 492 492 625 625 492 492 557 557 557 557 557 492 492 493 493 493 493 493 493 493 493 493 440 440 473 440 441 441 441 427 427 364 364 364 364 364 364 365 365 365 365 355 302 320 320 320 320 282 282 282 287 287 247 247 266 228 234 234 234 234 211 211 211 159 159 159 159 45 45 53 53 53 53 53 91 91 91 91 91 92 45 57 57 52 52 2 35 2 2 2 3 
993 993 960 960 912 912 912 941 941 941 921 921 921 897 775 896 775 775 855 855 855 855 847 837 762 762 689 689 689 689 689 780 780 751 751 751 747 747 653 688 688 660 660 660 650 650 492 492 654 492 492 625 625 492 492 492 492 492 492 492 492 492 492 537 537 493 493 493 493 494 494 494 440 440 440 441 441 441 427 428 428 364 364 399 399 399 365 369 369 355 355 302 320 320 320 320 282 282 282 287 287 247 247 266 228 228 229 229 229 229 159 159 159 159 159 159 159 166 53 53 53 53 133 91 53 53 91 91 92 45 57 57 52 52 2 2 2 2 2 3 
993 960 960 984 912 912 912 912 912 912 921 921 922 897 775 775 775 855 855 847 847 847 847 837 762 804 689 689 689 689 689 764 764 751 751 751 751 653 653 733 688 660 660 660 660 660 660 660 640 640 640 625 625 492 492 492 596 573 573 492 492 542 492 492 492 493 493 517 483 483 483 483 483 441 441 441 441 441 427 428 428 364 364 365 365 365 365 355 355 355 356 302 320 320 329 282 282 287 287 287 288 247 247 247 247 228 229 229 229 159 159 159 159 159 159 178 159 159 159 53 53 133 133 91 53 53 53 92 92 45 45 57 57 28 28 28 3 3 3 3 
993 960 930 930 912 912 912 912 912 912 921 921 922 897 775 775 847 847 847 847 860 847 847 837 762 804 689 689 804 804 689 764 764 764 751 751 653 653 733 733 688 660 660 695 617 660 660 661 640 640 609 609 609 609 492 492 596 573 573 573 492 542 552 542 492 483 483 483 483 484 484 484 484 441 441 441 400 400 427 365 365 365 365 365 365 365 391 355 355 355 356 302 302 302 329 282 287 287 282 282 288 282 247 247 247 228 229 229 229 159 159 159 159 159 159 159 159 159 53 53 53 133 91 91 53 84 53 53 53 53 45 45 45 28 28 28 3 3 3 3 
993 993 930 930 912 912 912 912 912 912 912 912 912 897 897 897 847 847 847 860 860 847 847 762 762 804 818 818 804 689 689 764 764 764 764 764 688 688 688 688 688 708 708 695 617 660 660 661 640 640 626 626 609 609 492 492 573 573 573 573 492 542 542 542 492 483 525 483 483 484 484 457 457 457 441 441 400 400 427 365 365 365 365 370 370 370 370 370 370 355 356 302 302 302 329 282 282 282 282 282 282 282 247 247 247 228 228 229 229 229 151 151 151 159 159 159 159 159 53 53 53 133 91 91 53 84 84 53 53 53 73 45 45 45 45 28 28 3 3 3 
980 980 930 930 912 912 964 952 952 912 912 912 912 912 861 861 861 847 847 860 847 847 847 762 804 804 804 804 804 689 689 689 689 689 764 764 688 688 688 688 708 708 695 695 617 682 674 632 632 632 626 626 609 609 609 573 573 573 518 518 492 492 492 492 492 483 483 483 483 483 484 457 458 457 441 441 400 400 400 365 365 348 348 370 370 370 382 382 371 355 313 313 332 302 302 302 271 271 271 271 271 271 271 235 235 235 228 229 229 229 151 212 151 151 179 179 159 159 53 53 53 53 53 53 53 84 84 93 93 53 73 45 58 45 45 29 29 3 3 3 
980 980 930 930 930 930 964 952 952 912 935 912 912 912 861 861 861 847 847 847 847 762 762 762 804 804 804 804 804 689 689 781 781 689 689 689 689 725 725 688 688 688 695 696 617 617 674 632 632 632 626 626 626 609 609 573 573 573 518 518 492 492 518 518 518 518 483 483 483 483 484 457 458 457 457 457 400 400 400 429 429 348 348 348 370 370 371 371 371 355 357 313 332 332 302 302 271 271 271 271 271 271 271 235 235 235 228 228 228 230 151 204 204 151 151 151 151 160 160 134 134 134 53 53 122 84 53 53 53 53 73 45 45 45 45 29 29 3 3 3 
980 980 980 980 980 930 930 930 912 912 935 912 912 871 871 861 861 861 861 861 861 762 762 762 762 823 823 805 805 805 796 781 752 752 689 689 689 689 725 725 725 688 695 695 617 617 632 632 632 632 632 632 589 589 589 589 589 589 518 518 518 558 518 518 518 518 511 511 483 483 484 457 458 458 458 400 400 400 400 429 429 348 348 348 348 371 371 383 355 355 357 313 313 333 302 321 271 271 271 272 272 271 271 235 228 228 228 228 228 230 151 204 151 151 151 151 151 160 160 134 134 134 115 115 84 84 53 53 82 82 53 53 53 45 45 36 4 4 4 4 
980 980 980 930 930 930 930 930 912 912 912 912 912 871 871 861 861 861 861 862 862 842 842 842 762 796 796 805 805 806 796 781 752 752 752 752 752 689 738 688 688 688 695 695 617 617 632 632 632 632 632 633 589 589 589 589 589 589 518 518 518 518 518 518 518 518 511 511 511 484 484 457 474 474 458 400 400 400 400 348 348 348 348 348 348 348 348 355 355 355 348 348 313 313 302 302 302 302 302 272 272 272 272 235 228 228 228 228 228 151 151 204 151 151 151 151 160 160 160 134 115 115 115 115 84 84 84 53 53 53 53 67 53 4 4 36 4 4 4 4 
980 980 980 930 930 930 961 961 889 889 912 912 913 871 871 871 861 861 870 842 842 842 762 762 762 796 796 796 805 806 796 781 781 765 765 765 689 689 688 688 688 688 695 695 617 617 675 633 633 633 633 633 518 518 518 518 518 518 518 518 518 518 518 518 531 518 518 518 484 484 457 457 474 458 458 458 400 400 400 348 348 348 417 348 348 348 348 355 355 355 348 313 313 313 313 313 313 205 205 205 273 273 273 235 235 235 235 235 235 151 219 204 187 187 187 151 160 160 160 134 115 134 134 115 115 84 84 53 53 67 67 67 53 53 4 36 4 4 4 4 
999 999 930 930 889 976 961 961 889 889 889 928 913 913 871 871 861 861 870 842 842 842 762 796 796 796 824 796 805 796 796 765 765 765 765 765 689 688 688 688 688 688 697 697 617 617 633 633 641 633 633 634 518 616 518 518 518 518 518 518 518 518 518 518 531 518 518 519 484 484 457 457 457 458 458 458 400 430 430 430 430 348 392 392 392 392 348 348 348 348 348 313 340 313 313 314 314 205 205 205 205 205 205 205 235 235 151 151 151 151 219 204 187 187 187 151 151 167 134 134 134 134 135 115 115 84 109 83 83 4 4 68 53 53 4 4 4 16 16 5 
999 1000 930 930 889 889 889 889 889 929 889 889 889 914 871 861 861 861 856 856 842 842 762 796 796 796 796 796 805 796 797 765 765 689 689 689 689 688 688 688 726 688 688 688 617 617 633 662 641 641 641 518 518 616 518 518 518 518 518 518 553 553 553 531 531 531 519 519 484 484 457 457 457 458 458 459 400 400 430 430 431 348 392 392 392 392 392 348 348 348 348 313 340 313 313 314 283 283 205 205 205 205 205 205 253 253 151 151 151 151 151 204 204 180 180 180 151 151 134 134 134 135 135 115 115 84 109 83 83 4 4 4 4 4 4 4 30 5 5 5 
999 930 930 930 889 889 889 889 953 929 936 929 889 889 871 861 861 861 856 856 856 856 762 796 796 796 796 796 796 796 765 765 765 689 689 689 739 739 739 709 709 716 688 688 617 676 676 655 655 518 518 518 610 610 610 574 574 574 574 574 553 553 554 531 531 531 519 519 459 459 459 464 464 464 464 459 453 400 430 430 431 348 348 348 348 348 348 348 348 348 348 313 313 313 313 314 283 283 205 205 205 205 205 205 253 253 151 151 151 151 151 213 205 180 188 173 173 151 151 151 125 125 125 125 115 84 84 84 83 4 4 4 4 4 4 4 30 5 5 5 
999 930 965 965 965 965 965 953 953 929 929 929 889 889 871 871 871 879 856 857 857 857 762 765 765 831 807 807 807 807 765 767 767 771 771 689 689 740 740 709 709 716 688 698 617 676 655 655 656 518 518 518 610 610 611 574 574 574 574 575 553 553 554 543 459 459 459 519 459 459 459 464 459 459 459 459 453 400 430 430 418 418 418 348 348 400 348 348 348 348 295 295 295 295 314 314 283 283 283 283 283 283 205 205 253 253 151 151 151 151 151 213 205 180 188 173 173 136 136 152 125 125 125 125 115 115 84 84 83 83 4 4 59 6 6 6 30 5 5 5 
999 930 930 930 930 930 953 953 930 930 930 930 889 889 889 889 871 879 871 857 857 857 762 765 765 765 765 765 765 765 765 767 767 771 689 689 689 689 689 709 709 716 688 688 617 617 655 617 617 518 518 518 610 610 611 543 543 543 543 543 553 553 553 543 459 532 459 459 459 459 459 459 459 460 460 453 453 400 400 400 418 400 400 400 400 400 372 372 372 295 295 295 295 295 314 314 314 303 303 274 274 274 205 267 254 254 205 205 205 205 205 205 205 180 188 181 136 136 136 136 136 125 125 125 85 85 84 84 84 84 4 4 59 6 6 6 30 5 5 5 
930 930 930 930 930 930 953 953 930 930 905 905 905 915 889 889 871 871 871 762 762 762 762 765 767 767 767 767 767 767 767 767 767 767 689 689 753 689 689 689 709 709 709 688 688 617 617 617 617 642 642 518 518 518 518 543 543 543 545 543 543 553 553 543 459 459 459 459 459 459 459 459 459 460 460 453 453 448 400 400 418 400 401 400 400 372 372 373 373 295 295 349 295 295 314 314 314 303 303 274 274 274 205 205 254 254 205 205 205 205 206 206 206 180 188 181 136 136 126 126 136 125 125 126 85 85 85 85 84 84 4 4 59 6 6 6 6 17 17 6 
930 1001 930 930 930 930 930 930 954 930 905 905 905 905 889 889 889 866 866 762 762 762 765 765 767 767 767 767 767 808 767 767 782 767 767 689 689 689 741 689 689 689 518 518 518 518 617 617 617 617 617 617 617 617 518 518 597 545 545 565 543 543 543 543 526 526 526 459 459 459 459 459 459 460 460 448 448 448 400 400 400 400 401 400 400 372 372 373 295 295 295 295 295 334 314 314 315 303 303 274 274 274 274 205 205 205 205 205 205 205 206 206 206 180 181 181 75 75 126 126 136 136 136 126 85 85 85 85 85 85 31 31 59 6 6 37 6 17 17 6 
930 930 930 930 930 930 930 930 930 930 905 905 923 905 905 890 890 866 866 762 762 762 765 765 825 825 767 767 767 808 767 767 767 767 767 766 699 699 699 689 689 689 689 689 689 518 657 657 657 518 518 518 618 618 518 518 597 545 545 565 565 543 543 544 526 526 459 459 459 459 459 459 460 460 460 448 448 295 295 295 295 295 401 401 401 401 372 373 295 330 330 295 295 295 295 295 295 295 295 274 289 260 260 260 260 180 180 243 180 180 180 180 180 180 189 75 75 75 75 126 126 126 126 126 75 75 31 31 31 31 31 31 31 37 37 37 6 6 6 6 
994 994 994 930 930 930 955 955 905 905 905 890 890 890 890 890 891 866 866 762 762 762 762 762 825 825 767 811 811 808 767 767 767 754 754 766 699 699 699 710 710 710 710 663 663 518 518 518 518 518 600 518 518 518 518 597 597 545 545 566 566 526 526 526 526 526 459 459 459 459 459 460 460 475 460 460 295 295 295 295 295 295 372 372 401 401 372 372 295 330 330 330 330 330 330 295 295 308 295 274 289 260 268 268 261 180 180 180 180 207 207 214 194 194 75 75 168 168 75 137 126 126 137 127 75 75 31 31 31 74 74 31 31 37 31 31 31 6 6 7 
994 994 995 930 930 930 955 955 905 937 890 890 924 898 898 898 866 866 866 762 762 762 762 762 825 825 767 767 767 808 798 755 755 776 754 754 754 699 699 699 699 717 663 663 663 677 677 663 518 518 600 627 627 518 518 597 597 545 576 576 526 526 526 526 538 465 465 465 465 459 459 460 460 460 460 460 295 295 295 295 295 419 372 372 372 372 372 372 295 330 330 341 341 308 308 308 308 308 295 274 289 260 268 261 261 180 180 196 196 207 207 194 194 195 75 182 75 75 75 137 137 137 137 127 75 75 31 31 31 31 31 31 31 31 31 31 6 6 6 7 
1002 1002 995 966 966 966 966 955 955 937 890 890 924 898 866 866 866 880 866 762 762 762 843 843 825 825 825 767 767 798 798 755 755 755 755 755 755 699 699 699 699 699 699 699 663 663 663 663 612 612 600 600 600 600 600 600 545 545 576 576 526 526 526 526 526 465 465 465 465 499 499 460 460 460 420 420 295 295 295 295 295 419 372 372 372 372 372 384 295 350 330 341 341 308 308 316 295 295 295 274 289 260 268 261 262 180 180 196 196 207 207 207 207 75 75 75 75 75 75 138 138 138 138 127 75 75 31 31 31 31 31 60 60 31 31 31 6 6 6 7 
985 985 995 966 966 966 966 942 942 937 937 890 890 898 866 899 838 838 872 762 762 762 843 825 825 825 825 767 798 798 799 755 755 755 755 755 755 699 699 699 699 699 700 700 663 663 678 612 612 612 600 600 598 598 598 601 545 577 577 577 512 512 526 526 526 465 465 465 499 499 465 465 485 420 420 420 295 295 295 295 295 419 372 372 295 295 295 295 295 350 330 330 308 308 308 316 295 304 304 295 260 260 268 261 261 180 180 196 220 220 220 207 207 75 75 75 75 75 75 75 139 139 139 127 75 75 31 31 31 31 60 60 61 31 31 32 32 18 18 7 
985 985 995 985 966 966 942 942 942 942 890 890 890 890 866 866 838 838 838 838 838 838 838 825 825 825 826 767 798 809 799 755 755 755 755 767 699 699 699 699 699 699 700 700 612 683 612 612 612 612 635 635 598 598 598 601 545 545 577 577 512 512 512 512 526 465 465 465 465 465 465 465 485 420 420 420 420 295 295 432 432 419 419 295 295 295 295 295 374 350 330 330 308 308 308 316 295 295 295 295 260 261 261 261 261 255 180 196 196 220 220 196 196 196 75 75 75 75 75 75 139 139 140 75 75 75 110 31 31 31 60 60 31 31 31 32 32 18 18 7 
985 985 985 985 967 967 942 942 942 942 890 890 890 890 892 866 866 866 866 866 848 848 838 838 838 832 826 767 799 799 799 755 755 777 767 767 699 699 699 727 727 699 701 701 612 612 612 664 612 635 635 636 598 598 598 598 598 545 577 577 512 512 512 512 512 512 512 512 512 465 465 465 465 465 465 420 420 449 295 295 295 423 295 295 358 295 295 295 350 350 330 330 330 330 316 316 316 305 305 260 260 255 255 255 255 255 180 180 196 196 196 196 196 196 75 75 75 75 75 75 75 75 75 75 75 75 110 94 94 31 69 69 31 31 31 38 18 18 18 7 
985 985 985 967 967 967 967 943 943 943 892 892 892 892 892 900 892 832 832 832 848 848 848 832 832 832 826 767 799 799 767 767 767 767 767 767 699 699 699 699 699 699 701 701 612 612 612 664 612 635 635 636 598 598 612 598 598 545 545 545 545 512 512 533 533 533 512 512 513 505 495 495 377 377 466 420 420 420 295 295 295 295 295 358 358 358 358 385 350 350 350 330 330 330 316 316 316 305 260 260 290 255 255 255 255 180 180 180 196 196 221 183 183 197 183 183 70 70 75 75 143 75 75 86 75 94 94 94 95 31 31 31 31 31 31 31 18 18 7 7 
967 967 967 967 981 907 968 943 943 892 892 892 892 892 892 892 892 832 832 832 848 848 832 832 833 833 826 767 767 767 767 783 783 767 767 767 699 748 699 699 701 701 701 701 612 612 612 664 612 612 612 612 598 598 612 567 567 567 567 567 545 545 545 505 505 505 505 505 505 505 495 495 377 377 377 442 442 420 438 438 295 295 420 358 358 358 358 358 358 358 350 350 317 317 322 322 317 305 260 260 290 255 255 255 255 180 180 180 183 183 183 183 183 197 183 70 70 70 70 153 143 143 86 86 75 75 75 103 75 75 75 31 31 31 31 31 18 18 7 7 
967 986 986 986 981 907 907 907 943 892 892 892 892 892 892 863 863 863 832 832 848 848 832 832 826 826 826 783 783 800 800 783 699 699 699 699 699 728 728 728 701 718 701 701 690 612 612 612 612 612 612 612 612 612 612 567 567 567 567 567 567 545 545 505 505 505 505 505 514 506 377 377 377 476 377 442 442 420 420 420 420 420 420 358 358 393 393 375 375 358 358 317 317 317 322 317 317 305 305 260 260 255 255 255 255 180 180 180 183 70 70 70 183 183 183 70 70 70 70 70 70 144 86 116 116 116 75 75 75 31 31 31 31 7 7 39 18 18 7 7 
967 977 977 977 981 907 907 907 943 943 892 892 892 892 892 863 863 863 832 832 832 832 832 832 826 826 826 783 783 783 783 783 699 772 772 756 756 728 728 728 701 701 701 702 690 612 665 665 612 612 612 590 590 590 590 590 567 567 567 568 568 545 545 545 505 505 505 505 506 506 377 377 476 476 377 377 442 442 442 420 420 406 406 406 406 375 375 375 317 317 359 317 317 317 317 317 260 260 260 260 260 275 275 255 255 180 70 70 70 70 222 70 198 183 183 184 70 70 70 70 70 144 86 86 86 86 86 96 96 31 31 31 31 7 7 7 18 18 7 7 
967 977 996 977 977 907 907 907 907 907 907 907 907 892 892 863 863 881 832 832 832 832 832 826 826 826 826 783 783 783 790 790 699 772 772 756 756 728 728 728 728 690 690 690 690 612 612 612 612 643 643 590 590 590 590 590 590 590 534 534 505 505 505 505 505 505 505 506 506 496 496 377 476 377 377 377 377 443 443 433 433 406 406 411 407 375 375 317 317 317 317 317 317 335 323 323 260 260 260 260 291 275 276 255 255 180 70 70 70 70 222 70 198 198 70 70 70 169 154 154 70 86 86 86 86 86 86 96 96 86 31 31 7 7 7 7 18 18 7 7 
967 977 977 977 977 977 908 908 908 908 907 907 907 916 906 863 863 863 832 832 832 832 832 826 826 783 783 783 783 783 699 699 699 749 749 749 749 728 728 666 666 690 690 666 666 684 679 612 612 590 590 590 590 590 590 591 591 591 534 569 569 559 508 508 508 505 505 506 506 496 496 377 377 377 377 450 377 377 377 433 377 377 411 411 407 317 317 317 376 317 317 317 317 335 323 223 223 223 291 291 291 255 255 255 255 180 248 70 70 70 70 70 70 70 70 154 154 154 154 70 70 86 86 86 123 86 86 86 86 86 76 7 7 7 7 40 18 18 7 8 
967 967 967 977 977 908 908 908 908 908 931 931 907 916 906 863 863 863 832 832 832 832 832 783 783 783 819 819 783 783 699 699 699 749 749 749 749 749 666 666 666 666 666 666 666 666 679 666 590 590 644 613 613 613 613 584 584 584 534 534 559 559 508 508 508 508 508 508 506 496 496 496 377 377 377 450 450 450 377 377 377 377 377 377 407 317 317 317 317 366 223 223 223 323 323 223 223 223 223 223 223 255 255 255 255 180 180 231 231 231 223 70 70 87 87 154 154 154 161 70 70 70 70 86 86 86 111 86 86 76 76 7 7 7 7 7 7 7 7 8 
967 967 967 967 967 908 908 908 908 908 908 908 907 907 907 863 863 863 863 863 863 832 832 783 783 783 783 783 783 783 784 784 784 749 749 768 749 749 666 666 719 719 666 666 666 666 666 666 590 590 590 613 619 619 584 584 585 584 584 534 559 559 534 534 534 508 508 508 506 506 486 486 486 377 377 377 454 412 412 377 377 412 412 377 386 386 386 386 317 366 223 223 323 323 223 223 223 277 277 277 223 223 223 223 223 223 223 223 223 223 223 208 208 87 87 87 87 87 161 70 70 70 70 117 86 86 97 97 97 76 76 7 7 7 7 41 8 8 8 8 
987 987 987 987 967 967 969 938 938 938 938 908 917 907 907 863 863 791 791 791 791 791 849 783 783 783 783 783 812 778 778 778 778 778 749 749 749 749 742 666 719 719 666 703 666 666 666 666 590 590 590 613 619 619 584 602 585 585 585 534 559 559 534 534 534 508 508 506 506 506 486 486 486 377 467 377 454 412 412 412 412 412 412 377 377 402 377 377 317 317 317 223 223 223 223 257 257 257 257 277 292 223 223 223 223 223 223 224 224 224 224 208 208 87 87 87 87 87 161 148 148 70 70 117 117 117 97 104 70 70 70 7 7 7 41 41 8 8 9 9 
987 987 987 967 967 967 969 938 938 938 938 908 917 907 907 867 867 791 791 791 791 791 834 834 834 834 813 813 778 778 743 743 743 743 743 769 711 711 742 666 666 666 666 666 666 666 666 666 620 620 645 613 619 619 584 584 584 586 586 534 560 560 534 534 534 534 508 506 507 507 486 486 486 377 467 377 454 412 444 412 412 412 412 412 377 377 377 377 377 317 317 223 223 257 257 257 257 257 257 277 277 277 277 269 256 256 224 224 87 87 87 87 87 199 87 87 87 161 161 148 87 87 70 70 70 70 97 70 70 70 70 7 7 33 33 42 33 8 8 8 
938 938 938 967 967 967 938 938 938 944 908 908 917 917 867 867 867 791 791 791 791 791 834 834 834 834 813 813 778 778 743 743 785 743 743 711 711 711 711 711 711 666 666 666 666 666 666 667 620 620 620 613 613 613 603 603 584 586 534 534 560 534 534 535 535 535 508 506 506 506 486 486 486 377 377 377 377 412 444 412 412 412 412 412 317 317 394 317 317 317 336 336 336 257 257 257 257 257 257 257 257 257 257 269 256 256 224 224 87 87 87 215 87 87 87 185 87 87 87 148 87 87 87 70 70 70 70 70 98 70 70 70 33 33 33 33 33 23 8 8 
938 938 938 988 967 967 938 944 944 944 908 908 908 867 867 867 867 882 815 815 815 791 791 791 791 791 813 813 813 791 791 743 743 743 773 711 711 711 711 711 711 720 666 666 666 620 620 667 620 620 620 628 628 613 603 603 584 534 534 534 534 534 555 535 535 535 508 506 506 506 486 477 477 477 377 377 377 412 412 412 412 412 412 317 317 317 317 317 360 360 336 336 336 336 257 257 257 257 306 257 257 257 257 257 256 256 87 87 87 232 87 87 190 190 190 185 170 170 87 87 87 145 87 87 87 70 70 20 20 20 20 71 33 33 33 33 23 23 8 8 
938 938 988 988 967 967 938 944 944 944 925 925 908 908 908 867 893 882 815 815 815 815 815 815 815 791 791 791 791 791 791 791 743 743 743 743 711 711 711 711 711 711 711 620 620 620 620 620 620 620 620 620 620 613 613 584 584 534 534 534 534 534 535 535 508 508 508 508 515 477 486 477 477 477 377 377 412 412 412 412 412 412 421 317 317 317 317 317 360 360 360 257 257 257 257 257 257 257 257 257 257 257 257 257 257 257 87 244 87 87 87 87 190 190 87 185 170 162 162 87 87 145 87 87 87 105 20 20 20 20 20 71 23 23 23 23 23 8 8 8 
938 938 967 967 967 967 938 938 956 944 925 925 925 867 867 867 882 882 873 815 815 815 815 835 815 815 815 820 801 801 801 743 743 774 774 743 743 734 734 734 729 711 711 620 620 620 620 620 620 620 613 613 620 620 613 584 578 578 587 535 535 535 535 546 508 508 508 508 477 477 486 477 478 478 412 412 412 331 331 412 412 412 421 317 317 317 387 387 360 360 360 257 257 257 257 257 309 309 257 257 257 257 257 257 257 87 87 244 87 225 225 87 87 87 87 170 170 162 141 141 141 141 87 87 87 105 20 20 20 77 77 71 23 46 46 23 34 8 19 8 
938 938 967 967 967 967 970 938 944 944 925 925 925 867 873 873 882 873 873 815 815 815 815 835 835 835 815 802 802 801 801 743 774 774 743 743 743 734 734 729 729 691 691 691 691 620 620 620 620 620 613 613 613 621 613 584 578 578 578 535 535 546 546 546 508 520 520 520 477 477 477 477 478 478 412 412 412 331 331 331 331 331 331 331 331 331 387 293 293 293 293 293 293 257 257 324 293 293 293 278 278 278 278 245 245 87 87 87 87 170 170 209 209 170 170 170 174 162 141 141 141 141 141 87 87 105 105 105 20 20 20 71 23 23 23 23 34 8 8 8 
945 938 938 938 938 938 938 938 944 932 932 925 925 867 873 873 873 873 874 850 850 850 836 836 836 836 815 802 802 802 802 743 743 743 743 743 743 743 743 729 729 691 692 692 692 620 620 668 620 620 622 622 613 613 613 584 578 578 578 578 535 546 546 508 508 520 520 520 508 508 477 477 478 478 412 412 412 331 439 439 331 331 331 331 331 331 387 293 342 342 342 351 293 293 293 293 293 296 293 278 278 278 279 245 245 245 170 170 170 170 170 170 170 170 170 170 162 162 128 128 128 128 128 87 87 87 87 87 87 87 20 20 20 20 20 20 20 20 20 10 
945 938 938 938 938 938 938 938 932 932 932 932 867 867 873 839 839 874 874 850 850 850 836 836 836 836 815 802 814 802 802 743 743 743 743 743 757 735 735 735 729 691 691 691 638 638 620 620 620 620 622 637 622 622 584 584 578 578 570 570 535 535 546 508 508 520 520 520 508 508 497 497 412 412 412 461 455 331 413 413 434 413 413 413 331 331 293 293 342 342 342 342 342 293 293 325 296 296 293 293 293 279 279 245 245 245 170 170 170 170 170 170 200 200 162 162 162 171 128 128 128 78 128 112 112 112 87 87 87 87 54 54 54 54 24 24 20 20 10 10 
945 938 938 938 938 938 938 938 932 932 932 932 867 867 873 839 839 874 875 850 850 858 850 836 836 836 815 802 802 802 743 743 786 743 743 743 757 735 744 729 729 691 691 691 638 638 638 620 620 620 622 622 622 623 584 578 578 578 570 570 570 535 535 547 508 508 508 508 508 508 500 412 412 468 468 461 455 331 413 413 413 413 331 331 331 331 293 325 325 325 325 342 342 325 325 325 296 310 293 293 279 279 245 245 245 245 245 170 170 170 170 170 200 162 162 162 162 128 128 128 128 78 128 112 112 112 112 78 78 78 54 54 54 54 24 24 24 24 10 10 
945 938 938 971 971 971 971 957 957 867 867 867 867 867 873 839 839 874 874 850 850 850 850 836 836 836 815 802 802 743 743 786 786 743 743 743 757 735 744 729 638 691 691 691 638 670 638 669 620 620 629 622 622 584 584 578 578 578 570 570 535 535 535 509 509 509 500 500 500 500 500 412 424 424 424 461 455 331 413 413 413 413 331 331 331 331 293 293 326 326 325 325 325 325 326 326 296 296 296 296 279 284 245 245 245 245 245 236 236 170 170 200 200 162 162 162 162 128 155 155 78 78 78 78 112 112 78 78 78 78 54 54 62 54 24 24 10 10 10 10 
945 945 945 945 945 945 945 957 957 867 867 867 867 867 867 839 839 839 839 850 850 850 839 839 839 836 815 815 815 743 786 786 787 743 743 757 757 735 744 729 638 638 638 638 638 670 638 638 638 651 629 629 584 584 614 592 592 592 570 570 535 535 535 509 509 509 509 509 509 509 412 412 424 479 424 424 455 331 331 331 413 413 331 331 331 331 395 293 326 326 326 326 326 326 326 326 297 297 296 296 284 284 245 245 245 236 236 236 237 200 200 200 162 162 162 162 162 128 155 155 78 78 78 78 78 112 78 78 78 88 78 54 62 54 10 10 10 25 10 10 
945 945 978 978 978 978 945 962 945 945 867 867 918 918 867 839 839 883 839 839 839 839 839 839 839 836 815 815 816 743 743 792 787 743 743 757 757 735 744 729 729 680 680 680 680 670 670 670 638 638 646 629 584 584 584 592 592 592 570 570 570 535 535 509 509 509 527 412 412 412 412 424 424 424 424 424 424 445 445 331 331 331 331 331 331 293 293 293 326 326 326 326 326 326 326 326 297 297 297 297 284 284 245 245 245 236 236 236 237 200 200 200 162 162 162 162 162 128 128 128 128 128 128 128 78 112 78 78 78 78 78 54 62 54 10 10 10 10 10 10 
945 945 978 972 972 972 945 945 945 946 939 803 918 918 867 867 867 867 867 836 836 836 836 836 836 836 821 821 743 743 743 787 787 658 658 658 757 735 735 735 680 680 658 658 680 680 680 658 658 638 638 629 629 584 584 604 592 592 556 556 570 535 535 509 539 509 509 509 412 412 412 412 412 424 424 424 424 424 435 435 435 424 331 331 331 293 293 293 293 352 352 352 307 307 326 326 297 297 297 297 270 270 270 270 245 236 238 238 162 162 162 200 200 191 191 162 162 172 156 156 48 48 128 128 78 78 78 48 48 48 48 54 54 54 10 10 10 10 10 10 
989 989 972 972 982 972 972 939 939 939 939 803 803 803 803 803 867 867 867 836 836 836 836 836 743 743 821 743 743 787 787 787 787 658 758 658 658 658 735 735 680 680 658 658 680 680 658 658 584 584 638 638 584 584 592 592 592 593 556 556 570 535 535 509 509 509 509 509 412 412 412 412 412 424 424 424 424 424 435 424 424 424 331 331 331 396 293 293 293 293 307 307 307 307 307 327 297 297 297 297 270 270 270 270 245 236 238 238 162 162 162 200 200 191 191 162 146 146 156 156 48 48 48 48 48 48 48 48 48 48 48 48 63 10 10 10 10 10 10 10 
989 989 972 972 972 972 972 939 958 910 910 933 909 909 909 803 867 867 867 867 859 859 836 836 743 743 743 743 817 787 787 787 787 658 758 758 758 658 658 658 658 658 658 658 658 658 658 671 584 584 584 584 584 581 581 605 556 556 556 556 570 556 556 548 521 521 521 521 412 412 501 412 412 480 424 424 424 424 424 424 331 331 331 331 331 396 396 293 293 293 307 307 307 307 307 327 307 307 270 270 270 270 270 270 245 258 238 238 162 162 200 200 210 162 162 162 146 146 146 156 48 48 48 48 48 48 106 106 64 64 79 48 63 10 47 10 10 10 10 10 
990 989 989 989 939 939 939 939 910 910 910 910 909 909 909 803 836 836 836 836 859 836 836 844 743 743 743 743 817 743 743 743 743 658 658 658 658 658 658 658 730 712 712 658 658 658 658 671 584 647 647 581 581 581 581 605 556 556 588 556 556 556 548 548 521 521 521 469 469 498 498 498 487 424 424 424 424 424 424 424 331 331 331 331 331 331 331 331 378 337 337 337 337 307 307 307 307 307 270 285 285 285 270 270 245 245 238 238 238 162 162 162 162 162 162 162 146 146 146 146 146 48 48 48 48 48 89 89 89 64 79 48 63 10 10 10 10 10 10 10 
990 990 990 990 939 947 947 947 910 910 910 910 909 909 803 803 876 876 876 836 836 836 844 844 743 743 827 743 743 743 743 743 743 743 658 658 759 658 658 658 712 712 658 658 658 658 658 658 584 647 647 581 630 624 581 605 556 556 588 556 556 561 548 510 510 510 469 469 469 469 488 488 487 424 462 462 424 424 424 424 331 331 331 408 408 331 331 331 378 337 353 353 337 307 307 307 318 307 270 270 270 270 270 217 217 245 245 245 216 216 216 216 186 186 162 162 146 146 146 157 146 146 48 48 90 90 89 89 89 64 64 48 48 48 48 10 10 10 10 10 
1004 997 997 939 939 947 947 947 910 910 910 910 910 910 803 803 803 803 877 836 836 844 844 845 743 743 827 743 743 793 793 793 743 743 658 759 759 658 712 712 712 721 658 658 658 658 658 658 584 652 581 581 581 624 581 581 556 556 556 556 556 548 548 510 510 510 510 510 469 469 488 488 488 424 424 424 424 424 424 331 331 331 331 408 408 331 331 331 331 337 353 353 337 307 307 307 307 307 270 270 280 280 280 217 217 217 217 217 216 216 216 216 186 186 186 186 146 146 146 48 48 48 48 90 90 90 90 89 89 89 64 64 64 49 49 10 10 10 10 10 
997 997 998 939 939 939 947 947 947 947 910 910 910 910 910 894 894 803 803 836 836 844 844 827 827 827 827 743 743 793 793 793 743 743 658 658 658 658 685 685 685 685 685 584 584 584 659 659 584 584 581 581 581 624 581 581 556 556 556 556 556 548 548 510 510 536 510 510 469 469 469 424 424 424 424 403 403 451 446 331 331 331 331 331 331 331 388 388 331 337 337 337 337 337 307 307 307 311 270 270 280 280 280 217 217 217 217 217 239 216 216 217 186 186 146 146 146 146 163 48 48 48 49 49 90 90 90 89 89 89 64 64 65 49 49 10 10 21 21 11 
997 998 998 939 939 939 939 959 959 910 910 934 910 919 894 894 851 851 803 803 803 827 827 827 827 827 803 803 803 803 803 779 779 743 743 750 750 750 685 685 685 685 685 584 693 584 659 659 659 584 581 581 624 624 581 522 522 594 579 579 536 536 548 510 510 536 510 510 510 510 469 424 424 424 424 403 403 446 446 331 331 403 403 403 403 403 388 388 331 331 331 337 343 319 319 319 307 307 270 270 286 280 280 217 217 217 217 217 217 217 217 217 186 186 146 146 146 146 163 158 48 48 49 49 90 90 90 90 89 89 49 49 49 55 49 11 11 11 11 11 
997 998 939 939 939 973 973 910 910 910 940 934 910 919 894 851 851 851 851 851 803 827 827 827 840 803 803 803 803 779 779 779 779 779 743 750 685 685 685 722 722 685 713 584 584 584 584 584 584 584 639 639 624 624 581 581 522 579 579 536 536 536 536 536 536 536 528 510 510 469 469 469 469 469 469 403 403 446 446 403 403 403 414 414 389 389 379 379 379 331 331 337 337 319 319 319 319 307 307 286 286 217 217 217 217 217 217 246 240 217 217 175 175 175 175 175 175 158 158 158 48 48 49 129 90 90 113 90 90 90 49 50 49 49 49 11 11 11 11 12 
997 939 939 939 939 973 973 910 910 910 910 934 910 919 851 851 878 878 878 851 803 827 827 827 827 803 803 760 760 779 779 779 779 779 743 750 685 685 685 722 722 685 685 704 584 584 584 584 639 639 639 581 581 581 581 581 522 579 579 536 562 562 549 528 528 528 528 469 469 469 502 469 469 469 470 403 403 403 403 403 404 404 404 415 389 389 379 379 379 331 331 331 337 319 319 319 319 307 307 286 286 217 217 217 217 217 217 240 240 175 175 175 175 175 176 176 176 158 158 158 149 48 49 49 49 49 49 49 49 49 49 50 50 50 50 11 11 26 12 12 
979 939 939 939 948 948 948 910 910 910 910 934 910 919 851 851 851 851 851 851 803 803 827 827 827 827 803 760 760 760 743 743 743 743 743 750 750 750 722 722 722 722 685 704 584 584 584 584 639 648 648 581 606 606 606 606 522 522 579 536 536 536 549 549 528 528 529 469 469 502 502 469 481 481 403 403 403 403 404 404 404 404 404 404 389 389 389 354 354 361 361 331 331 319 319 319 319 298 298 298 286 217 217 217 217 249 249 240 241 175 218 218 177 177 176 176 176 130 130 130 149 48 130 130 49 49 99 99 99 50 50 50 50 50 11 11 11 11 12 12 
979 939 939 991 948 948 948 910 910 910 910 910 910 919 851 851 851 851 851 851 864 803 803 803 803 803 803 760 760 760 760 743 743 743 743 750 750 722 722 723 723 723 685 685 584 584 584 639 639 648 581 581 606 606 606 580 580 522 522 522 571 536 536 550 522 522 522 522 469 469 469 469 469 482 403 404 404 452 404 422 422 404 404 404 404 404 389 389 354 354 354 354 331 331 331 312 312 298 298 298 286 286 240 240 263 240 240 240 175 175 218 218 177 177 177 176 176 130 130 130 48 48 130 131 49 49 99 99 100 50 50 50 50 50 11 11 11 27 12 12 
979 991 991 991 948 948 948 948 948 948 885 885 911 868 868 868 895 868 868 851 864 851 851 803 803 803 803 822 760 760 760 794 760 760 760 760 760 722 639 639 731 714 714 685 685 685 584 639 639 648 581 606 606 606 606 580 580 580 580 522 522 536 536 522 522 523 523 523 469 469 469 469 469 482 404 404 404 452 404 404 422 422 404 404 404 404 380 380 380 367 344 344 344 338 312 312 312 251 251 251 251 240 240 240 240 240 240 240 175 175 226 201 201 201 177 177 177 130 130 130 130 130 130 131 49 49 114 99 99 72 72 72 11 11 11 11 11 27 11 11 
979 979 979 979 979 979 974 949 949 949 885 885 911 868 868 868 868 868 868 851 851 851 851 803 803 803 803 822 760 760 760 760 760 770 770 770 722 722 639 639 639 694 694 694 694 584 584 672 639 648 581 581 581 606 606 581 581 581 580 580 522 536 522 522 540 523 530 516 516 471 471 482 482 482 404 404 404 404 404 404 436 422 422 404 404 404 380 380 380 367 344 345 345 338 312 312 312 251 251 251 251 240 240 240 240 192 192 192 192 175 201 201 201 201 177 177 177 130 130 130 131 131 131 131 99 99 99 99 99 72 72 72 11 43 43 43 11 11 11 11 
974 974 983 979 979 974 974 949 949 949 885 885 911 868 868 868 868 884 868 868 851 851 851 770 770 770 770 770 760 760 760 760 760 770 770 770 722 722 639 639 639 639 639 639 639 584 584 672 639 648 581 581 581 581 581 581 582 581 581 581 522 522 522 471 471 523 471 471 471 471 471 471 489 404 404 404 456 436 436 436 436 425 404 404 409 397 397 362 362 367 312 312 312 338 312 312 299 299 251 251 251 251 264 240 240 192 192 192 192 227 201 201 202 202 177 177 177 131 131 131 131 131 131 132 99 99 99 101 101 72 72 11 11 43 11 11 11 11 11 11 
974 974 983 983 983 974 974 949 949 902 902 885 911 911 911 901 770 770 770 770 770 770 770 770 828 828 828 770 760 760 760 760 760 770 770 722 722 722 639 639 639 639 639 639 639 681 584 639 639 648 581 581 581 581 615 607 582 582 582 572 572 471 471 471 471 523 471 471 471 471 471 471 489 404 436 436 436 436 404 404 404 425 404 405 405 397 397 362 362 362 312 312 312 312 312 312 312 299 299 299 251 251 264 264 264 250 250 192 192 227 227 201 131 131 131 131 131 131 150 150 150 147 118 118 99 99 107 101 101 72 72 11 11 11 11 11 11 13 13 13 
974 974 974 974 974 974 974 950 950 902 902 885 885 885 885 901 770 770 770 770 770 770 770 770 770 770 829 770 770 770 760 760 760 770 770 722 722 639 639 736 639 639 639 639 639 681 584 639 639 639 649 607 607 607 607 607 582 582 582 572 572 471 471 471 471 471 471 471 471 471 471 471 490 404 404 404 447 447 404 404 404 425 404 405 405 362 362 362 362 362 362 300 300 328 328 328 312 312 299 299 251 251 251 250 250 250 250 192 201 201 201 201 131 131 131 147 131 131 150 147 147 147 118 118 118 118 107 107 80 80 80 11 11 11 11 11 11 13 13 13 
974 974 974 974 974 974 974 950 950 950 902 920 920 920 885 885 885 885 770 770 770 770 770 770 770 770 829 770 770 770 760 760 760 770 770 761 761 639 639 639 639 715 715 639 639 681 681 639 639 639 649 607 607 607 607 599 599 582 582 582 471 471 471 471 471 471 471 471 471 471 471 471 471 471 471 404 447 447 447 404 404 425 404 405 405 362 362 362 362 363 363 300 300 300 300 300 300 300 300 300 251 251 251 250 250 250 250 192 201 201 201 201 131 131 131 147 147 147 150 147 147 118 118 118 118 119 107 107 80 80 80 11 66 11 11 44 11 14 14 14 
974 974 974 974 974 974 974 950 950 951 902 902 902 902 902 902 852 852 852 852 852 852 852 770 770 829 829 770 770 770 770 770 770 770 770 761 761 639 639 639 639 715 715 639 639 639 639 639 639 639 649 607 607 607 607 599 599 582 582 582 471 471 471 471 471 471 471 471 471 471 471 491 491 471 471 404 404 404 404 404 404 404 404 405 405 405 362 362 381 363 363 300 300 300 300 300 300 300 300 300 251 251 251 251 251 251 251 192 192 192 192 192 192 192 192 147 147 147 147 147 147 118 118 118 118 108 108 108 80 80 80 11 11 11 11 11 11 14 14 14 
