976 976 976 939 939 939 952 905 905 905 905 905 905 877 877 877 877 877 850 850 806 806 806 806 806 806 822 774 774 774 773 773 773 773 763 734 734 734 734 709 709 709 664 664 664 664 664 664 664 527 527 642 527 527 602 602 602 527 527 527 527 527 527 546 527 527 527 527 511 511 473 473 473 473 473 371 371 371 371 371 434 371 371 371 371 371 380 380 371 292 292 292 292 292 316 292 292 292 292 281 223 223 223 223 223 204 204 204 204 204 204 204 178 178 183 20 20 20 20 20 20 20 20 84 84 84 84 84 84 84 30 30 30 30 38 38 38 1 1 1 
976 976 976 939 967 939 952 905 905 905 905 905 905 877 877 877 877 877 850 850 806 806 806 806 806 806 774 774 806 774 773 773 749 749 763 734 734 734 709 709 710 710 664 695 690 664 664 664 527 527 527 527 527 527 527 613 527 527 492 527 527 564 527 527 527 534 511 511 511 511 473 473 473 473 473 371 371 371 447 371 434 371 411 371 371 371 371 371 371 292 317 317 317 292 292 292 281 281 281 281 223 255 255 255 223 236 236 223 223 178 178 205 178 178 183 20 20 20 20 20 20 20 20 84 44 44 44 84 84 85 30 30 30 30 38 38 38 1 19 2 
976 976 984 939 939 939 939 905 905 905 905 905 905 905 868 868 878 878 850 850 850 850 806 806 806 806 774 806 806 774 782 749 749 749 749 749 734 734 709 710 710 664 664 690 690 664 664 664 527 527 628 628 628 628 527 527 527 595 492 580 492 492 557 527 527 511 511 511 511 511 474 474 474 474 474 371 371 371 371 371 371 371 411 292 292 292 292 292 372 292 317 317 317 292 292 281 281 297 223 223 223 223 223 223 223 223 223 223 178 178 178 205 178 178 183 20 20 20 20 20 20 20 20 84 84 84 44 44 44 44 74 30 30 49 49 38 38 1 1 2 
976 976 976 976 939 939 939 860 860 905 905 921 868 868 868 868 868 868 868 868 842 842 842 806 806 806 774 806 806 774 782 749 749 749 749 749 749 709 709 710 710 664 664 690 690 664 527 527 527 527 628 628 628 617 617 574 574 574 492 492 492 492 492 492 492 511 492 492 464 464 474 474 474 371 371 371 371 371 371 441 371 292 292 292 292 292 292 292 372 292 317 317 317 317 317 281 297 297 223 223 223 223 223 223 223 223 223 178 178 217 178 178 178 178 183 178 153 153 153 20 20 20 20 84 84 84 44 44 44 44 74 30 49 49 30 30 30 30 1 1 
976 976 976 977 939 939 939 860 860 860 860 921 868 868 868 893 868 868 868 869 842 842 842 806 806 806 806 806 806 774 782 782 749 749 749 750 750 709 735 527 527 664 664 696 664 664 527 628 628 628 628 617 617 617 618 574 574 574 492 492 492 492 492 492 492 492 492 492 464 464 503 464 464 371 371 371 371 371 371 371 371 292 292 405 292 292 292 292 292 292 338 338 338 281 281 281 223 223 223 223 223 271 223 223 223 223 223 178 178 200 200 178 178 178 178 178 153 153 153 20 20 20 20 84 84 44 44 44 44 30 30 30 30 30 30 44 20 20 20 1 
976 960 960 977 939 939 860 860 860 860 860 868 868 898 898 868 868 868 868 869 860 755 755 755 755 755 755 755 755 774 774 774 774 774 740 740 740 740 527 527 527 664 696 696 664 527 527 628 628 628 646 617 617 527 527 574 574 540 540 540 492 492 492 492 492 492 492 492 464 464 464 464 464 371 371 371 371 371 448 371 371 423 292 292 292 292 292 292 292 361 338 338 338 281 281 223 223 298 178 178 271 271 223 223 223 223 230 230 178 200 200 184 184 184 178 178 143 143 143 143 143 20 20 109 109 44 44 89 89 30 30 30 30 44 44 44 20 1 1 1 
976 960 960 960 939 939 860 860 860 860 860 868 868 898 898 868 868 868 869 869 860 755 755 755 755 755 755 755 755 755 755 755 755 775 740 740 751 741 527 527 527 664 664 664 664 527 527 527 656 656 527 527 527 527 527 574 574 540 540 540 540 540 492 492 492 492 492 492 464 464 464 464 464 371 371 371 448 448 448 371 371 412 412 373 373 292 292 304 338 338 338 346 223 223 223 223 298 298 178 178 178 247 247 247 247 178 178 178 178 200 184 184 184 184 184 179 143 143 143 143 143 20 130 109 109 109 44 44 44 44 75 44 44 44 44 44 20 1 1 1 
976 960 985 960 939 939 939 939 939 860 860 868 868 898 898 868 868 860 860 860 860 755 755 755 755 755 755 755 755 755 794 783 755 755 755 740 740 741 527 527 527 527 527 527 691 527 527 527 527 527 527 527 527 527 527 574 574 574 574 574 574 540 540 540 540 492 492 492 512 464 464 464 481 481 371 371 448 448 371 371 435 412 413 373 304 304 304 304 338 346 346 346 223 325 223 223 298 298 178 178 178 247 247 247 178 178 237 178 178 200 184 184 184 179 179 179 143 143 143 143 143 20 20 20 20 20 44 44 90 44 44 44 64 20 20 20 20 1 1 1 
960 960 985 960 968 926 926 926 926 860 925 868 868 860 860 860 860 860 860 851 851 851 823 823 807 807 807 807 807 783 783 783 755 755 755 755 740 741 527 527 527 527 665 527 527 527 527 527 527 527 527 527 527 527 565 565 603 565 565 565 565 565 531 531 492 492 528 528 512 512 504 464 481 481 371 371 371 371 371 412 412 412 413 373 304 304 304 304 338 318 318 347 223 223 223 223 282 282 282 178 178 178 178 178 178 237 237 218 218 200 200 200 200 179 179 179 143 143 143 143 20 20 20 115 20 20 20 20 20 20 20 20 20 20 50 21 21 1 1 1 
960 960 985 960 968 926 926 926 926 860 868 868 868 860 860 894 860 860 860 851 851 851 823 823 807 807 807 807 807 783 783 783 755 755 740 740 740 726 726 527 527 711 665 665 665 665 665 665 665 629 629 629 629 565 565 565 565 565 565 565 531 531 531 531 492 492 528 492 492 492 504 464 464 464 371 371 464 371 371 412 412 413 413 373 304 304 381 304 304 318 318 318 318 318 318 223 282 299 282 178 178 178 178 178 218 218 218 218 218 218 179 179 179 179 179 179 143 143 143 143 20 20 20 115 20 20 20 91 91 76 76 20 20 50 50 21 21 21 21 1 
990 960 985 960 960 926 926 926 860 860 868 860 860 906 860 894 851 851 851 851 843 843 843 823 823 827 726 726 726 726 726 726 726 726 740 726 726 726 726 726 527 527 527 692 692 665 665 675 657 629 647 629 629 565 565 596 596 596 531 531 531 547 547 531 531 492 492 492 518 492 492 464 464 464 475 464 464 394 394 373 373 373 373 373 400 392 381 381 304 304 304 318 318 326 223 223 282 299 282 282 178 178 178 178 218 105 105 105 105 219 179 179 179 179 179 179 168 143 143 143 20 20 20 115 115 57 57 91 91 76 77 1 1 1 1 1 1 1 1 1 
990 960 960 960 960 926 926 946 860 860 860 860 860 906 860 894 851 851 843 843 843 852 844 823 823 827 726 726 726 726 756 726 726 726 726 726 742 742 527 527 527 527 527 692 665 665 665 657 657 629 629 629 629 629 565 596 596 596 531 531 531 531 547 547 531 531 492 492 493 493 492 492 464 464 464 464 394 394 394 373 424 424 414 373 373 392 373 373 373 362 304 348 326 326 223 311 282 282 282 282 178 178 178 256 105 105 105 105 105 105 206 206 168 168 168 168 168 143 143 143 20 20 20 123 116 57 57 91 91 76 77 1 1 1 1 1 3 3 22 3 
990 990 960 960 969 926 926 860 860 860 913 913 860 860 860 887 887 843 843 844 844 844 844 823 833 823 823 726 726 726 756 756 756 726 726 726 742 527 527 717 717 527 527 692 665 665 665 657 657 657 629 629 629 630 565 596 596 596 531 531 531 531 535 535 535 531 531 493 493 493 493 493 464 464 464 468 394 394 394 373 373 373 414 373 373 373 373 339 339 362 304 304 326 326 223 223 223 300 282 282 178 178 178 256 105 105 105 105 224 105 206 206 168 168 105 105 105 105 154 105 105 105 105 105 116 57 57 91 76 76 57 57 65 1 45 45 3 3 3 3 
991 991 960 960 960 926 926 860 860 860 913 913 913 887 887 887 843 843 764 764 764 764 845 823 823 823 824 726 808 756 756 756 756 726 726 726 527 527 717 717 688 688 692 692 665 665 666 666 657 657 565 565 565 565 565 596 596 597 532 532 558 558 535 535 535 535 493 493 465 465 482 482 464 464 468 468 394 394 394 436 436 373 414 373 312 312 312 339 339 339 339 304 326 326 223 223 223 223 293 283 178 178 178 178 244 244 105 105 105 105 206 206 105 105 105 155 155 105 105 105 144 105 105 105 105 110 57 57 76 57 57 57 1 1 1 1 3 3 3 4 
991 991 970 970 960 960 926 940 940 913 913 913 913 887 895 843 843 879 764 764 764 764 764 764 823 823 824 726 808 756 756 527 778 726 726 527 527 688 688 688 688 688 702 688 688 688 666 666 666 565 565 636 636 565 565 596 596 597 532 532 532 558 558 532 532 532 493 493 465 465 482 482 482 482 468 468 394 394 394 436 436 373 373 373 312 393 312 312 312 312 339 304 304 304 304 304 304 223 283 283 264 264 264 178 105 105 105 105 105 105 105 105 105 185 155 155 155 155 155 144 144 105 105 124 105 105 105 57 57 57 57 57 1 1 1 1 31 31 4 4 
991 991 970 970 970 926 926 940 940 913 913 913 913 887 895 843 843 843 764 764 764 764 764 764 764 764 764 726 726 801 756 527 527 527 527 527 688 688 688 688 688 688 688 688 683 683 667 667 667 565 648 587 587 587 587 587 587 587 532 532 532 532 532 532 532 532 532 493 465 465 482 482 482 483 468 468 394 394 394 394 394 415 415 406 312 312 312 382 312 312 339 339 339 312 312 223 223 223 283 283 264 264 264 178 105 105 105 105 225 193 193 193 185 185 155 155 125 125 156 144 144 105 105 124 105 105 99 99 57 57 57 57 1 1 1 1 4 4 4 4 
992 970 970 970 926 926 914 914 914 914 914 914 914 887 895 895 843 843 861 861 861 764 764 764 764 764 764 726 726 801 756 756 756 756 756 756 688 688 688 688 688 688 688 688 683 683 667 676 565 565 648 587 637 604 604 604 604 587 587 532 566 532 532 532 532 532 532 493 465 465 482 482 482 483 394 394 394 394 394 394 394 394 394 406 312 312 312 312 312 340 340 340 340 312 312 223 223 223 178 178 178 178 178 178 248 193 193 193 193 193 212 193 185 185 185 155 125 125 125 125 125 125 131 117 117 99 99 69 69 69 57 57 1 1 1 4 4 4 4 4 
992 970 970 970 926 942 914 914 941 914 914 914 914 887 887 843 843 843 843 843 862 764 764 764 764 764 726 726 726 726 726 764 764 756 756 698 698 688 727 727 688 688 688 688 683 667 667 565 565 587 587 587 637 604 604 604 604 581 581 532 566 566 532 532 541 493 493 493 465 465 465 465 465 465 394 394 394 394 395 395 394 394 394 406 312 312 385 312 312 340 340 312 312 312 312 223 223 223 178 178 178 178 178 178 248 193 193 193 193 212 212 193 193 193 155 155 125 125 125 125 125 125 131 117 118 99 99 69 69 69 57 57 57 57 4 4 5 5 4 4 
992 970 970 971 926 942 942 914 914 914 914 914 914 887 887 843 843 843 872 843 843 843 843 764 764 764 726 726 726 726 726 764 764 764 764 698 698 688 727 727 688 688 688 688 683 683 683 565 565 587 587 614 614 604 604 604 604 581 581 532 532 567 532 541 541 493 465 465 465 465 465 490 490 465 465 465 395 395 395 395 395 395 394 394 394 394 312 312 312 312 312 312 312 312 312 312 178 178 178 284 178 178 265 178 248 193 193 193 193 155 155 155 155 155 155 180 125 125 125 125 125 125 125 117 69 69 69 69 69 78 78 69 4 4 4 5 5 5 5 5 
992 992 971 971 926 926 942 942 942 926 926 914 914 887 887 887 843 843 872 843 843 843 843 764 834 764 764 726 726 726 726 764 776 764 764 757 698 688 688 688 688 688 688 688 683 683 565 565 565 638 587 587 614 614 614 614 581 581 581 581 532 532 532 541 541 493 465 465 519 465 465 490 490 465 465 465 395 395 395 395 395 395 407 395 395 395 312 312 312 312 312 312 312 312 312 312 178 178 178 178 178 178 178 178 248 193 238 231 155 155 155 155 201 186 186 147 147 147 147 147 125 125 125 125 69 69 69 92 69 69 69 69 58 58 51 5 5 32 6 6 
971 971 971 978 971 926 926 926 926 926 880 880 880 907 887 887 880 880 843 843 863 843 843 764 764 764 764 814 726 726 726 764 776 776 757 757 698 743 697 697 688 688 688 688 565 565 565 668 668 638 649 587 587 587 587 587 581 581 581 581 532 532 548 548 541 493 493 465 465 494 494 494 465 465 465 465 465 395 395 395 395 395 407 395 395 374 374 374 374 312 312 312 312 312 193 193 193 178 178 276 276 193 193 248 248 193 231 231 155 186 186 186 186 186 187 147 147 147 148 132 132 132 132 101 101 69 69 92 92 69 69 58 58 58 51 32 32 32 6 7 
971 971 971 978 971 953 953 931 931 931 880 880 880 907 880 880 880 881 843 843 843 843 825 825 764 764 764 764 764 764 764 764 757 757 757 698 698 743 697 697 697 697 697 697 565 565 631 631 631 638 638 638 638 559 587 587 581 581 581 581 532 532 541 541 541 493 493 465 465 494 494 465 465 465 465 465 465 395 395 395 395 395 407 407 395 374 386 374 374 312 312 193 193 193 193 193 193 193 193 193 193 193 193 248 193 193 231 231 155 186 186 186 186 147 147 147 147 148 148 132 132 101 101 101 101 101 70 70 93 70 70 58 58 58 51 32 32 33 6 6 
993 993 971 971 971 954 954 931 931 931 880 880 880 880 880 864 864 864 864 864 864 825 825 809 809 764 764 764 764 795 795 784 757 758 758 698 698 698 697 697 703 703 703 565 565 565 631 677 631 631 631 631 631 559 559 559 559 581 581 582 559 559 541 541 541 493 520 465 465 465 465 465 465 465 476 442 442 395 395 395 395 425 395 395 395 374 374 374 374 327 327 193 193 193 193 193 193 193 294 232 232 266 193 193 193 239 239 155 155 186 186 186 186 147 147 147 147 148 157 132 132 101 101 101 101 101 70 70 70 70 70 51 51 51 51 32 32 6 6 6 
993 954 954 954 954 954 955 880 880 880 880 922 880 880 899 864 864 864 864 864 864 825 809 809 809 764 764 809 809 795 784 784 757 757 758 758 752 698 698 698 698 698 698 698 605 605 631 605 605 619 619 632 631 631 559 559 559 559 559 559 559 559 559 541 541 493 520 520 520 465 465 465 465 328 328 442 442 442 395 395 395 395 395 327 327 327 327 327 327 327 327 327 193 193 193 193 305 232 232 232 232 266 266 193 193 232 232 155 155 155 155 155 155 147 147 147 169 148 148 148 101 101 101 101 101 70 70 100 70 70 70 51 51 32 32 32 39 6 8 8 
993 954 954 954 972 954 954 880 880 880 899 899 899 899 899 864 864 825 825 825 825 825 809 809 809 764 764 809 795 795 784 784 757 757 765 752 752 698 698 698 698 698 704 699 605 605 605 605 605 619 619 632 632 632 583 583 583 583 560 560 560 560 560 541 541 493 493 491 491 491 505 491 491 328 328 328 328 442 449 395 395 327 327 327 327 327 327 327 375 356 356 327 327 327 193 193 305 232 285 285 232 232 232 232 232 232 232 232 155 155 155 155 155 161 147 147 169 161 101 101 101 101 101 70 70 70 100 100 70 70 70 70 32 32 32 32 6 6 8 8 
954 954 954 954 954 954 954 880 880 880 880 880 915 899 899 864 825 825 853 853 825 825 809 809 809 828 809 809 795 795 795 784 757 757 765 752 752 698 698 698 699 699 699 699 605 678 678 678 605 619 619 619 619 633 583 583 583 583 560 560 560 560 542 542 542 493 493 491 491 491 491 491 328 328 328 328 328 442 442 442 328 328 328 328 328 328 375 375 375 356 356 349 327 327 193 249 249 232 232 232 232 232 232 232 232 232 232 155 155 188 188 188 202 161 161 161 169 161 101 101 101 101 101 70 70 70 66 66 66 66 79 32 32 59 32 32 6 6 6 8 
954 954 954 954 954 954 954 908 908 908 908 908 908 908 864 864 825 882 853 853 853 853 809 809 809 809 809 785 785 795 795 785 757 757 765 757 605 605 605 699 699 699 699 605 605 678 678 678 605 605 605 643 619 619 583 583 583 583 560 560 560 560 542 542 493 493 491 491 491 513 491 491 328 328 328 328 328 328 443 443 328 426 401 401 401 328 328 328 328 328 328 349 327 327 193 249 249 249 249 286 232 232 232 232 155 155 155 155 188 188 188 188 188 188 188 161 161 161 101 133 133 111 111 111 70 70 66 66 66 66 79 32 32 32 32 32 32 32 6 6 
954 954 986 954 954 954 954 908 908 908 908 908 908 908 864 864 825 825 825 825 825 787 787 787 787 809 809 785 785 785 785 785 757 757 757 757 605 605 605 699 605 605 605 605 669 669 684 669 669 658 605 605 605 619 619 583 583 583 583 583 561 561 561 542 493 536 491 491 491 513 484 484 484 328 328 328 328 328 443 443 328 401 401 401 363 363 363 363 363 363 328 328 327 327 193 249 301 301 249 249 277 155 155 155 155 226 226 233 188 188 188 163 163 162 162 162 162 162 101 133 133 133 133 111 67 67 66 66 66 66 79 32 32 60 32 32 40 32 6 6 
986 986 986 954 954 954 954 917 917 917 927 908 916 908 864 864 825 825 825 825 825 787 787 787 787 785 785 785 785 785 786 786 757 757 757 757 605 605 605 699 605 705 705 669 669 669 669 669 658 658 620 620 605 605 605 605 605 537 537 537 561 542 542 542 493 493 533 491 491 513 484 484 484 484 328 328 328 328 328 328 328 401 401 401 363 363 363 376 376 357 357 328 328 328 193 249 301 249 249 249 277 155 155 155 155 226 226 207 207 207 163 163 163 162 189 162 162 162 101 133 133 138 111 111 67 67 67 66 66 66 79 66 66 52 52 32 32 32 6 9 
986 954 954 954 917 917 917 917 932 917 917 908 908 908 864 864 864 864 825 825 825 854 787 787 787 785 785 785 785 785 785 787 757 757 712 712 605 605 605 605 605 705 705 669 693 670 670 658 658 620 620 620 620 620 620 537 537 537 575 537 537 537 562 506 506 493 493 491 491 484 484 484 484 484 328 328 328 383 383 383 383 383 383 383 383 396 364 364 364 364 193 193 193 193 193 249 249 249 249 249 277 155 155 155 155 226 226 207 207 207 163 163 163 162 162 162 163 163 101 133 133 133 111 111 67 67 67 66 66 66 66 66 67 52 52 34 34 34 6 9 
986 954 917 917 917 961 947 947 932 932 917 917 917 888 888 888 888 864 864 864 825 825 839 839 787 787 787 787 785 785 785 787 757 757 712 712 712 736 736 605 605 705 705 669 670 670 670 658 670 620 620 620 620 620 620 537 598 598 575 575 575 537 537 506 506 506 493 493 493 484 484 484 485 485 328 328 456 383 383 427 427 427 383 383 383 396 364 364 342 342 193 341 341 193 193 249 249 267 267 249 249 249 249 257 249 226 226 226 207 207 213 163 163 163 163 163 163 164 101 133 133 133 134 111 111 111 67 67 67 80 80 67 67 6 6 34 34 34 6 9 
954 954 917 917 961 961 947 947 943 888 888 917 917 888 889 889 883 883 864 864 865 825 825 825 825 825 825 787 787 787 787 787 757 757 712 712 712 718 718 718 718 669 669 669 670 670 670 670 670 634 634 634 634 620 620 537 537 537 588 537 537 537 537 506 506 506 328 328 328 328 328 485 485 328 328 328 456 456 383 383 437 383 383 383 383 396 342 342 342 342 358 319 319 319 319 249 249 267 267 287 267 267 249 249 249 240 240 226 226 207 213 163 163 163 170 170 170 101 101 101 101 101 101 101 101 101 101 101 67 67 67 67 67 6 6 34 35 35 6 9 
954 954 954 917 961 961 943 943 943 888 888 888 888 888 889 889 883 883 864 865 865 855 840 840 825 825 825 787 787 802 712 712 712 712 712 712 718 718 728 728 669 669 669 669 669 659 659 659 659 634 634 634 634 621 621 537 537 537 537 537 576 537 537 537 506 506 328 328 514 514 328 328 328 328 328 328 457 457 383 383 342 342 342 383 383 396 342 342 377 342 319 319 319 319 319 249 249 267 267 267 267 267 267 249 249 240 241 207 207 207 170 170 170 170 170 171 171 101 101 101 101 101 101 101 102 102 101 101 67 67 67 67 67 6 6 34 34 6 6 9 
996 917 917 917 961 961 943 943 943 888 888 888 888 888 889 889 889 864 864 865 855 855 840 840 825 825 825 787 787 787 712 712 712 712 712 712 718 718 712 712 669 669 669 669 669 659 659 679 659 634 634 634 634 621 621 537 537 537 537 537 537 549 549 537 506 506 506 328 328 328 328 486 486 486 328 383 383 458 383 444 342 342 342 396 396 396 342 342 342 342 319 319 319 319 319 249 306 267 267 268 268 268 268 249 249 240 240 207 207 207 170 170 170 170 170 170 145 145 145 145 145 102 102 102 102 102 61 61 61 61 61 67 67 6 6 6 34 6 6 6 
917 917 962 962 961 961 943 943 901 901 888 888 888 888 889 889 864 864 873 865 855 855 840 840 825 825 787 787 810 787 787 712 712 712 759 759 744 744 712 712 712 712 669 669 669 669 659 679 659 659 650 634 634 634 621 537 537 537 537 537 537 549 549 537 537 537 506 506 506 515 328 328 328 328 328 383 383 383 383 444 342 342 342 342 342 342 342 342 342 342 342 342 342 249 249 249 306 267 267 268 268 268 268 240 240 240 240 207 207 214 214 203 203 170 170 170 145 145 145 145 145 102 102 102 112 102 61 61 71 71 61 61 61 6 6 6 6 6 6 6 
917 962 962 962 933 933 943 943 901 901 888 888 888 909 889 889 864 864 864 865 787 787 787 787 829 829 787 810 810 787 787 720 720 712 712 712 744 744 712 713 713 669 669 669 669 669 659 679 671 650 650 634 634 621 621 606 606 537 537 537 537 549 549 549 521 521 521 529 506 515 477 477 477 477 477 383 383 383 383 444 342 342 388 388 342 342 387 342 350 350 350 350 343 249 306 306 306 295 295 268 268 272 240 240 250 220 220 207 207 207 207 203 203 170 170 170 102 102 145 145 145 102 112 112 112 102 102 61 71 71 61 61 61 61 6 6 6 6 6 6 
917 962 987 933 933 933 933 933 901 901 901 888 888 864 864 864 864 864 864 865 787 787 787 787 787 787 787 810 787 787 720 720 720 720 712 712 712 712 712 713 713 669 669 669 669 669 659 671 671 650 650 568 568 622 622 606 607 568 568 568 568 568 549 549 521 521 521 529 506 515 477 477 477 459 459 459 459 459 383 383 428 428 388 388 342 342 342 342 342 365 320 320 343 249 249 249 249 295 288 288 240 240 240 258 250 220 242 207 207 207 207 207 203 170 170 170 102 102 102 102 102 102 112 112 112 112 102 102 71 71 71 71 61 61 6 46 6 6 6 6 
917 962 987 933 933 933 933 933 933 933 901 918 918 864 900 864 864 864 874 865 865 787 787 835 835 787 787 787 787 803 720 720 779 720 712 712 712 713 713 713 713 713 669 669 680 680 659 671 671 650 650 568 568 568 568 606 568 568 589 543 543 543 543 543 543 521 521 521 506 506 477 477 477 459 459 450 450 450 450 383 416 416 416 388 342 342 342 342 342 320 320 320 320 320 320 249 249 295 288 240 240 250 250 250 250 220 220 220 220 220 103 103 203 170 170 170 102 102 102 102 102 102 135 106 106 113 106 103 53 53 53 53 61 61 6 6 6 10 6 6 
917 962 962 962 962 933 933 948 928 928 901 864 864 864 864 864 890 864 864 865 865 787 787 835 835 787 787 787 811 796 796 720 720 720 720 720 713 713 713 713 719 669 669 669 680 680 659 659 671 650 650 568 635 635 568 568 568 568 543 543 495 495 544 544 544 521 521 521 521 506 506 487 487 487 450 450 460 460 383 383 416 416 416 388 388 388 388 383 320 320 329 329 329 329 249 249 307 288 288 240 240 250 250 250 250 227 227 227 227 103 103 103 190 190 170 170 172 102 102 102 146 103 103 106 106 106 106 103 53 81 81 53 53 62 6 6 10 10 23 10 
917 994 962 962 962 962 948 948 928 928 901 901 901 901 864 864 864 864 864 870 787 787 787 787 787 787 796 796 796 796 797 720 720 720 720 720 713 713 713 713 669 669 669 669 680 680 685 659 659 660 568 568 568 568 568 568 568 568 543 543 577 495 544 544 544 521 521 522 522 506 506 487 487 450 450 429 429 429 383 438 438 416 416 388 388 397 383 383 320 320 329 329 329 330 249 249 249 288 288 288 240 273 240 240 240 227 227 227 227 103 215 103 190 190 190 158 158 102 102 149 103 103 103 103 106 106 103 103 53 53 53 53 53 62 6 6 10 10 10 10 
917 917 917 979 962 962 948 948 928 928 928 910 910 901 901 864 864 864 864 870 787 787 787 787 830 830 796 796 780 780 780 720 720 720 720 720 753 713 713 713 669 714 669 680 680 680 659 659 659 660 568 568 568 568 568 568 568 568 590 543 543 495 495 550 495 495 495 495 523 495 495 495 450 450 478 429 461 429 383 383 383 383 383 383 383 383 383 320 320 320 320 351 329 251 251 251 251 251 251 288 240 240 240 240 240 245 227 227 227 103 103 103 158 158 158 158 158 165 158 103 103 103 103 103 103 103 103 72 72 72 72 53 53 53 53 10 10 10 11 11 
917 917 917 979 948 948 948 948 928 928 928 910 910 910 866 866 866 864 864 846 846 787 787 815 815 815 796 796 780 780 780 780 780 720 720 720 720 713 713 713 669 714 669 680 680 680 659 659 659 660 639 639 639 568 568 568 568 568 568 584 543 569 495 495 495 497 497 495 495 495 496 496 450 450 429 429 461 429 429 429 429 429 383 383 402 383 383 320 320 320 320 329 329 251 251 251 251 251 251 251 251 251 240 240 227 227 227 227 227 103 103 208 158 194 158 158 158 158 158 103 103 103 103 103 103 103 103 72 94 72 72 53 53 53 53 10 10 10 10 10 
917 917 948 948 948 944 944 944 944 934 892 892 866 866 866 866 866 864 864 846 846 846 846 815 815 815 796 796 812 737 737 737 766 766 766 720 720 745 713 713 669 669 669 639 639 680 680 680 639 639 639 644 585 585 568 568 568 568 568 543 543 497 497 497 497 497 497 495 495 495 429 429 429 429 429 469 461 461 445 445 383 383 383 383 383 389 389 320 320 320 329 329 331 331 251 251 251 251 259 259 251 251 240 227 227 246 103 103 228 103 103 208 158 158 158 158 158 158 159 103 103 139 103 103 103 103 103 72 72 72 82 53 53 53 53 10 10 24 24 10 
980 980 948 948 973 944 944 934 934 934 929 892 866 866 866 866 891 866 866 846 846 812 812 815 815 815 815 815 812 737 737 737 766 767 767 720 720 745 720 720 669 669 639 639 639 639 639 639 639 661 585 585 585 585 585 585 608 591 591 543 543 497 563 497 497 497 497 495 495 495 429 429 429 445 445 445 445 445 445 383 383 430 383 383 383 389 359 359 359 359 329 329 331 332 251 251 251 259 259 259 259 240 240 227 227 103 103 103 103 103 103 103 103 195 158 158 173 103 103 103 103 103 103 126 72 72 72 72 72 72 72 53 53 53 53 10 41 24 24 10 
980 980 988 948 948 963 935 934 934 934 929 892 875 875 902 866 866 866 866 866 866 812 812 812 812 816 816 816 812 737 737 737 766 737 737 737 720 720 720 720 720 715 639 639 639 639 585 585 585 585 585 645 623 623 623 585 585 591 591 543 543 497 563 497 497 497 497 497 497 497 497 497 429 445 418 418 418 445 445 383 430 430 383 383 383 389 359 359 359 359 359 331 331 308 308 251 251 259 259 259 259 240 269 227 227 103 103 103 103 103 103 103 103 195 158 158 103 103 150 150 86 136 136 126 72 72 72 72 73 73 72 72 53 53 53 10 10 24 24 10 
980 980 980 980 948 963 935 935 935 934 929 892 875 875 875 875 867 867 867 867 867 812 812 831 812 812 812 817 812 788 788 737 737 737 737 737 754 706 706 721 721 715 639 639 639 639 585 672 672 623 623 623 623 624 624 585 585 599 591 585 497 497 497 497 497 497 497 497 497 497 498 498 429 429 429 418 418 451 451 383 430 430 417 383 383 389 359 359 366 366 331 331 331 308 308 251 251 251 251 259 259 240 240 240 240 103 103 103 103 103 103 103 103 103 103 103 103 150 150 151 86 86 86 126 72 72 72 72 73 73 73 73 47 47 25 25 10 10 10 10 
980 980 948 948 948 949 949 949 935 935 929 892 875 875 875 875 867 867 867 812 812 812 812 831 831 831 812 812 812 788 788 788 768 768 737 754 754 706 706 706 706 715 706 585 585 585 585 672 672 623 623 623 640 624 624 585 591 591 591 585 497 497 497 551 497 497 497 497 497 497 498 429 429 429 429 418 418 451 451 383 383 383 417 383 383 389 367 367 366 366 331 331 331 308 308 308 308 251 251 289 259 259 259 259 240 240 140 140 140 140 140 150 150 150 150 150 150 150 160 140 140 140 86 126 72 72 72 72 73 73 73 73 47 47 25 25 25 25 25 12 
980 980 948 948 948 949 949 903 903 903 929 892 892 892 892 875 875 875 875 812 812 788 788 788 788 788 788 788 788 788 789 789 768 737 737 754 754 706 706 706 706 706 706 585 672 672 672 672 672 623 623 623 552 552 552 585 591 591 591 585 497 497 538 538 545 538 507 507 497 497 498 429 429 429 429 418 418 418 418 383 383 383 383 408 383 389 367 367 367 367 221 221 221 308 308 308 308 251 251 251 259 259 260 260 240 240 140 140 140 140 140 150 150 140 140 160 160 160 160 140 86 86 86 126 72 72 72 72 86 86 54 54 47 47 47 47 36 36 12 12 
980 980 948 949 949 964 949 903 945 903 903 903 903 903 892 892 892 812 812 812 812 788 788 788 788 832 788 788 788 788 788 790 768 737 737 737 754 706 706 706 706 706 585 585 672 672 585 585 585 623 623 552 552 552 552 585 585 585 585 585 497 497 538 538 538 538 507 507 507 507 498 498 488 488 429 418 418 418 418 418 418 431 383 383 383 389 367 367 367 367 221 221 221 321 321 221 221 221 221 251 251 251 251 251 251 221 221 140 140 140 140 140 140 140 140 140 140 140 140 140 86 86 86 86 119 86 86 86 86 86 54 54 54 54 54 36 36 12 12 13 
948 948 948 949 949 949 949 903 903 911 911 911 911 903 903 892 892 812 812 812 812 856 788 788 788 832 788 788 788 788 788 788 768 768 768 737 737 737 737 729 706 706 585 585 672 672 585 585 585 552 552 552 552 552 552 615 585 585 538 538 570 570 538 552 499 499 507 507 507 507 507 488 488 489 429 466 466 420 418 418 418 418 418 403 403 389 389 367 367 367 221 221 344 321 321 221 302 302 221 221 221 251 251 221 221 221 221 221 221 140 140 140 174 174 174 174 174 140 140 86 86 86 86 86 86 86 107 86 86 86 54 54 54 54 55 36 36 12 26 13 
948 948 948 949 949 949 949 949 903 911 911 911 911 903 903 857 857 812 812 812 812 788 788 836 836 818 818 818 788 788 798 788 769 769 769 737 737 746 729 729 706 706 707 585 672 672 585 585 585 552 552 552 552 552 552 615 585 585 538 538 538 538 538 552 499 499 499 499 499 499 508 488 488 489 429 429 467 420 418 418 403 403 403 403 378 378 378 378 378 352 352 221 221 221 221 221 302 302 221 221 221 274 221 221 152 152 152 152 221 221 174 174 174 174 174 181 114 114 114 86 86 86 86 127 107 107 107 87 87 87 17 17 17 12 12 36 36 12 13 13 
995 995 948 974 949 949 903 903 903 911 919 919 857 857 857 857 857 812 812 812 812 788 847 836 836 818 818 818 788 788 788 788 769 769 729 729 729 729 729 722 722 585 585 585 672 672 585 681 651 651 651 600 600 552 552 552 552 552 538 538 538 571 552 552 499 499 499 524 499 499 508 488 488 489 479 429 429 420 446 446 403 403 403 378 378 378 378 378 378 352 352 352 221 221 322 243 243 243 221 221 221 221 221 261 152 152 152 152 221 221 174 209 166 166 181 181 114 114 114 141 141 141 107 107 107 114 87 87 17 17 17 17 17 12 12 12 12 12 13 14 
948 948 948 974 974 965 903 903 903 911 919 919 857 857 857 857 857 857 857 857 857 788 788 788 826 826 826 813 813 791 791 791 729 729 729 729 729 722 722 722 723 585 585 585 585 585 585 651 651 600 600 600 600 600 600 609 609 552 552 552 552 552 552 530 530 499 499 524 499 499 508 488 488 479 479 429 429 420 420 420 403 403 419 378 378 333 333 333 333 360 360 333 333 333 243 243 309 243 243 243 278 270 270 152 152 152 152 152 152 152 174 166 166 166 166 166 114 114 114 141 141 141 114 114 114 114 87 17 17 17 17 17 12 12 56 12 12 27 13 13 
948 948 948 903 903 965 903 903 903 911 911 919 857 857 857 848 848 848 857 857 857 857 848 788 826 826 826 813 813 791 791 791 729 722 722 760 722 722 730 730 674 674 694 694 651 651 651 651 673 600 600 600 600 600 600 600 600 600 552 552 552 552 552 530 530 530 530 524 524 499 499 499 488 479 479 429 452 452 452 420 420 403 403 403 378 333 333 333 333 333 333 333 334 334 243 313 309 243 243 243 278 270 270 152 152 152 152 152 152 174 174 166 166 166 191 166 175 114 114 141 141 114 114 87 87 87 87 17 17 17 17 17 12 12 12 12 12 27 27 13 
975 975 903 903 903 903 903 936 936 911 911 919 857 857 857 848 848 848 848 848 848 848 848 788 791 791 791 791 791 791 792 792 729 722 722 722 722 722 722 731 674 674 694 694 651 651 651 673 673 600 600 625 625 625 625 610 610 552 552 586 552 552 553 553 530 530 530 530 509 509 509 488 488 470 470 429 439 439 439 439 420 420 420 378 378 333 333 333 379 333 333 353 243 243 243 309 309 243 243 243 278 243 243 152 152 152 152 152 152 174 174 166 166 166 191 166 166 114 114 114 114 114 120 87 87 87 87 17 17 17 17 17 12 12 12 12 37 37 13 13 
975 975 903 903 903 903 903 903 936 911 911 919 919 911 848 848 848 848 858 858 858 858 788 788 791 791 729 729 804 804 792 792 729 722 770 722 722 722 722 674 674 674 674 694 694 651 651 625 625 652 652 625 625 625 610 610 610 552 592 552 552 552 509 509 509 509 509 509 509 500 500 488 470 470 470 470 439 439 439 439 439 378 378 378 333 333 333 384 335 335 335 335 243 243 309 309 310 243 243 243 243 243 243 152 152 152 210 210 210 210 210 166 166 196 166 166 166 166 96 96 142 142 120 87 87 87 87 17 17 88 17 17 68 12 12 12 37 37 13 13 
975 975 975 975 903 903 956 903 936 936 911 911 911 911 848 848 848 848 858 858 858 858 788 788 788 791 729 729 804 804 792 792 729 722 722 761 722 722 738 674 674 674 674 700 625 625 686 625 625 652 652 625 625 625 610 610 610 552 552 552 578 509 509 509 509 517 509 509 525 500 500 500 470 471 471 471 439 439 453 399 399 432 409 409 333 398 333 384 335 368 336 335 335 335 309 309 243 243 243 243 243 243 243 152 152 152 210 210 210 210 210 210 166 166 166 166 166 166 96 96 142 142 120 120 120 95 95 17 17 88 68 68 68 37 37 37 37 37 13 13 
975 975 981 975 975 903 903 903 937 937 911 911 912 912 848 848 848 884 849 849 849 849 849 788 788 791 729 729 729 804 792 792 729 777 722 722 722 722 738 674 674 674 625 625 625 625 686 625 625 625 625 625 625 625 626 509 509 601 509 509 578 509 509 509 509 517 517 525 525 500 500 500 470 471 462 462 462 439 399 399 399 399 409 409 333 398 333 335 335 368 336 336 336 336 309 309 243 243 243 243 243 252 252 262 252 152 210 210 222 222 210 210 166 166 166 166 166 96 96 96 95 95 95 95 121 95 95 17 17 17 17 17 17 37 37 37 37 15 15 15 
975 975 981 975 975 903 896 896 896 896 896 896 896 896 896 896 848 884 849 849 849 849 849 729 729 729 729 729 729 729 729 729 729 777 771 722 722 722 738 674 674 674 625 625 625 625 686 625 626 626 626 626 625 625 626 509 509 509 509 509 509 509 509 509 509 517 517 525 470 470 470 470 470 470 462 462 439 439 399 399 399 399 409 409 333 398 333 335 354 354 354 354 336 336 290 290 243 243 243 243 243 252 252 252 252 152 152 152 222 222 211 211 166 197 166 166 166 96 96 96 95 95 95 95 121 95 95 104 95 17 17 17 17 37 37 42 42 15 16 16 
975 975 981 981 903 903 896 896 896 938 930 848 848 848 848 848 848 884 849 849 729 729 729 729 837 729 729 729 729 729 799 729 729 777 771 738 738 738 738 674 674 674 674 674 674 625 625 625 626 626 626 626 626 626 626 509 509 509 554 554 572 572 509 509 517 517 525 525 470 470 510 470 470 470 480 462 439 439 399 399 399 399 409 409 333 333 333 335 354 354 354 354 323 323 323 290 243 243 243 243 279 252 252 243 243 243 243 152 166 166 211 166 166 197 166 166 176 96 96 95 95 95 95 95 95 95 95 95 95 17 17 17 17 42 42 42 42 15 16 16 
975 975 989 903 903 896 896 896 896 930 930 848 848 897 897 897 849 849 849 849 729 729 729 837 837 729 729 777 777 777 777 777 777 777 771 738 738 738 738 724 724 674 674 674 674 674 674 674 674 662 626 626 626 626 555 555 555 554 554 554 554 554 509 509 517 525 525 501 501 470 470 470 470 470 480 462 439 439 399 399 399 399 399 399 399 399 390 335 335 354 354 354 323 323 323 290 290 290 290 243 243 243 243 243 253 243 243 152 166 166 166 166 197 197 182 182 176 96 96 95 95 95 95 95 95 95 95 95 95 17 17 17 17 42 42 42 42 15 15 16 
975 975 896 896 896 896 957 896 896 930 923 923 848 848 848 848 849 849 849 871 729 729 800 800 800 729 729 777 777 777 777 777 781 724 724 724 724 738 738 724 725 674 674 674 674 674 674 662 662 662 626 626 626 626 555 555 555 554 554 554 554 554 554 554 517 517 517 501 501 516 470 470 470 470 480 462 462 462 410 410 399 399 399 410 355 355 390 335 335 354 354 291 291 291 291 291 291 303 290 253 253 253 253 253 253 229 229 152 152 182 182 182 197 197 182 182 176 96 96 96 95 95 95 95 95 95 95 95 95 17 17 48 48 42 42 42 15 15 15 16 
896 896 896 896 896 950 950 896 896 930 923 923 848 848 904 848 849 849 849 871 729 729 800 841 800 819 819 819 777 777 800 724 724 724 724 724 724 724 724 724 716 716 701 701 674 674 674 662 662 662 579 579 579 579 555 555 611 554 554 573 573 573 554 554 517 517 517 501 501 516 470 470 470 470 480 472 462 462 410 410 410 399 399 410 355 355 390 335 335 369 291 291 291 291 314 314 291 303 290 253 253 275 229 229 229 229 229 229 152 182 182 182 182 182 182 182 176 96 96 96 96 137 137 96 96 96 96 96 96 17 17 48 48 42 42 48 15 15 15 16 
896 896 896 896 896 950 950 950 924 924 924 923 904 904 904 848 848 876 876 800 800 800 800 800 800 800 800 800 800 800 800 724 724 724 724 724 724 724 739 732 716 701 701 687 687 674 674 653 653 662 579 641 641 579 627 555 611 554 554 573 555 555 555 555 517 517 517 501 501 501 501 501 455 455 455 472 410 410 410 410 410 410 421 410 355 355 390 369 369 369 291 337 337 337 314 314 291 303 290 290 253 229 229 229 229 229 229 229 152 182 182 198 198 198 167 167 176 122 122 122 96 96 96 96 97 97 97 97 97 17 17 48 48 48 48 48 15 15 15 15 
896 896 896 982 896 896 958 848 924 924 924 924 904 848 848 848 848 876 876 800 800 800 800 800 800 800 820 820 793 793 793 793 772 772 772 716 716 732 732 732 716 701 682 687 687 687 687 682 653 662 579 579 579 579 627 555 555 593 593 555 555 555 555 556 517 517 517 501 501 501 502 502 455 455 455 410 410 410 454 410 440 410 410 410 355 355 369 369 369 369 291 291 291 291 291 314 291 291 291 291 253 229 254 229 229 229 229 229 152 182 182 198 167 167 167 167 167 122 122 122 122 128 128 128 97 97 97 97 97 17 17 48 48 48 48 48 15 15 28 15 
896 896 896 982 896 896 848 848 924 924 904 904 904 848 886 800 800 885 800 800 800 800 800 800 838 793 793 793 793 805 772 772 772 772 772 716 716 716 716 716 716 701 682 682 682 682 682 682 653 663 653 579 579 579 627 616 555 555 555 555 556 556 556 556 517 526 526 526 526 501 501 455 455 455 455 410 410 410 454 410 410 355 355 355 355 355 355 355 369 369 355 355 291 291 291 291 291 253 253 253 253 229 254 254 254 229 229 234 152 152 152 152 167 199 167 167 167 167 122 122 122 128 128 128 97 97 97 97 97 17 17 48 48 63 48 48 43 15 28 15 
896 896 896 896 896 966 848 951 924 924 904 920 920 848 886 800 800 800 800 800 800 800 800 800 838 793 793 793 793 772 772 716 716 716 716 716 747 747 716 716 701 701 708 682 682 689 654 654 653 663 653 579 579 579 616 616 612 594 594 556 556 517 517 517 517 517 517 517 517 517 501 501 455 455 455 410 410 410 410 410 410 355 422 355 355 355 355 355 370 370 355 291 291 291 324 315 253 253 296 253 253 229 229 254 254 229 229 152 152 152 216 152 167 167 167 152 152 152 122 122 122 122 122 122 122 97 97 97 97 17 17 48 48 29 29 43 43 15 15 15 
896 896 896 896 959 959 848 848 924 924 904 904 904 848 886 800 800 800 800 800 859 859 800 800 838 716 716 821 793 772 772 716 716 716 716 762 733 733 733 701 701 701 654 654 654 654 654 654 653 653 653 579 579 579 616 616 612 594 594 556 556 517 517 517 539 539 517 517 517 517 501 501 455 455 455 455 455 463 455 355 355 355 355 355 404 355 355 355 370 355 355 291 291 291 315 315 253 253 296 253 253 253 229 229 229 229 229 152 152 152 152 152 192 192 192 152 152 152 122 122 122 122 122 122 122 97 97 97 97 17 83 17 17 29 29 43 29 29 29 17 
983 983 983 983 959 959 959 848 848 848 848 848 904 848 886 800 800 886 800 800 859 859 716 716 716 716 716 716 716 716 716 716 716 748 748 748 733 733 733 701 701 701 654 654 654 654 654 654 654 654 654 579 579 579 579 579 612 579 579 556 556 517 517 517 517 517 517 517 517 501 501 501 455 455 455 455 455 463 455 355 433 433 355 355 404 355 391 355 370 355 345 345 345 315 315 315 253 253 253 253 280 253 253 263 229 229 229 235 229 152 152 152 152 152 152 152 152 152 122 122 122 122 122 129 122 97 108 97 97 17 83 17 17 29 29 29 29 17 17 17 
983 983 983 983 959 959 959 848 848 848 848 848 848 848 886 886 886 886 800 800 859 859 716 716 716 716 716 716 716 716 716 716 716 748 748 748 748 748 733 733 701 701 654 654 654 654 654 654 654 655 655 579 579 579 579 579 579 579 579 579 579 517 517 517 517 517 517 517 517 501 501 501 455 455 455 455 455 455 455 355 355 355 355 355 355 355 391 355 355 355 345 345 345 315 315 315 253 253 253 253 253 253 253 263 229 229 229 229 229 152 152 152 152 152 152 152 177 152 152 152 122 122 122 122 122 97 97 97 98 17 17 17 17 17 17 17 17 17 18 18 
