961 961 961 961 950 950 950 950 950 924 924 924 924 924 820 820 820 835 835 874 847 847 847 847 812 812 819 812 749 749 749 749 749 755 755 755 664 664 664 664 664 664 664 664 664 664 664 664 541 541 641 604 604 604 604 552 552 552 552 552 516 516 516 516 516 469 469 469 469 469 469 469 477 477 469 402 402 402 402 434 402 402 402 402 402 374 374 374 374 309 309 309 309 309 309 309 309 309 275 275 275 275 275 275 268 215 215 215 215 215 215 101 101 101 101 182 151 151 151 151 151 134 134 71 71 71 87 87 87 87 71 71 39 39 39 39 1 1 1 1 
961 961 961 961 950 950 950 950 950 924 924 924 924 891 891 891 820 820 835 874 847 847 847 847 812 812 812 812 749 749 791 749 749 755 755 755 664 737 727 727 541 541 541 541 541 541 541 541 541 541 604 604 604 604 604 552 552 552 552 552 516 516 516 516 516 469 469 469 469 469 469 469 469 469 469 402 402 402 402 434 402 402 279 279 374 374 387 374 374 309 309 309 309 275 275 275 275 275 275 292 292 275 275 268 268 215 215 215 215 215 215 101 101 101 190 182 151 164 164 79 79 134 134 71 71 71 87 87 87 87 71 71 39 40 40 40 1 1 1 2 
961 961 961 986 961 961 961 961 950 950 924 924 924 891 891 891 897 820 835 835 847 847 847 847 812 812 812 711 711 749 749 749 749 749 749 756 664 664 727 727 541 700 700 541 541 541 642 642 642 541 604 604 604 604 604 552 552 552 552 552 552 552 552 516 516 516 469 469 469 509 469 492 469 469 402 402 402 402 402 402 402 402 279 279 374 374 275 275 275 275 275 275 275 275 328 275 275 275 292 292 268 268 268 268 177 177 232 232 232 232 215 101 101 182 182 182 151 79 79 79 134 134 134 71 71 71 71 71 71 71 71 71 39 40 41 41 3 3 3 2 
961 961 961 961 961 975 969 925 925 925 925 924 924 891 891 891 897 820 820 835 835 835 835 835 812 812 711 711 711 749 749 749 749 664 749 749 749 664 664 727 700 700 700 541 541 541 642 642 642 541 541 541 541 604 604 604 552 552 552 552 552 570 552 516 516 516 516 523 469 469 469 469 469 469 402 402 402 402 402 402 279 279 279 279 374 374 275 275 275 275 275 275 275 275 328 275 275 275 292 292 268 268 268 268 177 177 177 177 177 233 215 215 101 101 101 101 151 79 159 159 134 135 135 71 71 115 71 71 71 71 79 39 39 52 41 41 3 26 2 2 
925 925 961 961 969 969 969 925 925 925 925 925 925 925 875 891 891 891 820 855 855 855 855 835 835 711 711 813 711 711 792 738 738 664 664 749 749 664 664 727 700 700 700 678 678 678 642 642 642 642 642 541 541 541 541 541 552 552 552 552 552 570 552 552 516 516 516 516 516 469 469 469 470 470 470 441 441 441 441 435 279 375 375 375 375 375 388 275 275 275 275 275 275 275 328 177 177 177 177 177 177 268 268 177 177 249 249 249 177 177 177 177 177 177 177 101 151 79 159 159 134 134 134 128 99 99 99 99 79 79 79 39 63 42 42 3 3 26 3 3 
925 925 987 987 969 969 969 925 933 933 933 933 933 875 875 891 891 892 820 855 855 855 835 835 835 711 711 711 801 711 711 738 738 738 664 664 664 664 717 717 717 651 651 678 678 678 642 642 650 650 541 541 541 541 611 541 552 552 541 541 541 570 552 552 516 516 493 493 493 493 493 493 470 470 441 441 435 435 435 435 279 279 279 394 394 375 388 275 275 275 275 275 275 275 328 177 279 279 279 299 177 177 177 177 249 249 249 243 243 216 216 177 177 177 177 101 101 79 79 128 128 134 134 128 99 99 99 79 79 88 39 39 42 42 42 3 36 3 3 4 
925 925 925 925 969 969 969 925 933 933 933 938 875 875 875 875 875 892 820 820 820 855 835 835 835 820 820 711 801 801 711 711 711 738 750 750 750 738 717 717 651 651 651 678 678 678 656 656 643 643 541 541 541 541 541 541 541 541 541 584 541 570 552 552 529 529 493 493 517 493 493 494 463 463 441 441 435 435 435 279 279 279 279 394 394 375 375 375 375 275 275 275 275 275 177 177 279 310 279 279 279 177 177 249 249 249 249 243 243 216 216 177 177 177 183 101 101 79 79 128 128 128 128 128 79 79 79 79 88 88 39 42 42 53 42 3 3 3 4 4 
925 925 925 925 969 925 925 925 933 933 875 875 875 875 875 908 875 875 885 875 820 820 856 836 836 820 711 711 784 784 784 784 711 738 750 738 738 738 651 651 651 651 651 651 678 678 656 656 656 643 643 541 541 541 541 598 598 541 541 541 541 570 510 510 529 529 529 493 493 493 493 494 463 463 471 441 441 279 279 279 279 279 394 394 394 394 364 364 364 364 275 275 337 337 177 279 279 310 279 279 279 279 279 249 249 249 250 250 191 191 216 216 177 177 183 101 101 79 79 128 79 79 79 79 79 79 79 100 39 39 39 42 42 53 42 42 4 4 4 5 
925 925 925 925 925 925 925 925 933 933 875 875 875 875 820 820 820 875 875 875 820 820 836 836 820 820 711 711 784 784 784 711 711 738 738 738 738 738 651 651 651 651 657 651 651 651 651 651 651 651 634 634 541 541 541 598 599 541 541 541 570 570 510 510 510 510 510 510 493 493 493 463 463 463 463 463 441 279 279 279 279 279 394 394 394 394 364 364 279 279 279 355 337 337 177 279 310 310 191 191 280 280 280 191 191 250 250 191 191 191 216 216 177 184 183 183 101 110 79 79 79 110 110 123 123 110 110 6 39 39 39 64 64 4 4 4 4 4 4 5 
952 952 993 925 925 976 943 943 943 951 875 875 875 875 820 909 820 820 820 820 820 863 836 836 820 820 820 711 784 784 784 711 711 711 711 711 711 711 651 651 651 651 657 679 679 679 669 651 651 651 634 634 541 541 541 598 541 541 541 541 541 510 510 510 510 510 510 510 510 510 503 463 463 463 463 463 441 279 279 279 416 416 416 279 279 279 364 364 279 279 279 279 337 337 177 279 310 311 191 191 191 280 280 191 191 191 191 191 191 191 216 216 177 184 184 184 101 110 110 152 152 110 110 110 110 110 111 6 39 39 39 64 64 4 4 4 5 5 5 5 
952 952 952 952 952 943 943 943 943 951 943 926 926 926 820 820 820 820 820 820 820 820 820 820 820 820 820 711 802 802 759 759 759 759 711 711 711 711 651 651 718 708 657 679 679 669 669 651 651 651 622 622 622 622 598 598 541 541 541 541 541 510 510 510 510 510 510 524 503 503 503 463 463 463 463 463 441 442 442 279 279 417 417 279 279 279 279 279 279 279 360 279 279 279 279 279 310 191 191 191 191 285 191 191 191 191 251 251 191 234 216 216 177 177 184 184 101 101 110 152 152 110 110 110 111 111 111 6 6 6 39 64 64 4 4 4 5 5 5 5 
952 952 952 952 952 943 943 943 943 943 943 926 926 926 849 910 820 820 820 820 820 820 848 848 837 820 820 711 802 802 759 759 759 759 759 711 711 733 733 728 708 708 657 679 679 669 669 622 622 622 622 635 622 622 598 592 592 541 540 540 540 540 540 540 540 540 530 524 503 503 463 463 463 463 463 463 441 442 436 436 279 279 279 279 279 279 279 356 356 338 338 338 349 279 279 310 310 191 191 191 293 191 191 263 191 191 251 251 191 191 191 191 191 177 177 177 177 101 110 110 110 110 110 110 111 111 101 101 6 6 39 39 39 20 20 20 20 20 20 6 
952 952 963 963 952 952 952 952 952 952 927 927 927 927 849 910 820 820 820 820 820 820 848 848 837 820 820 711 802 802 759 759 759 759 751 751 692 692 692 728 708 657 657 657 657 657 657 622 598 598 598 598 598 598 598 592 592 541 540 540 540 483 483 483 483 483 530 524 503 503 463 463 463 464 464 464 441 441 436 418 418 279 279 408 279 279 279 356 356 338 338 338 349 338 329 310 310 191 191 191 191 191 191 263 191 191 200 200 200 200 200 200 191 191 191 170 170 101 101 101 101 101 101 101 101 101 101 102 6 39 39 39 39 20 20 20 20 20 20 6 
952 952 963 963 953 953 952 952 911 911 927 927 927 927 849 910 820 820 820 820 820 820 849 849 837 820 820 711 803 803 759 759 751 751 751 751 692 739 692 692 708 657 657 657 683 657 657 622 598 598 636 636 605 605 605 592 592 541 540 540 540 483 548 548 548 483 483 524 503 503 503 483 483 464 464 441 441 441 443 418 418 418 418 408 279 279 279 356 356 356 338 338 338 338 329 320 235 235 235 235 191 191 191 263 263 263 200 200 200 192 192 200 205 199 170 170 170 170 102 102 102 102 102 116 116 101 101 102 6 39 39 72 39 20 20 20 20 20 20 6 
944 944 963 963 953 953 952 952 911 911 911 911 927 927 849 849 898 820 820 876 849 849 849 849 837 711 711 711 803 803 740 740 751 751 751 751 692 692 692 692 708 657 657 670 670 657 657 657 657 598 598 598 605 605 605 592 592 541 541 540 540 483 483 541 541 541 483 483 483 483 483 483 484 426 426 450 450 450 408 408 408 408 408 408 377 377 389 377 356 356 338 350 350 329 329 320 235 235 235 235 191 191 281 235 235 235 206 206 200 200 192 200 199 199 170 185 170 170 102 102 102 81 102 116 116 116 102 102 6 6 39 39 39 20 20 20 20 20 20 6 
944 944 963 963 953 953 953 962 911 911 911 911 911 911 911 849 849 849 876 876 849 849 849 849 837 711 711 711 803 803 740 740 740 773 751 751 751 692 692 692 692 692 692 670 670 670 670 598 598 598 598 598 605 605 605 605 592 592 541 541 541 483 483 541 542 495 495 495 495 495 426 426 426 426 426 450 450 451 408 408 408 408 408 377 377 377 377 377 356 356 356 350 350 329 330 320 235 235 235 235 235 235 235 235 269 235 206 206 206 192 192 200 200 200 170 170 165 171 165 102 102 81 102 102 102 102 102 73 73 6 80 39 39 54 6 6 20 20 6 6 
944 944 994 963 953 953 953 962 911 911 911 911 911 911 911 911 849 849 876 849 849 838 838 838 838 711 711 711 711 740 740 740 740 773 751 751 740 740 665 665 719 692 692 670 670 670 671 598 598 598 629 553 553 612 612 553 553 553 577 577 541 541 541 541 542 495 495 495 518 426 426 426 426 426 426 451 451 451 408 408 408 419 419 377 377 377 377 378 356 356 356 356 329 329 320 320 235 235 235 235 235 286 269 269 269 235 256 206 206 192 192 192 192 192 192 170 165 165 165 102 102 81 81 81 117 117 73 73 6 6 80 39 39 6 6 6 6 6 6 7 
944 944 994 963 979 953 953 953 953 953 911 911 911 911 911 911 849 849 849 849 864 864 838 838 711 711 711 711 711 740 740 740 740 740 751 751 740 665 665 665 665 692 692 692 665 665 671 598 598 652 629 553 553 553 613 553 553 553 553 577 577 553 553 553 542 542 531 495 495 426 426 426 426 426 426 426 451 451 408 408 408 408 408 403 403 329 329 329 329 329 329 329 329 339 320 320 235 235 235 235 269 269 269 269 269 235 235 206 244 206 206 206 206 192 192 170 170 170 153 153 153 124 124 81 81 81 73 73 6 6 6 39 39 6 6 43 6 6 6 6 
944 944 994 963 963 953 953 953 944 944 944 912 912 912 912 893 893 893 864 864 864 826 826 850 711 711 711 814 774 774 774 778 778 740 740 740 740 665 729 729 665 693 693 693 665 665 665 665 652 652 629 553 628 553 553 553 553 553 553 553 553 553 531 531 531 531 531 495 495 495 495 495 426 465 465 426 426 426 426 426 426 408 408 403 329 329 390 329 329 365 331 331 339 339 331 264 264 264 264 264 264 264 264 235 235 235 235 206 206 206 226 207 207 186 186 186 153 153 153 154 154 124 124 124 124 81 95 73 73 73 6 6 6 6 6 6 6 6 6 6 
944 944 944 944 963 963 963 963 944 886 886 912 912 912 912 912 870 870 864 864 864 826 826 825 825 825 711 814 774 774 774 774 774 774 740 740 665 665 729 729 665 665 665 665 665 652 652 652 652 629 629 553 628 553 553 553 553 553 531 531 531 531 531 532 531 531 532 495 495 495 496 496 426 465 465 465 329 329 329 329 408 408 403 403 329 329 329 329 329 331 331 331 331 331 331 264 264 264 287 287 287 287 264 235 235 235 235 252 235 235 207 207 186 186 193 153 153 153 153 154 45 45 45 45 81 81 95 95 95 73 73 73 6 6 6 6 37 6 8 8 
970 944 944 944 944 944 944 944 944 886 886 886 928 928 913 913 870 870 870 870 870 826 826 826 826 826 711 814 774 774 774 774 760 760 760 665 665 665 665 694 694 694 701 665 665 652 652 652 658 629 629 553 553 553 553 553 553 593 531 549 531 531 564 532 532 532 532 478 478 478 478 478 426 329 329 329 329 329 329 329 329 329 403 403 379 379 379 379 329 331 331 331 331 331 331 264 264 287 287 294 294 264 264 276 235 235 235 235 235 236 207 217 186 186 153 153 45 45 45 45 45 136 136 45 81 118 81 81 89 89 9 9 6 6 6 6 6 6 8 8 
970 970 970 944 944 944 944 954 954 886 886 886 928 928 913 913 870 886 886 827 827 827 827 827 827 827 711 814 774 774 774 774 760 761 761 665 665 665 665 694 694 694 694 694 652 652 644 644 644 644 629 629 629 553 553 606 593 593 531 549 549 571 533 554 533 533 533 478 478 478 478 478 426 329 329 329 329 444 444 329 329 329 379 379 379 379 379 380 329 331 331 340 340 340 332 264 264 287 287 294 294 264 264 276 235 235 207 207 207 207 207 186 186 186 153 153 45 45 45 45 45 144 45 45 81 81 81 81 89 89 9 9 6 6 9 9 9 27 8 8 
970 970 970 970 970 970 970 954 954 886 886 916 916 928 916 886 886 886 827 827 857 857 857 827 827 828 711 711 804 774 774 774 760 694 694 694 741 741 694 694 694 709 694 694 652 652 644 666 659 644 644 637 593 593 593 593 593 531 531 585 549 571 533 533 533 445 445 445 445 445 478 478 426 426 426 426 329 329 329 329 329 329 379 379 379 379 379 329 329 361 361 340 332 332 332 264 264 312 287 287 287 264 264 264 264 264 207 207 237 207 207 186 186 186 153 153 45 45 166 45 45 144 45 129 96 96 96 81 89 89 9 9 9 55 9 44 9 9 8 8 
878 878 980 980 980 878 878 954 954 954 886 916 916 916 916 886 886 886 827 827 827 827 827 828 828 828 711 711 804 804 711 711 760 694 762 694 694 694 694 730 694 694 694 694 644 644 644 659 659 645 645 637 593 593 593 593 600 531 531 531 549 549 549 533 533 445 534 445 445 445 478 478 478 478 426 426 426 329 329 329 329 329 379 329 329 379 379 329 340 340 340 340 332 332 332 264 264 305 305 287 287 264 264 264 264 264 227 227 237 237 201 201 208 45 45 45 45 45 45 45 144 144 45 129 96 96 96 81 81 81 81 9 9 55 9 9 9 9 21 9 
878 878 980 980 980 878 878 878 958 886 886 886 886 886 886 886 899 886 886 815 815 865 827 827 827 829 711 711 804 804 711 711 760 694 694 694 694 694 734 684 684 710 644 644 644 644 644 659 659 645 645 637 531 531 531 531 531 531 531 531 549 549 549 549 549 445 445 445 445 445 445 478 478 479 426 426 426 329 329 329 427 329 329 329 329 329 329 329 340 340 340 340 332 341 313 313 313 305 305 287 287 287 227 227 227 227 227 227 237 237 201 201 201 201 172 172 172 172 137 137 137 145 45 45 96 96 96 96 81 81 82 9 65 9 9 9 9 9 21 9 
878 878 878 878 878 878 971 878 958 886 886 886 917 917 917 886 899 886 886 815 815 865 827 827 827 779 779 711 711 711 711 711 711 763 763 694 694 694 684 684 684 710 644 695 684 637 637 637 659 645 645 637 531 531 557 531 531 531 531 480 480 565 565 480 480 519 535 445 445 511 445 478 478 445 445 445 445 445 445 409 409 409 409 409 366 366 329 329 332 332 332 332 332 341 313 313 313 313 295 295 287 287 227 227 227 227 257 227 245 201 201 218 209 172 172 187 173 173 137 137 137 137 137 45 119 119 112 96 96 90 9 9 65 9 9 9 9 9 21 9 
878 878 878 964 878 878 971 878 878 886 886 917 917 918 918 886 886 886 815 815 815 865 827 839 839 779 779 779 779 779 785 785 711 763 764 694 694 684 684 684 684 710 644 684 684 637 637 637 659 645 645 637 531 531 557 531 531 531 531 480 480 480 480 480 480 519 535 445 445 445 445 445 445 445 445 445 456 452 409 409 409 409 409 409 366 366 366 366 332 341 341 341 341 341 313 313 295 295 295 295 295 228 228 227 227 227 257 227 245 201 201 201 209 172 173 173 173 137 137 137 138 138 138 45 119 119 112 83 90 90 9 9 56 56 9 28 28 9 9 9 
995 995 995 964 964 964 964 964 878 878 878 917 917 878 878 878 900 877 815 815 815 815 827 827 827 779 779 779 779 785 785 711 711 763 742 742 684 684 684 684 684 644 644 684 637 637 637 637 659 645 645 637 531 531 557 607 480 480 480 480 480 480 480 480 480 519 519 519 519 445 485 445 445 452 452 452 452 452 409 409 409 422 381 381 381 381 381 366 332 332 332 342 342 342 321 321 295 202 202 202 202 228 228 228 228 228 257 227 227 201 201 201 209 172 137 137 137 137 155 155 138 139 139 45 45 45 112 83 90 90 83 9 56 9 9 28 28 28 9 9 
995 981 981 981 981 878 878 878 878 878 878 917 917 878 919 878 878 877 815 815 815 815 815 827 827 779 779 815 779 779 779 711 711 763 742 742 684 684 684 720 684 684 684 684 637 672 672 637 637 646 646 637 531 531 557 557 480 594 578 578 480 480 480 480 512 512 536 519 519 445 485 485 485 428 428 452 452 453 428 428 428 381 381 404 404 381 381 366 366 366 332 342 295 295 321 295 295 314 202 202 202 228 228 270 270 228 228 228 227 227 227 172 172 172 137 137 137 137 155 155 138 139 139 45 45 45 112 83 83 83 83 9 9 9 9 45 28 28 10 10 
995 981 981 878 878 878 878 878 878 878 878 878 878 878 919 878 878 877 815 815 815 815 815 815 815 830 815 815 779 779 779 786 711 711 742 742 742 742 720 720 685 685 702 637 637 672 631 631 637 637 637 637 531 557 557 557 480 594 578 578 578 480 480 480 480 512 512 512 512 512 485 485 428 428 428 428 428 428 428 428 428 381 410 404 404 381 381 381 367 367 332 342 295 295 295 295 314 314 202 202 202 202 228 270 228 228 228 228 172 172 172 172 172 172 137 137 137 137 155 155 138 138 139 45 45 45 45 45 45 91 45 45 9 9 9 45 10 10 10 11 
995 981 981 878 878 878 878 965 878 939 939 939 920 920 878 878 901 877 877 877 871 815 815 815 815 815 815 779 779 786 786 786 711 711 742 742 743 743 720 720 720 685 685 637 637 631 631 631 631 631 631 531 531 557 557 557 480 480 480 480 480 555 555 555 480 486 486 486 486 486 486 486 428 428 428 428 428 428 437 437 381 381 410 410 367 367 381 381 367 332 332 342 295 295 295 295 314 202 202 202 202 202 228 270 228 228 228 228 246 228 228 138 138 138 138 138 138 138 138 155 155 138 139 45 45 45 45 103 45 91 45 45 45 45 50 45 10 29 11 11 
995 981 981 939 939 939 878 878 878 939 929 929 920 920 878 878 878 878 878 878 871 815 815 851 815 815 821 779 779 779 779 787 711 775 711 711 711 711 711 711 711 711 685 637 637 631 673 667 631 631 631 531 531 531 572 557 480 480 480 480 480 480 480 480 480 486 486 486 486 486 486 486 486 428 428 428 428 428 437 437 381 420 420 411 367 367 367 367 367 332 332 342 295 295 295 295 314 202 202 202 202 202 228 228 228 228 258 228 228 228 138 138 138 138 138 138 138 138 138 138 138 138 104 104 104 103 103 103 45 45 45 45 45 45 45 45 10 29 11 11 
995 973 973 939 939 939 939 939 939 939 929 929 920 920 920 858 858 858 858 871 871 866 768 768 821 821 821 779 779 779 779 787 711 711 711 711 711 711 711 711 711 711 685 685 685 631 667 667 631 638 638 531 531 531 572 557 557 557 480 480 480 480 480 556 480 480 480 480 480 480 480 480 480 480 428 428 457 428 438 438 381 420 420 411 367 368 368 368 368 368 332 342 295 295 295 282 282 282 282 288 288 202 202 265 265 265 138 138 138 138 138 219 138 138 138 138 178 138 138 138 156 104 104 125 104 103 103 103 45 45 45 45 45 45 45 45 10 11 11 11 
995 973 973 973 939 939 939 939 939 939 929 929 929 929 858 858 858 858 858 871 871 866 768 768 768 768 768 768 793 779 787 787 779 711 765 711 711 711 711 711 711 711 631 631 631 631 667 631 631 638 638 638 531 531 572 572 572 557 480 586 480 480 480 480 480 537 537 504 504 504 504 472 472 472 472 428 428 428 438 381 381 423 411 411 367 368 368 368 369 369 332 332 351 295 295 282 316 282 282 288 288 288 202 202 259 259 138 138 138 138 138 138 138 138 138 138 138 138 138 138 156 104 125 125 104 104 103 103 45 45 45 45 45 45 10 10 10 11 11 11 
995 973 959 959 959 959 959 959 959 945 945 930 930 930 858 858 858 894 858 858 858 866 768 768 768 822 822 768 793 779 779 779 779 711 711 711 681 681 681 631 631 631 631 674 631 631 631 631 638 638 638 579 579 579 579 579 572 557 557 557 557 557 557 525 525 525 525 504 504 504 504 472 472 472 438 438 428 428 438 381 381 381 412 412 367 395 362 362 362 362 362 332 343 343 333 282 300 300 300 300 288 288 282 202 259 259 259 253 138 138 138 138 138 138 138 138 138 146 146 146 146 104 125 125 125 104 104 22 22 22 22 22 22 22 10 30 30 30 11 11 
995 973 959 988 959 959 959 930 930 945 930 930 879 879 858 858 858 858 858 858 858 866 768 768 768 768 768 768 793 793 793 766 766 766 766 744 744 744 681 631 721 631 631 674 631 631 631 631 638 638 638 579 579 579 587 579 572 572 572 572 557 557 557 525 525 525 525 525 520 504 504 472 472 438 438 438 438 438 438 429 429 381 412 367 367 362 362 367 367 370 332 332 343 333 333 282 300 300 300 282 282 282 282 202 253 253 253 253 202 202 138 138 138 138 138 138 167 146 146 146 146 104 104 125 125 104 104 22 22 22 84 66 66 22 10 10 10 10 10 10 
995 973 959 988 959 959 959 930 930 930 930 879 879 879 879 858 858 858 858 858 858 858 858 768 768 823 823 794 794 794 794 766 780 766 766 744 744 744 681 697 697 703 703 674 686 631 631 631 631 631 631 587 587 587 587 579 579 579 579 572 557 557 557 557 525 525 520 520 520 504 504 472 472 438 438 438 438 446 446 429 429 381 412 367 405 362 362 367 367 332 332 343 343 333 333 282 300 300 300 282 283 283 283 202 253 253 202 202 202 202 229 202 202 202 194 168 167 174 146 146 146 146 104 125 125 104 104 22 22 22 84 66 66 22 22 22 10 10 10 10 
995 973 959 959 959 972 972 930 930 930 930 879 879 879 879 858 858 858 858 879 840 840 840 768 768 768 768 794 794 794 794 766 767 767 767 744 744 681 681 697 697 697 704 674 674 674 674 631 631 631 631 587 587 587 587 608 601 579 579 572 572 572 557 557 497 497 520 520 520 504 504 429 429 429 438 438 429 429 429 429 429 381 412 367 367 367 367 367 367 332 343 343 333 333 333 282 282 300 300 282 283 283 283 202 202 202 202 202 202 202 202 202 202 202 194 168 167 167 167 146 146 147 104 104 104 104 104 104 84 84 84 12 12 12 12 22 10 31 12 12 
995 973 959 959 982 972 930 930 930 946 946 879 879 879 879 879 879 879 879 879 840 840 840 840 840 831 768 805 794 794 795 766 767 767 681 681 681 681 697 697 722 697 696 696 674 674 631 631 631 631 630 630 587 587 587 587 601 579 579 579 579 497 497 497 497 520 520 520 520 504 504 429 429 429 429 438 429 429 429 429 430 381 412 396 396 396 367 367 367 332 343 343 333 333 322 322 282 282 282 282 296 113 113 113 271 113 113 202 202 230 230 157 157 157 194 168 168 168 168 160 84 84 84 130 84 84 104 104 84 84 84 12 12 57 12 22 22 31 12 12 
995 973 973 982 982 972 930 930 930 867 867 867 867 867 902 902 831 831 831 880 840 840 840 840 841 831 768 805 805 805 766 766 767 767 681 681 681 681 680 680 722 697 696 696 674 674 631 653 653 653 630 630 630 587 587 587 587 587 587 587 497 497 566 520 520 520 520 497 497 513 497 497 429 481 429 429 429 429 429 429 381 381 412 396 396 381 381 381 367 332 332 332 332 333 322 322 238 238 238 238 296 113 113 113 113 113 113 113 230 230 157 157 210 157 157 175 175 84 84 160 84 148 84 84 84 84 104 104 84 74 74 74 12 12 12 46 22 22 22 12 
995 995 973 982 982 972 930 930 930 867 867 867 867 867 867 902 831 831 831 831 831 831 831 831 831 831 768 768 805 805 766 766 767 767 768 681 681 681 680 680 722 697 696 696 680 680 631 614 614 614 614 614 614 614 497 497 497 497 497 497 497 573 566 520 520 520 520 497 497 513 497 497 429 429 473 466 421 421 421 439 381 381 381 381 381 381 367 367 367 332 332 332 332 322 322 322 238 238 238 238 238 238 113 113 113 113 260 113 113 157 157 203 203 203 157 175 84 84 84 84 84 148 84 84 84 84 105 105 84 74 12 12 12 12 12 12 12 12 12 12 
973 973 973 973 973 972 972 930 930 867 867 867 867 867 867 902 902 831 831 831 831 831 859 824 824 824 824 768 766 766 766 766 768 768 768 681 681 680 680 680 680 697 697 697 680 680 631 614 614 614 614 631 631 614 497 589 589 589 589 573 573 573 566 520 520 543 497 497 497 497 497 497 429 429 466 466 421 454 421 421 421 421 421 391 391 391 391 382 332 332 332 318 318 322 322 322 238 238 238 238 238 238 113 113 113 113 260 113 113 157 157 157 157 157 157 175 84 84 84 84 84 148 84 84 84 105 105 106 84 74 12 12 12 12 12 12 12 12 13 13 
973 973 973 973 973 972 972 930 930 930 867 867 903 867 867 867 867 867 831 831 831 831 859 824 842 768 768 768 806 806 768 768 768 776 712 712 681 680 680 680 680 680 680 680 680 680 631 668 614 614 614 631 632 614 497 589 573 573 590 573 573 573 566 497 497 497 497 505 505 505 497 497 429 429 466 466 421 454 421 421 421 421 391 391 397 397 382 382 332 332 332 318 318 306 306 323 238 238 238 238 238 238 238 238 238 238 260 113 157 157 157 157 157 157 195 175 175 175 84 84 84 84 84 84 84 84 84 84 84 12 12 12 67 12 12 12 12 12 13 13 
973 973 989 989 973 973 973 930 930 930 940 940 903 903 903 903 903 867 881 831 831 831 824 824 768 768 768 768 768 768 768 776 776 776 712 712 681 681 735 680 680 680 681 681 681 681 631 631 631 631 631 631 632 614 497 497 573 573 573 573 566 566 566 497 497 497 538 505 506 505 505 429 429 429 466 466 421 421 421 421 421 391 391 398 397 397 382 363 363 363 363 318 352 306 306 306 238 238 238 238 238 289 238 238 238 238 260 113 113 113 113 157 157 157 195 175 175 176 157 157 157 131 131 131 84 84 12 12 12 12 12 12 67 58 13 13 13 13 13 13 
930 930 930 930 930 977 930 930 930 955 904 904 904 904 903 903 867 867 881 831 831 831 824 852 768 768 768 781 781 768 768 776 776 776 712 712 712 681 681 681 681 681 681 698 632 632 632 632 632 632 632 632 632 614 614 497 497 573 573 588 566 566 566 497 505 505 505 505 506 505 505 429 487 458 458 458 458 421 421 391 391 391 391 398 398 382 382 363 363 363 318 318 352 306 306 324 306 306 289 289 297 289 238 238 238 238 238 238 238 238 113 157 157 157 195 175 175 176 157 157 157 131 131 131 113 113 12 12 12 12 12 75 58 58 13 13 13 13 13 13 
930 983 983 983 930 930 930 966 930 955 904 904 904 904 903 903 867 867 881 881 781 781 824 852 768 768 824 781 781 796 796 776 776 776 712 757 712 712 712 712 712 681 681 632 632 660 632 632 660 632 632 609 609 609 609 609 497 497 497 497 497 497 566 497 505 505 505 526 506 506 506 429 458 458 391 391 459 421 421 391 391 391 391 398 398 382 382 382 363 363 318 318 318 334 306 306 306 306 289 289 297 289 238 272 272 238 238 238 238 238 113 211 211 157 157 157 157 157 157 157 157 113 113 113 113 113 113 107 12 12 12 58 58 58 13 13 32 32 13 13 
930 930 930 983 983 966 966 966 930 930 904 904 904 904 904 904 904 867 881 881 781 781 824 824 824 824 824 781 810 796 796 776 776 776 712 712 712 712 712 712 712 712 705 632 660 660 660 660 660 609 609 609 623 623 615 560 560 560 560 580 580 497 497 497 505 505 505 429 429 506 506 429 429 429 391 391 391 391 391 391 391 391 391 398 398 398 382 382 363 363 357 357 318 334 334 317 317 306 289 289 289 289 238 272 272 238 238 238 220 220 113 113 113 113 113 113 113 113 113 113 113 113 113 97 97 97 97 107 12 12 12 58 58 58 14 14 32 32 14 14 
930 930 930 930 930 966 966 966 930 930 904 941 904 904 904 867 867 867 881 881 781 781 781 781 781 824 824 781 810 796 796 781 781 712 712 712 712 712 688 688 723 705 705 632 660 660 660 660 660 609 609 609 623 615 615 560 560 595 560 560 581 539 497 497 550 429 429 429 429 506 506 429 429 429 391 391 391 399 399 399 391 391 391 399 399 399 318 318 318 318 357 318 318 335 335 317 317 306 289 289 289 290 238 272 272 238 238 238 247 220 220 220 196 196 196 68 68 68 68 68 113 113 113 97 97 97 97 97 97 12 12 76 68 33 33 14 14 14 14 15 
930 930 990 990 930 930 930 930 930 956 904 904 931 931 904 867 867 867 867 882 781 781 781 781 781 824 824 781 810 781 781 781 782 712 712 712 712 745 688 688 723 705 705 632 632 632 616 616 616 616 623 623 623 623 616 560 560 559 559 560 560 539 539 558 429 429 429 429 429 429 429 488 488 429 460 460 460 399 399 399 399 399 399 399 318 318 318 371 371 318 318 318 317 317 317 317 317 306 254 254 290 290 238 238 238 238 247 247 247 221 221 221 196 196 196 68 68 68 68 68 68 68 68 68 68 68 68 68 68 92 68 68 68 33 33 33 33 15 15 15 
990 990 990 991 930 930 942 942 947 947 947 904 904 904 904 867 867 895 867 867 867 867 781 781 781 781 781 781 810 781 758 758 758 758 758 758 752 688 688 687 687 687 687 687 687 632 616 661 661 616 616 623 623 623 616 560 560 559 559 559 560 560 539 539 429 429 429 429 429 429 429 429 429 429 460 460 460 447 447 440 424 424 318 318 318 318 318 371 371 371 318 318 344 344 318 318 306 306 254 254 254 254 221 221 221 266 247 247 247 221 221 221 188 188 188 188 68 68 68 132 132 132 132 132 120 120 68 68 68 68 68 69 69 47 47 47 33 15 15 15 
990 990 990 960 960 960 942 942 942 942 942 942 905 905 905 867 867 895 867 867 872 868 781 843 843 781 781 810 810 781 758 758 758 758 752 752 752 688 736 687 713 713 687 687 687 632 616 661 616 616 616 616 616 616 616 560 560 560 560 559 559 559 567 539 539 429 429 429 429 429 429 429 474 474 474 447 447 447 440 440 424 424 318 318 318 318 318 318 318 318 358 358 318 318 318 318 306 315 254 254 254 254 221 277 221 221 221 221 221 221 222 222 188 188 120 120 120 120 120 120 120 120 120 120 120 86 86 85 85 85 85 69 69 47 47 47 33 15 15 16 
990 990 990 960 960 960 942 942 942 942 942 905 905 921 905 905 905 868 868 868 868 868 781 843 843 832 781 781 781 781 789 788 752 752 752 752 752 688 736 687 713 713 687 687 687 632 616 616 616 603 603 624 616 616 617 560 602 560 560 560 582 559 559 559 539 539 539 489 489 489 489 498 474 474 474 447 447 447 440 440 424 424 318 318 318 318 318 318 359 318 318 318 318 345 336 318 306 306 306 254 254 254 221 221 221 221 221 221 221 221 222 120 120 120 120 120 120 161 161 161 120 120 140 120 120 86 85 85 85 85 69 69 69 47 48 48 33 33 15 16 
990 990 960 960 960 960 960 960 960 935 935 905 934 921 921 905 905 868 860 860 860 869 781 781 781 832 781 781 811 789 789 788 752 752 752 752 752 688 688 687 713 713 687 687 687 632 675 616 616 603 603 624 624 624 560 560 560 560 562 560 560 559 559 560 539 539 489 489 489 489 489 489 489 474 474 447 447 447 440 440 372 413 413 413 383 383 318 318 359 359 359 359 336 336 336 318 318 307 307 254 254 254 254 254 254 254 221 221 221 221 222 120 161 161 161 161 161 161 149 149 149 149 120 120 120 86 85 108 85 85 69 69 69 47 15 15 15 15 15 16 
990 990 960 984 984 960 960 935 935 935 935 905 905 905 905 905 868 868 860 883 860 860 860 781 781 781 781 781 811 789 797 788 752 752 752 752 753 688 688 687 687 687 687 632 632 632 632 603 603 603 603 625 625 625 560 560 560 596 562 562 560 560 560 560 544 544 489 527 490 490 490 499 475 475 475 447 447 384 384 384 372 413 383 383 383 383 392 336 336 336 336 336 336 336 336 307 307 307 308 179 179 291 120 120 120 254 254 254 221 221 120 120 77 77 77 161 161 149 149 149 149 149 120 120 120 86 86 86 86 86 86 69 69 47 15 16 16 15 15 16 
999 999 960 984 984 960 960 935 935 935 935 935 935 922 922 868 868 868 860 860 860 860 781 781 781 781 789 789 789 789 788 788 752 752 769 752 752 688 731 731 724 706 706 632 632 632 632 603 654 654 603 603 603 603 603 603 603 562 562 562 583 544 544 544 544 489 489 490 490 507 490 490 475 475 384 384 384 384 384 384 372 372 383 383 383 383 383 336 336 336 336 336 336 336 336 307 308 308 308 179 179 179 120 120 120 120 120 120 221 221 120 212 77 77 77 77 77 149 149 149 77 77 141 77 77 77 77 77 77 77 77 77 47 47 15 15 16 16 16 16 
999 999 960 960 960 978 960 935 935 935 935 935 935 922 922 868 868 868 887 860 860 860 781 781 781 833 789 789 789 807 788 788 752 752 752 752 752 688 688 688 724 706 706 632 632 632 632 603 654 647 647 603 603 562 562 562 562 562 583 583 583 544 568 544 544 489 489 490 521 507 507 490 490 475 384 384 384 384 384 384 431 372 372 372 372 372 383 383 336 336 336 336 336 336 336 307 308 308 179 179 179 179 179 120 273 120 120 120 120 120 120 212 212 77 77 77 77 77 77 77 77 77 77 77 121 121 47 47 98 47 47 47 47 59 51 15 17 16 16 17 
999 999 960 960 960 978 960 935 935 935 935 922 922 922 922 868 868 868 860 860 860 860 716 716 716 808 808 816 789 789 788 788 752 777 770 732 732 732 732 688 724 688 688 688 688 603 603 603 603 603 603 603 603 562 610 610 528 528 583 583 583 544 544 502 502 545 489 490 490 490 490 490 467 467 467 384 461 455 384 384 384 384 384 384 384 372 372 372 372 372 336 336 336 336 307 307 308 308 179 301 179 179 179 120 120 120 213 213 213 213 213 213 213 77 77 77 77 77 77 142 142 77 77 77 77 47 47 47 47 47 59 59 59 59 51 15 17 17 17 17 
996 996 996 992 960 960 960 890 890 890 890 922 922 922 922 868 868 868 860 860 860 861 861 716 716 808 808 808 808 789 789 789 676 676 770 732 732 732 732 688 688 688 699 699 603 603 603 603 603 603 639 639 603 562 562 562 528 528 528 502 502 544 544 502 502 545 489 489 489 490 490 490 467 467 467 384 384 455 384 384 384 425 384 384 384 384 384 372 372 347 347 347 347 307 307 325 308 179 179 301 179 179 179 120 120 120 120 120 213 213 213 213 214 77 77 77 77 77 77 142 142 77 77 77 77 47 114 47 47 47 59 51 51 51 51 15 15 15 15 18 
996 890 890 992 985 890 890 890 890 890 890 890 890 716 716 716 716 888 888 716 716 716 716 716 844 808 808 808 808 808 789 789 676 676 676 732 732 732 732 732 688 688 699 699 603 603 603 603 655 603 603 640 603 562 562 562 528 528 528 502 502 544 544 502 502 502 502 502 489 489 489 500 467 467 476 467 384 384 384 384 425 425 384 384 400 400 384 372 372 347 347 347 347 307 325 325 308 179 179 179 179 179 179 179 179 179 261 179 179 179 231 179 179 179 179 179 179 77 77 162 142 142 142 47 47 47 114 47 47 47 59 51 51 51 51 15 15 15 15 18 
890 890 890 890 985 890 936 936 890 890 890 890 890 716 716 716 716 716 716 716 716 853 853 834 834 808 817 817 808 808 798 676 676 676 676 676 754 676 676 676 676 714 676 676 676 676 676 603 655 655 603 603 603 562 562 562 528 528 502 502 502 502 502 502 551 546 502 502 501 501 489 489 489 467 467 467 462 384 384 384 384 384 401 401 400 400 384 384 376 347 347 347 347 307 307 307 308 179 179 179 179 179 179 179 239 179 179 179 248 179 179 179 179 179 179 180 180 158 158 158 158 142 142 47 114 114 114 59 59 93 59 59 59 51 51 15 34 34 18 18 
890 890 890 890 985 890 936 936 890 890 890 890 936 890 890 716 716 896 716 884 716 853 853 834 834 808 808 808 808 808 798 676 676 676 771 676 676 676 725 725 676 676 676 677 677 677 677 618 618 618 618 618 618 626 562 562 528 528 502 502 502 502 528 528 528 546 502 502 502 501 501 501 462 462 462 462 462 384 384 384 384 384 384 401 400 400 384 384 376 347 353 353 307 307 307 307 308 308 308 179 179 179 179 278 239 239 239 239 239 179 179 223 179 204 158 158 158 158 143 143 143 142 142 47 47 59 59 59 59 93 59 59 59 35 35 15 15 15 18 18 
890 890 890 890 985 890 936 936 936 936 936 936 936 890 890 890 716 716 716 716 716 853 853 834 834 834 818 818 798 798 798 746 746 746 746 746 746 746 725 725 725 707 707 677 677 682 618 618 633 633 633 633 618 618 562 562 528 528 528 528 528 528 528 561 528 528 528 528 502 502 502 502 462 462 462 462 432 432 448 384 384 384 384 401 401 401 393 376 376 347 353 353 307 346 307 307 308 308 308 274 274 274 240 240 240 239 239 239 239 179 179 179 179 204 158 158 158 158 143 163 143 143 143 47 47 59 59 59 59 59 59 78 35 35 35 15 15 15 23 18 
890 997 997 890 985 890 890 957 957 957 890 890 890 890 890 890 906 716 889 716 716 853 853 853 834 834 818 798 798 798 798 746 746 746 746 746 725 725 725 726 726 707 707 677 677 618 618 633 633 648 648 633 633 618 618 562 574 574 574 574 528 528 561 561 514 514 528 528 432 432 432 432 432 462 432 432 432 432 432 432 432 376 376 376 376 376 393 376 347 347 353 353 307 307 307 307 303 303 302 274 240 240 240 240 240 239 239 239 239 239 197 197 197 197 197 158 158 143 143 143 150 150 47 47 59 59 59 59 61 61 70 70 35 60 35 35 35 15 23 18 
890 890 890 890 890 890 890 957 890 890 890 932 932 932 890 890 890 716 716 873 873 818 818 818 845 818 818 798 799 798 798 746 783 746 746 746 725 725 726 726 690 690 690 677 689 618 618 633 662 621 621 621 619 619 619 562 574 574 574 574 528 528 514 514 514 514 514 514 432 432 432 432 432 432 432 432 432 433 433 432 432 376 406 406 376 376 376 376 347 347 347 353 353 307 307 307 303 303 302 274 274 284 284 240 240 240 262 240 240 240 197 197 197 197 197 181 181 143 143 143 150 150 47 133 59 59 59 59 59 61 70 70 35 60 35 35 35 15 15 18 
890 890 890 890 974 974 974 890 890 948 948 914 914 914 914 914 890 890 716 873 873 854 854 818 818 818 798 798 799 799 799 746 746 746 772 746 725 725 715 715 690 690 690 677 677 677 618 633 633 621 649 621 619 619 619 562 574 574 574 574 574 574 514 514 514 514 514 514 522 432 508 432 432 432 432 432 432 433 433 433 433 376 406 406 376 376 376 385 354 354 347 347 347 347 307 307 303 303 302 302 274 274 274 274 274 240 240 240 241 241 197 197 197 197 197 181 169 169 169 47 47 47 47 133 59 59 59 59 59 61 70 70 35 35 35 35 35 35 15 15 
890 890 914 890 974 890 890 890 914 914 914 914 937 914 914 907 907 890 716 854 854 854 854 854 798 798 798 798 809 809 772 772 772 772 772 746 725 747 715 715 690 690 690 690 690 677 618 618 633 621 621 621 620 620 620 562 562 562 562 562 562 575 562 562 514 514 514 514 522 432 432 432 491 432 432 432 432 433 433 376 376 376 376 406 406 376 376 385 354 354 354 354 354 326 326 326 319 303 298 298 298 224 224 224 224 224 224 241 241 224 224 224 181 181 181 181 169 169 169 47 59 59 59 59 59 122 61 61 61 61 70 70 70 38 38 49 38 24 24 15 
998 998 914 890 890 890 967 967 914 914 914 915 915 923 923 907 907 890 716 854 716 716 798 798 798 798 798 798 809 809 772 772 772 746 746 746 725 725 715 715 690 690 690 618 618 677 618 618 621 621 621 621 620 620 620 563 563 563 563 563 562 562 562 563 514 547 514 514 514 514 432 432 432 432 432 432 432 433 433 376 376 376 376 414 407 373 373 373 373 373 348 348 348 348 327 327 319 303 298 298 298 224 224 224 224 224 224 224 224 224 225 181 181 198 181 181 169 169 47 47 59 59 59 59 59 122 61 94 94 94 38 38 38 38 38 38 38 24 25 15 
998 998 914 914 914 914 914 968 914 914 914 907 915 923 923 915 907 890 716 716 716 716 798 798 716 716 716 716 716 716 716 716 716 746 746 746 746 725 725 715 715 715 618 618 618 677 618 663 621 621 621 621 621 627 563 563 591 591 591 563 563 563 569 563 514 547 514 514 514 515 432 432 432 482 432 432 449 449 449 376 376 376 407 407 407 373 373 386 373 373 348 348 327 327 327 319 319 303 303 303 298 224 224 224 224 224 224 255 224 224 225 181 181 198 198 189 47 47 47 47 47 47 47 126 126 61 61 94 94 94 38 38 38 38 38 38 15 24 15 15 
998 1000 998 949 949 949 914 914 914 914 914 907 915 915 915 915 907 890 890 716 716 716 862 716 716 790 790 716 716 800 800 790 716 746 746 746 746 748 716 716 715 715 618 618 618 618 618 663 621 621 621 621 621 563 563 597 591 591 576 576 576 563 563 563 514 514 514 514 515 515 432 432 432 482 432 432 449 449 407 407 407 407 407 415 373 373 373 373 373 327 327 327 327 327 327 319 319 303 303 304 298 224 224 224 224 267 224 242 242 242 225 225 181 181 181 189 47 47 47 47 126 126 126 126 127 61 109 109 61 61 61 61 61 61 38 38 15 15 15 19 
998 998 998 949 949 949 949 949 949 949 949 907 907 907 907 907 907 890 890 716 716 716 716 716 846 790 790 790 790 790 790 790 716 716 716 716 716 716 716 716 716 716 618 618 691 618 618 663 663 621 621 621 621 621 621 597 597 597 576 576 576 576 563 563 514 514 514 514 515 515 432 432 432 432 432 468 449 449 407 407 407 407 415 415 373 373 373 373 373 327 327 327 327 327 327 319 319 303 303 298 298 224 224 224 224 224 224 242 242 242 181 181 181 181 181 189 47 47 47 47 126 126 126 126 127 61 61 61 61 62 62 62 62 62 38 38 15 15 19 19 
