963 963 943 943 943 928 928 858 858 910 858 858 858 858 858 858 858 851 839 839 804 804 804 804 804 759 759 759 759 759 759 759 714 714 714 714 616 616 616 616 616 673 673 673 616 616 616 616 632 632 616 616 590 590 552 552 552 552 552 552 436 436 436 436 436 492 492 492 492 492 492 436 436 436 436 448 448 436 423 423 423 403 403 403 322 322 322 322 322 322 322 322 322 322 322 310 310 266 266 276 276 276 256 256 256 217 217 217 217 217 200 200 200 191 179 135 135 135 116 116 116 116 116 116 36 36 36 36 36 36 36 36 36 36 46 30 30 1 1 1 
943 964 943 949 928 928 858 858 858 858 858 858 858 883 851 851 851 851 839 839 804 817 817 805 805 759 714 714 714 714 714 714 714 714 714 714 616 616 616 699 616 616 616 616 616 616 616 616 616 633 616 616 590 590 552 552 552 552 552 552 436 436 436 436 436 436 436 436 436 436 436 436 372 372 436 436 436 436 423 423 423 403 403 403 322 322 322 322 322 322 322 310 310 310 310 310 311 266 266 276 276 256 256 256 256 217 217 217 200 200 200 191 191 191 179 135 116 116 116 134 134 116 116 117 36 36 36 36 36 36 36 36 36 36 36 30 30 1 1 1 
943 943 943 928 928 928 858 858 858 858 858 851 851 851 851 851 844 844 844 804 804 817 805 805 759 759 714 714 714 714 714 714 714 714 737 714 714 714 616 666 666 666 666 616 616 634 634 616 616 616 616 616 590 590 552 552 552 552 552 552 552 552 530 530 530 436 436 493 493 493 493 480 372 372 436 436 436 436 372 372 372 414 396 396 396 322 322 322 322 322 322 339 339 266 266 266 266 266 266 266 266 256 256 248 248 248 217 217 200 200 200 191 192 192 179 135 116 151 151 134 134 116 116 116 104 104 75 36 36 36 36 36 36 36 36 36 30 18 18 2 
943 943 957 928 928 928 851 851 858 858 858 851 851 851 851 851 844 804 804 804 830 817 817 759 759 714 714 714 714 714 714 714 714 714 714 714 714 714 707 666 666 666 666 616 616 634 634 616 616 616 590 590 590 590 552 552 552 552 559 559 552 552 530 480 480 480 480 480 480 480 480 480 372 372 372 372 449 437 372 372 372 372 396 331 331 331 331 331 366 322 322 339 339 266 315 315 277 277 277 277 266 256 256 248 248 104 104 104 104 218 191 191 192 192 179 135 116 116 116 116 116 116 116 116 104 105 75 75 36 36 69 2 2 36 36 36 30 18 18 2 
943 943 943 851 851 851 851 851 851 851 903 851 851 884 769 769 844 804 845 817 817 817 817 759 806 714 714 785 714 714 714 745 745 745 667 667 667 667 707 666 666 666 666 666 666 634 634 647 616 616 591 591 591 590 590 552 552 552 559 559 480 480 530 480 531 526 480 480 480 372 372 372 372 461 461 372 372 437 372 372 424 372 372 331 397 331 381 331 331 346 346 346 266 266 315 315 277 277 277 277 266 266 266 266 248 104 104 104 104 104 191 104 104 179 179 135 135 135 145 145 135 104 104 104 104 95 95 75 36 36 69 2 2 2 2 2 30 18 18 2 
943 943 943 851 851 851 851 851 851 851 903 851 884 884 769 769 844 804 804 817 817 827 759 759 759 759 714 714 714 768 768 745 745 745 667 720 720 667 667 667 667 666 666 666 666 634 634 634 634 634 591 591 591 591 591 571 571 571 480 480 480 480 530 480 531 526 480 480 480 372 372 461 461 461 372 372 372 372 372 372 372 372 372 331 331 331 381 371 331 346 266 266 266 323 323 277 277 306 248 248 248 248 248 248 248 219 219 104 104 104 104 104 104 104 104 104 104 135 135 135 135 104 104 95 95 95 96 75 75 75 2 2 2 2 2 2 30 18 18 2 
968 943 943 851 851 851 851 851 903 903 903 851 769 769 769 769 769 817 817 817 817 827 759 759 759 759 754 754 754 754 754 754 754 746 667 720 700 700 700 700 667 674 674 674 667 634 634 648 634 634 625 591 591 591 591 571 571 571 480 553 553 480 480 480 531 526 480 480 501 501 372 372 372 372 372 372 450 372 372 372 372 372 372 372 331 331 381 371 331 346 266 266 266 267 267 277 306 306 248 285 285 248 248 248 219 219 219 236 104 104 104 104 201 193 104 104 104 104 104 146 104 104 104 95 95 95 81 81 81 76 2 2 2 2 2 2 2 2 2 2 
911 911 911 851 851 851 851 851 851 851 851 851 769 831 831 867 769 769 769 769 769 827 759 759 759 759 754 754 754 779 769 738 746 746 667 667 700 700 700 667 667 674 674 667 667 634 634 634 639 625 625 480 480 480 480 480 480 480 480 553 553 480 480 538 526 526 512 512 501 501 372 372 466 372 372 372 372 372 373 373 373 373 373 372 372 372 372 371 331 346 266 266 266 267 267 277 277 248 248 285 285 248 248 248 219 219 219 236 104 104 104 104 201 193 104 104 161 161 104 104 104 129 110 110 110 95 81 76 76 76 2 2 37 37 37 2 2 2 2 3 
911 911 911 911 911 911 911 923 911 911 851 851 769 769 831 831 831 831 831 831 769 769 769 769 769 769 754 754 754 769 769 738 746 746 738 667 667 667 700 667 674 674 674 667 667 634 634 634 625 625 625 480 480 480 480 553 553 553 553 553 553 538 538 538 526 527 512 512 501 501 430 430 466 466 438 438 372 372 373 373 373 415 373 373 373 386 372 371 331 331 331 267 267 267 267 316 277 248 295 248 248 248 248 248 219 219 219 219 219 219 104 104 193 193 104 104 81 81 81 81 110 110 110 95 95 95 81 76 82 77 2 37 37 37 37 37 2 2 2 3 
911 911 911 911 911 929 911 911 911 769 769 769 769 769 832 832 832 846 846 831 769 769 818 770 770 769 769 769 769 769 770 738 738 738 738 728 667 667 667 667 667 667 667 675 667 634 634 640 625 625 625 480 480 480 480 553 580 553 553 560 553 538 538 538 526 430 430 430 430 430 430 430 430 430 438 438 438 438 373 373 373 373 373 373 373 386 372 371 358 358 331 267 340 307 307 307 277 248 248 248 277 277 219 219 219 249 219 219 81 81 81 81 193 193 81 81 81 81 81 81 81 123 123 95 95 81 81 76 82 77 2 37 37 37 38 38 2 2 19 3 
911 911 911 911 911 929 929 769 769 769 769 769 769 769 832 832 832 846 846 831 831 818 818 770 770 770 770 770 770 770 770 728 728 728 728 728 667 667 667 667 667 691 667 667 667 634 634 640 640 480 480 480 592 592 592 553 580 553 553 560 553 553 526 526 526 430 430 430 430 462 462 462 462 430 430 430 430 430 430 416 416 416 373 373 373 372 372 372 358 359 331 267 307 307 324 307 277 296 296 277 277 278 219 219 257 227 227 227 81 81 81 81 81 81 81 81 136 136 136 136 81 81 81 81 81 81 76 76 77 77 2 56 56 2 2 2 2 2 3 3 
911 911 911 911 933 929 929 769 769 904 904 769 769 885 832 832 832 818 818 818 818 818 728 728 770 770 794 771 771 771 771 728 728 729 729 729 721 626 626 626 626 626 626 626 626 626 626 626 480 480 592 592 592 592 592 553 553 553 553 553 553 553 526 526 532 430 430 462 462 462 462 462 462 430 430 454 430 430 430 416 416 416 404 404 373 372 372 372 358 331 331 267 307 324 324 307 277 277 277 277 278 278 219 219 257 227 227 227 227 81 81 81 81 81 180 81 136 136 136 136 136 76 76 76 76 76 76 88 77 2 2 56 56 2 39 39 2 2 3 3 
911 911 911 911 933 933 769 769 769 769 769 769 769 769 769 868 832 847 847 818 818 728 728 728 770 770 771 771 772 772 772 728 728 721 721 721 721 626 626 626 626 626 626 656 656 656 656 626 480 480 592 592 609 592 592 561 561 561 561 561 526 526 526 526 430 430 462 462 462 462 462 462 462 462 462 454 430 430 430 430 404 404 404 405 373 373 373 373 367 331 353 267 307 307 307 307 307 267 267 267 278 219 219 219 219 227 227 227 227 81 81 81 81 81 81 81 162 162 136 136 136 76 76 76 76 97 97 77 77 2 2 2 2 2 4 4 3 3 3 3 
965 965 911 911 934 934 769 769 769 769 769 769 890 769 769 832 832 847 818 818 818 728 728 728 771 771 771 772 772 728 728 728 755 721 721 721 708 708 626 626 626 686 686 656 656 656 657 626 641 480 592 592 609 592 592 561 561 561 561 561 526 544 544 430 430 528 462 462 462 462 462 463 462 462 332 454 332 332 430 430 404 417 405 405 348 348 348 367 367 331 331 267 307 307 307 317 307 267 267 267 278 219 219 219 219 227 238 227 227 59 59 59 59 137 137 137 137 137 137 137 137 58 58 97 97 97 97 77 77 57 57 57 2 2 4 4 3 3 3 3 
965 965 911 911 934 934 769 769 769 769 769 769 890 769 875 832 847 847 818 818 818 728 728 728 771 771 772 772 728 728 755 755 755 721 721 721 708 708 626 626 626 626 687 656 656 656 657 626 641 480 601 601 476 476 476 586 561 561 562 562 526 544 430 430 528 528 462 462 462 462 462 463 463 463 332 332 332 332 430 430 404 417 405 405 348 387 348 367 331 331 331 267 267 330 267 267 307 307 267 267 267 267 267 227 227 227 227 228 228 59 59 59 59 137 137 137 163 163 58 58 58 58 58 97 97 97 97 77 77 57 57 57 57 4 4 4 4 3 3 3 
965 965 911 911 935 935 769 769 769 769 769 769 769 769 875 832 832 832 832 832 832 728 728 728 771 771 772 772 728 755 755 755 755 721 721 721 708 708 708 626 626 626 687 656 656 656 657 626 641 480 601 601 476 476 476 586 562 562 562 526 526 544 430 462 528 462 462 462 462 481 481 481 475 463 463 455 451 332 332 332 404 404 404 348 348 348 348 367 331 347 347 347 267 267 267 267 267 267 267 291 267 267 267 267 227 250 227 59 59 59 205 205 59 137 137 58 58 58 58 138 138 58 58 97 97 106 48 48 83 48 48 67 4 4 47 4 4 4 3 3 
912 912 912 912 912 936 769 769 769 769 769 896 769 769 875 832 832 840 840 840 728 728 728 728 728 728 772 772 728 755 755 715 715 715 715 715 708 708 708 656 656 687 687 656 657 657 657 626 626 480 601 617 476 476 476 476 562 562 562 526 526 430 430 462 462 462 475 475 475 475 475 475 475 430 430 455 451 332 332 332 332 332 404 348 348 348 348 331 331 347 347 331 331 318 318 318 297 297 291 291 267 267 267 267 227 250 227 59 229 205 205 59 59 58 58 58 138 138 152 138 139 58 58 58 48 48 48 48 48 48 48 4 4 47 47 4 4 4 4 4 
912 912 912 950 912 912 833 833 769 769 896 896 833 833 875 833 833 833 833 841 728 728 728 807 807 728 772 772 728 728 755 715 715 715 715 715 715 715 656 656 656 656 656 656 657 658 658 626 626 480 601 601 476 476 593 476 476 562 562 526 526 430 430 430 430 520 475 475 475 430 430 482 430 430 430 430 451 439 430 430 332 332 348 348 348 348 348 331 331 331 331 331 331 318 318 297 297 297 291 292 279 279 267 267 227 227 227 59 205 205 210 59 59 59 181 138 138 138 138 138 139 111 111 58 48 89 89 89 48 48 48 4 40 40 40 40 4 4 4 4 
912 912 912 912 912 912 833 833 833 833 833 833 833 833 833 833 833 833 833 833 833 808 808 807 807 728 728 728 728 728 755 715 715 715 715 656 656 656 656 656 656 676 676 676 657 658 658 626 626 626 626 601 601 601 476 476 476 476 476 539 539 539 539 430 430 520 520 430 430 430 430 430 430 464 464 430 430 439 430 430 332 348 348 398 398 348 348 348 331 331 348 348 331 331 318 297 297 297 291 291 279 279 267 267 258 227 227 59 205 205 210 59 59 59 181 138 138 138 138 111 111 111 111 58 48 48 48 90 48 48 48 4 4 4 4 4 4 4 4 4 
912 912 912 912 937 937 833 833 833 833 833 833 876 876 876 869 833 833 833 833 808 808 808 808 786 786 786 786 747 747 747 747 715 715 739 656 656 656 656 656 656 657 657 657 657 657 657 626 626 626 626 610 610 602 476 587 476 476 476 539 539 539 539 430 430 529 430 430 494 494 494 476 476 440 440 456 430 430 430 430 332 348 348 348 348 348 382 348 348 360 348 349 331 331 318 297 297 297 297 291 258 258 258 258 258 227 227 59 59 205 205 59 59 59 138 138 138 138 138 111 111 111 111 58 58 58 48 48 48 48 48 48 48 48 6 6 6 6 4 4 
912 912 912 912 937 937 833 833 833 833 833 833 876 876 876 869 833 833 833 833 808 808 808 808 786 786 786 786 747 747 747 747 747 747 730 730 709 709 656 656 656 657 657 657 657 657 657 627 627 627 627 610 610 602 476 587 476 476 476 539 539 539 539 539 430 430 430 513 476 476 476 476 477 440 440 440 440 440 332 332 332 409 409 348 348 382 382 348 348 348 348 349 332 332 318 297 297 59 59 291 258 59 59 59 59 59 59 59 59 59 205 59 194 194 138 138 138 138 153 111 111 111 111 58 58 58 58 58 58 48 48 48 58 48 6 6 6 6 20 5 
912 912 958 912 912 912 912 912 912 912 891 897 876 876 869 869 761 761 761 761 761 761 761 808 786 786 786 786 747 747 730 730 730 730 730 731 709 709 656 656 656 657 657 677 602 602 602 627 642 602 602 602 602 602 476 476 476 476 476 539 539 539 539 476 476 476 476 476 476 483 483 483 440 440 440 440 440 440 332 332 332 409 409 332 332 332 332 348 348 348 332 332 332 332 318 319 59 59 59 59 258 59 59 259 259 184 184 59 59 59 205 59 59 59 182 138 138 164 153 130 130 130 111 111 111 59 59 59 58 58 58 58 58 48 48 6 31 5 5 5 
914 914 914 914 912 912 912 912 913 913 891 876 876 876 869 869 761 828 828 828 828 761 761 808 808 786 786 747 747 747 730 730 748 748 711 711 711 709 709 656 656 657 657 677 602 602 602 627 642 602 603 603 603 603 476 476 478 478 476 476 476 476 476 476 485 485 514 483 483 483 495 484 440 467 440 440 440 440 354 354 332 332 332 332 388 388 332 332 332 332 332 332 332 332 318 319 59 308 59 59 59 59 59 184 184 184 184 184 184 184 205 59 59 59 59 153 153 153 153 130 130 118 118 118 59 59 98 59 59 59 59 59 59 6 6 6 5 5 5 5 
914 914 914 914 912 912 912 912 913 914 891 891 891 886 761 761 761 828 828 828 828 761 761 761 809 786 786 747 747 747 773 730 748 748 711 711 711 711 701 701 602 602 688 677 602 602 602 627 627 602 603 603 603 604 476 476 478 478 478 478 476 476 545 540 485 485 514 514 484 484 484 484 440 440 440 440 440 440 354 354 354 354 332 332 388 388 354 354 354 332 332 332 332 318 318 319 59 59 59 59 59 270 270 184 184 184 184 184 184 184 183 183 183 183 59 153 153 153 153 130 130 118 118 119 59 98 98 49 49 59 59 60 60 6 6 6 5 5 6 6 
914 914 914 951 913 913 913 913 913 914 898 898 886 886 761 828 828 828 828 828 834 761 761 761 798 798 795 760 760 773 773 730 748 748 711 711 711 711 701 602 602 602 602 677 602 628 602 602 627 602 603 603 603 594 594 478 478 555 555 478 540 540 540 540 485 485 521 484 484 485 485 485 478 440 440 440 440 440 410 410 410 354 354 354 354 354 354 354 354 354 354 332 332 318 325 59 59 59 59 59 286 270 270 184 184 184 184 184 184 184 183 183 183 183 59 165 153 153 59 59 59 118 118 59 59 98 98 49 49 49 70 60 60 6 6 6 6 5 6 6 
914 913 913 913 913 914 914 914 914 914 898 898 886 886 761 848 848 848 848 828 834 761 798 798 798 799 795 760 760 760 760 730 748 748 711 701 701 701 701 602 602 602 602 602 602 628 628 602 602 602 611 611 611 594 594 572 572 555 555 478 478 554 540 540 485 485 485 485 485 485 478 478 478 440 440 440 440 440 410 431 410 410 410 354 354 354 354 354 368 361 341 341 341 318 59 59 59 59 239 239 239 280 271 184 184 184 184 184 230 184 196 183 183 195 59 165 165 165 59 59 59 59 59 59 112 84 84 49 49 49 49 49 60 6 6 6 6 6 6 6 
914 913 944 944 944 914 870 870 916 870 870 870 870 886 761 761 761 761 761 828 828 761 761 813 760 760 760 760 760 760 760 760 711 711 711 701 701 701 702 702 602 602 662 661 661 661 628 649 611 611 611 618 594 594 594 572 572 572 555 555 478 478 478 478 485 485 485 478 478 478 478 486 468 468 361 361 361 361 410 410 410 411 411 354 354 354 354 361 361 361 341 341 342 318 59 239 239 239 239 239 239 271 271 184 184 184 184 184 184 184 196 196 183 195 59 59 59 59 59 59 140 131 120 120 112 84 84 49 49 49 49 49 60 6 6 6 6 6 6 7 
914 913 913 913 913 914 870 870 870 870 905 899 870 870 870 870 852 852 761 835 828 828 761 761 760 760 760 760 760 760 774 711 711 701 701 701 701 701 702 702 602 602 662 661 661 628 628 611 611 618 618 618 594 541 541 541 541 541 567 555 555 555 478 478 478 478 478 478 478 478 478 468 468 361 361 361 361 361 361 361 410 411 361 361 399 354 354 361 361 361 341 341 342 318 318 239 239 239 239 239 287 271 271 184 184 184 184 184 184 184 211 196 183 183 183 166 166 166 140 140 140 131 112 112 112 84 84 49 49 49 61 49 49 49 6 6 6 6 6 7 
914 913 913 913 913 914 870 870 870 899 899 899 871 871 871 871 852 853 761 835 835 819 819 761 760 760 760 760 760 760 774 711 756 701 701 701 701 701 702 702 689 689 662 678 628 628 659 611 643 618 618 594 594 541 541 541 541 541 541 541 541 541 478 478 478 478 478 478 478 478 478 468 361 361 457 361 361 361 361 361 410 410 361 361 361 361 361 361 361 361 341 341 318 318 318 239 239 239 239 239 287 271 271 166 166 251 166 166 166 184 184 196 196 196 166 166 172 140 140 131 131 131 112 112 84 84 84 49 49 49 61 61 61 49 49 6 6 6 6 7 
914 913 913 913 913 914 870 870 870 899 899 899 871 871 852 852 852 852 761 835 835 819 820 761 760 760 760 787 760 760 774 711 711 701 701 701 701 701 703 703 689 689 662 662 628 628 628 611 643 594 594 594 541 541 541 541 541 541 541 563 541 541 478 478 533 478 478 478 478 478 496 468 361 361 457 361 361 361 361 410 410 410 361 400 400 361 361 260 260 260 260 260 318 318 318 239 239 298 298 239 287 271 271 166 166 166 166 237 166 166 184 184 184 184 166 166 172 140 140 131 131 112 112 112 84 84 84 49 49 49 61 61 62 50 50 6 6 21 21 7 
914 914 914 914 914 914 870 870 917 871 871 871 871 871 852 852 852 852 761 836 836 819 820 761 760 760 760 760 760 780 711 711 711 701 701 701 701 716 679 679 689 689 662 662 662 662 628 643 643 594 594 594 541 541 541 541 541 541 541 563 541 541 478 478 468 468 468 468 468 468 496 468 468 361 457 361 361 441 361 410 361 361 361 400 400 389 260 260 260 260 260 260 318 318 260 260 260 260 299 239 239 239 271 166 166 166 166 166 231 166 173 173 202 184 184 166 166 140 140 131 131 112 112 112 84 84 84 49 49 49 50 50 62 50 7 7 7 21 21 7 
873 873 914 914 945 852 852 852 852 871 871 852 852 852 852 859 859 761 761 836 819 819 761 761 760 760 760 760 782 711 711 711 711 701 701 716 716 716 679 679 689 689 662 662 662 663 628 628 628 594 594 594 594 541 541 541 541 573 541 541 541 541 541 541 468 468 468 506 506 468 468 487 468 361 457 457 361 361 361 410 361 374 374 374 374 389 260 260 260 260 260 260 260 260 260 260 260 260 260 260 260 239 271 166 166 166 166 166 231 166 173 173 173 185 185 173 166 140 131 131 84 84 84 84 84 84 84 49 49 50 50 50 50 50 7 7 7 7 7 7 
873 873 914 914 945 852 852 852 852 915 871 852 854 854 859 859 860 761 761 761 819 761 761 761 761 761 782 782 782 711 711 711 711 711 711 711 722 679 679 679 679 689 689 679 594 594 594 650 628 628 628 594 594 595 595 468 468 468 468 468 468 468 468 468 468 468 468 497 497 497 468 487 468 361 361 361 452 410 410 410 361 374 374 374 374 260 260 260 260 260 260 260 260 326 326 293 293 293 260 260 260 239 239 166 166 166 166 166 231 166 166 206 173 185 173 173 166 140 131 84 84 84 84 121 84 84 49 49 49 50 50 68 50 50 7 7 7 7 7 7 
873 873 914 914 945 852 852 852 852 871 871 852 854 854 859 854 854 854 849 761 819 761 761 761 761 761 782 782 761 761 761 761 711 711 740 711 722 679 679 679 679 679 679 679 594 594 594 650 628 628 629 594 468 468 468 468 468 534 534 534 558 468 468 497 468 468 497 497 507 497 468 468 468 419 419 361 410 410 361 361 361 374 374 374 374 260 260 260 260 260 260 260 260 326 326 293 293 293 260 260 260 281 239 239 239 252 239 212 212 220 166 206 173 173 173 174 166 140 140 84 84 84 84 84 84 84 49 49 49 68 68 68 51 51 7 7 7 7 8 8 
873 873 952 952 900 900 852 918 918 871 871 852 854 854 854 854 849 849 849 789 789 761 761 810 761 761 761 761 761 781 762 762 711 711 740 711 679 679 679 679 695 668 668 680 668 594 594 650 628 628 594 594 468 468 468 468 468 534 534 534 468 468 468 497 497 497 497 497 497 497 497 419 419 419 419 361 410 410 361 361 418 374 374 374 374 260 260 260 260 326 326 326 326 326 326 293 293 293 260 260 260 281 239 239 239 239 239 212 212 212 166 166 166 197 166 166 166 167 132 132 132 132 84 84 113 84 84 84 84 68 51 51 51 51 51 7 7 7 7 7 
873 873 873 900 900 900 852 852 852 871 871 852 892 854 854 872 849 789 789 789 789 761 761 810 810 761 761 788 762 762 762 763 711 711 711 711 679 679 679 679 668 668 668 668 668 594 644 644 644 635 594 596 596 468 468 468 534 534 534 468 468 468 468 468 468 497 497 497 497 497 497 419 419 419 419 361 361 361 361 361 418 418 374 374 374 260 260 260 260 326 326 326 326 326 326 288 288 293 293 293 260 260 260 260 260 239 239 212 232 212 212 207 166 197 166 154 154 154 132 132 132 132 124 113 113 85 85 68 68 68 51 51 51 51 52 22 22 22 22 7 
873 873 873 900 900 900 900 900 852 852 852 852 892 854 854 872 849 789 789 789 789 821 821 788 788 788 788 788 762 762 762 711 711 711 711 679 679 679 679 679 664 664 664 668 668 594 644 644 644 635 594 596 596 468 468 468 534 534 534 468 468 468 468 468 468 515 515 515 497 497 497 419 419 419 453 453 453 361 361 432 419 419 374 374 374 383 383 350 350 326 326 326 326 326 326 288 288 288 288 288 288 240 240 240 240 240 240 212 212 221 207 207 166 166 166 154 154 154 154 132 132 133 124 113 113 85 85 68 68 68 68 68 52 52 52 22 22 7 7 7 
931 931 873 873 873 873 930 900 919 852 852 892 892 854 854 854 849 789 789 789 789 821 821 788 788 788 788 762 762 762 762 711 711 679 679 679 679 679 710 679 664 664 664 664 664 594 644 644 635 635 594 596 596 596 596 468 468 534 534 534 468 468 468 468 468 515 515 515 497 497 497 469 469 419 453 453 419 419 419 419 419 406 406 374 374 374 374 350 350 350 350 350 333 333 288 288 300 300 300 288 288 240 240 240 253 253 212 212 212 221 208 208 175 175 186 132 132 132 132 132 132 132 124 85 85 85 85 85 12 12 12 52 52 52 52 7 7 7 9 9 
931 873 873 873 873 873 930 900 900 900 900 892 892 854 877 854 849 789 789 811 811 811 821 788 788 788 788 762 762 762 762 711 711 679 679 679 679 679 679 679 696 664 664 664 664 594 594 594 594 594 594 619 612 581 581 468 468 534 534 534 546 546 546 468 468 516 516 516 469 469 469 469 469 419 419 419 419 419 419 419 419 406 406 374 374 374 374 374 362 362 333 333 333 334 288 320 300 300 289 289 289 240 240 240 253 253 212 212 212 221 208 175 175 175 175 132 147 147 147 147 132 132 124 85 85 99 99 85 12 12 12 52 52 52 7 7 7 7 7 10 
931 873 873 873 924 924 924 924 900 900 900 900 854 854 854 854 849 849 789 789 789 811 811 811 811 788 788 789 764 764 764 711 749 749 679 679 723 711 711 670 670 670 670 681 664 664 594 594 594 594 619 619 612 581 581 468 468 534 534 534 546 498 498 498 498 516 516 516 469 469 469 469 469 419 419 458 355 419 419 425 425 406 406 406 374 374 333 333 362 362 333 343 343 289 289 289 289 289 289 261 261 261 261 261 212 212 212 212 212 221 208 175 175 175 175 132 147 132 132 132 132 124 124 99 99 99 100 85 12 12 12 12 12 52 7 7 7 7 7 10 
931 873 873 873 924 924 924 924 854 854 854 854 854 887 854 854 861 822 822 842 789 789 789 789 789 789 789 789 764 764 764 711 711 723 723 732 723 711 670 670 670 670 670 670 621 621 621 621 621 621 574 574 612 581 581 581 581 534 534 534 542 542 542 542 498 498 522 469 469 469 470 470 469 355 355 355 355 419 419 425 425 406 406 406 374 374 333 333 333 333 333 343 289 289 327 289 289 289 289 261 290 261 261 261 212 212 212 212 212 208 208 175 175 175 175 132 132 132 132 141 141 124 99 99 99 99 100 85 12 12 12 12 12 10 10 10 10 10 10 10 
931 931 959 873 873 854 854 854 854 854 854 854 878 878 878 854 822 822 822 822 822 822 822 800 800 790 790 790 764 764 764 764 711 723 723 723 723 711 670 670 670 670 670 670 621 621 621 621 645 621 630 574 574 581 581 588 564 564 564 534 542 542 542 534 534 498 498 469 469 469 470 470 469 355 355 355 425 425 425 425 425 420 390 390 401 333 333 333 333 333 343 343 289 335 327 289 289 289 289 261 290 261 268 268 212 212 212 212 212 208 213 175 175 175 175 175 132 132 132 124 124 124 99 99 99 99 100 85 85 71 71 12 12 10 53 10 10 10 10 10 
969 931 931 953 873 854 854 854 854 854 906 854 854 854 854 854 822 822 822 822 822 822 822 800 800 790 790 791 741 741 741 741 711 711 711 723 723 711 670 670 670 670 669 669 669 621 621 621 621 621 574 574 574 581 581 588 564 564 564 534 534 534 534 534 517 517 498 498 498 498 498 470 469 355 355 355 355 433 420 420 420 420 390 390 390 333 333 333 355 355 343 343 289 289 327 289 289 289 301 261 290 261 261 261 261 241 241 208 208 208 213 175 175 175 175 124 124 124 124 124 124 124 125 122 99 99 71 71 71 71 72 12 12 10 10 10 11 10 23 10 
931 931 931 873 873 938 854 854 854 854 906 873 873 873 879 873 822 822 822 822 822 823 823 800 800 800 790 790 741 741 741 741 711 711 711 711 711 711 712 697 697 670 669 669 669 665 621 621 621 621 574 574 574 581 581 574 574 574 564 564 534 534 471 471 517 517 517 517 470 470 470 470 469 469 355 355 355 433 420 420 420 420 390 407 390 390 355 355 355 355 355 343 343 289 289 289 289 289 301 261 290 272 272 262 262 241 241 208 142 142 142 175 175 175 175 124 124 124 124 124 124 124 122 122 64 64 71 71 71 78 72 12 12 10 10 41 11 10 10 10 
931 931 931 873 873 873 854 854 906 906 906 873 873 873 873 873 822 822 822 822 823 823 824 800 800 790 790 790 741 741 741 741 741 741 741 733 697 697 697 697 670 670 682 682 665 665 621 621 621 621 574 620 574 574 574 574 547 547 568 556 556 556 471 471 471 518 518 518 470 470 392 392 469 469 355 355 355 433 433 433 420 420 390 390 391 391 355 343 343 343 343 343 343 289 289 312 312 289 301 261 272 272 262 262 263 241 241 208 142 142 142 142 142 142 142 142 142 168 124 124 124 124 122 122 64 64 64 64 72 72 72 12 12 12 41 41 11 11 11 11 
931 931 931 946 946 873 906 906 906 873 873 873 873 862 862 862 862 822 822 843 790 790 790 800 800 790 790 790 741 775 775 697 697 697 697 733 697 697 697 670 670 670 670 665 665 651 651 651 621 621 574 574 574 597 597 547 547 547 568 556 556 547 547 471 471 518 518 518 508 470 392 392 392 392 392 392 355 355 355 355 355 355 390 390 355 355 355 343 356 356 356 343 343 289 312 312 289 289 301 261 272 272 262 262 241 241 208 208 142 142 142 142 176 176 187 142 142 142 142 142 124 124 124 64 64 107 101 64 72 63 63 63 12 12 41 41 11 11 11 11 
931 931 931 931 931 873 873 873 873 873 873 873 862 862 790 790 790 790 790 790 790 790 790 790 790 790 796 741 741 775 697 697 750 750 697 697 697 704 704 670 670 670 670 670 670 651 651 621 621 621 621 621 547 547 547 547 582 547 568 556 556 547 548 471 535 518 518 508 508 470 392 392 392 392 392 392 355 355 355 355 355 355 390 390 355 343 343 343 356 356 356 343 343 289 312 289 289 309 301 261 261 272 272 157 241 241 208 222 222 222 176 176 176 176 187 142 142 142 155 142 142 64 64 64 64 64 101 64 72 63 63 63 12 12 42 42 26 26 11 11 
954 954 954 954 931 873 873 894 873 873 907 893 893 790 790 863 790 790 790 790 790 790 814 814 796 796 796 741 765 765 776 765 750 750 697 697 704 704 704 704 670 670 690 623 623 651 651 621 621 621 621 621 547 547 547 547 547 547 547 556 547 547 548 471 471 518 518 508 470 470 488 488 392 392 465 355 355 355 355 355 355 355 355 355 355 343 343 343 369 343 343 343 289 289 312 289 301 301 301 261 261 272 272 157 208 208 208 222 222 222 176 176 176 176 187 148 148 148 148 148 64 64 64 64 64 64 101 64 72 63 63 63 63 12 12 43 26 26 11 11 
902 902 902 902 931 931 931 894 894 894 894 894 894 790 880 863 790 790 790 790 790 814 814 815 796 796 796 765 765 765 765 765 751 751 734 734 704 704 704 704 623 623 623 623 623 623 623 621 621 547 547 547 547 547 547 547 547 575 547 556 547 471 471 471 471 518 518 508 470 470 488 488 392 392 465 355 355 355 434 355 355 421 392 392 392 392 343 343 343 343 343 343 289 289 312 289 289 289 302 261 273 273 273 157 208 208 242 176 176 176 176 176 176 176 187 148 148 148 148 148 64 114 114 64 64 64 101 64 64 63 63 63 54 54 12 43 12 12 12 12 
902 902 902 902 947 894 894 894 894 894 894 790 790 790 790 863 863 855 792 792 792 792 792 815 783 796 796 765 765 765 765 765 751 751 734 704 704 704 704 623 623 692 623 623 623 623 623 621 621 547 547 547 547 605 565 565 565 565 547 547 547 471 471 471 471 471 471 508 508 470 470 470 470 392 392 442 355 355 434 392 392 421 392 393 393 393 343 343 343 344 344 344 344 289 289 289 289 289 261 261 273 273 273 157 208 208 176 176 223 223 176 176 176 176 176 176 126 126 148 148 64 114 114 114 114 64 64 64 64 63 63 63 54 54 12 12 12 12 12 12 
902 902 902 902 902 894 894 925 894 894 894 790 790 790 790 790 790 855 792 792 792 792 792 815 783 801 783 783 765 765 765 765 734 734 734 704 704 704 704 623 671 671 671 623 623 623 622 622 622 547 547 569 569 569 565 565 565 565 547 547 547 549 549 523 523 523 471 471 471 502 471 471 470 470 392 442 442 442 392 392 392 392 392 393 393 375 375 375 337 337 337 337 294 294 289 289 289 289 261 274 273 273 273 157 208 243 176 176 223 223 176 188 188 188 188 126 126 126 126 126 64 64 64 64 64 64 86 86 86 73 73 27 27 54 54 12 12 12 12 12 
902 902 902 902 902 939 894 894 894 894 894 790 790 790 790 790 790 790 792 792 792 792 815 815 783 783 783 783 783 683 683 683 734 683 683 683 683 683 713 623 623 623 671 623 623 623 622 622 622 547 547 569 569 569 569 589 565 565 547 547 547 549 549 523 536 523 523 471 471 502 471 471 471 471 392 443 443 443 392 393 393 393 393 393 393 375 337 337 337 337 337 337 294 294 294 294 289 289 261 274 273 273 273 157 208 243 243 176 233 176 176 188 188 126 126 126 156 156 156 126 126 126 126 91 91 64 64 64 87 73 73 27 27 27 32 32 32 27 13 13 
902 902 902 902 902 902 932 790 790 790 790 790 790 790 790 790 864 790 792 792 792 792 792 792 792 792 792 792 784 683 683 683 683 683 742 683 683 683 713 623 623 623 671 671 671 622 622 622 622 636 631 569 569 606 569 569 583 565 565 565 523 523 549 523 524 523 523 471 471 471 471 473 392 392 392 392 392 392 392 393 393 393 412 393 393 375 337 337 337 337 337 351 294 294 294 294 303 303 303 274 273 273 274 157 208 244 176 176 176 176 214 126 126 126 177 177 126 126 126 126 126 126 126 91 91 91 91 64 64 27 27 27 27 27 32 32 27 27 13 13 
960 960 960 940 940 902 902 790 790 881 881 901 790 790 790 790 864 790 825 825 825 825 825 693 693 693 693 784 784 693 693 683 683 724 724 724 724 683 713 623 623 623 623 623 623 622 622 622 622 622 631 569 569 598 598 569 569 569 569 523 523 523 549 523 524 509 509 509 499 499 499 473 392 392 392 392 444 444 413 413 413 413 375 375 375 375 375 376 337 363 337 337 294 336 328 303 303 303 303 274 274 274 274 157 208 244 176 176 176 214 214 126 198 198 177 126 126 169 143 143 126 126 91 91 91 91 91 91 64 27 27 27 27 27 27 27 27 13 13 13 
960 940 940 940 940 902 902 790 790 881 881 881 881 881 881 864 864 790 825 825 825 825 693 693 802 802 693 784 784 693 693 757 757 724 724 725 725 683 683 683 683 683 683 683 623 623 623 646 646 622 622 622 569 598 598 569 569 569 569 523 523 523 549 523 524 509 509 509 499 499 473 473 392 392 392 459 444 444 413 413 413 413 375 375 375 375 375 376 337 363 357 337 294 294 328 303 303 303 294 294 282 282 157 157 208 244 244 176 176 176 126 126 177 177 177 126 157 157 143 143 126 126 91 91 91 102 102 64 64 64 64 64 64 28 28 33 33 13 13 13 
960 940 961 940 940 902 902 790 790 790 790 790 790 881 881 864 864 790 693 693 837 693 693 802 802 693 693 693 693 693 693 693 693 693 693 725 725 705 705 705 683 683 660 660 652 652 623 623 623 622 622 623 569 598 598 569 569 569 569 523 523 523 523 523 524 509 509 509 499 499 473 473 392 472 392 445 445 445 413 413 413 413 413 375 384 375 375 376 337 337 357 337 337 294 294 313 313 294 294 282 282 283 157 245 245 245 245 176 176 176 126 177 177 177 177 126 157 157 157 143 143 115 115 115 115 102 102 64 64 64 28 28 28 28 28 28 28 28 13 13 
940 940 940 940 948 902 902 790 790 902 902 902 790 790 790 864 864 790 693 693 693 693 826 802 802 693 693 693 758 758 758 693 693 693 693 705 705 705 693 693 683 683 660 660 652 652 652 652 623 623 623 623 569 607 569 569 569 569 523 523 557 557 537 537 524 524 524 509 509 473 473 473 392 392 392 445 445 445 413 426 426 375 375 375 384 384 384 337 337 337 337 337 337 337 294 313 313 294 282 282 282 282 157 157 157 157 157 157 224 224 126 126 203 126 126 126 157 170 115 115 115 115 127 79 79 102 102 92 79 79 28 28 28 28 28 44 13 13 13 14 
940 940 940 940 940 902 902 920 920 902 902 895 895 888 790 864 864 790 693 693 693 826 826 803 803 803 777 777 758 758 758 758 758 693 705 705 705 705 693 693 698 693 660 660 660 660 660 570 570 637 623 623 569 607 569 569 569 569 523 523 523 523 537 537 537 519 519 519 510 473 489 489 392 392 445 445 445 445 413 426 375 375 394 394 394 394 337 337 337 337 337 337 337 337 294 294 294 294 282 282 282 282 246 246 246 246 246 157 215 215 215 126 126 126 189 157 157 115 115 127 127 127 127 79 79 79 79 92 79 14 14 14 28 28 28 13 13 13 13 14 
940 940 940 940 940 940 902 902 902 902 902 895 895 888 790 865 865 790 693 693 826 826 803 803 803 803 777 777 777 777 777 726 726 693 693 693 693 693 693 693 693 693 684 684 653 653 570 570 570 570 570 570 569 569 569 569 576 576 523 523 523 523 550 510 510 519 519 510 510 473 473 473 392 392 445 445 445 413 413 426 375 375 394 375 375 337 337 377 337 337 255 255 337 337 246 246 246 246 246 246 246 246 246 264 264 225 225 157 215 215 204 204 204 157 157 157 157 115 115 115 14 14 14 79 79 79 79 79 79 14 34 14 14 14 28 13 13 13 13 14 
940 966 962 922 922 922 922 902 902 902 902 888 888 888 790 790 790 790 693 693 826 826 803 803 803 803 777 767 767 767 726 726 726 693 693 693 693 717 684 684 684 684 684 653 653 653 570 570 570 570 570 570 570 569 569 569 576 576 523 523 510 510 510 510 510 510 510 510 511 473 473 473 479 473 435 435 435 435 435 426 427 375 375 375 375 337 337 337 337 255 255 255 246 246 246 246 246 246 246 246 225 225 225 225 225 225 225 157 215 215 204 204 204 157 157 157 157 65 65 115 14 14 14 14 14 14 14 14 14 14 34 34 34 14 14 14 14 14 24 14 
940 940 962 922 941 941 922 922 908 908 908 888 888 850 850 856 856 856 693 812 812 812 812 812 812 777 777 767 767 767 726 726 726 693 743 693 693 717 684 684 570 570 570 653 653 653 653 653 570 578 578 624 570 570 570 570 584 523 523 523 510 510 510 510 510 510 511 511 511 473 473 473 473 473 435 435 435 435 435 426 422 422 375 375 375 395 337 337 255 255 255 255 246 246 329 246 246 246 304 225 225 247 247 265 265 225 225 157 157 157 157 157 157 157 171 171 171 65 65 115 115 14 14 14 93 93 93 93 14 14 14 14 34 34 34 34 34 14 14 14 
940 940 922 922 941 941 922 922 908 908 908 888 888 850 850 850 850 850 693 812 812 777 777 777 777 777 767 767 767 767 726 726 726 693 693 693 726 684 684 684 570 685 570 570 570 570 570 570 570 578 578 624 599 599 599 570 570 570 570 543 543 510 510 510 510 510 511 511 511 473 473 490 473 473 435 435 435 446 426 426 428 375 375 375 375 395 385 378 255 364 255 255 345 246 246 246 246 246 225 225 247 247 247 254 254 225 225 225 225 157 157 209 157 157 171 171 171 65 158 65 65 65 65 14 93 14 14 14 14 14 14 14 14 34 34 34 34 29 14 14 
940 940 922 921 921 921 926 926 908 908 908 888 888 850 882 850 850 850 850 812 812 777 777 777 777 777 767 767 767 767 726 766 726 726 726 726 726 684 684 570 570 685 685 570 570 570 638 638 638 578 578 624 599 599 543 543 543 543 543 543 510 510 510 510 510 510 510 500 500 503 490 490 426 426 426 426 426 426 426 370 370 375 375 375 385 385 385 378 255 352 352 352 314 314 314 314 314 225 225 247 247 284 247 254 254 225 225 226 225 150 150 150 199 199 171 171 171 65 65 65 65 65 65 14 93 14 14 14 14 14 14 14 14 34 34 34 34 29 14 14 
922 922 922 955 921 921 926 926 908 908 908 850 850 850 882 850 850 838 838 812 812 777 777 777 777 777 797 767 767 767 726 766 726 752 726 726 727 718 570 570 685 685 685 570 570 570 638 654 638 578 578 613 613 543 543 543 543 577 510 510 510 510 510 510 510 510 510 500 500 503 500 426 426 426 426 426 426 447 370 370 370 370 375 375 385 385 378 378 255 352 352 352 314 314 314 314 314 225 225 225 225 225 247 254 254 225 225 226 225 150 150 199 199 171 171 171 171 65 65 149 65 65 65 14 14 14 14 14 14 14 14 14 14 14 45 45 29 29 14 14 
922 922 922 921 921 921 921 926 908 908 908 850 850 850 882 850 850 838 838 838 838 777 777 777 777 777 797 767 767 767 726 766 726 726 726 735 718 718 694 694 685 685 685 685 570 570 638 638 638 578 578 613 613 543 543 543 543 543 510 510 510 510 551 510 510 510 510 500 500 500 500 426 426 426 426 460 426 447 370 429 429 370 370 408 385 385 378 378 255 255 352 352 314 314 314 314 255 255 225 225 275 275 247 247 254 254 247 226 225 225 150 199 199 171 171 171 171 159 159 65 65 65 65 103 103 108 103 14 14 14 14 14 14 14 45 29 29 25 25 15 
922 922 922 921 921 921 921 921 921 909 909 850 850 850 866 866 866 838 838 838 838 777 777 777 777 793 793 793 767 767 726 726 726 753 726 735 718 718 694 694 694 694 685 685 570 570 638 638 638 638 578 578 578 578 578 578 585 543 566 566 510 510 551 543 525 525 500 500 500 500 500 426 426 426 426 426 426 447 370 429 370 370 370 370 370 370 370 370 370 255 321 321 314 314 314 314 255 255 255 255 275 275 275 247 247 247 247 226 234 226 150 150 150 150 178 178 171 159 159 65 65 65 103 103 103 103 103 65 65 80 14 14 55 55 29 29 29 25 25 15 
922 922 922 922 942 942 921 921 921 909 850 850 850 850 866 866 838 838 838 838 838 829 816 816 793 793 793 793 767 767 767 767 726 726 726 735 600 600 706 706 694 694 600 600 600 600 638 600 600 600 600 600 614 578 578 578 585 543 543 551 551 551 551 543 525 525 500 500 500 504 426 426 426 426 426 426 447 447 370 429 370 370 402 402 402 255 255 255 255 255 321 321 321 321 321 321 255 255 255 255 269 269 269 235 235 235 235 226 226 226 216 150 150 150 150 150 171 171 144 144 144 65 103 103 103 103 65 65 65 65 65 65 55 55 29 29 29 25 25 15 
967 922 922 922 942 942 921 927 921 909 850 850 850 850 838 838 838 838 838 793 793 829 816 793 793 744 744 744 744 744 744 744 744 744 744 600 600 600 600 600 600 600 600 600 600 600 638 600 600 600 608 600 600 600 600 578 578 578 543 551 551 551 543 543 525 426 426 426 426 426 426 426 426 474 426 426 447 447 370 429 370 370 402 402 255 255 379 379 255 255 321 321 321 338 255 255 255 255 255 255 269 269 269 235 235 235 235 216 216 216 216 190 190 190 190 150 144 144 144 144 144 65 65 65 65 109 65 94 65 65 74 65 65 15 15 35 35 15 15 15 
967 922 922 956 942 942 921 921 921 909 850 850 889 889 838 838 857 857 793 793 793 793 816 793 744 744 744 744 736 736 778 736 736 736 736 600 600 719 600 600 600 600 600 600 672 600 600 600 608 608 608 615 615 608 579 579 578 578 543 543 543 551 543 543 525 426 426 426 505 505 426 426 426 426 426 426 370 370 370 370 370 370 370 402 255 255 255 255 255 365 255 255 255 255 255 255 255 255 305 255 255 255 269 269 235 235 235 216 216 216 216 190 190 190 190 150 144 144 160 150 128 128 128 65 65 65 65 94 66 66 66 66 66 15 15 15 15 15 16 16 
967 967 922 922 922 922 922 922 922 909 909 874 874 874 874 874 857 857 793 793 793 793 793 793 744 744 744 736 736 736 736 736 736 736 736 736 600 600 600 600 600 600 600 600 600 600 655 655 608 608 608 608 608 608 579 579 579 579 543 543 543 543 543 543 525 525 525 426 426 426 426 491 426 426 426 426 370 370 370 370 380 380 380 380 380 380 380 380 255 255 255 255 255 255 255 255 255 255 305 255 255 255 255 255 255 255 235 235 235 216 216 190 190 190 190 150 150 150 150 150 128 128 128 65 65 65 94 94 66 66 66 66 66 15 15 15 15 16 16 17 
