906 906 906 954 954 954 830 830 830 830 830 830 896 884 884 884 830 830 830 830 805 805 805 805 805 700 700 700 700 700 700 700 700 700 700 700 700 700 700 700 700 679 679 679 662 662 543 543 543 630 543 543 543 543 543 543 580 575 521 521 521 521 521 521 521 521 435 435 435 435 435 467 467 467 461 389 389 389 389 389 389 389 389 389 273 273 273 341 341 341 307 307 307 307 307 307 283 283 283 124 124 124 124 124 124 124 124 124 222 148 148 206 148 148 148 148 148 148 148 148 88 88 88 88 76 76 76 76 76 76 1 1 1 1 26 26 26 1 1 1 
906 906 906 906 906 906 830 830 830 830 830 830 896 884 884 830 830 830 830 830 805 805 805 815 700 700 785 785 779 757 757 757 721 721 721 721 721 721 662 662 662 679 679 662 662 663 543 543 543 543 543 581 581 593 593 543 543 575 521 521 521 521 542 435 435 435 435 489 489 489 435 467 461 461 461 389 389 389 429 273 273 273 273 273 273 371 273 341 273 273 307 307 307 307 307 283 283 289 284 124 124 124 124 124 124 124 124 124 124 148 148 148 148 190 162 162 148 148 148 148 88 88 88 88 76 76 76 76 76 76 1 1 1 1 26 26 1 1 1 1 
906 906 906 906 963 906 943 830 830 830 830 830 896 896 884 830 873 830 830 830 830 785 785 785 785 799 785 779 779 757 757 757 721 721 721 721 721 662 662 662 662 662 662 662 664 543 543 543 543 631 623 581 581 581 581 589 543 543 543 521 521 521 542 468 468 435 435 489 489 435 435 467 461 461 389 389 389 389 429 273 404 404 273 273 273 371 273 273 273 273 307 307 307 307 307 283 283 283 284 124 124 124 124 124 124 226 226 226 124 148 148 148 148 190 162 162 162 162 124 124 144 88 88 117 117 76 76 76 76 76 1 1 1 1 1 1 1 23 2 2 
906 906 906 906 906 906 830 830 830 830 884 884 884 884 884 830 857 857 831 831 830 785 785 785 785 785 785 779 757 757 757 757 721 721 721 727 727 662 662 662 692 692 673 673 664 543 543 543 543 623 623 581 582 582 581 581 581 543 543 521 521 521 542 468 468 468 497 497 497 435 435 435 435 461 389 455 389 391 391 273 404 405 273 390 273 273 360 273 273 273 307 307 322 283 283 283 283 283 273 273 273 124 124 124 226 226 223 223 124 148 148 199 199 162 162 179 124 124 124 124 124 88 88 88 88 88 88 76 76 76 1 1 58 58 48 24 24 2 2 2 
906 906 955 955 906 906 830 830 830 892 884 884 905 884 884 830 857 857 831 831 830 830 785 785 773 773 779 779 757 757 757 757 721 721 721 727 727 662 662 701 692 692 673 673 664 664 581 581 581 581 624 581 582 582 582 581 581 543 543 543 543 550 468 468 468 468 468 468 468 490 435 435 435 461 389 455 389 389 391 273 404 404 273 390 380 273 360 273 273 273 273 273 283 283 283 283 273 273 273 273 124 124 259 124 124 223 223 223 124 124 162 162 162 162 183 124 124 124 124 124 124 88 88 88 88 88 88 76 76 76 49 49 58 58 48 24 24 2 2 2 
906 906 906 955 955 955 830 830 830 892 892 892 892 892 892 830 857 857 857 831 831 831 785 785 773 773 779 773 773 757 757 757 721 721 721 721 702 702 702 701 701 673 673 673 673 581 581 581 581 581 624 581 607 607 582 582 582 543 543 543 543 550 468 533 468 508 508 508 468 468 435 435 461 461 389 389 389 389 391 273 404 404 273 273 380 273 273 273 273 273 273 273 283 273 273 273 273 273 273 273 124 124 124 124 124 223 223 223 223 124 124 124 183 183 183 124 169 124 124 124 124 88 88 88 88 88 88 76 76 82 49 49 49 49 49 24 24 24 2 2 
906 906 906 971 955 955 830 830 932 830 830 830 830 830 830 830 773 773 773 846 831 831 785 785 773 773 773 773 773 757 757 757 721 721 721 721 702 702 702 702 702 673 673 581 581 581 656 581 581 581 581 581 607 543 543 543 543 543 561 561 468 468 468 533 468 468 468 479 479 468 468 435 461 461 389 389 446 435 391 273 273 273 273 273 273 273 273 273 273 342 273 273 273 273 297 297 297 124 124 124 124 247 247 247 247 223 223 207 207 207 207 124 124 183 183 124 124 149 149 149 124 124 124 124 101 101 88 88 76 76 76 49 49 50 27 27 24 24 3 3 
906 906 906 906 906 906 944 830 830 830 830 830 830 830 773 773 773 870 773 773 773 773 773 773 773 786 786 786 773 773 711 711 711 711 711 711 702 702 711 702 702 673 673 581 581 581 581 581 581 581 581 607 607 543 594 543 543 561 561 468 468 468 468 533 468 468 468 479 479 468 468 435 435 461 435 435 446 435 391 412 412 273 273 273 273 273 273 273 273 342 273 273 273 316 297 297 124 124 233 233 233 233 233 233 233 233 233 207 207 216 207 207 124 124 124 124 124 124 138 138 138 138 101 101 101 101 101 88 88 28 28 68 50 50 27 27 24 24 3 4 
976 976 976 934 934 906 906 925 925 925 830 830 830 830 773 773 773 870 773 773 838 832 774 774 806 786 786 774 774 774 711 738 738 738 738 711 711 711 711 673 673 673 673 673 641 641 581 581 581 581 581 607 607 543 543 561 561 561 561 468 468 468 468 533 468 522 479 479 479 468 468 435 435 435 435 435 435 435 391 391 391 391 273 273 361 273 273 273 273 273 273 273 273 124 124 124 124 290 124 124 267 267 234 234 248 233 233 207 207 216 207 207 200 124 124 124 124 124 138 95 95 101 101 101 101 101 101 88 88 28 28 28 50 50 50 27 27 3 3 4 
934 934 934 934 934 906 906 906 906 926 897 897 897 897 773 773 773 870 774 774 774 832 774 774 774 786 786 774 774 711 711 738 738 738 738 712 712 712 712 673 673 673 673 673 641 641 641 641 641 625 625 543 543 543 543 561 561 561 561 561 468 468 468 468 468 522 479 509 479 479 468 435 435 435 462 423 423 423 391 391 397 391 391 391 361 361 361 343 343 273 273 273 273 124 124 124 124 124 124 234 234 234 234 234 234 234 234 207 216 216 200 200 200 124 124 180 124 124 138 95 95 101 131 101 101 101 101 88 88 28 28 28 28 50 50 28 28 3 4 4 
934 934 934 934 934 906 945 906 906 926 897 897 897 897 773 773 773 870 774 847 774 832 774 774 774 774 774 774 774 711 711 711 711 711 739 712 712 645 645 645 641 641 641 641 641 641 641 643 625 625 625 543 543 543 543 561 561 561 561 561 468 468 468 468 479 479 479 479 479 479 468 468 474 423 423 423 447 423 423 423 397 397 397 381 381 344 344 343 343 343 234 234 234 234 124 124 234 234 234 234 234 234 234 234 234 234 207 207 207 200 200 170 170 170 170 170 170 83 83 95 95 101 101 101 101 95 95 95 83 83 28 28 28 28 28 28 3 3 4 4 
934 934 934 964 964 906 906 906 906 906 897 897 773 773 773 773 773 870 774 774 774 774 774 774 774 774 780 780 780 711 711 711 711 711 732 732 712 645 645 645 641 641 641 641 641 641 641 625 625 625 625 543 543 543 543 543 569 569 569 551 551 551 534 534 479 479 479 479 479 479 479 468 468 423 423 423 423 436 406 406 406 397 397 381 382 344 344 344 344 344 234 330 234 234 234 234 234 234 260 260 234 234 234 234 234 234 207 207 207 200 200 170 170 83 83 171 171 83 83 83 95 95 95 95 118 95 95 96 83 29 29 28 28 28 28 28 3 3 3 4 
934 934 934 906 906 906 906 906 906 906 897 897 773 773 773 773 858 858 858 774 774 774 774 774 774 774 780 711 711 711 765 711 711 711 732 712 712 722 645 645 693 693 641 641 665 665 625 625 625 625 543 543 543 543 595 543 543 576 551 551 552 552 534 534 526 479 479 479 479 480 479 479 468 468 381 381 423 423 406 406 406 406 381 381 344 344 344 344 344 344 234 330 234 234 234 234 234 234 234 260 208 208 208 208 249 224 224 207 207 207 170 170 170 184 83 83 83 83 83 83 95 95 132 95 95 95 95 83 83 29 29 59 59 59 28 28 3 3 3 4 
934 934 934 906 965 906 906 906 906 906 906 906 906 858 858 858 858 780 780 780 839 833 774 774 774 774 780 711 711 711 711 711 711 711 732 712 712 712 645 707 693 694 665 665 665 665 625 644 625 625 543 543 543 583 583 583 543 543 551 551 543 543 543 526 526 479 479 479 479 480 480 480 468 468 381 381 423 423 430 406 406 406 381 381 344 344 344 344 344 234 234 234 234 317 308 308 291 291 234 260 260 208 208 208 249 224 224 207 207 207 170 191 191 184 172 172 83 83 83 83 83 83 83 83 111 111 83 83 64 64 29 29 29 29 51 3 3 3 3 4 
934 934 934 906 906 906 933 933 933 906 906 911 858 858 840 840 874 780 859 780 780 833 780 780 807 780 780 787 711 711 711 711 711 746 732 712 712 712 645 693 693 694 665 665 665 665 625 625 625 625 590 590 590 583 583 583 583 543 543 551 543 543 544 526 498 498 498 498 498 374 374 481 381 381 381 381 423 423 381 381 381 381 381 381 345 345 344 344 344 234 234 234 234 234 308 308 291 234 234 279 260 208 208 208 224 224 224 224 170 170 170 191 184 184 172 172 172 133 133 133 133 133 133 83 111 112 83 64 64 64 64 64 64 29 29 3 3 3 3 4 
934 934 934 934 906 906 933 933 858 858 911 911 858 898 840 840 840 780 780 780 780 780 780 780 780 780 782 711 711 711 711 711 711 746 732 712 712 645 645 693 693 693 645 645 645 666 625 625 625 625 590 590 590 590 590 590 570 570 543 543 543 543 544 526 498 482 482 482 482 374 374 481 381 381 381 381 423 423 381 381 381 381 398 345 345 345 345 345 345 345 234 234 323 234 234 234 291 234 274 274 260 260 260 208 224 224 235 224 170 170 170 191 184 184 184 133 133 133 133 133 83 83 83 83 111 112 83 64 77 77 6 6 6 60 29 37 29 3 3 4 
988 977 977 934 906 906 933 933 858 858 858 858 858 898 840 840 840 860 860 780 780 780 808 780 780 782 782 711 711 711 711 758 714 714 732 714 714 645 713 645 645 693 645 645 645 645 645 645 625 625 626 590 590 596 596 570 570 570 570 543 543 553 526 526 498 482 482 482 482 374 374 374 475 381 381 423 423 381 381 381 398 398 398 345 383 345 345 345 345 292 292 292 292 234 234 234 234 234 274 274 274 260 260 208 208 224 235 224 224 170 170 191 191 133 133 133 133 133 154 83 83 83 83 125 111 111 83 89 77 77 6 6 6 6 29 29 29 3 3 3 
977 977 978 934 934 946 858 858 858 858 858 858 858 871 871 840 840 840 861 780 780 780 808 808 808 782 781 781 711 711 766 714 714 714 714 714 714 645 645 645 645 645 645 645 632 632 632 646 625 625 626 590 590 596 596 570 570 570 526 526 526 526 526 535 498 498 498 482 482 374 374 374 475 381 381 381 381 381 431 345 345 345 399 345 345 345 324 324 324 292 292 292 292 292 276 276 298 274 274 274 274 253 253 253 208 224 224 224 224 170 191 191 191 133 133 83 83 83 83 83 83 83 111 111 111 111 83 89 89 77 77 6 6 6 29 29 30 3 3 3 
977 934 934 972 934 946 858 858 858 858 858 858 858 871 871 840 875 840 840 840 840 822 822 808 808 782 781 781 781 711 711 714 714 714 714 714 714 714 695 695 695 695 613 613 632 632 632 646 625 625 590 590 612 596 596 526 526 526 526 558 558 526 526 535 527 498 498 482 482 482 374 374 374 374 374 381 381 345 345 345 413 345 345 345 345 372 324 356 324 324 324 292 292 292 276 276 274 274 275 275 275 253 253 253 208 170 170 170 170 170 191 191 191 191 133 83 83 83 83 83 83 83 83 83 119 83 83 97 84 84 6 6 6 6 6 6 6 3 3 3 
934 934 934 934 934 946 946 934 934 907 907 907 907 871 871 840 840 848 848 848 822 822 782 782 782 782 782 782 711 711 711 740 740 658 658 714 714 714 695 695 695 695 613 613 613 632 632 632 632 590 590 596 596 596 597 526 558 558 558 558 527 527 527 527 527 498 498 482 482 482 374 374 374 374 374 456 448 345 345 345 345 345 345 392 345 372 324 324 324 324 324 292 292 292 276 276 274 275 275 280 253 253 261 254 208 170 170 170 170 192 192 191 191 192 133 133 83 83 83 83 83 83 134 83 83 83 97 97 84 85 6 20 20 20 38 38 6 6 5 5 
934 934 934 934 934 947 947 934 907 907 907 907 871 871 871 885 840 840 840 849 822 822 782 816 782 782 782 782 711 711 711 740 740 658 658 658 714 714 695 695 696 696 613 613 613 632 632 632 632 590 590 590 590 608 597 526 558 558 527 527 527 545 545 527 527 498 498 499 499 482 482 482 374 374 374 374 448 374 374 374 345 345 345 345 345 324 324 324 324 324 324 324 292 292 276 276 274 274 280 280 253 253 253 254 208 236 236 192 192 192 192 192 192 192 133 133 173 163 83 83 83 83 84 84 84 84 97 97 84 85 6 20 20 20 20 20 20 6 19 6 
984 984 934 934 934 934 934 934 907 912 912 912 871 871 871 871 871 871 840 840 782 782 782 816 782 782 782 782 711 711 711 711 740 658 733 733 714 714 714 682 682 682 682 613 613 632 632 632 632 632 590 590 590 590 597 526 584 558 527 562 487 487 487 487 487 510 510 499 499 476 476 476 374 374 374 374 374 374 374 374 324 324 324 393 324 324 324 324 346 346 324 324 292 292 312 276 276 276 276 276 276 253 253 254 208 208 208 192 192 163 163 163 163 163 163 163 163 163 139 139 83 83 84 120 120 84 84 84 84 85 6 69 20 20 20 39 20 6 6 6 
935 935 935 935 935 935 935 907 907 912 823 823 823 823 823 823 823 850 850 840 782 782 782 782 782 782 782 782 711 711 711 711 740 658 658 658 658 682 682 682 682 682 682 613 613 613 613 633 633 633 590 590 590 590 597 526 584 558 527 562 487 487 502 502 487 510 510 510 476 476 483 476 476 374 374 457 374 374 374 324 324 407 324 324 324 373 324 324 324 324 324 324 324 292 292 292 292 292 237 237 237 253 237 237 237 237 208 192 192 163 163 163 163 163 163 163 139 139 139 139 83 83 84 84 102 102 102 78 78 6 6 69 20 20 52 20 20 20 20 7 
935 935 935 935 935 935 935 907 907 912 823 823 823 823 823 823 823 850 850 850 782 782 782 782 794 794 794 782 711 711 711 759 740 740 740 658 658 682 682 682 682 683 683 613 613 613 613 633 633 613 613 613 613 526 526 526 558 558 527 487 487 487 502 502 487 510 487 487 476 476 483 483 477 374 374 374 449 437 374 324 324 324 324 324 324 324 324 349 349 324 324 324 243 243 313 292 292 237 237 237 237 237 237 237 237 237 208 192 192 163 163 163 163 163 163 163 139 84 84 84 84 84 84 84 102 102 102 78 78 6 40 40 40 40 52 20 31 20 7 7 
935 979 979 935 935 935 935 935 907 912 823 823 823 823 823 886 823 850 823 823 782 782 782 782 794 794 794 782 782 767 767 747 747 747 658 658 658 658 658 658 703 683 683 613 613 613 613 647 613 613 627 613 613 526 598 527 527 527 527 487 487 487 502 502 487 487 487 487 500 476 483 483 477 437 437 437 437 437 374 374 324 324 324 324 324 324 362 349 349 270 270 324 243 243 243 299 299 237 237 237 237 237 262 237 237 237 208 192 192 163 163 163 163 163 139 139 139 84 84 84 84 84 84 102 102 78 78 78 78 6 6 6 65 40 52 20 20 20 7 7 
935 935 935 935 935 956 948 935 907 912 823 823 823 876 876 876 823 850 823 823 823 823 823 794 794 795 795 767 767 767 767 747 747 747 658 658 658 715 715 658 658 658 658 613 613 667 613 613 613 634 526 526 526 526 598 527 585 527 527 563 487 487 536 502 502 502 516 487 500 476 476 476 477 437 438 437 437 438 374 374 324 324 324 324 324 324 281 281 270 270 270 270 270 270 243 243 300 237 237 237 237 237 237 237 237 237 208 208 185 185 185 185 163 163 139 139 139 139 84 84 84 84 84 102 102 78 78 78 78 6 6 6 65 40 40 40 20 20 7 7 
935 935 956 956 956 956 948 935 935 893 893 876 876 876 877 876 823 823 823 851 823 823 794 794 795 795 767 767 775 775 767 748 748 748 741 728 728 715 704 704 684 684 658 658 658 648 648 648 634 634 526 526 526 598 598 527 527 527 527 527 554 536 536 502 502 502 516 487 487 487 487 476 437 437 438 438 438 438 374 424 324 324 324 324 324 281 281 281 270 270 270 270 270 270 243 243 300 237 237 237 268 237 250 250 250 242 237 208 185 185 185 185 185 185 185 139 139 139 84 84 84 78 78 78 78 78 98 98 78 41 41 41 25 25 25 25 25 25 7 8 
956 956 956 973 948 948 948 801 801 893 893 876 876 876 877 876 823 823 852 794 794 834 794 817 795 795 767 767 767 767 767 748 748 748 741 728 715 715 704 704 684 684 684 658 658 648 648 648 634 526 526 526 526 598 598 469 469 527 527 527 554 536 536 528 528 502 516 501 501 487 487 476 437 437 394 394 394 439 374 374 324 324 324 324 324 281 281 281 270 270 270 270 318 243 243 309 293 293 237 237 268 237 250 237 237 242 237 208 208 208 185 185 185 185 156 156 156 139 155 84 84 78 78 78 78 78 78 78 78 41 41 41 25 25 25 25 25 25 7 8 
956 956 980 973 948 957 801 801 801 927 893 899 899 899 877 876 876 852 852 794 794 794 794 760 760 760 796 760 760 760 760 760 748 748 741 728 715 715 715 704 704 674 674 658 658 648 648 649 634 526 526 526 526 598 598 469 469 564 564 564 554 554 536 528 528 502 502 502 502 476 476 476 437 437 394 394 394 394 394 374 374 374 374 374 374 374 281 281 281 270 270 270 318 243 309 309 293 293 243 243 268 237 237 237 237 237 237 227 208 208 213 185 185 185 156 156 156 139 139 139 139 139 78 78 78 78 78 78 78 78 78 41 66 41 41 41 25 25 7 8 
973 973 973 973 948 801 801 801 801 801 893 893 893 893 877 877 877 852 862 794 794 835 794 760 760 760 760 760 741 741 741 741 754 741 741 728 715 715 715 705 705 674 674 674 658 658 657 634 634 635 526 526 614 598 598 469 469 469 469 469 469 469 536 536 469 469 511 511 476 476 437 437 437 469 394 394 394 394 394 394 394 394 394 394 375 375 281 281 281 270 270 331 318 243 243 243 243 243 243 243 268 268 238 238 193 193 193 227 208 208 208 208 136 136 136 156 156 139 139 150 78 78 78 126 103 103 103 90 90 54 54 41 41 41 53 42 25 25 7 7 
973 973 973 948 948 801 949 801 801 801 801 801 908 893 893 877 877 852 862 852 794 794 794 760 760 800 760 760 741 768 768 741 741 741 728 728 708 708 708 705 705 674 674 674 674 658 657 634 634 599 599 618 469 469 469 469 469 469 469 469 469 469 469 469 469 469 469 469 476 469 469 469 469 469 394 394 401 401 401 401 401 375 375 375 375 281 281 281 281 281 270 270 318 318 243 243 243 243 243 243 269 269 238 238 193 193 193 136 136 136 136 136 136 193 136 156 174 139 139 150 78 78 78 78 103 90 90 90 54 54 54 41 41 61 42 42 7 7 7 7 
973 973 948 948 966 801 801 801 801 801 801 801 908 893 893 877 877 852 852 852 794 794 824 818 741 800 741 741 741 768 768 675 675 675 728 728 708 723 708 708 674 674 674 674 674 658 658 650 599 599 599 618 469 609 469 469 577 577 469 469 469 546 546 517 517 517 517 469 469 469 469 469 470 470 394 394 394 394 394 394 401 375 400 375 375 281 281 281 350 281 336 270 318 318 243 243 243 243 243 243 243 243 238 238 193 193 193 193 193 193 193 193 201 193 136 156 156 156 156 78 78 78 135 78 90 90 54 54 54 54 54 54 54 54 42 43 7 7 7 7 
948 948 948 913 913 958 801 801 936 928 801 801 908 801 801 801 801 801 801 801 818 818 818 818 741 741 741 741 741 768 768 675 675 675 728 728 708 708 708 708 674 674 674 680 675 650 650 650 599 599 599 469 469 609 484 484 577 546 546 546 546 546 517 517 523 523 484 484 484 470 470 470 470 470 394 458 394 394 394 394 401 375 375 375 351 351 357 357 281 281 336 270 270 270 314 243 243 270 270 270 270 243 238 238 238 238 238 193 193 193 193 193 201 193 136 175 175 136 136 78 78 78 135 78 90 90 54 54 54 54 54 54 54 54 43 43 7 7 21 7 
948 913 913 913 913 913 913 913 913 928 801 801 801 801 801 801 863 863 863 801 818 818 825 819 741 741 797 675 675 675 675 675 675 675 675 675 724 724 675 675 685 685 685 675 675 650 650 599 599 599 628 469 609 609 484 484 484 546 546 546 546 517 517 537 523 523 484 484 484 470 470 470 470 470 394 394 394 394 394 394 401 401 401 351 351 351 351 358 281 281 281 281 325 270 270 270 270 270 270 281 270 243 243 243 243 243 239 193 217 217 193 193 193 193 136 136 136 136 136 140 140 140 78 78 121 90 54 54 91 79 54 54 54 54 43 43 32 21 21 7 
948 913 913 913 913 913 913 913 913 913 913 913 887 887 887 863 863 863 853 801 801 818 818 819 741 741 797 675 675 749 706 706 706 675 675 675 724 675 675 675 675 675 675 675 676 650 650 599 599 599 628 469 469 469 484 484 484 484 484 484 484 517 517 537 523 523 484 484 484 484 484 484 463 463 463 394 394 394 394 394 414 351 351 351 376 376 351 358 351 326 326 281 281 281 281 281 270 270 270 281 270 270 243 243 243 243 239 193 193 193 193 202 202 194 136 136 164 164 136 136 140 140 78 90 90 90 70 70 91 79 79 32 32 54 54 32 32 21 7 7 
948 985 913 913 967 913 913 913 913 913 914 914 887 887 887 863 863 863 853 853 801 801 818 818 741 741 741 741 741 749 706 706 706 675 675 675 724 675 675 675 675 686 686 676 676 650 650 599 599 599 599 599 599 599 599 484 484 571 484 484 484 484 517 484 484 484 484 484 491 491 484 484 463 463 459 459 378 378 351 351 351 351 351 376 376 377 351 351 351 326 326 281 281 281 281 281 281 281 281 281 239 239 239 255 239 239 239 193 193 193 194 194 194 194 136 136 136 136 136 136 141 141 78 71 71 71 70 70 70 70 32 32 32 32 32 32 33 21 7 9 
948 985 913 913 913 913 913 913 913 914 914 914 888 888 887 887 836 836 801 801 801 801 826 818 741 741 741 741 741 749 749 749 706 706 706 675 675 675 675 676 676 676 676 676 676 650 650 599 599 619 599 599 599 599 484 484 484 571 571 484 484 484 517 484 484 484 484 484 484 484 484 484 463 463 459 378 378 378 351 425 351 351 351 351 351 351 363 352 352 326 326 326 326 281 281 301 301 239 239 239 239 239 239 255 239 240 240 193 193 193 194 194 194 194 136 136 165 165 136 136 45 45 78 71 71 71 70 70 70 70 70 70 21 21 55 21 21 21 7 9 
948 948 913 959 959 959 913 913 915 914 914 914 888 888 888 888 836 836 801 801 801 801 801 818 741 741 742 742 742 742 749 749 706 706 706 734 675 675 716 676 676 697 676 676 676 650 650 651 599 619 599 599 484 484 484 529 529 529 529 484 484 484 484 484 484 512 512 512 484 484 484 484 463 464 464 378 408 408 408 408 408 351 351 384 384 351 351 352 352 326 326 326 326 301 301 301 302 239 239 239 239 239 263 239 239 186 186 186 186 186 186 194 194 195 136 136 165 136 136 136 136 45 45 45 71 71 70 70 70 71 71 71 21 21 21 21 7 7 7 9 
948 948 913 913 913 913 913 913 915 929 836 836 888 888 888 836 836 836 801 801 801 801 801 801 801 801 742 742 742 742 749 749 755 749 706 706 725 725 599 599 676 599 599 599 599 599 599 599 599 619 619 484 484 610 600 529 529 529 529 529 529 529 529 529 529 512 513 513 463 463 463 463 463 464 378 378 408 408 426 426 408 408 351 351 351 351 351 301 301 337 337 326 326 301 301 301 271 271 271 271 277 239 239 239 186 186 186 186 225 186 186 209 186 186 136 136 136 136 136 136 136 136 136 45 71 71 71 71 71 71 71 71 21 21 44 44 7 9 9 9 
948 948 948 950 950 950 950 915 915 929 836 836 836 836 888 836 878 836 836 836 836 836 820 820 809 802 742 742 742 742 769 749 749 749 742 706 706 706 599 599 599 599 603 599 599 599 599 652 636 636 619 484 600 600 600 529 529 565 565 565 529 529 547 512 512 512 463 463 463 378 378 463 463 464 378 450 395 395 395 395 409 409 385 385 385 351 351 301 301 301 338 332 301 301 301 301 271 271 271 271 277 256 256 256 186 186 186 186 186 186 186 186 186 186 186 166 166 166 142 142 142 142 45 45 71 71 71 92 92 45 45 45 45 21 21 21 7 9 9 9 
989 948 948 950 950 915 915 915 929 929 836 836 836 836 836 836 820 820 854 854 820 820 820 809 809 802 788 742 742 742 742 742 742 742 742 706 706 706 599 599 706 603 603 668 668 668 636 636 636 636 619 484 484 611 529 529 529 565 572 529 529 555 547 512 512 463 463 378 378 378 378 378 378 378 378 450 450 395 395 395 395 385 385 385 385 351 351 301 353 301 301 332 301 301 301 301 271 271 271 271 271 271 228 228 228 152 152 152 186 186 186 166 166 196 166 166 166 166 142 142 142 45 45 122 71 71 71 92 92 45 45 72 45 45 45 21 21 9 9 9 
989 948 948 948 915 915 951 915 915 915 920 820 820 820 894 820 820 820 820 855 820 776 776 809 809 802 788 742 742 742 761 761 706 706 706 706 706 706 599 599 706 603 687 668 668 669 636 636 636 636 619 619 611 611 529 529 565 565 529 529 512 512 512 512 512 463 463 378 488 488 488 440 440 378 378 440 440 440 378 378 395 385 385 385 385 351 351 301 301 339 301 301 301 301 301 301 272 272 271 271 271 271 228 228 228 152 152 152 152 152 186 210 166 166 166 142 142 142 142 142 142 45 45 122 122 71 71 45 45 45 45 72 45 45 45 45 21 21 9 9 
989 948 948 948 915 915 915 915 937 915 920 820 820 820 894 820 820 820 820 820 820 776 776 776 776 802 788 788 776 776 761 761 706 706 706 706 706 706 706 706 706 603 603 603 603 669 601 601 601 601 601 611 611 601 601 529 529 529 529 529 512 512 378 378 378 463 463 378 488 488 488 440 440 471 440 440 441 441 378 378 395 395 395 395 378 378 364 301 301 339 339 319 319 319 301 301 272 272 272 272 272 228 228 228 228 152 152 152 152 152 186 186 186 186 186 142 142 142 142 87 87 87 45 104 104 104 104 45 45 45 45 72 11 11 56 10 10 10 10 10 
986 986 981 948 952 952 952 915 915 915 915 915 820 820 820 820 820 820 841 820 820 776 776 776 776 802 776 776 776 750 750 750 750 706 706 706 706 709 706 706 670 670 603 603 603 669 601 601 601 611 611 611 601 601 602 529 529 529 529 529 512 512 378 530 378 378 378 378 440 440 440 440 440 471 440 441 441 378 378 378 378 378 395 395 378 364 364 301 301 301 301 319 319 285 285 285 285 285 285 272 272 228 228 228 228 152 152 152 152 152 214 142 142 142 142 142 142 142 142 87 87 87 45 45 45 45 105 99 45 45 11 11 11 11 56 10 10 10 10 10 
986 981 981 948 948 960 915 915 938 915 915 820 820 820 820 889 820 872 841 841 841 776 776 776 776 802 776 789 750 750 750 750 750 750 659 659 729 709 709 709 670 670 670 670 603 603 601 601 601 601 601 601 601 602 602 586 586 512 512 512 512 556 378 530 530 378 378 503 440 440 485 485 440 440 440 441 378 378 415 415 415 378 378 378 378 364 364 301 301 301 301 301 319 285 285 285 294 294 286 272 245 245 228 228 228 244 152 152 152 152 214 142 142 142 142 142 142 87 87 87 87 87 87 45 45 45 105 99 45 45 11 11 11 11 56 10 10 10 10 10 
986 981 981 940 940 940 915 915 915 915 921 820 820 820 820 889 820 820 842 842 842 776 776 776 776 776 776 789 750 750 750 750 750 751 659 659 729 659 659 659 670 670 670 670 603 603 603 603 603 603 603 620 602 602 586 586 512 512 573 556 556 556 378 378 378 378 378 503 503 440 485 378 378 378 378 441 378 378 415 415 354 354 354 354 354 354 354 301 301 301 333 333 285 285 285 285 285 286 286 272 245 245 245 245 228 228 228 152 203 203 214 142 142 142 142 176 176 87 87 87 87 87 87 113 113 45 45 99 45 80 80 11 11 11 11 10 10 11 11 11 
986 981 981 940 940 940 940 940 842 842 842 820 820 820 820 820 879 820 842 843 843 776 776 776 810 776 750 750 750 750 750 750 750 751 659 659 659 659 659 659 670 670 670 670 603 603 603 653 539 539 603 620 602 602 586 591 512 512 573 556 559 531 531 531 378 378 378 378 378 440 440 378 378 402 378 441 378 378 410 410 354 354 354 365 365 365 354 354 354 327 327 327 285 320 285 285 285 286 286 272 245 245 245 245 245 245 228 152 152 203 203 203 203 142 142 176 176 87 87 87 87 87 87 87 113 113 45 45 45 80 80 11 11 11 11 11 11 11 11 11 
986 922 922 922 940 940 940 930 930 842 842 820 820 820 895 820 820 820 842 803 803 803 827 776 776 776 750 750 750 770 770 750 750 750 659 717 659 659 659 659 659 659 670 670 670 670 659 539 539 637 603 620 602 602 586 586 586 512 573 556 556 531 531 531 531 524 378 378 378 378 440 378 378 402 378 378 378 442 410 410 354 354 354 365 386 365 327 327 327 327 327 327 285 285 285 272 272 272 272 272 272 272 177 177 177 177 228 228 152 152 152 152 152 152 152 152 152 87 87 87 87 87 87 87 123 114 106 47 47 80 80 47 47 11 11 11 11 11 11 11 
986 922 922 922 968 922 922 930 930 842 842 842 842 842 842 842 842 842 842 803 803 803 803 803 803 803 750 777 777 743 743 750 750 750 659 717 717 717 659 659 659 659 670 670 670 670 659 539 539 539 603 620 603 603 603 539 539 512 512 556 556 557 310 310 310 524 378 378 504 378 378 378 451 402 402 402 410 410 410 410 410 410 402 365 365 365 327 327 327 327 327 327 327 315 315 272 272 272 272 272 272 272 177 177 251 177 228 228 158 158 211 211 152 152 187 181 152 87 87 151 87 87 106 106 106 114 106 47 47 47 47 47 47 11 11 12 12 12 12 12 
986 922 922 922 922 922 922 922 930 930 880 880 880 842 842 842 842 803 864 803 803 803 803 803 803 803 750 777 777 743 743 762 743 743 659 659 659 717 659 659 659 677 677 677 677 659 659 539 539 539 603 603 603 539 539 539 539 539 512 512 512 512 310 310 310 310 514 514 310 310 310 310 451 451 451 402 402 402 402 427 402 402 402 365 365 365 327 327 334 334 334 334 315 315 303 303 303 272 272 272 272 272 177 177 251 177 228 228 158 158 158 158 158 158 158 181 152 152 87 87 87 87 87 127 106 106 106 47 47 47 47 47 47 12 12 12 12 12 12 12 
986 922 922 922 922 922 953 922 922 922 880 880 880 880 880 880 880 803 803 803 803 803 803 803 803 803 750 750 777 777 743 743 743 743 743 735 659 717 717 659 659 677 677 677 677 659 629 629 629 539 539 539 539 539 587 587 587 539 512 512 560 512 512 538 310 310 514 514 310 310 310 310 443 443 451 451 451 443 402 402 402 403 365 365 387 365 365 334 334 315 315 315 315 315 303 287 287 287 287 272 272 177 177 246 177 177 229 229 158 158 158 212 145 197 158 153 153 152 152 152 116 116 87 127 115 115 107 47 47 63 63 73 47 12 12 12 12 12 12 12 
986 969 969 969 969 922 922 922 922 922 922 880 880 880 880 828 828 828 828 844 803 803 803 803 803 750 750 750 783 752 752 752 710 710 710 735 659 659 659 659 659 677 677 659 659 659 629 629 629 629 605 605 539 539 525 525 525 539 539 539 539 512 512 538 310 518 518 310 310 478 478 310 443 443 443 443 452 443 416 416 416 403 365 365 365 365 365 334 334 315 315 315 315 315 303 287 287 219 219 219 219 177 177 246 177 177 177 158 158 218 212 212 145 145 158 153 153 153 152 152 116 116 87 127 87 87 107 63 63 63 63 63 47 12 12 12 12 13 13 13 
969 969 969 969 970 941 941 941 922 922 922 880 880 880 880 828 828 828 828 844 844 837 750 750 750 750 750 750 783 752 752 752 710 710 710 710 710 710 710 710 659 659 659 659 629 629 629 629 629 629 605 605 539 539 525 588 525 539 539 566 539 512 512 538 310 310 310 310 478 478 478 310 310 310 443 443 443 443 416 416 416 403 365 365 365 365 365 334 334 334 295 295 295 295 303 287 287 219 219 219 219 219 177 246 246 246 177 158 218 218 212 212 145 145 158 153 153 153 153 153 116 116 87 87 87 87 63 63 63 63 63 63 47 62 12 46 12 13 13 14 
969 970 970 974 970 941 941 916 916 916 916 916 900 900 828 828 828 828 828 828 828 837 750 750 750 804 750 750 752 752 752 752 752 710 710 710 730 688 688 688 688 659 659 678 629 629 654 654 629 629 629 605 605 605 525 588 525 525 566 566 539 539 512 538 310 310 310 310 478 492 478 486 478 310 443 443 443 418 418 428 417 403 403 295 295 295 295 334 334 334 295 295 295 295 295 295 295 295 219 219 219 219 177 177 246 246 177 158 218 218 158 158 145 145 145 145 145 157 157 145 145 116 137 116 116 87 63 63 63 86 74 74 47 62 12 12 12 12 14 14 
969 970 970 970 970 916 916 916 923 923 923 917 900 900 828 828 828 828 828 828 828 750 750 821 750 750 750 750 752 752 752 763 752 752 710 710 730 688 688 688 688 659 659 678 678 629 638 638 638 621 621 621 605 605 525 588 588 525 525 539 539 539 512 512 512 512 478 478 478 492 478 478 478 310 453 453 453 418 418 428 417 328 328 328 328 328 295 295 295 295 295 295 295 295 295 295 304 219 219 282 219 219 264 177 252 177 177 158 158 158 158 158 158 182 182 182 145 157 157 145 145 116 116 116 116 87 87 63 63 86 74 74 47 47 57 12 34 12 14 15 
970 970 982 970 916 916 942 942 917 917 917 917 750 750 750 750 828 828 865 828 828 750 750 750 750 750 750 750 750 752 752 763 752 710 710 710 710 710 688 688 688 659 659 629 629 629 638 638 638 638 605 605 605 525 525 525 525 525 525 539 539 539 512 512 512 512 478 478 310 310 478 478 310 310 418 418 418 418 418 418 418 328 328 328 328 328 328 328 328 328 328 328 328 295 295 295 219 219 219 219 219 219 219 177 252 177 177 158 158 177 177 204 158 182 182 182 145 145 145 145 145 116 116 128 116 116 87 63 63 63 63 74 47 47 57 12 12 12 14 15 
970 970 970 970 916 916 942 917 917 931 750 750 750 901 750 750 828 828 828 828 811 811 811 750 750 750 750 790 750 752 752 752 752 710 710 710 731 710 688 688 688 688 688 629 660 660 660 638 638 638 605 605 605 525 604 525 525 567 567 567 539 539 512 512 512 512 310 310 310 310 310 310 310 418 418 418 418 444 310 310 310 310 310 328 328 328 328 355 355 328 328 335 310 310 310 310 219 219 219 219 219 219 219 177 177 177 177 158 158 177 177 204 158 158 188 158 158 167 158 128 128 128 128 128 116 116 87 87 87 87 63 63 47 47 47 47 12 12 14 14 
970 970 983 916 916 916 942 917 750 750 750 901 901 901 750 890 828 828 828 828 811 811 811 811 811 750 750 750 750 771 771 744 744 710 710 710 710 710 688 688 688 688 689 629 660 660 660 639 639 639 605 605 605 525 525 525 525 567 567 567 539 539 539 512 512 512 310 505 505 310 310 418 418 418 310 310 310 310 310 310 310 310 310 310 366 366 366 355 355 335 335 335 310 219 219 219 219 219 219 219 219 219 219 230 230 230 177 177 177 177 177 204 204 158 158 158 158 158 158 128 128 128 128 129 93 93 100 100 87 87 81 63 63 63 14 14 14 14 14 14 
987 987 916 916 962 961 750 917 750 901 901 901 901 901 750 750 750 828 828 828 828 828 828 750 750 750 798 750 750 771 771 744 744 710 710 672 672 726 681 681 681 681 681 629 660 660 660 639 639 605 605 622 605 605 605 525 525 525 525 525 525 525 539 512 512 512 310 310 310 310 310 310 310 310 310 310 310 310 310 310 419 310 310 310 366 366 367 355 355 335 335 335 310 219 311 219 219 219 219 219 219 219 219 219 219 230 230 230 177 177 177 158 158 158 158 158 158 158 158 128 128 128 128 129 93 93 100 100 93 81 81 63 63 63 14 14 14 14 14 14 
987 987 916 962 962 961 750 750 750 901 901 918 901 901 866 866 750 750 750 750 828 828 750 750 791 791 791 791 744 744 744 744 744 710 710 672 672 672 681 681 690 690 681 629 629 660 660 629 629 605 605 605 605 525 525 525 578 578 574 541 541 525 539 539 512 512 454 454 493 493 465 465 465 465 465 310 310 310 310 310 419 310 310 366 366 366 367 355 347 347 310 310 310 219 311 219 219 219 219 219 219 219 257 257 219 219 219 231 177 177 177 158 158 158 158 158 158 158 158 128 128 128 128 128 93 93 93 93 93 81 63 63 63 63 14 14 35 14 14 14 
990 987 916 962 962 962 750 750 881 881 902 902 902 902 866 866 866 866 866 750 750 750 750 791 791 791 791 792 744 744 744 744 744 710 710 672 672 672 672 681 690 690 681 681 629 629 629 629 642 615 615 615 615 525 592 541 541 541 574 541 541 525 540 540 512 512 454 454 454 454 465 465 472 472 445 445 445 420 420 310 419 310 310 366 366 366 355 355 347 347 310 310 310 219 311 311 219 219 219 257 257 257 257 258 219 219 219 219 219 219 177 177 177 177 177 177 177 158 158 110 110 128 128 128 93 108 108 93 93 81 63 63 63 22 22 14 22 22 22 16 
987 987 916 962 962 962 867 867 881 881 881 881 881 881 881 881 881 845 845 856 845 750 750 791 791 791 791 737 737 737 737 737 744 710 710 672 672 672 672 698 698 690 690 615 615 661 661 615 615 615 615 615 616 525 592 541 541 541 541 541 541 525 532 532 532 525 454 515 506 454 465 465 472 473 445 445 445 420 420 310 310 310 310 310 310 310 355 355 355 310 310 329 329 219 219 219 219 219 288 257 278 257 257 258 220 220 220 205 205 205 205 205 205 189 189 177 177 159 159 110 143 143 130 130 93 108 93 93 81 81 22 22 22 22 22 22 22 16 16 16 
987 987 916 962 962 962 867 867 867 903 903 903 903 903 882 882 882 845 845 845 845 784 784 784 784 784 791 737 772 772 772 737 744 744 744 672 672 718 718 698 698 698 691 615 615 615 615 615 640 640 525 525 525 525 592 592 541 579 541 541 541 525 532 532 525 525 454 454 506 454 454 472 472 466 466 445 445 420 420 420 420 396 396 310 310 310 310 310 310 310 329 329 305 305 305 219 219 219 288 257 257 258 258 258 220 220 220 205 205 205 205 198 198 189 189 159 159 159 160 110 143 143 130 130 93 93 93 93 81 81 22 22 22 22 22 22 36 16 16 16 
916 916 916 867 867 867 867 867 867 883 883 883 883 883 882 891 883 845 845 845 845 784 829 812 812 784 791 737 772 772 772 737 737 672 672 672 672 672 672 698 691 691 691 615 615 615 615 615 640 640 525 525 525 525 541 541 541 579 541 541 541 525 525 525 525 454 454 454 494 494 454 454 466 466 466 445 445 445 420 420 421 396 396 396 368 368 310 310 340 340 329 329 305 305 305 305 305 257 257 257 257 258 220 220 220 220 205 205 205 215 215 198 198 189 189 159 159 110 110 110 130 130 130 130 93 93 109 93 93 22 22 22 22 22 36 36 36 16 16 16 
916 867 867 867 867 867 867 867 883 883 924 883 883 883 883 883 883 845 845 845 845 784 812 812 813 784 784 737 737 737 737 737 737 672 672 672 672 672 672 672 691 691 606 606 615 615 615 615 615 615 617 617 617 525 541 579 579 579 541 541 541 541 548 525 525 454 454 454 494 495 454 454 466 466 466 432 432 432 432 370 370 370 370 370 368 368 368 340 340 266 266 266 305 305 258 258 306 257 257 257 257 258 220 220 220 205 205 205 198 198 198 198 198 198 110 110 110 110 146 146 130 130 109 109 109 109 109 93 93 22 67 67 67 16 16 16 16 16 16 16 
916 867 867 867 867 867 867 867 867 867 867 867 867 904 883 883 867 867 867 845 845 784 812 812 784 784 784 784 784 737 737 737 737 672 672 672 672 719 719 672 606 606 606 606 615 615 615 615 615 615 525 525 525 525 541 541 541 541 541 541 541 541 541 541 494 494 519 494 494 495 454 454 432 432 432 432 432 432 433 370 370 370 370 370 388 340 340 340 348 266 266 266 305 305 258 258 306 258 258 258 258 258 265 220 220 205 205 205 198 198 198 198 198 110 110 168 168 168 146 146 146 109 109 109 18 18 18 94 94 22 16 16 16 16 16 16 18 18 17 17 
916 916 916 916 916 867 867 867 867 867 867 919 867 867 867 867 867 867 867 845 845 784 812 812 784 784 784 793 737 737 736 764 736 736 736 736 699 699 720 672 606 606 606 606 615 615 615 615 615 615 525 525 525 525 525 568 568 568 568 568 541 549 549 494 494 494 494 494 507 495 454 454 432 432 432 433 433 433 433 370 370 370 370 370 388 340 369 359 348 266 266 266 266 266 266 258 258 258 258 258 265 265 265 220 220 220 232 232 198 198 198 198 198 110 168 168 178 161 161 147 147 109 109 109 18 18 18 94 22 22 16 16 16 16 16 16 18 18 17 17 
916 916 916 916 916 909 909 909 939 909 909 909 909 868 868 867 867 867 867 845 845 784 784 784 784 784 784 793 737 778 736 736 736 753 737 737 699 699 672 672 672 672 606 606 671 671 615 615 615 615 615 606 606 525 525 568 541 541 541 541 541 494 494 494 494 494 494 496 496 495 454 454 432 432 432 411 411 434 434 370 370 370 370 370 388 340 340 359 348 266 266 266 266 321 266 258 258 296 265 265 265 265 266 221 221 220 220 220 198 198 198 198 198 110 110 110 178 161 161 147 147 109 109 18 18 18 18 94 75 75 75 16 16 16 16 16 18 18 17 17 
916 916 916 916 909 909 909 909 909 909 909 909 910 868 868 867 867 868 868 845 845 784 784 784 784 793 793 793 737 737 737 756 756 737 737 699 699 699 672 672 672 672 672 606 606 606 606 655 615 615 615 606 606 525 525 525 541 541 541 541 541 494 494 494 494 520 520 496 496 496 454 454 432 432 432 460 411 411 411 411 422 370 370 379 379 379 340 340 348 348 266 266 266 266 266 296 296 296 265 265 265 265 266 221 221 221 241 220 220 220 198 198 198 198 110 110 110 110 161 147 147 110 110 18 18 18 18 18 75 75 75 75 18 18 16 16 18 18 17 17 
975 975 975 975 909 909 909 910 910 910 910 910 910 868 868 868 868 868 869 845 845 784 784 814 814 793 793 793 737 737 737 737 737 737 745 699 699 699 699 699 699 699 672 672 672 672 606 606 606 606 606 606 606 606 606 525 525 525 541 541 541 494 494 494 494 520 520 496 496 496 454 454 454 454 454 454 454 411 411 411 411 411 370 370 370 370 370 340 340 340 340 266 266 266 266 266 266 266 266 266 266 266 266 221 221 221 221 221 221 221 198 198 198 198 110 110 110 110 110 110 110 110 110 110 110 110 110 18 18 18 18 18 18 18 18 18 18 18 18 18 
