26 26 23 23 10 20 14 14 14 14 10 10 4 4 4 4 4 4 4 1 
26 26 23 23 10 10 14 10 10 10 10 10 4 4 1 1 1 1 1 1 
26 26 23 23 23 10 10 10 15 15 10 10 4 4 1 8 1 1 1 1 
21 21 21 21 21 21 17 17 15 15 10 10 4 4 1 8 5 5 5 2 
21 25 25 21 21 22 17 17 13 13 13 10 10 4 1 1 5 5 5 2 
21 25 25 16 16 16 17 17 17 4 4 4 4 4 9 1 5 5 2 2 
29 27 16 16 24 16 16 16 18 4 6 6 6 6 6 6 7 2 2 3 
27 27 19 19 19 19 19 16 16 16 6 12 6 6 6 2 2 2 2 2 
27 28 19 19 19 16 16 16 16 16 6 6 6 6 6 2 2 2 2 2 
27 27 19 19 19 16 16 16 16 16 6 6 11 6 6 6 6 6 2 2 
