25 25 25 18 18 18 18 12 12 11 11 11 11 8 6 6 6 6 1 1 
25 26 26 18 18 20 12 12 12 12 12 12 12 8 6 6 1 1 1 2 
25 24 24 24 18 20 17 17 12 12 12 12 13 8 8 6 1 1 1 2 
24 24 24 24 18 18 17 17 14 14 9 9 9 9 9 6 1 1 1 2 
24 14 14 14 21 18 18 18 14 15 9 7 7 7 7 6 1 1 1 3 
24 14 14 14 21 21 14 14 14 15 9 7 7 7 1 1 1 1 1 3 
27 22 22 14 14 14 14 14 14 15 9 7 7 7 7 1 1 4 4 3 
27 22 22 23 23 14 14 19 9 9 9 10 10 10 7 7 3 3 5 3 
27 22 22 23 23 22 16 19 9 9 9 9 9 7 7 7 3 3 3 3 
27 22 22 22 22 22 16 16 16 16 9 9 9 7 7 7 3 3 3 3 
