19 19 19 24 19 19 19 14 14 14 14 14 14 10 8 8 7 1 1 1 
19 19 19 19 19 19 19 14 14 11 11 11 10 10 8 7 7 1 1 1 
19 19 22 22 22 20 20 14 14 11 11 11 11 11 4 4 4 1 1 1 
19 17 17 17 17 20 14 14 11 11 11 12 12 12 4 4 4 1 1 1 
19 17 17 17 17 20 14 18 11 16 12 12 12 12 4 4 4 4 4 1 
19 19 23 23 17 17 14 11 11 9 9 9 13 13 4 6 6 6 5 1 
27 19 19 23 23 17 14 17 17 9 9 9 13 13 4 6 6 5 5 2 
27 25 19 21 21 17 14 17 9 9 15 15 13 13 4 6 6 5 5 2 
26 25 21 21 21 17 17 17 9 15 15 15 15 9 9 3 3 2 2 2 
26 26 21 21 21 21 17 17 9 9 9 9 9 9 9 9 3 3 3 3 
