29 29 25 25 25 16 16 16 19 19 9 9 9 9 9 9 1 5 1 1 
29 29 25 25 25 16 16 19 19 19 9 9 9 13 6 6 1 1 1 2 
29 29 25 25 27 16 16 19 19 19 16 6 6 6 6 6 6 6 2 2 
29 29 29 25 27 16 16 16 16 16 16 6 6 10 10 6 6 7 2 2 
29 29 29 25 25 25 16 16 21 17 17 10 10 10 10 10 7 7 2 2 
29 31 28 28 25 25 21 21 21 17 17 10 10 11 11 11 7 7 2 2 
29 29 29 29 26 26 21 21 22 20 17 10 10 10 8 8 8 3 3 3 
30 30 29 29 26 24 24 20 20 20 18 10 15 10 8 8 3 3 3 3 
30 30 30 26 26 26 24 24 14 14 18 10 10 10 12 12 3 3 4 4 
30 30 30 26 26 26 23 23 23 14 14 14 14 14 12 12 3 3 4 4 
