32 31 26 26 22 22 22 22 21 19 19 10 10 10 10 10 5 5 5 1 
31 31 26 27 23 23 23 21 21 19 19 10 10 10 10 5 5 6 6 1 
31 31 23 27 23 21 21 21 10 10 10 10 10 10 10 5 5 1 1 1 
31 31 23 23 23 21 21 21 10 16 16 16 16 1 1 1 1 1 2 2 
28 28 28 28 24 24 21 21 10 13 13 13 17 1 1 1 1 7 2 2 
28 28 28 29 24 24 24 20 20 13 13 13 13 13 1 3 3 3 3 3 
30 30 30 24 24 25 20 20 20 20 12 12 14 14 1 1 9 8 4 4 
30 24 24 24 25 25 20 12 12 12 12 18 11 15 8 8 9 8 4 4 
30 24 24 24 25 20 20 12 12 12 18 18 11 11 11 8 9 8 4 4 
30 24 24 24 25 20 20 12 12 12 12 12 12 12 12 8 8 8 4 4 
