21 21 25 25 25 21 21 15 15 15 15 12 12 8 8 8 3 3 3 1 
21 21 21 21 21 21 21 15 15 18 11 11 13 11 3 3 3 5 1 1 
21 21 26 26 20 20 21 21 15 15 11 11 11 11 3 3 3 1 1 2 
30 30 26 26 20 20 20 20 20 15 11 14 14 3 3 3 3 1 4 2 
30 30 26 28 26 15 15 22 15 15 11 11 3 3 9 9 1 1 2 2 
23 23 26 26 26 15 15 15 15 16 16 11 3 3 9 9 6 6 2 2 
23 23 27 27 27 15 17 15 15 16 16 11 11 3 3 3 6 6 2 2 
23 23 23 23 15 15 17 19 19 19 10 10 10 10 10 10 6 6 2 2 
23 29 29 23 23 23 17 19 19 19 10 10 10 10 10 10 2 2 2 2 
24 24 24 24 24 24 17 17 17 17 17 10 10 10 10 10 7 7 2 2 
