26 26 31 19 19 19 19 19 19 19 9 9 10 10 10 9 5 5 5 1 
26 31 31 19 29 28 19 19 19 19 9 9 9 9 9 9 5 1 1 1 
26 31 32 19 29 28 22 22 20 20 9 9 11 11 11 5 5 1 1 1 
26 31 19 19 29 29 22 23 20 20 9 9 5 5 5 5 7 1 2 2 
26 31 19 19 19 22 22 23 9 9 9 5 5 12 12 7 7 1 2 2 
26 26 26 30 25 25 25 9 9 21 12 12 12 12 4 7 1 1 6 1 
26 26 26 30 30 26 26 9 16 16 15 17 14 14 4 4 1 1 1 1 
33 24 26 26 26 26 27 9 16 16 15 15 15 4 4 4 8 1 1 3 
33 24 26 26 27 27 27 9 16 16 16 18 16 4 13 3 3 3 3 3 
33 24 24 24 24 24 24 24 16 16 16 16 16 4 4 4 4 4 4 4 
