24 24 24 24 24 16 16 16 16 16 8 8 8 8 8 1 1 1 1 1 
24 28 22 22 22 16 16 16 16 17 8 13 8 8 9 1 1 1 2 2 
24 24 22 22 22 22 16 20 14 14 8 8 8 8 9 1 1 1 2 2 
29 29 22 22 16 16 16 14 14 14 15 8 8 8 5 5 5 5 2 2 
22 22 22 22 16 21 21 14 18 18 10 10 8 8 5 3 3 3 2 2 
22 26 26 22 16 21 21 14 18 18 10 8 8 3 5 3 3 3 2 2 
22 22 22 22 23 21 21 14 18 18 10 10 10 3 3 3 3 3 2 2 
30 22 22 25 23 21 21 14 14 19 10 10 10 10 7 7 6 3 3 3 
12 12 12 12 23 23 21 21 14 14 14 14 11 11 7 6 6 4 4 4 
27 27 27 12 12 12 12 12 12 12 12 12 12 12 7 7 7 4 4 4 
