19 19 19 19 19 19 19 19 19 19 6 6 6 6 6 6 6 6 1 1 
19 19 25 21 21 21 6 6 6 6 6 10 10 10 10 2 2 2 2 2 
19 19 25 25 15 6 6 16 14 14 14 10 10 11 11 2 2 2 2 2 
19 19 26 26 15 6 6 16 16 16 14 14 13 2 2 2 7 3 3 3 
19 19 26 26 15 15 15 15 16 16 14 14 13 7 7 7 7 3 3 4 
22 22 27 22 22 22 15 15 16 16 16 13 13 7 8 8 8 3 3 4 
22 22 22 22 24 15 15 17 17 16 16 13 12 12 8 8 8 3 5 4 
22 28 22 22 22 15 17 17 17 17 17 12 12 9 9 9 3 3 5 4 
22 22 22 23 23 15 15 15 15 15 18 12 12 9 9 9 3 3 3 4 
23 23 23 23 23 23 15 15 20 15 15 15 12 12 9 9 3 3 3 4 
