22 24 24 24 16 16 19 19 17 12 12 12 8 8 8 8 5 5 1 1 
22 24 24 25 16 16 17 17 17 16 1 1 8 8 8 5 5 6 1 2 
22 28 25 25 16 16 16 16 16 16 1 1 1 1 1 5 5 1 1 2 
22 25 25 26 16 16 16 16 18 15 1 1 1 1 1 1 1 1 2 2 
22 25 25 23 23 21 21 16 18 15 15 11 11 11 1 1 7 7 2 2 
22 25 25 23 23 21 21 16 16 16 11 11 10 10 10 9 7 7 2 2 
22 29 22 22 21 21 21 20 13 13 11 13 10 10 10 9 3 3 3 3 
22 22 22 22 22 22 20 20 13 13 11 13 10 9 9 9 3 4 4 4 
13 13 13 27 22 22 20 20 13 13 13 13 10 10 9 9 4 4 4 4 
13 13 13 13 13 13 13 13 13 14 14 14 10 10 9 9 4 4 4 4 
