22 22 22 22 24 19 19 17 17 17 13 13 13 11 8 8 8 1 1 1 
22 22 22 22 24 22 20 17 17 11 11 11 11 11 8 8 9 1 2 2 
22 22 22 22 22 22 20 11 11 11 14 11 6 6 6 6 6 6 2 2 
22 22 26 26 20 20 20 11 11 11 11 11 6 2 2 10 6 6 2 2 
29 28 26 26 25 20 20 11 11 15 15 3 6 2 2 2 2 2 2 3 
27 28 25 25 25 12 12 15 15 15 3 3 6 2 2 7 7 2 2 3 
27 21 25 25 23 23 12 12 12 12 3 3 3 3 2 2 7 7 3 3 
27 21 25 25 23 21 21 18 18 12 12 12 12 3 3 3 3 3 3 4 
27 21 21 21 23 21 18 18 16 16 16 12 12 12 5 5 5 5 5 4 
27 27 27 21 21 21 18 18 16 16 16 12 12 12 5 5 5 5 5 4 
